10.0 -10.337827483772768
10.53310445370937 -10.353735034691585
11.094628943275218 -10.371304454218768
11.686088553466515 -10.390700975052418
12.309079138896024 -10.412104190197745
12.965281629896682 -10.435708852485615
13.65646656794611 -10.461725608136573
14.38449888287663 -10.490381630959686
15.15134292476053 -10.521921115785586
15.95906776404731 -10.556605582262112
16.80985277425364 -10.594713930421548
17.70599351226899 -10.636542180792093
18.64990791214297 -10.682402821056378
19.644142809066278 -10.732623672095906
20.6913808111479 -10.787546175930245
21.794447537529855 -10.847523000483047
22.956319242369098 -10.912914849179314
24.180130845257207 -10.984086360460763
25.4691843897454 -11.061400983323635
26.826957952797258 -11.145214721183708
28.257115029208283 -11.235868650706664
29.76351441631318 -11.33368014385654
31.350220625651154 -11.438932753708098
33.02151484968176 -11.551864766826084
34.7819065131413 -11.672656479652737
36.63614544020716 -11.801416320694349
38.58923467029903 -11.938166017499727
40.646443957096295 -12.082825091984141
42.81332398719393 -12.23519506138846
45.095721356761466 -12.394943820668745
47.499794346614124 -12.561590783139842
50.03202953826004 -12.734493457540466
52.699259315756564 -12.912836237788278
55.50868030059805 -13.095622272157465
58.467872769375894 -13.28166935550006
61.58482110660264 -13.469610841822778
64.86793534788511 -13.657902588622466
68.32607387157402 -13.844836896451518
71.96856730011521 -14.028564266490925
75.8052436755926 -14.207123530149332
79.84645497739086 -14.378480473322313
84.10310505352605 -14.540574465220818
88.58667904100822 -14.691371815578407
93.30927435461668 -14.828923680451576
98.28363332770026 -14.951425424200833
103.52317759307378 -15.057273584335666
109.04204429677526 -15.145116162052412
114.8551242423938 -15.21389204180657
120.97810206889012 -15.262856021716793
127.42749857031335 -15.291587189409213
134.2207152716012 -15.299980044961039
141.37608138073614 -15.288219587212668
148.91290324394086 -15.256743227492496
156.85151643735477 -15.206193600890357
165.213340635737 -15.137366935948622
174.0209374062485 -15.051161587785295
183.29807108324357 -14.94853073191237
193.06977288832496 -14.830442237619417
203.36240846866724 -14.697847599590624
214.2037490358383 -14.55166069267355
225.62304629706352 -14.392746158702254
237.65111138110728 -14.22191651146025
250.32039797173255 -14.039936568454463
263.6650898730358 -13.847533567138019
277.7211932429355 -13.645411252279615
292.5266337436645 -13.434266282478799
308.1213588714002 -13.214805449201013
324.54744574113323 -12.98776239493397
341.84921461759274 -12.753912729879886
360.073348498562 -12.514086662070035
379.26901907322497 -12.269178463829958
399.48801939541704 -12.02015229433247
420.78490362974026 -11.768044083695422
443.21713424760856 -11.513959360757566
466.84523707037897 -11.25906707610904
491.73296457790156 -11.00458963778066
517.9474679231213 -10.751789536508554
545.5594781168514 -10.501953090657825
574.6434968715973 -10.256371979803557
605.2779976193349 -10.016323354678633
637.5456372456507 -9.783049396425838
671.5334791115142 -9.55773724323443
707.3332279644438 -9.341500193827185
745.0414773728917 -9.135361033361361
784.7599703514607 -8.940238204418073
826.5958738801812 -8.756935371187348
870.6620680585127 -8.586134709871281
917.0774506742931 -8.428394021123047
965.9672580093833 -8.284147519646178
1017.4634027476063 -8.15370993596119
1071.7048298967104 -8.03728338199212
1128.8378916846884 -7.934966302287108
1189.01674244199 -7.846763763181517
1252.4037545350732 -7.772598324502697
1319.1699564735716 -7.712320788381989
1389.4954943731375 -7.665720215921709
1463.5701180190797 -7.632532733870501
1541.5936928422718 -7.612448805028644
1623.776739188721 -7.605118793743856
1710.3410003378397 -7.610156812698154
1801.520040802024 -7.627142976303894
1897.5598765218504 -7.655624305418009
1998.7196386572507 -7.695114621215321
2105.272272765707 -7.745093831233321
2217.505275253932 -7.805007045233896
2335.7214690901214 -7.874263963582393
2460.239820869775 -7.9522389560768545
2591.3963014396572 -8.038272198148842
2729.5447924020073 -8.131672155510222
2875.0580409448803 -8.231719614723703
3028.3286655749457 -8.33767334953292
3189.7702154663216 -8.448777399622578
3359.818286283781 -8.5642698268443
3538.9316954909877 -8.683392710906011
3727.593720314938 -8.805403060882423
3926.3134017068355 -8.929584254126956
4135.626917817706 -9.05525757715784
4356.099030694608 -9.181793433617369
4588.324610100844 -9.30862180396604
4832.930238571752 -9.435241586567027
5090.575902036681 -9.561228516387914
5361.956770568817 -9.686241439123439
5647.805074067552 -9.810026808536104
5948.892077934331 -9.932421365134092
6266.030164072656 -10.053353038886332
6600.075022827095 -10.172840190983464
6951.927961775606 -10.290989365398728
7322.538337604534 -10.407991758051917
7712.906117627992 -10.524118628547818
8124.0845778629655 -10.639715878034766
8557.183144940002 -10.755197999150354
9013.37038951743 -10.871041573616045
9493.87717927582 -10.98777845400836
10000.0 -11.10598872274285
10533.104453709382 -11.226293477248106
11094.628943275218 -11.349347449786906
11686.088553466498 -11.475831436155007
12309.079138896019 -11.606444482384724
12965.281629896688 -11.741895764670467
13656.466567946096 -11.882896096124016
14384.498882876629 -12.030149005490332
15151.342924760515 -12.184341357840529
15959.06776404731 -12.346133524614917
16809.852774253653 -12.516149158293198
17705.99351226898 -12.694964683038194
18649.907912142942 -12.883098673715278
19644.142809066267 -13.081001355432054
20691.3808111479 -13.289044510600824
21794.447537529835 -13.507512122541359
22956.319242369096 -13.73659210996882
24180.13084525718 -13.976369507492812
25469.184389745402 -14.226821422911035
26826.957952797275 -14.487814049166808
28257.115029208268 -14.759101929446047
29763.51441631313 -15.040329573691299
31350.220625651124 -15.33103540950834
33021.51484968176 -15.630657931848171
34781.90651314134 -15.938543802730232
36636.14544020716 -16.253957556734
38589.23467029899 -16.57609249861593
40646.44395709628 -16.904082341760777
42813.32398719396 -17.23701313392229
45095.721356761445 -17.573935047983852
47499.79434661403 -17.913873675593603
50032.029538259994 -18.255840543131143
52699.259315756564 -18.598842664059426
55508.680300598106 -18.941891037938117
58467.87276937589 -19.284008097443607
61584.82110660255 -19.624234182062835
64867.935347885075 -19.96163317565923
68326.07387157406 -20.29529748144818
71968.56730011514 -20.624352522712478
75805.24367559262 -20.94796094916708
79846.45497739078 -21.265326704806785
84103.10505352604 -21.575699070121253
88586.67904100832 -21.878376742160835
93309.27435461663 -22.17271195865381
98283.63332770011 -22.45811461689286
103523.17759307378 -22.734056285849253
109042.04429677526 -23.000073968683083
114855.12424239368 -23.25577344321418
120978.10206889013 -23.500831994405722
127427.49857031321 -23.735000358292044
134220.7152716012 -23.958103713196188
141376.08138073614 -24.170041595591528
148912.90324394088 -24.37078665882423
156851.5164373548 -24.560382253108042
165213.34063573685 -24.738938860265407
174020.9374062485 -24.90662947254409
183298.07108324338 -25.06368405497892
193069.77288832495 -25.21038326719627
203362.40846866704 -25.347051646483052
214203.74903583832 -25.47405046701128
225623.04629706353 -25.591770485763043
237651.11138110727 -25.70062477551255
250320.39797173254 -25.801041817409782
263665.08987303555 -25.89345900291743
277721.1932429355 -25.978316654737025
292526.6337436642 -26.05605264709489
308121.35887140024 -26.127097671900835
324547.44574113254 -26.19187116586902
341849.21461759275 -26.250777892757824
360073.348498562 -26.304205148808805
379269.0190732246 -26.352520550732986
399488.019395417 -26.396070347845644
420784.9036297398 -26.435178201328124
443217.13424760854 -26.470144364012896
466845.2370703785 -26.50124519757221
491732.9645779016 -26.528732969744965
517947.46792312124 -26.552835872297713
545559.4781168514 -26.57375820696246
574643.4968715974 -26.591680703658458
605277.9976193343 -26.606760920647943
637545.6372456506 -26.61913370668008
671533.4791115135 -26.62891169656305
707333.2279644439 -26.636185823956332
745041.4773728917 -26.641025841598527
784759.9703514606 -26.643480849070777
826595.8738801812 -26.643579834447042
870662.0680585118 -26.641332240567372
917077.4506742931 -26.636728581144773
965967.2580093823 -26.629741139910706
1017463.4027476063 -26.620324791593326
1071704.8298967092 -26.608417998423178
1128837.8916846884 -26.593944040746504
1189016.74244199 -26.576812557085894
1252403.7545350718 -26.556921470012576
1319169.9564735717 -26.534159376525565
1389495.494373136 -26.508408493002555
1463570.1180190798 -26.47954822654297
1541593.6928422702 -26.447459428525658
1623776.739188721 -26.412029370169257
1710341.0003378377 -26.373157421657805
1801520.0408020238 -26.330761367278974
1897559.8765218505 -26.28478422848952
1998719.6386572486 -26.235201362836307
2105272.272765707 -26.18202753593501
2217505.2752539297 -26.12532358470217
2335721.4690901213 -26.065202205335353
2460239.8208697727 -26.00183237926241
2591396.3014396573 -25.935441951117603
2729544.792402007 -25.866317933219946
2875058.040944877 -25.794804229165607
3028328.6655749455 -25.721296635748484
3189770.215466318 -25.646235202346872
3359818.286283781 -25.57009422508098
3538931.6954909842 -25.49337040094704
3727593.720314938 -25.416569794305374
3926313.4017068394 -25.340194399718683
4135626.917817706 -25.264729099475268
4356099.030694608 -25.19062974717588
4588324.61010084 -25.11831300100725
4832930.238571752 -25.048148328815344
5090575.902036676 -24.980452432900194
5361956.770568817 -24.91548612140194
5647805.074067546 -24.85345349819552
5948892.077934331 -24.794503204645544
6266030.164072656 -24.738731338068384
6600075.022827089 -24.68618567832796
6951927.961775606 -24.636870786594677
7322538.337604526 -24.590753625520584
7712906.117627992 -24.547769361113264
8124084.5778629575 -24.507827089273142
8557183.144940002 -24.470815277270994
9013370.38951742 -24.436606782398435
9493877.17927582 -24.405063350959644
10000000.0 -24.3760395674526
10533104.45370936 -24.34938622672832
11094628.943275219 -24.324953160520003
11686088.553466497 -24.302591545591525
12309079.138896018 -24.28215574350553
12965281.629896663 -24.26350472229245
13656466.567946097 -24.246503115116713
14384498.882876629 -24.231021970461917
15151342.924760515 -24.216939242243797
15959067.76404731 -24.204140064931785
16809852.774253618 -24.192516857549343
17705993.51226898 -24.181969289965544
18649907.912142944 -24.17240414362109
19644142.809066266 -24.16373509067943
20691380.811147902 -24.15588241798655
21794447.537529834 -24.14877270806511
22956319.242369097 -24.142338495801155
24180130.84525718 -24.13651791137419
25469184.3897454 -24.131254318544993
26826957.95279722 -24.126495953923197
28257115.02920827 -24.122195576950325
29763514.41631313 -24.118310128643436
31350220.62565112 -24.114800406339462
33021514.849681754 -24.111630755178616
34781906.51314127 -24.108768776774863
36636145.44020716 -24.106185055099477
38589234.67029899 -24.103852902979874
40646443.95709628 -24.101748123018837
42813323.98719387 -24.099848790928707
45095721.35676145 -24.098135049155008
47499794.346614026 -24.096588923973677
50032029.53825999 -24.095194151605526
52699259.31575657 -24.093936021139392
55508680.300597996 -24.092801234231406
58467872.7693759 -24.091777765645986
61584821.10660254 -24.090854755632375
64867935.34788508 -24.09002238878402
68326073.87157391 -24.08927180160508
71968567.30011514 -24.08859498926627
75805243.67559262 -24.087984726677124
79846454.97739078 -24.0874344865924
84103105.05352604 -24.0869383870783
88586679.04100814 -24.08649111250297
93309274.35461664 -24.08608786577428
98283633.32770011 -24.085724328342046
103523177.59307377 -24.08539659003067
109042044.29677527 -24.085101129778668
114855124.24239345 -24.08483478490918
120978102.06889038 -24.08459467976897
127427498.57031322 -24.084378235377315
134220715.2716012 -24.084183124646607
141376081.38073614 -24.08400724622258
148912903.24394056 -24.083848697101917
156851516.43735445 -24.083705787548666
165213340.63573685 -24.083576962330607
174020937.40624848 -24.083460842678125
183298071.08324376 -24.083356168710477
193069772.88832456 -24.083261821708355
203362408.46866703 -24.083176780905813
214203749.0358383 -24.08310011828302
225623046.2970626 -24.08303101956621
237651111.38110778 -24.082968736567878
250320397.97173202 -24.08291260127005
263665089.87303555 -24.08286199655743
277721193.2429355 -24.08281638690594
292526633.74366355 -24.082775272937553
308121358.87140083 -24.082738219782613
324547445.74113256 -24.082704820324864
341849214.6175927 -24.082674708279605
360073348.49856204 -24.082647577999538
379269019.0732238 -24.082623119721358
399488019.39541787 -24.08260106451786
420784903.6297398 -24.08258119516703
443217134.24760854 -24.082563282775723
466845237.07037944 -24.082547120179637
491732964.5779006 -24.08253259824521
517947467.9231202 -24.082519489278145
545559478.1168514 -24.082507651558387
574643496.8715974 -24.082497002597766
605277997.6193355 -24.082487391291863
637545637.2456493 -24.08247875153087
671533479.1115135 -24.08247093230056
707333227.9644439 -24.082463906500298
745041477.3728887 -24.082457550190227
784759970.3514622 -24.082451830866173
826595873.8801795 -24.082446666982772
870662068.0585117 -24.082442073163005
917077450.674293 -24.082437852973342
965967258.0093802 -24.082434096735188
1017463402.7476043 -24.082430752359496
1071704829.8967092 -24.08242776080972
1128837891.6846883 -24.082424867752184
1189016742.44199 -24.082422321525176
1252403754.5350692 -24.08242006086971
1319169956.473569 -24.082418104145745
1389495494.373136 -24.08241627446086
1463570118.0190797 -24.082414560643976
1541593692.8422735 -24.082413129329076
1623776739.1887176 -24.082411849562288
1710341000.337838 -24.08241066187908
1801520040.802024 -24.08240943544235
1897559876.5218503 -24.082408533744797
1998719638.6572526 -24.082407965424025
2105272272.7657027 -24.08240704693832
2217505275.2539296 -24.082406232335686
2335721469.0901213 -24.082405221782523
2460239820.8697777 -24.082405205484214
2591396301.439652 -24.082404296593527
2729544792.402002 -24.082403897468012
2875058040.944877 -24.08240337576914
3028328665.5749454 -24.08240322937711
3189770215.466325 -24.082402280746834
3359818286.2837744 -24.082402650148424
3538931695.4909844 -24.08240305163411
3727593720.314938 -24.082402097806494
3926313401.7068396 -24.08240208970959
4135626917.8176975 -24.08240080878067
4356099030.694599 -24.082401137048194
4588324610.100841 -24.082401768836096
4832930238.571753 -24.082400387316568
5090575902.036687 -24.082401554383715
5361956770.568806 -24.08240085948308
5647805074.067546 -24.082402568203428
5948892077.934331 -24.082403421601573
6266030164.072656 -24.082401441007192
6600075022.827075 -24.082401639007873
6951927961.775591 -24.082399257181542
7322538337.6045265 -24.08240046763793
7712906117.627993 -24.08239846702735
8124084577.862974 -24.08239979095903
8557183144.939984 -24.082398377939906
9013370389.51742 -24.082401636105267
9493877179.27582 -24.08239671915107
10000000000.0 -24.082402862146797
10.0 -10.337827483772768
10.53310445370937 -10.353735034691585
11.094628943275218 -10.371304454218768
11.686088553466515 -10.390700975052418
12.309079138896024 -10.412104190197745
12.965281629896682 -10.435708852485615
13.65646656794611 -10.461725608136573
14.38449888287663 -10.490381630959686
15.15134292476053 -10.521921115785586
15.95906776404731 -10.556605582262112
16.80985277425364 -10.594713930421548
17.70599351226899 -10.636542180792093
18.64990791214297 -10.682402821056378
19.644142809066278 -10.732623672095906
20.6913808111479 -10.787546175930245
21.794447537529855 -10.847523000483047
22.956319242369098 -10.912914849179314
24.180130845257207 -10.984086360460763
25.4691843897454 -11.061400983323635
26.826957952797258 -11.145214721183708
28.257115029208283 -11.235868650706664
29.76351441631318 -11.33368014385654
31.350220625651154 -11.438932753708098
33.02151484968176 -11.551864766826084
34.7819065131413 -11.672656479652737
36.63614544020716 -11.801416320694349
38.58923467029903 -11.938166017499727
40.646443957096295 -12.082825091984141
42.81332398719393 -12.23519506138846
45.095721356761466 -12.394943820668745
47.499794346614124 -12.561590783139842
50.03202953826004 -12.734493457540466
52.699259315756564 -12.912836237788278
55.50868030059805 -13.095622272157465
58.467872769375894 -13.28166935550006
61.58482110660264 -13.469610841822778
64.86793534788511 -13.657902588622466
68.32607387157402 -13.844836896451518
71.96856730011521 -14.028564266490925
75.8052436755926 -14.207123530149332
79.84645497739086 -14.378480473322313
84.10310505352605 -14.540574465220818
88.58667904100822 -14.691371815578407
93.30927435461668 -14.828923680451576
98.28363332770026 -14.951425424200833
103.52317759307378 -15.057273584335666
109.04204429677526 -15.145116162052412
114.8551242423938 -15.21389204180657
120.97810206889012 -15.262856021716793
127.42749857031335 -15.291587189409213
134.2207152716012 -15.299980044961039
141.37608138073614 -15.288219587212668
148.91290324394086 -15.256743227492496
156.85151643735477 -15.206193600890357
165.213340635737 -15.137366935948622
174.0209374062485 -15.051161587785295
183.29807108324357 -14.94853073191237
193.06977288832496 -14.830442237619417
203.36240846866724 -14.697847599590624
214.2037490358383 -14.55166069267355
225.62304629706352 -14.392746158702254
237.65111138110728 -14.22191651146025
250.32039797173255 -14.039936568454463
263.6650898730358 -13.847533567138019
277.7211932429355 -13.645411252279615
292.5266337436645 -13.434266282478799
308.1213588714002 -13.214805449201013
324.54744574113323 -12.98776239493397
341.84921461759274 -12.753912729879886
360.073348498562 -12.514086662070035
379.26901907322497 -12.269178463829958
399.48801939541704 -12.02015229433247
420.78490362974026 -11.768044083695422
443.21713424760856 -11.513959360757566
466.84523707037897 -11.25906707610904
491.73296457790156 -11.00458963778066
517.9474679231213 -10.751789536508554
545.5594781168514 -10.501953090657825
574.6434968715973 -10.256371979803557
605.2779976193349 -10.016323354678633
637.5456372456507 -9.783049396425838
671.5334791115142 -9.55773724323443
707.3332279644438 -9.341500193827185
745.0414773728917 -9.135361033361361
784.7599703514607 -8.940238204418073
826.5958738801812 -8.756935371187348
870.6620680585127 -8.586134709871281
917.0774506742931 -8.428394021123047
965.9672580093833 -8.284147519646178
1017.4634027476063 -8.15370993596119
1071.7048298967104 -8.03728338199212
1128.8378916846884 -7.934966302287108
1189.01674244199 -7.846763763181517
1252.4037545350732 -7.772598324502697
1319.1699564735716 -7.712320788381989
1389.4954943731375 -7.665720215921709
1463.5701180190797 -7.632532733870501
1541.5936928422718 -7.612448805028644
1623.776739188721 -7.605118793743856
1710.3410003378397 -7.610156812698154
1801.520040802024 -7.627142976303894
1897.5598765218504 -7.655624305418009
1998.7196386572507 -7.695114621215321
2105.272272765707 -7.745093831233321
2217.505275253932 -7.805007045233896
2335.7214690901214 -7.874263963582393
2460.239820869775 -7.9522389560768545
2591.3963014396572 -8.038272198148842
2729.5447924020073 -8.131672155510222
2875.0580409448803 -8.231719614723703
3028.3286655749457 -8.33767334953292
3189.7702154663216 -8.448777399622578
3359.818286283781 -8.5642698268443
3538.9316954909877 -8.683392710906011
3727.593720314938 -8.805403060882423
3926.3134017068355 -8.929584254126956
4135.626917817706 -9.05525757715784
4356.099030694608 -9.181793433617369
4588.324610100844 -9.30862180396604
4832.930238571752 -9.435241586567027
5090.575902036681 -9.561228516387914
5361.956770568817 -9.686241439123439
5647.805074067552 -9.810026808536104
5948.892077934331 -9.932421365134092
6266.030164072656 -10.053353038886332
6600.075022827095 -10.172840190983464
6951.927961775606 -10.290989365398728
7322.538337604534 -10.407991758051917
7712.906117627992 -10.524118628547818
8124.0845778629655 -10.639715878034766
8557.183144940002 -10.755197999150354
9013.37038951743 -10.871041573616045
9493.87717927582 -10.98777845400836
10000.0 -11.10598872274285
10533.104453709382 -11.226293477248106
11094.628943275218 -11.349347449786906
11686.088553466498 -11.475831436155007
12309.079138896019 -11.606444482384724
12965.281629896688 -11.741895764670467
13656.466567946096 -11.882896096124016
14384.498882876629 -12.030149005490332
15151.342924760515 -12.184341357840529
15959.06776404731 -12.346133524614917
16809.852774253653 -12.516149158293198
17705.99351226898 -12.694964683038194
18649.907912142942 -12.883098673715278
19644.142809066267 -13.081001355432054
20691.3808111479 -13.289044510600824
21794.447537529835 -13.507512122541359
22956.319242369096 -13.73659210996882
24180.13084525718 -13.976369507492812
25469.184389745402 -14.226821422911035
26826.957952797275 -14.487814049166808
28257.115029208268 -14.759101929446047
29763.51441631313 -15.040329573691299
31350.220625651124 -15.33103540950834
33021.51484968176 -15.630657931848171
34781.90651314134 -15.938543802730232
36636.14544020716 -16.253957556734
38589.23467029899 -16.57609249861593
40646.44395709628 -16.904082341760777
42813.32398719396 -17.23701313392229
45095.721356761445 -17.573935047983852
47499.79434661403 -17.913873675593603
50032.029538259994 -18.255840543131143
52699.259315756564 -18.598842664059426
55508.680300598106 -18.941891037938117
58467.87276937589 -19.284008097443607
61584.82110660255 -19.624234182062835
64867.935347885075 -19.96163317565923
68326.07387157406 -20.29529748144818
71968.56730011514 -20.624352522712478
75805.24367559262 -20.94796094916708
79846.45497739078 -21.265326704806785
84103.10505352604 -21.575699070121253
88586.67904100832 -21.878376742160835
93309.27435461663 -22.17271195865381
98283.63332770011 -22.45811461689286
103523.17759307378 -22.734056285849253
109042.04429677526 -23.000073968683083
114855.12424239368 -23.25577344321418
120978.10206889013 -23.500831994405722
127427.49857031321 -23.735000358292044
134220.7152716012 -23.958103713196188
141376.08138073614 -24.170041595591528
148912.90324394088 -24.37078665882423
156851.5164373548 -24.560382253108042
165213.34063573685 -24.738938860265407
174020.9374062485 -24.90662947254409
183298.07108324338 -25.06368405497892
193069.77288832495 -25.21038326719627
203362.40846866704 -25.347051646483052
214203.74903583832 -25.47405046701128
225623.04629706353 -25.591770485763043
237651.11138110727 -25.70062477551255
250320.39797173254 -25.801041817409782
263665.08987303555 -25.89345900291743
277721.1932429355 -25.978316654737025
292526.6337436642 -26.05605264709489
308121.35887140024 -26.127097671900835
324547.44574113254 -26.19187116586902
341849.21461759275 -26.250777892757824
360073.348498562 -26.304205148808805
379269.0190732246 -26.352520550732986
399488.019395417 -26.396070347845644
420784.9036297398 -26.435178201328124
443217.13424760854 -26.470144364012896
466845.2370703785 -26.50124519757221
491732.9645779016 -26.528732969744965
517947.46792312124 -26.552835872297713
545559.4781168514 -26.57375820696246
574643.4968715974 -26.591680703658458
605277.9976193343 -26.606760920647943
637545.6372456506 -26.61913370668008
671533.4791115135 -26.62891169656305
707333.2279644439 -26.636185823956332
745041.4773728917 -26.641025841598527
784759.9703514606 -26.643480849070777
826595.8738801812 -26.643579834447042
870662.0680585118 -26.641332240567372
917077.4506742931 -26.636728581144773
965967.2580093823 -26.629741139910706
1017463.4027476063 -26.620324791593326
1071704.8298967092 -26.608417998423178
1128837.8916846884 -26.593944040746504
1189016.74244199 -26.576812557085894
1252403.7545350718 -26.556921470012576
1319169.9564735717 -26.534159376525565
1389495.494373136 -26.508408493002555
1463570.1180190798 -26.47954822654297
1541593.6928422702 -26.447459428525658
1623776.739188721 -26.412029370169257
1710341.0003378377 -26.373157421657805
1801520.0408020238 -26.330761367278974
1897559.8765218505 -26.28478422848952
1998719.6386572486 -26.235201362836307
2105272.272765707 -26.18202753593501
2217505.2752539297 -26.12532358470217
2335721.4690901213 -26.065202205335353
2460239.8208697727 -26.00183237926241
2591396.3014396573 -25.935441951117603
2729544.792402007 -25.866317933219946
2875058.040944877 -25.794804229165607
3028328.6655749455 -25.721296635748484
3189770.215466318 -25.646235202346872
3359818.286283781 -25.57009422508098
3538931.6954909842 -25.49337040094704
3727593.720314938 -25.416569794305374
3926313.4017068394 -25.340194399718683
4135626.917817706 -25.264729099475268
4356099.030694608 -25.19062974717588
4588324.61010084 -25.11831300100725
4832930.238571752 -25.048148328815344
5090575.902036676 -24.980452432900194
5361956.770568817 -24.91548612140194
5647805.074067546 -24.85345349819552
5948892.077934331 -24.794503204645544
6266030.164072656 -24.738731338068384
6600075.022827089 -24.68618567832796
6951927.961775606 -24.636870786594677
7322538.337604526 -24.590753625520584
7712906.117627992 -24.547769361113264
8124084.5778629575 -24.507827089273142
8557183.144940002 -24.470815277270994
9013370.38951742 -24.436606782398435
9493877.17927582 -24.405063350959644
10000000.0 -24.3760395674526
10533104.45370936 -24.34938622672832
11094628.943275219 -24.324953160520003
11686088.553466497 -24.302591545591525
12309079.138896018 -24.28215574350553
12965281.629896663 -24.26350472229245
13656466.567946097 -24.246503115116713
14384498.882876629 -24.231021970461917
15151342.924760515 -24.216939242243797
15959067.76404731 -24.204140064931785
16809852.774253618 -24.192516857549343
17705993.51226898 -24.181969289965544
18649907.912142944 -24.17240414362109
19644142.809066266 -24.16373509067943
20691380.811147902 -24.15588241798655
21794447.537529834 -24.14877270806511
22956319.242369097 -24.142338495801155
24180130.84525718 -24.13651791137419
25469184.3897454 -24.131254318544993
26826957.95279722 -24.126495953923197
28257115.02920827 -24.122195576950325
29763514.41631313 -24.118310128643436
31350220.62565112 -24.114800406339462
33021514.849681754 -24.111630755178616
34781906.51314127 -24.108768776774863
36636145.44020716 -24.106185055099477
38589234.67029899 -24.103852902979874
40646443.95709628 -24.101748123018837
42813323.98719387 -24.099848790928707
45095721.35676145 -24.098135049155008
47499794.346614026 -24.096588923973677
50032029.53825999 -24.095194151605526
52699259.31575657 -24.093936021139392
55508680.300597996 -24.092801234231406
58467872.7693759 -24.091777765645986
61584821.10660254 -24.090854755632375
64867935.34788508 -24.09002238878402
68326073.87157391 -24.08927180160508
71968567.30011514 -24.08859498926627
75805243.67559262 -24.087984726677124
79846454.97739078 -24.0874344865924
84103105.05352604 -24.0869383870783
88586679.04100814 -24.08649111250297
93309274.35461664 -24.08608786577428
98283633.32770011 -24.085724328342046
103523177.59307377 -24.08539659003067
109042044.29677527 -24.085101129778668
114855124.24239345 -24.08483478490918
120978102.06889038 -24.08459467976897
127427498.57031322 -24.084378235377315
134220715.2716012 -24.084183124646607
141376081.38073614 -24.08400724622258
148912903.24394056 -24.083848697101917
156851516.43735445 -24.083705787548666
165213340.63573685 -24.083576962330607
174020937.40624848 -24.083460842678125
183298071.08324376 -24.083356168710477
193069772.88832456 -24.083261821708355
203362408.46866703 -24.083176780905813
214203749.0358383 -24.08310011828302
225623046.2970626 -24.08303101956621
237651111.38110778 -24.082968736567878
250320397.97173202 -24.08291260127005
263665089.87303555 -24.08286199655743
277721193.2429355 -24.08281638690594
292526633.74366355 -24.082775272937553
308121358.87140083 -24.082738219782613
324547445.74113256 -24.082704820324864
341849214.6175927 -24.082674708279605
360073348.49856204 -24.082647577999538
379269019.0732238 -24.082623119721358
399488019.39541787 -24.08260106451786
420784903.6297398 -24.08258119516703
443217134.24760854 -24.082563282775723
466845237.07037944 -24.082547120179637
491732964.5779006 -24.08253259824521
517947467.9231202 -24.082519489278145
545559478.1168514 -24.082507651558387
574643496.8715974 -24.082497002597766
605277997.6193355 -24.082487391291863
637545637.2456493 -24.08247875153087
671533479.1115135 -24.08247093230056
707333227.9644439 -24.082463906500298
745041477.3728887 -24.082457550190227
784759970.3514622 -24.082451830866173
826595873.8801795 -24.082446666982772
870662068.0585117 -24.082442073163005
917077450.674293 -24.082437852973342
965967258.0093802 -24.082434096735188
1017463402.7476043 -24.082430752359496
1071704829.8967092 -24.08242776080972
1128837891.6846883 -24.082424867752184
1189016742.44199 -24.082422321525176
1252403754.5350692 -24.08242006086971
1319169956.473569 -24.082418104145745
1389495494.373136 -24.08241627446086
1463570118.0190797 -24.082414560643976
1541593692.8422735 -24.082413129329076
1623776739.1887176 -24.082411849562288
1710341000.337838 -24.08241066187908
1801520040.802024 -24.08240943544235
1897559876.5218503 -24.082408533744797
1998719638.6572526 -24.082407965424025
2105272272.7657027 -24.08240704693832
2217505275.2539296 -24.082406232335686
2335721469.0901213 -24.082405221782523
2460239820.8697777 -24.082405205484214
2591396301.439652 -24.082404296593527
2729544792.402002 -24.082403897468012
2875058040.944877 -24.08240337576914
3028328665.5749454 -24.08240322937711
3189770215.466325 -24.082402280746834
3359818286.2837744 -24.082402650148424
3538931695.4909844 -24.08240305163411
3727593720.314938 -24.082402097806494
3926313401.7068396 -24.08240208970959
4135626917.8176975 -24.08240080878067
4356099030.694599 -24.082401137048194
4588324610.100841 -24.082401768836096
4832930238.571753 -24.082400387316568
5090575902.036687 -24.082401554383715
5361956770.568806 -24.08240085948308
5647805074.067546 -24.082402568203428
5948892077.934331 -24.082403421601573
6266030164.072656 -24.082401441007192
6600075022.827075 -24.082401639007873
6951927961.775591 -24.082399257181542
7322538337.6045265 -24.08240046763793
7712906117.627993 -24.08239846702735
8124084577.862974 -24.08239979095903
8557183144.939984 -24.082398377939906
9013370389.51742 -24.082401636105267
9493877179.27582 -24.08239671915107
10000000000.0 -24.082402862146797
10.0 10.379202105077388
10.53310445370937 12.457419675963955
11.094628943275218 5.785228796086656
11.686088553466515 1.5294001959202694
12.309079138896024 10.749336986946918
12.965281629896682 35.87033719637408
13.65646656794611 12.522941787948723
14.38449888287663 3.355116509781884
15.15134292476053 17.288972336871783
15.95906776404731 3.209723202702317
16.80985277425364 -14.793996849865547
17.70599351226899 19.186294265219278
18.64990791214297 -0.0020714735808326995
19.644142809066278 -3.524245043303898
20.6913808111479 -6.936477009316034
21.794447537529855 11.856253192692545
22.956319242369098 10.821313756682262
24.180130845257207 10.896870764112945
25.4691843897454 17.524582761796058
26.826957952797258 12.6386835874559
28.257115029208283 26.602586027211792
29.76351441631318 6.445880981015756
31.350220625651154 12.23284543001374
33.02151484968176 -2.307587919621612
34.7819065131413 6.020363347212373
36.63614544020716 -7.655526739542546
38.58923467029903 -11.04400928466201
40.646443957096295 28.17485373160541
42.81332398719393 13.558248311698284
45.095721356761466 9.874267125767373
47.499794346614124 2.5852106929508545
50.03202953826004 16.780091727837338
52.699259315756564 25.260677260162275
55.50868030059805 15.383925439051287
58.467872769375894 0.8195751345508064
61.58482110660264 9.40436042333693
64.86793534788511 6.493711867387772
68.32607387157402 25.261376537781647
71.96856730011521 17.459937594753935
75.8052436755926 0.6275063191273773
79.84645497739086 8.125481312372335
84.10310505352605 11.970451068651471
88.58667904100822 28.61224017448388
93.30927435461668 -14.600218923440615
98.28363332770026 2.4971968332109173
103.52317759307378 2.2153720176238982
109.04204429677526 1.4829879503400314
114.8551242423938 0.9649522195565696
120.97810206889012 16.379607499614238
127.42749857031335 13.84830429116328
134.2207152716012 14.250001973322721
141.37608138073614 21.402349819654717
148.91290324394086 -15.073348583379524
156.85151643735477 10.75861532920727
165.213340635737 15.09613174187315
174.0209374062485 11.122478612105338
183.29807108324357 2.6587446032374293
193.06977288832496 4.809693715742732
203.36240846866724 3.7512092125228644
214.2037490358383 30.582886406461654
225.62304629706352 2.934064973939152
237.65111138110728 18.86168431938919
250.32039797173255 12.935922900927025
263.6650898730358 6.951092917503674
277.7211932429355 6.662572065811898
292.5266337436645 30.94661958011156
308.1213588714002 8.31038626643939
324.54744574113323 -4.961317598314391
341.84921461759274 10.398725536104589
360.073348498562 10.862236020263955
379.26901907322497 7.762973794522798
399.48801939541704 10.158198115978276
420.78490362974026 -17.80569470929208
443.21713424760856 10.913793507172947
466.84523707037897 -10.886837273870245
491.73296457790156 12.313912366777956
517.9474679231213 17.687795047704626
545.5594781168514 7.55922165068065
574.6434968715973 -0.41354899574524734
605.2779976193349 3.767586910511445
637.5456372456507 -2.3703644222154625
671.5334791115142 0.07306427455821873
707.3332279644438 -1.8541114943139234
745.0414773728917 2.680965068317235
784.7599703514607 4.727772265859244
826.5958738801812 -4.570231833824871
870.6620680585127 3.9986138262083526
917.0774506742931 11.31499679621159
965.9672580093833 15.894935996866113
1017.4634027476063 12.039918800294942
1071.7048298967104 19.643352317189297
1128.8378916846884 -5.071520995874824
1189.01674244199 10.007507513234026
1252.4037545350732 3.5743800188768664
1319.1699564735716 9.708716702833748
1389.4954943731375 -19.528566447718866
1463.5701180190797 6.188852445463543
1541.5936928422718 0.08895042649345547
1623.776739188721 -0.9452537972446009
1710.3410003378397 7.419182767430139
1801.520040802024 -6.683254244233041
1897.5598765218504 4.7053884722461214
1998.7196386572507 -2.0624250801813675
2105.272272765707 8.965284899626425
2217.505275253932 0.6053068281633592
2335.7214690901214 15.870313713085611
2460.239820869775 -5.513702387350446
2591.3963014396572 -7.519417447160357
2729.5447924020073 1.4325066639661246
2875.0580409448803 -7.554399486619753
3028.3286655749457 -2.2873107846474
3189.7702154663216 -26.288032104656832
3359.818286283781 -4.43515451126043
3538.9316954909877 9.29960096723802
3727.593720314938 13.703816791769388
3926.3134017068355 -3.011381418843326
4135.626917817706 -4.037276096862311
4356.099030694608 -20.01461792245926
4588.324610100844 -5.214559516162634
4832.930238571752 -0.252928951707212
5090.575902036681 9.540212874508313
5361.956770568817 -2.649217145309871
5647.805074067552 -14.661963693833634
5948.892077934331 -5.205810870330633
6266.030164072656 -8.397345909400357
6600.075022827095 -0.8303288053052149
6951.927961775606 -16.092690057526692
7322.538337604534 -13.540434840391057
7712.906117627992 -20.138654266861252
8124.0845778629655 -21.24685299681538
8557.183144940002 -8.519885582071788
9013.37038951743 -13.42096814934669
9493.87717927582 9.072356519213274
10000.0 -1.5092560074246846
10533.104453709382 -11.981338768164555
11094.628943275218 -14.046233849060814
11686.088553466498 -17.805484755185866
12309.079138896019 -15.924875110942198
12965.281629896688 -9.622504735402774
13656.466567946096 -24.19657109068381
14384.498882876629 -19.50748558782324
15151.342924760515 -21.840259562725702
15959.06776404731 -19.862686292197743
16809.852774253653 -8.879050190714684
17705.99351226898 -7.702968624676139
18649.907912142942 -21.0677958334678
19644.142809066267 -16.76985668008506
20691.3808111479 -21.72425146886439
21794.447537529835 -17.57272827455401
22956.319242369096 -20.462493875039893
24180.13084525718 -2.7215527063270626
25469.184389745402 0.05408549783653901
26826.957952797275 -4.225117988245136
28257.115029208268 -25.983490478242757
29763.51441631313 -17.838807822688626
31350.220625651124 -7.231786557094627
33021.51484968176 -16.030413007299757
34781.90651314134 -24.470982191057153
36636.14544020716 -10.70458060927757
38589.23467029899 -26.770415247277434
40646.44395709628 -18.05157285098792
42813.32398719396 -22.80690783655063
45095.721356761445 -24.81572866306483
47499.79434661403 -21.11122604275129
50032.029538259994 -24.265447617938282
52699.259315756564 -25.36240205113781
55508.680300598106 -22.0950724917264
58467.87276937589 -25.481831525607
61584.82110660255 -20.496456599706903
64867.935347885075 -21.730504614504376
68326.07387157406 -23.309405984989226
71968.56730011514 -22.301828112986676
75805.24367559262 -23.357001462093393
79846.45497739078 -25.760103396734824
84103.10505352604 -23.72514228711646
88586.67904100832 -23.016133976850888
93309.27435461663 -17.74942351509171
98283.63332770011 -24.3809570418718
103523.17759307378 -22.451856428551476
109042.04429677526 -29.452765932311898
114855.12424239368 -21.575066453473532
120978.10206889013 -9.77999547853762
127427.49857031321 -13.396522378621532
134220.7152716012 -20.67975070479353
141376.08138073614 -24.70680823849261
148912.90324394088 -24.333056092181128
156851.5164373548 -20.634655676750967
165213.34063573685 -22.59396611330732
174020.9374062485 -28.842301217855173
183298.07108324338 -36.54893243285095
193069.77288832495 -23.05520856777659
203362.40846866704 -26.098394375027134
214203.74903583832 -15.103073800625344
225623.04629706353 -19.34433691998283
237651.11138110727 -25.054195520502084
250320.39797173254 -19.29825747320678
263665.08987303555 -32.45252512829616
277721.1932429355 -12.933291664742509
292526.6337436642 -18.15836255667498
308121.35887140024 -17.460815229178746
324547.44574113254 -15.01472393395806
341849.21461759275 -23.546073782926054
360073.348498562 -27.02350107017265
379269.0190732246 -21.01686372607682
399488.019395417 -30.90325602234023
420784.9036297398 -25.788016803178564
443217.13424760854 -21.518284985589275
466845.2370703785 -9.615701730882204
491732.9645779016 -21.146908688170512
517947.46792312124 -21.915921100287004
545559.4781168514 -21.874672818584845
574643.4968715974 -19.042522095440255
605277.9976193343 -22.42801021333035
637545.6372456506 -19.834207197093974
671533.4791115135 -21.36366379942079
707333.2279644439 -19.330737678975364
745041.4773728917 -24.34492014964873
784759.9703514606 -29.184892489514276
826595.8738801812 9.490877892647072
870662.0680585118 -16.95373376463186
917077.4506742931 -20.083805184590283
965967.2580093823 -23.591026178251
1017463.4027476063 -25.32273659529086
1071704.8298967092 -23.84403730861247
1128837.8916846884 -20.880109059580157
1189016.74244199 -17.513302270661303
1252403.7545350718 -21.442910712954127
1319169.9564735717 -26.443057611530723
1389495.494373136 -25.395249017212148
1463570.1180190798 -26.123779023847238
1541593.6928422702 -29.241980240252158
1623776.739188721 -21.83420692857804
1710341.0003378377 -16.373313723208057
1801520.0408020238 -18.080716169005097
1897559.8765218505 -17.544704862527936
1998719.6386572486 -17.354669581741362
2105272.272765707 -9.735887980972214
2217505.2752539297 -20.500232611118463
2335721.4690901213 -21.37396447719373
2460239.8208697727 -26.16736159074057
2591396.3014396573 -23.61083692116607
2729544.792402007 -31.016860889115975
2875058.040944877 -43.78981716551961
3028328.6655749455 -23.299995700954454
3189770.215466318 -21.459473134755477
3359818.286283781 -23.14103908646265
3538931.6954909842 -29.385294203539097
3727593.720314938 -13.17715748224477
3926313.4017068394 -28.55719965354705
4135626.917817706 -25.876402366272803
4356099.030694608 -21.66598003687691
4588324.61010084 -8.902600117031227
4832930.238571752 -35.50300989754874
5090575.902036676 -23.822341167859967
5361956.770568817 -19.73463000596454
5647805.074067546 -13.952988122733437
5948892.077934331 -23.739841902406532
6266030.164072656 -17.659188091272174
6600075.022827089 -24.10580690583742
6951927.961775606 -18.238354154630173
7322538.337604526 -20.993741801572416
7712906.117627992 -20.98084505768918
8124084.5778629575 -21.6659635638945
8557183.144940002 -48.08301376768001
9013370.38951742 -2.918149343351085
9493877.17927582 -22.42927168336472
10000000.0 -41.433460802395714
10533104.45370936 -15.383161737837598
11094628.943275219 8.425984890069513
11686088.553466497 -22.059346871938175
12309079.138896018 -13.477252147149345
12965281.629896663 -25.89222693179742
13656466.567946097 -17.45332505803345
14384498.882876629 -40.95451081195547
15151342.924760515 -20.487528229922095
15959067.76404731 -22.429159274419412
16809852.774253618 -18.264677759649906
17705993.51226898 -26.11522057128908
18649907.912142944 -37.65232558101006
19644142.809066266 -21.725852687284643
20691380.811147902 -22.62556342322015
21794447.537529834 -22.660293927955315
22956319.242369097 -20.021735600965144
24180130.84525718 -24.839425161877674
25469184.3897454 -22.429252667438707
26826957.95279722 -23.069003541850538
28257115.02920827 -31.789406815015123
29763514.41631313 -32.69653931257645
31350220.62565112 -23.917519755379306
33021514.849681754 -34.69349475763492
34781906.51314127 -20.479957476378274
36636145.44020716 -31.834401824378617
38589234.67029899 -24.277812192895052
40646443.95709628 -15.198161184834216
42813323.98719387 -32.87265456813989
45095721.35676145 -9.247819136071222
47499794.346614026 -23.753559536204982
50032029.53825999 -16.61756705324263
52699259.31575657 -21.22084579652619
55508680.300597996 -33.048285049308106
58467872.7693759 -27.115997342675193
61584821.10660254 -40.97230320512164
64867935.34788508 -8.997409589359398
68326073.87157391 -20.915092940899854
71968567.30011514 -19.269995182118716
75805243.67559262 -22.537955897168885
79846454.97739078 -25.629823319506514
84103105.05352604 -10.972610646714136
88586679.04100814 -22.74747162368772
93309274.35461664 -35.18620785905955
98283633.32770011 -17.347172579015464
103523177.59307377 -20.60359355833564
109042044.29677527 -18.63106628221401
114855124.24239345 -23.33324425228513
120978102.06889038 -22.792944163837138
127427498.57031322 -17.06349025829059
134220715.2716012 -11.320237892950455
141376081.38073614 -16.59924674644789
148912903.24394056 -28.038201448400933
156851516.43735445 -23.821078909676473
165213340.63573685 -29.32371018004412
174020937.40624848 -22.66155376055915
183298071.08324376 11.438829825525554
193069772.88832456 -23.306962515389497
203362408.46866703 -19.44576949626674
214203749.0358383 -11.664858441338763
225623046.2970626 -28.500545590490116
237651111.38110778 -24.89269549671509
250320397.97173202 -18.891694035953893
263665089.87303555 -24.94345883895486
277721193.2429355 -36.1592156217671
292526633.74366355 -23.863887713747552
308121358.87140083 -21.871811375819412
324547445.74113256 -44.89978942711481
341849214.6175927 -23.712943059050303
360073348.49856204 -23.086829039324243
379269019.0732238 -26.662549196150614
399488019.39541787 -29.553371332891366
420784903.6297398 -20.825049182405856
443217134.24760854 -15.758192131873418
466845237.07037944 -27.481734113580668
491732964.5779006 -26.109430619914598
517947467.9231202 -37.70865245725922
545559478.1168514 -23.8211545338963
574643496.8715974 -21.822125727728853
605277997.6193355 -30.405627969502284
637545637.2456493 -22.47355249844094
671533479.1115135 -18.212935985245732
707333227.9644439 -23.73051644624578
745041477.3728887 -37.77068635844864
784759970.3514622 -24.10372521926221
826595873.8801795 -19.1197468908019
870662068.0585117 -27.926904452110858
917077450.674293 -23.431621487780436
965967258.0093802 -22.955901078089585
1017463402.7476043 -6.469700161872756
1071704829.8967092 -18.68366091905773
1128837891.6846883 -28.647788232330083
1189016742.44199 -22.283284016810207
1252403754.5350692 -20.935445073406896
1319169956.473569 -11.358990780641543
1389495494.373136 -31.539819382109883
1463570118.0190797 -17.551104514980395
1541593692.8422735 -20.501815990162374
1623776739.1887176 -19.139541259100938
1710341000.337838 -23.10315084530665
1801520040.802024 -31.50249270100486
1897559876.5218503 -43.542157583080126
1998719638.6572526 -29.137177840083904
2105272272.7657027 -23.658152989582497
2217505275.2539296 -12.931688871662228
2335721469.0901213 -23.004275483577565
2460239820.8697777 -17.100688495423192
2591396301.439652 -25.89153013004581
2729544792.402002 -28.065238832949436
2875058040.944877 -13.526733007921658
3028328665.5749454 -28.418301515857515
3189770215.466325 -10.540887029990081
3359818286.2837744 -30.029066320188534
3538931695.4909844 -6.932296459610658
3727593720.314938 -18.78526882767922
3926313401.7068396 -21.548498150983136
4135626917.8176975 -20.348928345952938
4356099030.694599 -25.190616358102588
4588324610.100841 -23.22694150772941
4832930238.571753 -16.431995769508582
5090575902.036687 -22.988957798321735
5361956770.568806 -41.79324593004892
5647805074.067546 -38.13635965251349
5948892077.934331 -52.149187793749014
6266030164.072656 -23.862249482957427
6600075022.827075 -25.82710253160124
6951927961.775591 -18.876308005998
7322538337.6045265 -23.215654667160827
7712906117.627993 -27.581936284130396
8124084577.862974 -2.338596008461355
8557183144.939984 -13.753727290174423
9013370389.51742 -15.445206561214347
9493877179.27582 -23.153662698388683
10000000000.0 -30.026274161496687
