10.0 85.54349679612486
10.53310445370937 85.09249156133826
11.094628943275218 84.64157058764569
11.686088553466515 84.19059800018827
12.309079138896024 83.7396737433167
12.965281629896682 83.2887602539755
13.65646656794611 82.83790285133051
14.38449888287663 82.38702738052899
15.15134292476053 81.93624224066626
15.95906776404731 81.4854706936304
16.80985277425364 81.03472585924689
17.70599351226899 80.58402154738829
18.64990791214297 80.13334548802375
19.644142809066278 79.68272923775467
20.6913808111479 79.23217665715545
21.794447537529855 78.78170117093273
22.956319242369098 78.33127929575025
24.180130845257207 77.88093366959437
25.4691843897454 77.43068402593161
26.826957952797258 76.9805137491694
28.257115029208283 76.53045507729841
29.76351441631318 76.08052416184161
31.350220625651154 75.63071695568244
33.02151484968176 75.18104400521644
34.7819065131413 74.73154347263039
36.63614544020716 74.28222154556269
38.58923467029903 73.83309090268779
40.646443957096295 73.38417969676013
42.81332398719393 72.93550463753789
45.095721356761466 72.48710316029522
47.499794346614124 72.03899366193792
50.03202953826004 71.5912126535285
52.699259315756564 71.14379526844571
55.50868030059805 70.69678135636246
58.467872769375894 70.25021233589206
61.58482110660264 69.80413742330866
64.86793534788511 69.35860815120557
68.32607387157402 68.91368312596812
71.96856730011521 68.46942764485799
75.8052436755926 68.02591063461455
79.84645497739086 67.58321157738997
84.10310505352605 67.14141573403853
88.58667904100822 66.70061820305192
93.30927435461668 66.26092286585204
98.28363332770026 65.82244440308062
103.52317759307378 65.38530765970144
109.04204429677526 64.94964848855575
114.8551242423938 64.5156190548284
120.97810206889012 64.08338294781342
127.42749857031335 63.65311950921103
134.2207152716012 63.22502262024432
141.37608138073614 62.79930465851041
148.91290324394086 62.37619499275659
156.85151643735477 61.95594241605268
165.213340635737 61.53881464586648
174.0209374062485 61.12509999840149
183.29807108324357 60.71510646530498
193.06977288832496 60.30916462063593
203.36240846866724 59.907624386165665
214.2037490358383 59.51085772810341
225.62304629706352 59.11925554006557
237.65111138110728 58.733228331713754
250.32039797173255 58.3532031252176
263.6650898730358 57.9796221948504
277.7211932429355 57.61293953708162
292.5266337436645 57.25361777794457
308.1213588714002 56.90212439135137
324.54744574113323 56.558926087277655
341.84921461759274 56.224484189712214
360.073348498562 55.89924831537548
379.26901907322497 55.5836504339522
399.48801939541704 55.278097356077744
420.78490362974026 54.98296577149294
443.21713424760856 54.69859441804929
466.84523707037897 54.425278010831505
491.73296457790156 54.1632615950413
517.9474679231213 53.91273585217291
545.5594781168514 53.67383347716289
574.6434968715973 53.446625050254326
605.2779976193349 53.23111889945469
637.5456372456507 53.02726071284167
671.5334791115142 52.83493423056434
707.3332279644438 52.653963563779236
745.0414773728917 52.48411709112051
784.7599703514607 52.32511277954784
826.5958738801812 52.176622624703796
870.6620680585127 52.03827886672536
917.0774506742931 51.90968124545867
965.9672580093833 51.79040311098869
1017.4634027476063 51.67999777435612
1071.7048298967104 51.57800578769762
1128.8378916846884 51.48395972633181
1189.01674244199 51.39739062032986
1252.4037545350732 51.317832382025195
1319.1699564735716 51.24482655453336
1389.4954943731375 51.17792588887688
1463.5701180190797 51.11669610412587
1541.5936928422718 51.060719963029406
1623.776739188721 51.009598582555824
1710.3410003378397 50.96295238960189
1801.520040802024 50.92042193513683
1897.5598765218504 50.88166783104644
1998.7196386572507 50.846371870858164
2105.272272765707 50.81423616247298
2217.505275253932 50.78498324731285
2335.7214690901214 50.75835429513085
2460.239820869775 50.734108480492466
2591.3963014396572 50.7120232001101
2729.5447924020073 50.691892305843155
2875.0580409448803 50.67352413974654
3028.3286655749457 50.656742870892224
3189.7702154663216 50.64138435080538
3359.818286283781 50.627298065467066
3538.9316954909877 50.614343736461144
3727.593720314938 50.60239126675715
3926.3134017068355 50.591319670363504
4135.626917817706 50.58101601830693
4356.099030694608 50.571374789283546
4588.324610100844 50.56229640393843
4832.930238571752 50.55368647379264
5090.575902036681 50.54545562329218
5361.956770568817 50.53751754554006
5647.805074067552 50.5297892130607
5948.892077934331 50.52218907071685
6266.030164072656 50.514636937237114
6600.075022827095 50.50705404967704
6951.927961775606 50.49935984495811
7322.538337604534 50.49147378701591
7712.906117627992 50.483313533791254
8124.0845778629655 50.47479274417965
8557.183144940002 50.46582338942013
9013.37038951743 50.45631168075615
9493.87717927582 50.44615963680961
10000.0 50.43526338878578
10533.104453709382 50.42351058948279
11094.628943275218 50.41078345946802
11686.088553466498 50.39695265581328
12309.079138896019 50.38188150099853
12965.281629896688 50.365420560730314
13656.466567946096 50.34740937980455
14384.498882876629 50.327674092381834
15151.342924760515 50.306027743241934
15959.06776404731 50.28226663470533
16809.852774253653 50.25617115957892
17705.99351226898 50.22750599525644
18649.907912142942 50.19601550105638
19644.142809066267 50.161426128323
20691.3808111479 50.12344437001167
21794.447537529835 50.081756439577944
22956.319242369096 50.036028235086974
24180.13084525718 49.98590418329723
25469.184389745402 49.93100875620276
26826.957952797275 49.870947517849075
28257.115029208268 49.80530641266167
29763.51441631313 49.733655779418136
31350.220625651124 49.65555017087617
33021.51484968176 49.57053291735611
34781.90651314134 49.47813999596693
36636.14544020716 49.377902399466656
38589.23467029899 49.2693519574543
40646.44395709628 49.15202702191642
42813.32398719396 49.02547755452776
45095.721356761445 48.889271887489734
47499.79434661403 48.74300367604651
50032.029538259994 48.58629752507996
52699.259315756564 48.418816422291144
55508.680300598106 48.24026799450736
58467.87276937589 48.05040873011761
61584.82110660255 47.849051297593576
64867.935347885075 47.63606593725714
68326.07387157406 47.41138470596617
71968.56730011514 47.17500187963065
75805.24367559262 46.926975849713905
79846.45497739078 46.66742530483904
84103.10505352604 46.396529079327344
88586.67904100832 46.114520475146115
93309.27435461663 45.82168442803174
98283.63332770011 45.51835036044659
103523.17759307378 45.2048876025831
109042.04429677526 44.88169653801214
114855.12424239368 44.549204929523626
120978.10206889013 44.2078588632905
127427.49857031321 43.85811756030879
134220.7152716012 43.50044717250797
141376.08138073614 43.135315343119785
148912.90324394088 42.76318627762487
156851.5164373548 42.38451611021645
165213.34063573685 41.9997498188312
174020.9374062485 41.60931829625642
183298.07108324338 41.2136353915688
193069.77288832495 40.81309659559401
203362.40846866704 40.40807782780932
214203.74903583832 39.99893443953848
225623.04629706353 39.58600049272146
237651.11138110727 39.16958918621615
250320.39797173254 38.74999349879846
263665.08987303555 38.32748568405003
277721.1932429355 37.90231763343931
292526.6337436642 37.47472354616142
308121.35887140024 37.04491905969353
324547.44574113254 36.61310258878207
341849.21461759275 36.17945661904082
360073.348498562 35.744148750180855
379269.0190732246 35.30733203895528
399488.019395417 34.86914649145789
420784.9036297398 34.42972007775617
443217.13424760854 33.98917002683449
466845.2370703785 33.54760176735274
491732.9645779016 33.10511296683629
517947.46792312124 32.6617909118192
545559.4781168514 32.2177159800589
574643.4968715974 31.77296076788377
605277.9976193343 31.32759111990929
637545.6372456506 30.881667003139547
671533.4791115135 30.435242588676466
707333.2279644439 29.988367201829668
745041.4773728917 29.54108546321558
784759.9703514606 29.093438021520974
826595.8738801812 28.645461185732483
870662.0680585118 28.197188920270257
917077.4506742931 27.748651015020812
965967.2580093823 27.299875150756176
1017463.4027476063 26.850886499198307
1071704.8298967092 26.40170770028228
1128837.8916846884 25.952359444322187
1189016.74244199 25.502861158876968
1252403.7545350718 25.05323009868721
1319169.9564735717 24.603481692122987
1389495.494373136 24.153631580169083
1463570.1180190798 23.703692995836473
1541593.6928422702 23.253679205936095
1623776.739188721 22.803601751327157
1710341.0003378377 22.35347211733799
1801520.0408020238 21.903300497400316
1897559.8765218505 21.4530979874935
1998719.6386572486 21.00287367989031
2105272.272765707 20.55263836569067
2217505.2752539297 20.102401057720066
2335721.4690901213 19.652171182280245
2460239.8208697727 19.201958643354097
2591396.3014396573 18.751773122594095
2729544.792402007 18.301625134065585
2875058.040944877 17.85152457874284
3028328.6655749455 17.40148319968843
3189770.215466318 16.951512224690948
3359818.286283781 16.50162463000231
3538931.6954909842 16.051833166603945
3727593.720314938 15.60215219510619
3926313.4017068394 15.152597654565414
4135626.917817706 14.70318546078582
4356099.030694608 14.253934912507912
4588324.61010084 13.804865819409297
4832930.238571752 13.356000074976091
5090575.902036676 12.907361649152747
5361956.770568817 12.458977179321044
5647805.074067546 12.010875730032309
5948892.077934331 11.563088928298717
6266030.164072656 11.115653143724556
6600075.022827089 10.668606329900307
6951927.961775606 10.221991611778254
7322538.337604526 9.775856448723525
7712906.117627992 9.330253106661706
8124084.5778629575 8.885238692690917
8557183.144940002 8.440877096392136
9013370.38951742 7.997237646168523
9493877.17927582 7.554397685568119
10000000.0 7.112441472353565
10533104.45370936 6.671462410858595
11094628.943275219 6.231562797114545
11686088.553466497 5.792854792153726
12309079.138896018 5.3554618120543305
12965281.629896663 4.919518306653702
13656466.567946097 4.485173320730515
14384498.882876629 4.052587007088491
15151342.924760515 3.6219362593230886
15959067.76404731 3.1934127482745693
16809852.774253618 2.767225017136436
17705993.51226898 2.3435990959037247
18649907.912142944 1.9227803211598178
19644142.809066266 1.505031953260988
20691380.811147902 1.0906391386405192
21794447.537529834 0.6799055313504211
22956319.242369097 0.27315752711281277
24180130.84525718 -0.12925784491035544
25469184.3897454 -0.5269735176110699
26826957.95279722 -0.9196023385694658
28257115.02920827 -1.306736368117577
29763514.41631313 -1.687953475398127
31350220.62565112 -2.062810991381272
33021514.849681754 -2.430860206248494
34781906.51314127 -2.791637850342884
36636145.44020716 -3.1446770405714117
38589234.67029899 -3.489510517601345
40646443.95709628 -3.8256757833334487
42813323.98719387 -4.152719540095971
45095721.35676145 -4.4702070113185
47499794.346614026 -4.777724277562715
50032029.53825999 -5.074889459309045
52699259.31575657 -5.361354556219498
55508680.300597996 -5.63681769554951
58467872.7693759 -5.901020013623343
61584821.10660254 -6.153763236375615
64867935.34788508 -6.394901653554502
68326073.87157391 -6.624350702137627
71968567.30011514 -6.84209182302948
75805243.67559262 -7.0481657535346915
79846454.97739078 -7.242676133197494
84103105.05352604 -7.425788205805729
88586679.04100814 -7.597720805122387
93309274.35461664 -7.758747877360541
98283633.32770011 -7.909186799092932
103523177.59307377 -8.049398718839008
109042044.29677527 -8.1797762083303
114855124.24239345 -8.300741623076457
120978102.06889038 -8.412736037444539
127427498.57031322 -8.516217089176894
134220715.2716012 -8.611649185042241
141376081.38073614 -8.699500328250778
148912903.24394056 -8.780235866411259
156851516.43735445 -8.85431491074572
165213340.63573685 -8.922184854683724
174020937.40624848 -8.984281306213301
183298071.08324376 -9.041021986891913
193069772.88832456 -9.092807518304312
203362408.46866703 -9.140019272655156
214203749.0358383 -9.183016820709891
225623046.2970626 -9.222140773258346
237651111.38110778 -9.25770863084368
250320397.97173202 -9.290018622923277
263665089.87303555 -9.3193489583539
277721193.2429355 -9.34595599876089
292526633.74366355 -9.370078194462838
308121358.87140083 -9.391935988253064
324547445.74113256 -9.41173199463
341849214.6175927 -9.42965251852636
360073348.49856204 -9.44586883510541
379269019.0732238 -9.460536305158879
399488019.39541787 -9.473800078241496
420784903.6297398 -9.485790196370722
443217134.24760854 -9.49662509880484
466845237.07037944 -9.506415170229364
491732964.5779006 -9.515256923328273
517947467.9231202 -9.523242426959854
545559478.1168514 -9.53045277457981
574643496.8715974 -9.536961973243436
605277997.6193355 -9.542836835396326
637545637.2456493 -9.548140055983861
671533479.1115135 -9.552924030105226
707333227.9644439 -9.55724207223899
745041477.3728887 -9.56113673897595
784759970.3514622 -9.564650057108912
826595873.8801795 -9.567820399417897
870662068.0585117 -9.570680562251017
917077450.674293 -9.573256390672363
965967258.0093802 -9.57558316353736
1017463402.7476043 -9.577680413980282
1071704829.8967092 -9.57957039377026
1128837891.6846883 -9.581275513601836
1189016742.44199 -9.582812530301249
1252403754.5350692 -9.584198067615512
1319169956.473569 -9.585448642262351
1389495494.373136 -9.586577830488197
1463570118.0190797 -9.58759079433831
1541593692.8422735 -9.588507616139292
1623776739.1887176 -9.589334701773083
1710341000.337838 -9.590074580266693
1801520040.802024 -9.5907481177436
1897559876.5218503 -9.591350928608787
1998719638.6572526 -9.591900095130072
2105272272.7657027 -9.592391606323575
2217505275.2539296 -9.592832537747713
2335721469.0901213 -9.593232550470745
2460239820.8697777 -9.593590105297368
2591396301.439652 -9.593914797998549
2729544792.402002 -9.59421010714637
2875058040.944877 -9.59447490748161
3028328665.5749454 -9.59471112018994
3189770215.466325 -9.594929375193528
3359818286.2837744 -9.595119361034296
3538931695.4909844 -9.595292086489577
3727593720.314938 -9.595447796562958
3926313401.7068396 -9.595588679051186
4135626917.8176975 -9.595718449558676
4356099030.694599 -9.595835264407745
4588324610.100841 -9.595933472756002
4832930238.571753 -9.596031590427
5090575902.036687 -9.596113501267904
5361956770.568806 -9.596180274470433
5647805074.067546 -9.596261996775446
5948892077.934331 -9.596312146811814
6266030164.072656 -9.596377368532417
6600075022.827075 -9.596432342441387
6951927961.775591 -9.596485059544507
7322538337.6045265 -9.596494332031462
7712906117.627993 -9.596555311099955
8124084577.862974 -9.596583096670566
8557183144.939984 -9.596621909587432
9013370389.51742 -7.97023079109835
9493877179.27582 -7.970231619231126
10000000000.0 -7.9702323656565275
10.0 85.54349679612486
10.53310445370937 85.09249156133826
11.094628943275218 84.64157058764569
11.686088553466515 84.19059800018827
12.309079138896024 83.7396737433167
12.965281629896682 83.2887602539755
13.65646656794611 82.83790285133051
14.38449888287663 82.38702738052899
15.15134292476053 81.93624224066626
15.95906776404731 81.4854706936304
16.80985277425364 81.03472585924689
17.70599351226899 80.58402154738829
18.64990791214297 80.13334548802375
19.644142809066278 79.68272923775467
20.6913808111479 79.23217665715545
21.794447537529855 78.78170117093273
22.956319242369098 78.33127929575025
24.180130845257207 77.88093366959437
25.4691843897454 77.43068402593161
26.826957952797258 76.9805137491694
28.257115029208283 76.53045507729841
29.76351441631318 76.08052416184161
31.350220625651154 75.63071695568244
33.02151484968176 75.18104400521644
34.7819065131413 74.73154347263039
36.63614544020716 74.28222154556269
38.58923467029903 73.83309090268779
40.646443957096295 73.38417969676013
42.81332398719393 72.93550463753789
45.095721356761466 72.48710316029522
47.499794346614124 72.03899366193792
50.03202953826004 71.5912126535285
52.699259315756564 71.14379526844571
55.50868030059805 70.69678135636246
58.467872769375894 70.25021233589206
61.58482110660264 69.80413742330866
64.86793534788511 69.35860815120557
68.32607387157402 68.91368312596812
71.96856730011521 68.46942764485799
75.8052436755926 68.02591063461455
79.84645497739086 67.58321157738997
84.10310505352605 67.14141573403853
88.58667904100822 66.70061820305192
93.30927435461668 66.26092286585204
98.28363332770026 65.82244440308062
103.52317759307378 65.38530765970144
109.04204429677526 64.94964848855575
114.8551242423938 64.5156190548284
120.97810206889012 64.08338294781342
127.42749857031335 63.65311950921103
134.2207152716012 63.22502262024432
141.37608138073614 62.79930465851041
148.91290324394086 62.37619499275659
156.85151643735477 61.95594241605268
165.213340635737 61.53881464586648
174.0209374062485 61.12509999840149
183.29807108324357 60.71510646530498
193.06977288832496 60.30916462063593
203.36240846866724 59.907624386165665
214.2037490358383 59.51085772810341
225.62304629706352 59.11925554006557
237.65111138110728 58.733228331713754
250.32039797173255 58.3532031252176
263.6650898730358 57.9796221948504
277.7211932429355 57.61293953708162
292.5266337436645 57.25361777794457
308.1213588714002 56.90212439135137
324.54744574113323 56.558926087277655
341.84921461759274 56.224484189712214
360.073348498562 55.89924831537548
379.26901907322497 55.5836504339522
399.48801939541704 55.278097356077744
420.78490362974026 54.98296577149294
443.21713424760856 54.69859441804929
466.84523707037897 54.425278010831505
491.73296457790156 54.1632615950413
517.9474679231213 53.91273585217291
545.5594781168514 53.67383347716289
574.6434968715973 53.446625050254326
605.2779976193349 53.23111889945469
637.5456372456507 53.02726071284167
671.5334791115142 52.83493423056434
707.3332279644438 52.653963563779236
745.0414773728917 52.48411709112051
784.7599703514607 52.32511277954784
826.5958738801812 52.176622624703796
870.6620680585127 52.03827886672536
917.0774506742931 51.90968124545867
965.9672580093833 51.79040311098869
1017.4634027476063 51.67999777435612
1071.7048298967104 51.57800578769762
1128.8378916846884 51.48395972633181
1189.01674244199 51.39739062032986
1252.4037545350732 51.317832382025195
1319.1699564735716 51.24482655453336
1389.4954943731375 51.17792588887688
1463.5701180190797 51.11669610412587
1541.5936928422718 51.060719963029406
1623.776739188721 51.009598582555824
1710.3410003378397 50.96295238960189
1801.520040802024 50.92042193513683
1897.5598765218504 50.88166783104644
1998.7196386572507 50.846371870858164
2105.272272765707 50.81423616247298
2217.505275253932 50.78498324731285
2335.7214690901214 50.75835429513085
2460.239820869775 50.734108480492466
2591.3963014396572 50.7120232001101
2729.5447924020073 50.691892305843155
2875.0580409448803 50.67352413974654
3028.3286655749457 50.656742870892224
3189.7702154663216 50.64138435080538
3359.818286283781 50.627298065467066
3538.9316954909877 50.614343736461144
3727.593720314938 50.60239126675715
3926.3134017068355 50.591319670363504
4135.626917817706 50.58101601830693
4356.099030694608 50.571374789283546
4588.324610100844 50.56229640393843
4832.930238571752 50.55368647379264
5090.575902036681 50.54545562329218
5361.956770568817 50.53751754554006
5647.805074067552 50.5297892130607
5948.892077934331 50.52218907071685
6266.030164072656 50.514636937237114
6600.075022827095 50.50705404967704
6951.927961775606 50.49935984495811
7322.538337604534 50.49147378701591
7712.906117627992 50.483313533791254
8124.0845778629655 50.47479274417965
8557.183144940002 50.46582338942013
9013.37038951743 50.45631168075615
9493.87717927582 50.44615963680961
10000.0 50.43526338878578
10533.104453709382 50.42351058948279
11094.628943275218 50.41078345946802
11686.088553466498 50.39695265581328
12309.079138896019 50.38188150099853
12965.281629896688 50.365420560730314
13656.466567946096 50.34740937980455
14384.498882876629 50.327674092381834
15151.342924760515 50.306027743241934
15959.06776404731 50.28226663470533
16809.852774253653 50.25617115957892
17705.99351226898 50.22750599525644
18649.907912142942 50.19601550105638
19644.142809066267 50.161426128323
20691.3808111479 50.12344437001167
21794.447537529835 50.081756439577944
22956.319242369096 50.036028235086974
24180.13084525718 49.98590418329723
25469.184389745402 49.93100875620276
26826.957952797275 49.870947517849075
28257.115029208268 49.80530641266167
29763.51441631313 49.733655779418136
31350.220625651124 49.65555017087617
33021.51484968176 49.57053291735611
34781.90651314134 49.47813999596693
36636.14544020716 49.377902399466656
38589.23467029899 49.2693519574543
40646.44395709628 49.15202702191642
42813.32398719396 49.02547755452776
45095.721356761445 48.889271887489734
47499.79434661403 48.74300367604651
50032.029538259994 48.58629752507996
52699.259315756564 48.418816422291144
55508.680300598106 48.24026799450736
58467.87276937589 48.05040873011761
61584.82110660255 47.849051297593576
64867.935347885075 47.63606593725714
68326.07387157406 47.41138470596617
71968.56730011514 47.17500187963065
75805.24367559262 46.926975849713905
79846.45497739078 46.66742530483904
84103.10505352604 46.396529079327344
88586.67904100832 46.114520475146115
93309.27435461663 45.82168442803174
98283.63332770011 45.51835036044659
103523.17759307378 45.2048876025831
109042.04429677526 44.88169653801214
114855.12424239368 44.549204929523626
120978.10206889013 44.2078588632905
127427.49857031321 43.85811756030879
134220.7152716012 43.50044717250797
141376.08138073614 43.135315343119785
148912.90324394088 42.76318627762487
156851.5164373548 42.38451611021645
165213.34063573685 41.9997498188312
174020.9374062485 41.60931829625642
183298.07108324338 41.2136353915688
193069.77288832495 40.81309659559401
203362.40846866704 40.40807782780932
214203.74903583832 39.99893443953848
225623.04629706353 39.58600049272146
237651.11138110727 39.16958918621615
250320.39797173254 38.74999349879846
263665.08987303555 38.32748568405003
277721.1932429355 37.90231763343931
292526.6337436642 37.47472354616142
308121.35887140024 37.04491905969353
324547.44574113254 36.61310258878207
341849.21461759275 36.17945661904082
360073.348498562 35.744148750180855
379269.0190732246 35.30733203895528
399488.019395417 34.86914649145789
420784.9036297398 34.42972007775617
443217.13424760854 33.98917002683449
466845.2370703785 33.54760176735274
491732.9645779016 33.10511296683629
517947.46792312124 32.6617909118192
545559.4781168514 32.2177159800589
574643.4968715974 31.77296076788377
605277.9976193343 31.32759111990929
637545.6372456506 30.881667003139547
671533.4791115135 30.435242588676466
707333.2279644439 29.988367201829668
745041.4773728917 29.54108546321558
784759.9703514606 29.093438021520974
826595.8738801812 28.645461185732483
870662.0680585118 28.197188920270257
917077.4506742931 27.748651015020812
965967.2580093823 27.299875150756176
1017463.4027476063 26.850886499198307
1071704.8298967092 26.40170770028228
1128837.8916846884 25.952359444322187
1189016.74244199 25.502861158876968
1252403.7545350718 25.05323009868721
1319169.9564735717 24.603481692122987
1389495.494373136 24.153631580169083
1463570.1180190798 23.703692995836473
1541593.6928422702 23.253679205936095
1623776.739188721 22.803601751327157
1710341.0003378377 22.35347211733799
1801520.0408020238 21.903300497400316
1897559.8765218505 21.4530979874935
1998719.6386572486 21.00287367989031
2105272.272765707 20.55263836569067
2217505.2752539297 20.102401057720066
2335721.4690901213 19.652171182280245
2460239.8208697727 19.201958643354097
2591396.3014396573 18.751773122594095
2729544.792402007 18.301625134065585
2875058.040944877 17.85152457874284
3028328.6655749455 17.40148319968843
3189770.215466318 16.951512224690948
3359818.286283781 16.50162463000231
3538931.6954909842 16.051833166603945
3727593.720314938 15.60215219510619
3926313.4017068394 15.152597654565414
4135626.917817706 14.70318546078582
4356099.030694608 14.253934912507912
4588324.61010084 13.804865819409297
4832930.238571752 13.356000074976091
5090575.902036676 12.907361649152747
5361956.770568817 12.458977179321044
5647805.074067546 12.010875730032309
5948892.077934331 11.563088928298717
6266030.164072656 11.115653143724556
6600075.022827089 10.668606329900307
6951927.961775606 10.221991611778254
7322538.337604526 9.775856448723525
7712906.117627992 9.330253106661706
8124084.5778629575 8.885238692690917
8557183.144940002 8.440877096392136
9013370.38951742 7.997237646168523
9493877.17927582 7.554397685568119
10000000.0 7.112441472353565
10533104.45370936 6.671462410858595
11094628.943275219 6.231562797114545
11686088.553466497 5.792854792153726
12309079.138896018 5.3554618120543305
12965281.629896663 4.919518306653702
13656466.567946097 4.485173320730515
14384498.882876629 4.052587007088491
15151342.924760515 3.6219362593230886
15959067.76404731 3.1934127482745693
16809852.774253618 2.767225017136436
17705993.51226898 2.3435990959037247
18649907.912142944 1.9227803211598178
19644142.809066266 1.505031953260988
20691380.811147902 1.0906391386405192
21794447.537529834 0.6799055313504211
22956319.242369097 0.27315752711281277
24180130.84525718 -0.12925784491035544
25469184.3897454 -0.5269735176110699
26826957.95279722 -0.9196023385694658
28257115.02920827 -1.306736368117577
29763514.41631313 -1.687953475398127
31350220.62565112 -2.062810991381272
33021514.849681754 -2.430860206248494
34781906.51314127 -2.791637850342884
36636145.44020716 -3.1446770405714117
38589234.67029899 -3.489510517601345
40646443.95709628 -3.8256757833334487
42813323.98719387 -4.152719540095971
45095721.35676145 -4.4702070113185
47499794.346614026 -4.777724277562715
50032029.53825999 -5.074889459309045
52699259.31575657 -5.361354556219498
55508680.300597996 -5.63681769554951
58467872.7693759 -5.901020013623343
61584821.10660254 -6.153763236375615
64867935.34788508 -6.394901653554502
68326073.87157391 -6.624350702137627
71968567.30011514 -6.84209182302948
75805243.67559262 -7.0481657535346915
79846454.97739078 -7.242676133197494
84103105.05352604 -7.425788205805729
88586679.04100814 -7.597720805122387
93309274.35461664 -7.758747877360541
98283633.32770011 -7.909186799092932
103523177.59307377 -8.049398718839008
109042044.29677527 -8.1797762083303
114855124.24239345 -8.300741623076457
120978102.06889038 -8.412736037444539
127427498.57031322 -8.516217089176894
134220715.2716012 -8.611649185042241
141376081.38073614 -8.699500328250778
148912903.24394056 -8.780235866411259
156851516.43735445 -8.85431491074572
165213340.63573685 -8.922184854683724
174020937.40624848 -8.984281306213301
183298071.08324376 -9.041021986891913
193069772.88832456 -9.092807518304312
203362408.46866703 -9.140019272655156
214203749.0358383 -9.183016820709891
225623046.2970626 -9.222140773258346
237651111.38110778 -9.25770863084368
250320397.97173202 -9.290018622923277
263665089.87303555 -9.3193489583539
277721193.2429355 -9.34595599876089
292526633.74366355 -9.370078194462838
308121358.87140083 -9.391935988253064
324547445.74113256 -9.41173199463
341849214.6175927 -9.42965251852636
360073348.49856204 -9.44586883510541
379269019.0732238 -9.460536305158879
399488019.39541787 -9.473800078241496
420784903.6297398 -9.485790196370722
443217134.24760854 -9.49662509880484
466845237.07037944 -9.506415170229364
491732964.5779006 -9.515256923328273
517947467.9231202 -9.523242426959854
545559478.1168514 -9.53045277457981
574643496.8715974 -9.536961973243436
605277997.6193355 -9.542836835396326
637545637.2456493 -9.548140055983861
671533479.1115135 -9.552924030105226
707333227.9644439 -9.55724207223899
745041477.3728887 -9.56113673897595
784759970.3514622 -9.564650057108912
826595873.8801795 -9.567820399417897
870662068.0585117 -9.570680562251017
917077450.674293 -9.573256390672363
965967258.0093802 -9.57558316353736
1017463402.7476043 -9.577680413980282
1071704829.8967092 -9.57957039377026
1128837891.6846883 -9.581275513601836
1189016742.44199 -9.582812530301249
1252403754.5350692 -9.584198067615512
1319169956.473569 -9.585448642262351
1389495494.373136 -9.586577830488197
1463570118.0190797 -9.58759079433831
1541593692.8422735 -9.588507616139292
1623776739.1887176 -9.589334701773083
1710341000.337838 -9.590074580266693
1801520040.802024 -9.5907481177436
1897559876.5218503 -9.591350928608787
1998719638.6572526 -9.591900095130072
2105272272.7657027 -9.592391606323575
2217505275.2539296 -9.592832537747713
2335721469.0901213 -9.593232550470745
2460239820.8697777 -9.593590105297368
2591396301.439652 -9.593914797998549
2729544792.402002 -9.59421010714637
2875058040.944877 -9.59447490748161
3028328665.5749454 -9.59471112018994
3189770215.466325 -9.594929375193528
3359818286.2837744 -9.595119361034296
3538931695.4909844 -9.595292086489577
3727593720.314938 -9.595447796562958
3926313401.7068396 -9.595588679051186
4135626917.8176975 -9.595718449558676
4356099030.694599 -9.595835264407745
4588324610.100841 -9.595933472756002
4832930238.571753 -9.596031590427
5090575902.036687 -9.596113501267904
5361956770.568806 -9.596180274470433
5647805074.067546 -9.596261996775446
5948892077.934331 -9.596312146811814
6266030164.072656 -9.596377368532417
6600075022.827075 -9.596432342441387
6951927961.775591 -9.596485059544507
7322538337.6045265 -9.596494332031462
7712906117.627993 -9.596555311099955
8124084577.862974 -9.596583096670566
8557183144.939984 -9.596621909587432
9013370389.51742 -7.97023079109835
9493877179.27582 -7.970231619231126
10000000000.0 -7.9702323656565275
