10.0 -16.28907625770553
10.53310445370937 -16.306605355017926
11.094628943275218 -16.322799119191803
11.686088553466515 -16.33772720800354
12.309079138896024 -16.351461408207197
12.965281629896682 -16.364074344002976
13.65646656794611 -16.375638388226033
14.38449888287663 -16.38622476657085
15.15134292476053 -16.395902845360546
15.95906776404731 -16.404739575522427
16.80985277425364 -16.41279908231178
17.70599351226899 -16.42014237609813
18.64990791214297 -16.426827167170597
19.644142809066278 -16.43290776992352
20.6913808111479 -16.43843507545546
21.794447537529855 -16.443456583995353
22.956319242369098 -16.44801647988992
24.180130845257207 -16.452155742560755
25.4691843897454 -16.45591228155809
26.826957952797258 -16.45932108988517
28.257115029208283 -16.462414408496176
29.76351441631318 -16.465221897263433
31.350220625651154 -16.467770808567018
33.02151484968176 -16.470086160375846
34.7819065131413 -16.472190906179893
36.63614544020716 -16.47410610008302
38.58923467029903 -16.47585105653002
40.646443957096295 -16.477443502870408
42.81332398719393 -16.47889972477944
45.095721356761466 -16.480234704783015
47.499794346614124 -16.48146225289142
50.03202953826004 -16.4825951306975
52.699259315756564 -16.48364516824198
55.50868030059805 -16.48462337489359
58.467872769375894 -16.48554004434034
61.58482110660264 -16.48640485416471
64.86793534788511 -16.48722696129718
68.32607387157402 -16.488015092701385
71.96856730011521 -16.488777633477135
75.8052436755926 -16.48952271191452
79.84645497739086 -16.490258282694793
84.10310505352605 -16.49099220890217
88.58667904100822 -16.491732343462367
93.30927435461668 -16.49248661071915
98.28363332770026 -16.493263089236795
103.52317759307378 -16.49407009592872
109.04204429677526 -16.4949162730591
114.8551242423938 -16.49581067842054
120.97810206889012 -16.496762879524923
127.42749857031335 -16.4977830532481
134.2207152716012 -16.49888209088456
141.37608138073614 -16.500071710551996
148.91290324394086 -16.501364577160828
156.85151643735477 -16.5027744313954
165.213340635737 -16.504316228693185
174.0209374062485 -16.50600628908917
183.29807108324357 -16.507862459574923
193.06977288832496 -16.509904289485497
203.36240846866724 -16.512153220661155
214.2037490358383 -16.514632793290826
225.62304629706352 -16.517368868627752
237.65111138110728 -16.52038986976179
250.32039797173255 -16.52372704156863
263.6650898730358 -16.527414730548077
277.7211932429355 -16.531490685459836
292.5266337436645 -16.535996379423942
308.1213588714002 -16.540977353036453
324.54744574113323 -16.546483579117652
341.84921461759274 -16.552569847289586
360.073348498562 -16.559296167664645
379.26901907322497 -16.566728190326863
399.48801939541704 -16.574937637899822
420.78490362974026 -16.584002745281808
443.21713424760856 -16.59400870070486
466.84523707037897 -16.6050480792448
491.73296457790156 -16.617221257774986
517.9474679231213 -16.630636798240637
545.5594781168514 -16.645411782509292
574.6434968715973 -16.6616720789088
605.2779976193349 -16.679552517161802
637.5456372456507 -16.6991969436921
671.5334791115142 -16.720758126221853
707.3332279644438 -16.744397471680198
745.0414773728917 -16.770284517905793
784.7599703514607 -16.79859615653819
826.5958738801812 -16.829515542415667
870.6620680585127 -16.86323064331452
917.0774506742931 -16.89993238647171
965.9672580093833 -16.93981236155865
1017.4634027476063 -16.983060047241917
1071.7048298967104 -17.029859541178382
1128.8378916846884 -17.080385788172507
1189.01674244199 -17.13480032361206
1252.4037545350732 -17.193246574849187
1319.1699564735716 -17.255844794752726
1389.4954943731375 -17.322686735749617
1463.5701180190797 -17.39383020931321
1541.5936928422718 -17.46929371258141
1623.776739188721 -17.549051336169846
1710.3410003378397 -17.63302819406794
1801.520040802024 -17.721096632286425
1897.5598765218504 -17.81307347478564
1998.7196386572507 -17.90871855122227
2105.272272765707 -18.007734716402222
2217.505275253932 -18.109769520741448
2335.7214690901214 -18.21441862005607
2460.239820869775 -18.321230930326994
2591.3963014396572 -18.42971544073998
2729.5447924020073 -18.539349504377416
2875.0580409448803 -18.649588338045294
3028.3286655749457 -18.75987538709325
3189.7702154663216 -18.869653156766567
3359.818286283781 -18.978374080670555
3538.9316954909877 -19.085510995106983
3727.593720314938 -19.190566813286985
3926.3134017068355 -19.29308304467755
4135.626917817706 -19.392646876873354
4356.099030694608 -19.48889662368132
4588.324610100844 -19.581525436664503
4832.930238571752 -19.670283270321995
5090.575902036681 -19.75497717615854
5361.956770568817 -19.83547007347219
5647.805074067552 -19.911678199741832
5948.892077934331 -19.98356748024988
6266.030164072656 -20.051149074354466
6600.075022827095 -20.114474356363296
6951.927961775606 -20.17362957531229
7322.538337604534 -20.228730412951098
7712.906117627992 -20.279916627410437
8124.0845778629655 -20.327346933754914
8557.183144940002 -20.37119423622508
9013.37038951743 -20.411641291755508
9493.87717927582 -20.448876852779843
10000.0 -20.483092310197918
10533.104453709382 -20.5144788352654
11094.628943275218 -20.543225001935028
11686.088553466498 -20.5695148589437
12309.079138896019 -20.593526412556898
12965.281629896688 -20.615430476327468
13656.466567946096 -20.63538984233706
14384.498882876629 -20.6535587288134
15151.342924760515 -20.670082460954422
15959.06776404731 -20.685097344886305
16809.852774253653 -20.698730698376938
17705.99351226898 -20.71110100596519
18649.907912142942 -20.722318170275557
19644.142809066267 -20.732483835266873
20691.3808111479 -20.741691760919853
21794.447537529835 -20.750028232276485
22956.319242369096 -20.757572488849366
24180.13084525718 -20.764397163093328
25469.184389745402 -20.770568718995786
26826.957952797275 -20.776147883840117
28257.115029208268 -20.78119006788246
29763.51441631313 -20.785745768086112
31350.220625651124 -20.789860953224995
33021.51484968176 -20.793577428588627
34781.90651314134 -20.796933179288093
36636.14544020716 -20.79996269174726
38589.23467029899 -20.802697253425514
40646.44395709628 -20.805165231170548
42813.32398719396 -20.80739232885625
45095.721356761445 -20.809401825146843
47499.79434661403 -20.811214792355823
50032.029538259994 -20.81285029744423
52699.259315756564 -20.81432558624747
55508.680300598106 -20.815656252028564
58467.87276937589 -20.816856389450145
61584.82110660255 -20.817938735028818
64867.935347885075 -20.818914795099474
68326.07387157406 -20.819794962271537
71968.56730011514 -20.820588621305358
75805.24367559262 -20.821304245286708
79846.45497739078 -20.821949482918107
84103.10505352604 -20.822531237692026
88586.67904100832 -20.823055739654453
93309.27435461663 -20.82352861041678
98283.63332770011 -20.82395492201996
103523.17759307378 -20.824339250208183
109042.04429677526 -20.824685722623574
114855.12424239368 -20.824998062390385
120978.10206889013 -20.82527962751529
127427.49857031321 -20.82553344649602
134220.7152716012 -20.825762250494783
141376.08138073614 -20.825968502399665
148912.90324394088 -20.82615442307061
156851.5164373548 -20.826322015037256
165213.34063573685 -20.826473083892974
174020.9374062485 -20.826609257605302
183298.07108324338 -20.826732003943622
193069.77288832495 -20.826842646205954
203362.40846866704 -20.826942377408315
214203.74903583832 -20.827032273086978
225623.04629706353 -20.82711330284628
237651.11138110727 -20.827186340776358
250320.39797173254 -20.827252174848205
263665.08987303555 -20.827311515388356
277721.1932429355 -20.827365002720214
292526.6337436642 -20.82741321405642
308121.35887140024 -20.82745666971296
324547.44574113254 -20.827495838712913
341849.21461759275 -20.82753114383904
360073.348498562 -20.827562966189703
379269.0190732246 -20.827591649285885
399488.019395417 -20.827617502774576
420784.9036297398 -20.82764080576709
443217.13424760854 -20.827661809849495
466845.2370703785 -20.82768074179548
491732.9645779016 -20.827697806012875
517947.46792312124 -20.82771318674842
545559.4781168514 -20.827727050076223
574643.4968715974 -20.827739545689163
605277.9976193343 -20.827750808514672
637545.6372456506 -20.82776096017071
671533.4791115135 -20.827770110278344
707333.2279644439 -20.827778357645062
745041.4773728917 -20.827785791331202
784759.9703514606 -20.827792491611458
826595.8738801812 -20.827798530841427
870662.0680585118 -20.827803974238588
917077.4506742931 -20.82780888058692
965967.2580093823 -20.827813302870585
1017463.4027476063 -20.827817288847015
1071704.8298967092 -20.827820881561976
1128837.8916846884 -20.827824119814608
1189016.74244199 -20.827827038576096
1252403.7545350718 -20.82782966936761
1319169.9564735717 -20.827832040600303
1389495.494373136 -20.827834177882657
1463570.1180190798 -20.827836104296313
1541593.6928422702 -20.827837840645884
1623776.739188721 -20.827839405683378
1710341.0003378377 -20.827840816310616
1801520.0408020238 -20.8278420877621
1897559.8765218505 -20.827843233769098
1998719.6386572486 -20.827844266708198
2105272.272765707 -20.827845197735012
2217505.2752539297 -20.82784603690428
2335721.4690901213 -20.827846793278937
2460239.8208697727 -20.827847475027617
2591396.3014396573 -20.82784808951319
2729544.792402007 -20.82784864337196
2875058.040944877 -20.82784914258543
3028328.6655749455 -20.827849592545252
3189770.215466318 -20.827849998110732
3359818.286283781 -20.827850363662037
3538931.6954909842 -20.82785069314692
3727593.720314938 -20.82785099012398
3926313.4017068394 -20.827851257800404
4135626.917817706 -20.827851499067172
4356099.030694608 -20.827851716529864
4588324.61010084 -20.827851912537053
4832930.238571752 -20.827852089205564
5090575.902036676 -20.827852248443463
5361956.770568817 -20.827852391970502
5647805.074067546 -20.827852521336695
5948892.077934331 -20.82785263793909
6266030.164072656 -20.827852743037525
6600075.022827089 -20.827852837766507
6951927.961775606 -20.82785292314921
7322538.337604526 -20.827853000107797
7712906.117627992 -20.827853069473367
8124084.5778629575 -20.82785313199529
8557183.144940002 -20.82785318834857
9013370.38951742 -20.82785323914184
9493877.17927582 -20.827853284923613
10000000.0 -20.827853326188578
10533104.45370936 -20.827853363382065
11094628.943275219 -20.827853396906026
11686088.553466497 -20.827853427122417
12309079.138896018 -20.827853454357523
12965281.629896663 -20.827853478905546
13656466.567946097 -20.827853501031623
14384498.882876629 -20.827853520974664
15151342.924760515 -20.827853538950002
15959067.76404731 -20.827853555151897
16809852.774253618 -20.827853569755227
17705993.51226898 -20.827853582917836
18649907.912142944 -20.82785359478171
19644142.809066266 -20.827853605475077
20691380.811147902 -20.827853615113384
21794447.537529834 -20.82785362380081
22956319.242369097 -20.82785363163106
24180130.84525718 -20.827853638688765
25469184.3897454 -20.827853645050133
26826957.95279722 -20.827853650783908
28257115.02920827 -20.827853655951863
29763514.41631313 -20.827853660610053
31350220.62565112 -20.827853664808586
33021514.849681754 -20.827853668592905
34781906.51314127 -20.82785367200384
36636145.44020716 -20.827853675078195
38589234.67029899 -20.827853677849358
40646443.95709628 -20.827853680346898
42813323.98719387 -20.827853682598235
45095721.35676145 -20.827853684627065
47499794.346614026 -20.827853686456184
50032029.53825999 -20.82785368810468
52699259.31575657 -20.827853689590565
55508680.300597996 -20.82785369092981
58467872.7693759 -20.827853692137026
61584821.10660254 -20.82785369322491
64867935.34788508 -20.827853694205608
68326073.87157391 -20.827853695089523
71968567.30011514 -20.82785369588624
75805243.67559262 -20.82785369660438
79846454.97739078 -20.82785369725165
84103105.05352604 -20.827853697834943
88586679.04100814 -20.827853698360855
93309274.35461664 -20.82785369883475
98283633.32770011 -20.827853699261905
103523177.59307377 -20.827853699646926
109042044.29677527 -20.82785369999403
114855124.24239345 -20.827853700306843
120978102.06889038 -20.827853700588726
127427498.57031322 -20.82785370084286
134220715.2716012 -20.827853701072012
141376081.38073614 -20.827853701278354
148912903.24394056 -20.827853701464534
156851516.43735445 -20.82785370163222
165213340.63573685 -20.827853701783457
174020937.40624848 -20.827853701919636
183298071.08324376 -20.827853702042436
193069772.88832456 -20.827853702153195
203362408.46866703 -20.82785370225291
214203749.0358383 -20.827853702342942
225623046.2970626 -20.827853702423962
237651111.38110778 -20.8278537024969
250320397.97173202 -20.82785370256286
263665089.87303555 -20.82785370262213
277721193.2429355 -20.827853702675668
292526633.74366355 -20.82785370272386
308121358.87140083 -20.827853702767335
324547445.74113256 -20.827853702806575
341849214.6175927 -20.82785370284187
360073348.49856204 -20.827853702873735
379269019.0732238 -20.82785370290226
399488019.39541787 -20.8278537029282
420784903.6297398 -20.827853702951504
443217134.24760854 -20.82785370297251
466845237.07037944 -20.827853702991426
491732964.5779006 -20.827853703008635
517947467.9231202 -20.82785370302382
545559478.1168514 -20.827853703037782
574643496.8715974 -20.82785370305036
605277997.6193355 -20.827853703061425
637545637.2456493 -20.827853703071646
671533479.1115135 -20.827853703080798
707333227.9644439 -20.827853703088977
745041477.3728887 -20.827853703096416
784759970.3514622 -20.827853703103113
826595873.8801795 -20.82785370310935
870662068.0585117 -20.827853703114485
917077450.674293 -20.82785370312006
965967258.0093802 -20.827853703124532
1017463402.7476043 -20.82785370312837
1071704829.8967092 -20.82785370313204
1128837891.6846883 -20.827853703135087
1189016742.44199 -20.827853703137585
1252403754.5350692 -20.827853703139784
1319169956.473569 -20.827853703142438
1389495494.373136 -20.82785370314411
1463570118.0190797 -20.827853703147127
1541593692.8422735 -20.827853703148413
1623776739.1887176 -20.82785370315111
1710341000.337838 -20.827853703150833
1801520040.802024 -20.82785370315271
1897559876.5218503 -20.827853703155196
1998719638.6572526 -20.82785370315478
2105272272.7657027 -20.82785370315504
2217505275.2539296 -20.827853703155498
2335721469.0901213 -20.827853703157846
2460239820.8697777 -20.82785370315682
2591396301.439652 -20.827853703159857
2729544792.402002 -20.827853703160773
2875058040.944877 -20.827853703162805
3028328665.5749454 -20.827853703161413
3189770215.466325 -20.8278537031578
3359818286.2837744 -20.827853703159413
3538931695.4909844 -20.82785370316433
3727593720.314938 -20.82785370316514
3926313401.7068396 -20.827853703164966
4135626917.8176975 -20.827853703161445
4356099030.694599 -20.82785370316122
4588324610.100841 -20.827853703160393
4832930238.571753 -20.827853703166458
5090575902.036687 -20.82785370316553
5361956770.568806 -20.827853703163516
5647805074.067546 -20.827853703168945
5948892077.934331 -20.827853703159256
6266030164.072656 -20.827853703166802
6600075022.827075 -20.82785370315677
6951927961.775591 -20.827853703162923
7322538337.6045265 -20.827853703165275
7712906117.627993 -20.827853703164102
8124084577.862974 -20.82785370316712
8557183144.939984 -20.827853703161217
9013370389.51742 -20.827853703149017
9493877179.27582 -20.827853703166753
10000000000.0 -20.827853703160955
