10.0 -7.958836431234497
10.53310445370937 -7.9588404000632025
11.094628943275218 -7.9588448033077475
11.686088553466515 -7.958849688528625
12.309079138896024 -7.958855108487458
12.965281629896682 -7.958861121696313
13.65646656794611 -7.958867793113084
14.38449888287663 -7.95887519474576
15.15134292476053 -7.958883406549882
15.95906776404731 -7.958892517171085
16.80985277425364 -7.958902625007545
17.70599351226899 -7.958913839181192
18.64990791214297 -7.958926280788567
19.644142809066278 -7.95894008414751
20.6913808111479 -7.958955398306946
21.794447537529855 -7.958972388581178
22.956319242369098 -7.958991238430459
24.180130845257207 -7.959012151322926
25.4691843897454 -7.959035353006732
26.826957952797258 -7.95906109397861
28.257115029208283 -7.95908965205296
29.76351441631318 -7.959121335462406
31.350220625651154 -7.959156486167151
33.02151484968176 -7.959195483503693
34.7819065131413 -7.959238748297243
36.63614544020716 -7.959286747359238
38.58923467029903 -7.959339998546482
40.646443957096295 -7.959399076309877
42.81332398719393 -7.959464617894371
45.095721356761466 -7.959537330137151
47.499794346614124 -7.959617997123086
50.03202953826004 -7.959707488525325
52.699259315756564 -7.959806768998203
55.50868030059805 -7.959916908501116
58.467872769375894 -7.960039093722039
61.58482110660264 -7.960174640803057
64.86793534788511 -7.9603250093996
68.32607387157402 -7.960491818267997
71.96856730011521 -7.960676862490914
75.8052436755926 -7.960882132630815
79.84645497739086 -7.961109835860539
84.10310505352605 -7.961362419374334
88.58667904100822 -7.961642596329945
93.30927435461668 -7.961953374478201
98.28363332770026 -7.962298087893763
103.52317759307378 -7.9626804320000275
109.04204429677526 -7.963104502335847
114.8551242423938 -7.9635748372696336
120.97810206889012 -7.964096465295823
127.42749857031335 -7.9646749571062045
134.2207152716012 -7.9653164830473155
141.37608138073614 -7.966027876513458
148.91290324394086 -7.9668167035796795
156.85151643735477 -7.967691339779259
165.213340635737 -7.968661054421825
174.0209374062485 -7.969736103115257
183.29807108324357 -7.9709278293430605
193.06977288832496 -7.972248775588927
203.36240846866724 -7.973712804897913
214.2037490358383 -7.975335233551252
225.62304629706352 -7.977132975606423
237.65111138110728 -7.9791246999557455
250.32039797173255 -7.98133100069589
263.6650898730358 -7.983774581245511
277.7211932429355 -7.986480452744187
292.5266337436645 -7.989476147046901
308.1213588714002 -7.992791944307598
324.54744574113323 -7.9964611150982865
341.84921461759274 -8.000520176142535
360.073348498562 -8.005009158854318
379.26901907322497 -8.009971888730274
399.48801939541704 -8.015456273214342
420.78490362974026 -8.021514594426485
443.21713424760856 -8.028203802262894
466.84523707037897 -8.035585801827516
491.73296457790156 -8.043727727551518
517.9474679231213 -8.052702194548356
545.5594781168514 -8.062587515574416
574.6434968715973 -8.073467869123634
605.2779976193349 -8.085433402352152
637.5456372456507 -8.098580248312206
671.5334791115142 -8.113010434962131
707.3332279644438 -8.128831659356457
745.0414773728917 -8.146156897884133
784.7599703514607 -8.165103820038363
826.5958738801812 -8.185793971458699
870.6620680585127 -8.208351690165411
917.0774506742931 -8.23290272027213
965.9672580093833 -8.259572489239615
1017.4634027476063 -8.288484018936954
1071.7048298967104 -8.31975544816282
1128.8378916846884 -8.353497155053613
1189.01674244199 -8.38980848241641
1252.4037545350732 -8.428774087893043
1319.1699564735716 -8.47045996384379
1389.4954943731375 -8.514909198227459
1463.5701180190797 -8.562137576773802
1541.5936928422718 -8.6121291569569
1623.776739188721 -8.664831972502453
1710.3410003378397 -8.72015405253854
1801.520040802024 -8.777959956380943
1897.5598765218504 -8.838068032622637
1998.7196386572507 -8.900248604845816
2105.272272765707 -8.964223264975645
2217.505275253932 -9.029665417116851
2335.7214690901214 -9.096202161165884
2460.239820869775 -9.16341753867689
2591.3963014396572 -9.230857087240604
2729.5447924020073 -9.298033571260103
2875.0580409448803 -9.364433681846167
3028.3286655749457 -9.42952543522032
3189.7702154663216 -9.492765952956999
3359.818286283781 -9.553609284584429
3538.9316954909877 -9.61151393546014
3727.593720314938 -9.665949791171105
3926.3134017068355 -9.716404181265712
4135.626917817706 -9.762386895007506
4356.099030694608 -9.803434043549865
4588.324610100844 -9.839110749605721
4832.930238571752 -9.869012729335932
5090.575902036681 -9.892766906150342
5361.956770568817 -9.910031257143752
5647.805074067552 -9.920494136733028
5948.892077934331 -9.92387334730765
6266.030164072656 -9.919915233100612
6600.075022827095 -9.90839406256719
6951.927961775606 -9.889111937441626
7322.538337604534 -9.861899426218656
7712.906117627992 -9.826617067644912
8124.0845778629655 -9.7831578284915
8557.183144940002 -9.731450530996389
9013.37038951743 -9.671464191485276
9493.87717927582 -9.603213134761004
10000.0 -9.526762672041889
10533.104453709382 -9.442235057220216
11094.628943275218 -9.349815371288067
11686.088553466498 -9.2497569334834
12309.079138896019 -9.142385805589843
12965.281629896688 -9.028103948471632
13656.466567946096 -8.907390612311268
14384.498882876629 -8.780801597000988
15151.342924760515 -8.648966107297465
15959.06776404731 -8.512581045998791
16809.852774253653 -8.37240273102075
17705.99351226898 -8.229236179316743
18649.907912142942 -8.0839222593014
19644.142809066267 -7.937323160171453
20691.3808111479 -7.790306747172205
21794.447537529835 -7.643730454672703
22956.319242369096 -7.498425405520621
24180.13084525718 -7.355181431811713
25469.184389745402 -7.214733610638726
26826.957952797275 -7.077750825066186
28257.115029208268 -6.944826726340883
29763.51441631313 -6.816473321353467
31350.220625651124 -6.693117253703646
33021.51484968176 -6.575098700651619
34781.90651314134 -6.462672682483122
36636.14544020716 -6.356012482960354
38589.23467029899 -6.255214813411005
40646.44395709628 -6.1603063188870975
42813.32398719396 -6.071251020145555
45095.721356761445 -5.987958305062621
47499.79434661403 -5.910291121634456
50032.029538259994 -5.83807407550651
52699.259315756564 -5.771101192117608
55508.680300598106 -5.709143161848509
58467.87276937589 -5.651953942091474
61584.82110660255 -5.5992766400212695
64867.935347885075 -5.550848642420214
68326.07387157406 -5.506405993433612
71968.56730011514 -5.465687047641125
75805.24367559262 -5.428435444906583
79846.45497739078 -5.39440246598611
84103.10505352604 -5.3633488349094085
88586.67904100832 -5.3350460368006924
93309.27435461663 -5.30927721911211
98283.63332770011 -5.285837741147272
103523.17759307378 -5.26453543204171
109042.04429677526 -5.245190611705164
114855.12424239368 -5.227635923112205
120978.10206889013 -5.211716018138284
127427.49857031321 -5.1972871331472446
134220.7152716012 -5.184216584929606
141376.08138073614 -5.172382212462253
148912.90324394088 -5.161671785383588
156851.5164373548 -5.151982396051294
165213.34063573685 -5.143219848569229
174020.9374062485 -5.135298055198215
183298.07108324338 -5.128138448066749
193069.77288832495 -5.121669412013099
203362.40846866704 -5.115825742683215
214203.74903583832 -5.110548132614988
225623.04629706353 -5.105782686932122
237651.11138110727 -5.101480469386484
250320.39797173254 -5.097597078807042
263665.08987303555 -5.094092255491497
277721.1932429355 -5.090929516688959
292526.6337436642 -5.088075820044136
308121.35887140024 -5.085501253680775
324547.44574113254 -5.083178751481597
341849.21461759275 -5.081083832054337
360073.348498562 -5.079194359848987
379269.0190732246 -5.077490326900954
399488.019395417 -5.07595365370471
420784.9036297398 -5.074568007775223
443217.13424760854 -5.073318638515071
466845.2370703785 -5.072192227076263
491732.9645779016 -5.0711767499819285
517947.46792312124 -5.07026135534919
545559.4781168514 -5.069436250634988
574643.4968715974 -5.068692600900445
605277.9976193343 -5.06802243666823
637545.6372456506 -5.067418570515575
671533.4791115135 -5.066874521616901
707333.2279644439 -5.066384447512533
745041.4773728917 -5.065943082443406
784759.9703514606 -5.065545681645668
826595.8738801812 -5.065187971054831
870662.0680585118 -5.064866101915909
917077.4506742931 -5.064576609843035
965967.2580093823 -5.0643163779130465
1017463.4027476063 -5.064082603416572
1071704.8298967092 -5.0638727679249556
1128837.8916846884 -5.0636846103646675
1189016.74244199 -5.063516102819891
1252403.7545350718 -5.063365428811558
1319169.9564735717 -5.063230963826265
1389495.494373136 -5.063111257890788
1463570.1180190798 -5.063005020009314
1541593.6928422702 -5.062911104299648
1623776.739188721 -5.062828497681667
1710341.0003378377 -5.062756308988297
1801520.0408020238 -5.062693759383312
1897559.8765218505 -5.062640173984373
1998719.6386572486 -5.06259497460253
2105272.272765707 -5.062557673520787
2217505.2752539297 -5.062527868245359
2335721.4690901213 -5.062505237174393
2460239.8208697727 -5.062489536137251
2591396.3014396573 -5.062480595768022
2729544.792402007 -5.06247831968528
2875058.040944877 -5.062482683458671
3028328.6655749455 -5.062493734351592
3189770.215466318 -5.062511591837511
3359818.286283781 -5.062536448895694
3538931.6954909842 -5.062568574100487
3727593.720314938 -5.06260831452706
3926313.4017068394 -5.0626560995054115
4135626.917817706 -5.062712445262708
4356099.030694608 -5.062777960505374
4588324.61010084 -5.0628533530005075
4832930.238571752 -5.062939437228832
5090575.902036676 -5.06303714319168
5361956.770568817 -5.0631475264676045
5647805.074067546 -5.063271779628755
5948892.077934331 -5.063411245139015
6266030.164072656 -5.06356742987621
6600075.022827089 -5.063742021434806
6951927.961775606 -5.06393690638679
7322538.337604526 -5.064154190699832
7712906.117627992 -5.064396222534425
8124084.5778629575 -5.064665617669287
8557183.144940002 -5.064965287831611
9013370.38951742 -5.065298472242473
9493877.17927582 -5.065668772721679
10000000.0 -5.066080192736777
10533104.45370936 -5.066537180824557
11094628.943275219 -5.067044678861615
11686088.553466497 -5.0676081757156055
12309079.138896018 -5.068233766868364
12965281.629896663 -5.068928220670116
13656466.567946097 -5.069699051958333
14384498.882876629 -5.070554603859522
15151342.924760515 -5.071504138684758
15959067.76404731 -5.072557938935654
16809852.774253618 -5.07372741955368
17705993.51226898 -5.075025252677579
18649907.912142944 -5.07646550632079
19644142.809066266 -5.078063798546047
20691380.811147902 -5.079837468900312
21794447.537529834 -5.0818057690825515
22956319.242369097 -5.083990075052669
24180130.84525718 -5.086414123056429
25469184.3897454 -5.089104272342943
26826957.95279722 -5.092089797692259
28257115.02920827 -5.095403215259147
29763514.41631313 -5.099080645680406
31350220.62565112 -5.103162218895446
33021514.849681754 -5.107692525708339
34781906.51314127 -5.112721121775859
36636145.44020716 -5.11830309046784
38589234.67029899 -5.124499671919411
40646443.95709628 -5.131378966607416
42813323.98719387 -5.139016722958062
45095721.35676145 -5.147497219860262
47499794.346614026 -5.15691425656014
50032029.53825999 -5.167372264288157
52699259.31575657 -5.178987556183841
55508680.300597996 -5.191889734701575
58467872.7693759 -5.206223278794222
61584821.10660254 -5.222149336890727
64867935.34788508 -5.239847756146795
68326073.87157391 -5.259519383833351
71968567.30011514 -5.2813886832580135
75805243.67559262 -5.3057067145782
79846454.97739078 -5.332754540631887
84103105.05352604 -5.362847129962336
88586679.04100814 -5.396337844172723
93309274.35461664 -5.433623615443192
98283633.32770011 -5.47515094356306
103523177.59307377 -5.521422871640973
109042044.29677527 -5.573007137720108
114855124.24239345 -5.6305457485230095
120978102.06889038 -5.6947662851593375
127427498.57031322 -5.766495333958035
134220715.2716012 -5.846674545803573
141376081.38073614 -5.9363799746556545
148912903.24394056 -6.036845544985249
156851516.43735445 -6.1494917700855005
165213340.63573685 -6.2759612203503785
174020937.40624848 -6.418162770497023
183298071.08324376 -6.5783274106428715
193069772.88832456 -6.759079502845928
203362408.46866703 -6.963528985323618
214203749.0358383 -7.195392470674773
225623046.2970626 -7.459154954919324
237651111.38110778 -7.760289820108435
250320397.97173202 -8.105564526410804
263665089.87303555 -8.503475724980758
277721193.2429355 -8.964886036685547
292526633.74366355 -9.503986707110053
308121358.87140083 -10.139809975392994
324547445.74113256 -10.898717904748183
341849214.6175927 -11.818739250399217
360073348.49856204 -12.957694912527417
379269019.0732238 -14.409944634978851
399488019.39541787 -16.345773887564857
420784903.6297398 -19.12431119125315
443217134.24760854 -23.74995183934445
466845237.07037944 -36.48711902180811
491732964.5779006 -28.050676489159756
517947467.9231202 -20.080013672716245
545559478.1168514 -15.710311209845466
574643496.8715974 -12.606043679942253
605277997.6193355 -10.155930027713724
637545637.2456493 -8.107506712481655
671533479.1115135 -6.332064840646906
707333227.9644439 -4.755251549816194
745041477.3728887 -3.33039681577378
784759970.3514622 -2.026432559007324
826595873.8801795 -0.8217598098989125
870662068.0585117 0.2991399924166721
917077450.674293 1.3477052960525857
965967258.0093802 2.332540009729944
1017463402.7476043 3.2602245031507993
1071704829.8967092 4.135864214397487
1128837891.6846883 4.963473324674854
1189016742.44199 5.746251049317099
1252403754.5350692 6.486785740505035
1319169956.473569 7.187208962517403
1389495494.373136 7.849313837041624
1463570118.0190797 8.474647077637533
1541593692.8422735 9.06458104053005
1623776739.1887176 9.62037013068124
1710341000.337838 10.143194615678855
1801520040.802024 10.634194069019621
1897559876.5218503 11.094492133148172
1998719638.6572526 11.525213957977325
2105272272.7657027 11.927497462586043
2217505275.2539296 12.302499437162083
2335721469.0901213 12.651397415015133
2460239820.8697777 12.975388176713544
2591396301.439652 13.275683685106273
2729544792.402002 13.553505182184029
2875058040.944877 13.810076102888779
3028328665.5749454 14.04661437672328
3189770215.466325 14.264324597967482
3359818286.2837744 14.464390452821554
3538931695.4909844 14.647967701052249
3727593720.314938 14.816177924399646
3926313401.7068396 14.97010317708889
4135626917.8176975 15.110781607406878
4356099030.694599 15.239204064418828
4588324610.100841 15.356311660845343
4832930238.571753 15.46299423114547
5090575902.036687 15.56008960209221
5361956770.568806 15.648383580002305
5647805074.067546 15.728610552854189
5948892077.934331 15.801454605256037
6266030164.072656 15.867551048129403
6600075022.827075 15.927488271747933
6951927961.775591 15.981809839491312
7322538337.6045265 16.031016749238056
7712906117.627993 16.075569799290847
8124084577.862974 16.11589200543868
8557183144.939984 16.15237102494119
9013370389.51742 16.185361551671065
9493877179.27582 16.215187654176113
10000000000.0 16.242145035070767
