10.0 -3.618461483249474
10.53310445370937 -3.6283276102632502
11.094628943275218 -3.639248624828384
11.686088553466515 -3.6513343334115147
12.309079138896024 -3.664705301331539
12.965281629896682 -3.679493754354822
13.65646656794611 -3.695844522116076
14.38449888287663 -3.713916015231037
15.15134292476053 -3.73388122835858
15.95906776404731 -3.755928752329911
16.80985277425364 -3.7802637819091855
17.70599351226899 -3.8071090958017284
18.64990791214297 -3.836705983822472
19.644142809066278 -3.8693150854104426
20.6913808111479 -3.9052171035737944
21.794447537529855 -3.944713343017293
22.956319242369098 -3.9881260235771885
24.180130845257207 -4.0357982989951005
25.4691843897454 -4.08809391776407
26.826957952797258 -4.145396442976599
28.257115029208283 -4.2081079506708265
29.76351441631318 -4.276647117991645
31.350220625651154 -4.351446614297806
33.02151484968176 -4.432949708698945
34.7819065131413 -4.5216060206372575
36.63614544020716 -4.6178663509510915
38.58923467029903 -4.722176556310799
40.646443957096295 -4.83497045991643
42.81332398719393 -4.956661832074339
45.095721356761466 -5.087635519530727
47.499794346614124 -5.228237859125853
50.03202953826004 -5.378766570822075
52.699259315756564 -5.539460382047916
55.50868030059805 -5.710488696627904
58.467872769375894 -5.891941664058933
61.58482110660264 -6.083821045194702
64.86793534788511 -6.28603227760427
68.32607387157402 -6.498378138912589
71.96856730011521 -6.720554366940911
75.8052436755926 -6.9521475344071595
79.84645497739086 -7.192635382501102
84.10310505352605 -7.441389724517272
88.58667904100822 -7.697681889741802
93.30927435461668 -7.960690593840516
98.28363332770026 -8.22951197710189
103.52317759307378 -8.503171490370768
109.04204429677526 -8.780637225522428
114.8551242423938 -9.060834262044198
120.97810206889012 -9.342659589223507
127.42749857031335 -9.624997184828558
134.2207152716012 -9.906732879040284
141.37608138073614 -10.186768678986034
148.91290324394086 -10.46403629312702
156.85151643735477 -10.737509655460176
165.213340635737 -11.006216297814762
174.0209374062485 -11.269247456011332
183.29807108324357 -11.52576683110619
193.06977288832496 -11.77501794127486
203.36240846866724 -12.01633001001997
214.2037490358383 -12.249122353849021
225.62304629706352 -12.472907236745726
237.65111138110728 -12.687291178515093
250.32039797173255 -12.891974725940006
263.6650898730358 -13.086750726628276
277.7211932429355 -13.271501181983702
292.5266337436645 -13.44619278785425
308.1213588714002 -13.610871320143808
324.54744574113323 -13.765655046196157
341.84921461759274 -13.91072737833966
360.073348498562 -14.046328991540928
379.26901907322497 -14.172749642751947
399.48801939541704 -14.290319918927457
420.78490362974026 -14.399403116375035
443.21713424760856 -14.500387445327371
466.84523707037897 -14.593678706378348
491.73296457790156 -14.67969355864604
517.9474679231213 -14.758853464517212
545.5594781168514 -14.831579357391018
574.6434968715973 -14.89828705398068
605.2779976193349 -14.959383401183521
637.5456372456507 -15.015263130025485
671.5334791115142 -15.066306369008263
707.3332279644438 -15.112876763307472
745.0414773728917 -15.155320133304773
784.7599703514607 -15.19396360779174
826.5958738801812 -15.229115163875221
870.6620680585127 -15.261063509625071
917.0774506742931 -15.290078249395444
965.9672580093833 -15.316410275660077
1017.4634027476063 -15.340292338713121
1071.7048298967104 -15.361939750941492
1128.8378916846884 -15.381551187001053
1189.01674244199 -15.399309549362737
1252.4037545350732 -15.415382872260166
1319.1699564735716 -15.429925241992894
1389.4954943731375 -15.443077716665323
1463.5701180190797 -15.454969231448526
1541.5936928422718 -15.465717478647846
1623.776739188721 -15.475429755049854
1710.3410003378397 -15.48420377074127
1801.520040802024 -15.492128415982716
1897.5598765218504 -15.499284483707296
1998.7196386572507 -15.505745346889736
2105.272272765707 -15.51157759056257
2217.505275253932 -15.516841599445305
2335.7214690901214 -15.521592102324904
2460.239820869775 -15.525878674798308
2591.3963014396572 -15.529746202519997
2729.5447924020073 -15.533235306851335
2875.0580409448803 -15.536382735366809
3028.3286655749457 -15.53922171928373
3189.7702154663216 -15.541782300186293
3359.818286283781 -15.54409162824091
3538.9316954909877 -15.546174234007102
3727.593720314938 -15.548052275918076
3926.3134017068355 -15.549745765373908
4135.626917817706 -15.55127277125993
4356.099030694608 -15.552649605673349
4588.324610100844 -15.553890992408483
4832.930238571752 -15.555010219702883
5090.575902036681 -15.556019278665783
5361.956770568817 -15.556928988652265
5647.805074067552 -15.557749110714473
5948.892077934331 -15.55848845030229
6266.030164072656 -15.559154950112003
6600.075022827095 -15.55975577406673
6951.927961775606 -15.560297383205244
7322.538337604534 -15.560785604260571
7712.906117627992 -15.561225691614762
8124.0845778629655 -15.561622383252098
8557.183144940002 -15.561979951284092
9013.37038951743 -15.562302247566473
9493.87717927582 -15.562592744870123
10000.0 -15.562854574042387
10533.104453709382 -15.563090557537961
11094.628943275218 -15.563303239675667
11686.088553466498 -15.563494913927835
12309.079138896019 -15.563667647540804
12965.281629896688 -15.563823303739106
13656.466567946096 -15.563963561749286
14384.498882876629 -15.564089934854886
15151.342924760515 -15.564203786675305
15959.06776404731 -15.564306345840702
16809.852774253653 -15.564398719219906
17705.99351226898 -15.564481903841196
18649.907912142942 -15.564556797634278
19644.142809066267 -15.564624209107496
20691.3808111479 -15.564684866065765
21794.447537529835 -15.564739423459875
22956.319242369096 -15.5647884704533
24180.13084525718 -15.564832536784621
25469.184389745402 -15.564872098487664
26826.957952797275 -15.564907583038373
28257.115029208268 -15.564939373980756
29763.51441631313 -15.564967815081587
31350.220625651124 -15.564993214060198
33021.51484968176 -15.565015845935804
34781.90651314134 -15.565035956026875
36636.14544020716 -15.565053762636323
38589.23467029899 -15.56506945945543
40646.44395709628 -15.565083217711313
42813.32398719396 -15.565095188084477
45095.721356761445 -15.565105502419737
47499.79434661403 -15.565114275253158
50032.029538259994 -15.56512160516874
52699.259315756564 -15.565127576014666
55508.680300598106 -15.565132257987113
58467.87276937589 -15.565135708604444
61584.82110660255 -15.565137973586294
64867.935347885075 -15.565139087655703
68326.07387157406 -15.56513907528511
71968.56730011514 -15.56513795139387
75805.24367559262 -15.565135722026843
79846.45497739078 -15.565132385029335
84103.10505352604 -15.565127930732356
88586.67904100832 -15.565122342676831
93309.27435461663 -15.565115598393453
98283.63332770011 -15.565107670261117
103523.17759307378 -15.565098526459476
109042.04429677526 -15.565088132042336
114855.12424239368 -15.565076450143387
120978.10206889013 -15.565063443324743
127427.49857031321 -15.56504907508163
134220.7152716012 -15.56503331149801
141376.08138073614 -15.565016123041318
148912.90324394088 -15.564997486480522
156851.5164373548 -15.564977386882742
165213.34063573685 -15.564955819649613
174020.9374062485 -15.564932792516622
183298.07108324338 -15.564908327445641
193069.77288832495 -15.564882462315099
203362.40846866704 -15.564855252306664
214203.74903583832 -15.564826770895992
225623.04629706353 -15.564797110339008
237651.11138110727 -15.564766381583205
250320.39797173254 -15.564734713537504
263665.08987303555 -15.564702251672063
277721.1932429355 -15.564669155957112
292526.6337436642 -15.564635598187024
308121.35887140024 -15.56460175877965
324547.44574113254 -15.564567823177724
341849.21461759275 -15.564533978005404
360073.348498562 -15.564500407155853
379269.0190732246 -15.56446728798614
399488.019395417 -15.564434787792097
420784.9036297398 -15.564403060710376
443217.13424760854 -15.564372245163042
466845.2370703785 -15.564342461928074
491732.9645779016 -15.564313812868411
517947.46792312124 -15.564286380318489
545559.4781168514 -15.564260227091552
574643.4968715974 -15.56423539703796
605277.9976193343 -15.564211916068146
637545.6372456506 -15.564189793542901
671533.4791115135 -15.564169023926777
707333.2279644439 -15.564149588608343
745041.4773728917 -15.564131457794833
784759.9703514606 -15.564114592407641
826595.8738801812 -15.56409894591151
870662.0680585118 -15.56408446603417
917077.4506742931 -15.564071096339728
965967.2580093823 -15.564058777633289
1017463.4027476063 -15.564047449193017
1071704.8298967092 -15.564037049819781
1128837.8916846884 -15.564027518718204
1189016.74244199 -15.564018796211075
1252403.7545350718 -15.564010824312593
1319169.9564735717 -15.564003547162418
1389495.494373136 -15.56399691134731
1463570.1180190798 -15.563990866120587
1541593.6928422702 -15.563985363538395
1623776.739188721 -15.563980358526674
1710341.0003378377 -15.563975808888008
1801520.0408020238 -15.563971675265456
1897559.8765218505 -15.563967921069242
1998719.6386572486 -15.563964512378579
2105272.272765707 -15.563961417822632
2217505.2752539297 -15.563958608444334
2335721.4690901213 -15.563956057566164
2460239.8208697727 -15.563953740636986
2591396.3014396573 -15.563951635087603
2729544.792402007 -15.563949720189177
2875058.040944877 -15.563947976899213
3028328.6655749455 -15.563946387732177
3189770.215466318 -15.563944936620695
3359818.286283781 -15.563943608785696
3538931.6954909842 -15.56394239061605
3727593.720314938 -15.563941269550796
3926313.4017068394 -15.563940233967159
4135626.917817706 -15.563939273077427
4356099.030694608 -15.563938376827387
4588324.61010084 -15.563937535800545
4832930.238571752 -15.563936741130673
5090575.902036676 -15.563935984411831
5361956.770568817 -15.563935257617151
5647805.074067546 -15.56393455301688
5948892.077934331 -15.563933863101981
6266030.164072656 -15.563933180504442
6600075.022827089 -15.563932497924755
6951927.961775606 -15.563931808052939
7322538.337604526 -15.563931103494044
7712906.117627992 -15.563930376690225
8124084.5778629575 -15.563929619841621
8557183.144940002 -15.563928824824256
9013370.38951742 -15.563927983102744
9493877.17927582 -15.563927085643837
10000000.0 -15.563926122817879
10533104.45370936 -15.563925084299271
11094628.943275219 -15.563923958956352
11686088.553466497 -15.563922734739002
12309079.138896018 -15.56392139854815
12965281.629896663 -15.563919936101415
13656466.567946097 -15.563918331785619
14384498.882876629 -15.563916568496339
15151342.924760515 -15.56391462746147
15959067.76404731 -15.563912488049985
16809852.774253618 -15.563910127565709
17705993.51226898 -15.563907521015402
18649907.912142944 -15.563904640864601
19644142.809066266 -15.56390145676409
20691380.811147902 -15.56389793525377
21794447.537529834 -15.563894039442697
22956319.242369097 -15.563889728655196
24180130.84525718 -15.56388495805616
25469184.3897454 -15.563879678232254
26826957.95279722 -15.56387383475184
28257115.02920827 -15.563867367683164
29763514.41631313 -15.56386021107739
31350220.62565112 -15.563852292419218
33021514.849681754 -15.563843532039645
34781906.51314127 -15.56383384249264
36636145.44020716 -15.563823127903282
38589234.67029899 -15.563811283283881
40646443.95709628 -15.563798193830936
42813323.98719387 -15.563783734201966
45095721.35676145 -15.563767767789468
47499794.346614026 -15.563750146007312
50032029.53825999 -15.563730707593418
52699259.31575657 -15.563709277968758
55508680.300597996 -15.563685668665903
58467872.7693759 -15.563659676863686
61584821.10660254 -15.563631085067142
64867935.34788508 -15.56359966098105
68326073.87157391 -15.56356515762098
71968567.30011514 -15.563527313737564
75805243.67559262 -15.563485854603465
79846454.97739078 -15.563440493257891
84103105.05352604 -15.563390932267371
88586679.04100814 -15.563336866105415
93309274.35461664 -15.56327798421973
98283633.32770011 -15.563213974868564
103523177.59307377 -15.56314452979395
109042044.29677527 -15.563069349778285
114855124.24239345 -15.562988151103633
120978102.06889038 -15.562900672900295
127427498.57031322 -15.562806685317664
134220715.2716012 -15.562705998391372
141376081.38073614 -15.562598471429341
148912903.24394056 -15.562484022636625
156851516.43735445 -15.56236263865507
165213340.63573685 -15.562234383606482
174020937.40624848 -15.562099407159717
183298071.08324376 -15.561957951121999
193069772.88832456 -15.561810354043452
203362408.46866703 -15.561657053321516
214203749.0358383 -15.561498584405966
225623046.2970626 -15.561335576784783
237651111.38110778 -15.561168746595573
250320397.97173202 -15.560998885898067
263665089.87303555 -15.560826848865595
277721193.2429355 -15.56065353532036
292526633.74366355 -15.560479872266033
308121358.87140083 -15.560306794199155
324547445.74113256 -15.560135223086451
341849214.6175927 -15.559966048908473
360073348.49856204 -15.559800111620778
379269019.0732238 -15.559638185313908
399488019.39541787 -15.559480965143482
420784903.6297398 -15.559329057425238
443217134.24760854 -15.55918297311888
466845237.07037944 -15.559043124634051
491732964.5779006 -15.558909825802424
517947467.9231202 -15.558783294662494
545559478.1168514 -15.558663658609667
574643496.8715974 -15.558550961410823
605277997.6193355 -15.55844517156106
637545637.2456493 -15.558346191501505
671533479.1115135 -15.55825386720768
707333227.9644439 -15.558167997790628
745041477.3728887 -15.558088344770123
784759970.3514622 -15.558014640780321
826595873.8801795 -15.55794659754783
870662068.0585117 -15.557883913012656
917077450.674293 -15.557826277564397
965967258.0093802 -15.557773379373804
1017463402.7476043 -15.557724908846279
1071704829.8967092 -15.557680562260167
1128837891.6846883 -15.557640044648295
1189016742.44199 -15.557603072020989
1252403754.5350692 -15.557569372985704
1319169956.473569 -15.557538689865964
1389495494.373136 -15.557510779398564
1463570118.0190797 -15.557485413061771
1541593692.8422735 -15.557462377130324
1623776739.1887176 -15.557441472495546
1710341000.337838 -15.557422514297363
1801520040.802024 -15.557405331438655
1897559876.5218503 -15.557389765990452
1998719638.6572526 -15.557375672530593
2105272272.7657027 -15.557362917453478
2217505275.2539296 -15.557351378236552
2335721469.0901213 -15.557340942725734
2460239820.8697777 -15.557331508418116
2591396301.439652 -15.557322981759354
2729544792.402002 -15.557315277470787
2875058040.944877 -15.557308317903702
3028328665.5749454 -15.557302032434796
3189770215.466325 -15.557296356881565
3359818286.2837744 -15.557291232962136
3538931695.4909844 -15.557286607800807
3727593720.314938 -15.557282433446666
3926313401.7068396 -15.557278666451973
4135626917.8176975 -15.557275267461414
4356099030.694599 -15.557272200849766
4588324610.100841 -15.557269434377265
4832930238.571753 -15.557266938882037
5090575902.036687 -15.557264687999812
5361956770.568806 -15.557262657891613
5647805074.067546 -15.557260827021786
5948892077.934331 -15.55725917592949
6266030164.072656 -15.557257687037113
6600075022.827075 -15.557256344476084
6951927961.775591 -15.557255133910289
7322538337.6045265 -15.557254042408042
7712906117.627993 -15.557253058291982
8124084577.862974 -15.557252171021043
8557183144.939984 -15.557251371090334
9013370389.51742 -15.557250649918029
9493877179.27582 -15.557249999766569
10000000000.0 -15.557249413651228
10.0 -18.608058064765704
10.53310445370937 -18.60737305929978
11.094628943275218 -18.60661346217665
11.686088553466515 -18.605771197854622
12.309079138896024 -18.6048373279001
12.965281629896682 -18.603801960962386
13.65646656794611 -18.602654153164657
14.38449888287663 -18.601381801834798
15.15134292476053 -18.59997152576113
15.95906776404731 -18.59840853703367
16.80985277425364 -18.59667649831852
17.70599351226899 -18.59475737180614
18.64990791214297 -18.592631250190536
19.644142809066278 -18.590276177294694
20.6913808111479 -18.587667952998608
21.794447537529855 -18.584779921035707
22.956319242369098 -18.581582747176668
24.180130845257207 -18.578044175409726
25.4691843897454 -18.574128774806606
26.826957952797258 -18.56979766908049
28.257115029208283 -18.565008254065166
29.76351441631318 -18.55971390534572
31.350220625651154 -18.55386367702089
33.02151484968176 -18.547401996167025
34.7819065131413 -18.540268358545674
36.63614544020716 -18.53239703339217
38.58923467029903 -18.523716779563838
40.646443957096295 -18.514150593929234
42.81332398719393 -18.503615493245142
45.095721356761466 -18.49202235209601
47.499794346614124 -18.4792758137747
50.03202953826004 -18.465274290296982
52.699259315756564 -18.44991008311928
55.50868030059805 -18.433069645344506
58.467872769375894 -18.41463401931937
61.58482110660264 -18.39447948054073
64.86793534788511 -18.372478421045262
68.32607387157402 -18.348500512051686
71.96856730011521 -18.322414169056323
75.8052436755926 -18.2940883631196
79.84645497739086 -18.26339478569873
84.10310505352605 -18.230210395377846
88.58667904100822 -18.19442033744151
93.30927435461668 -18.155921218752063
98.28363332770026 -18.11462470292504
103.52317759307378 -18.070461352727797
109.04204429677526 -18.023384628004766
114.8551242423938 -17.973374910756903
120.97810206889012 -17.92044339896034
127.42749857031335 -17.86463568844901
134.2207152716012 -17.806034833798666
141.37608138073614 -17.744763680961725
148.91290324394086 -17.680986253929866
156.85151643735477 -17.614908012335405
165.213340635737 -17.546774827477144
174.0209374062485 -17.47687058069006
183.29807108324357 -17.405513362472842
193.06977288832496 -17.3330503293086
203.36240846866724 -17.25985136399715
214.2037490358383 -17.186301762372427
225.62304629706352 -17.112794246120558
237.65111138110728 -17.0397206430131
250.32039797173255 -16.967463608869238
263.6650898730358 -16.89638875483488
277.7211932429355 -16.826837521466338
292.5266337436645 -16.759121077280078
308.1213588714002 -16.693515453334207
324.54744574113323 -16.630258040107556
341.84921461759274 -16.569545484196112
360.073348498562 -16.511532948321214
379.26901907322497 -16.45633462478713
399.48801939541704 -16.40402534184696
420.78490362974026 -16.35464306905596
443.21713424760856 -16.308192107697046
466.84523707037897 -16.26464675608615
491.73296457790156 -16.223955246005616
517.9474679231213 -16.18604377439791
545.5594781168514 -16.150820477883244
574.6434968715973 -16.118179229306293
605.2779976193349 -16.088003168367255
637.5456372456507 -16.060167904957098
671.5334791115142 -16.034544358688766
707.3332279644438 -16.011001223221516
745.0414773728917 -15.989407056193162
784.7599703514607 -15.969632011580746
826.5958738801812 -15.951549240459563
870.6620680585127 -15.935035989220532
917.0774506742931 -15.919974429710592
965.9672580093833 -15.906252256928251
1017.4634027476063 -15.893763086003847
1071.7048298967104 -15.882406682331492
1128.8378916846884 -15.872089054234815
1189.01674244199 -15.86272243333234
1252.4037545350732 -15.854225167024511
1319.1699564735716 -15.846521544564451
1389.4954943731375 -15.839541571250702
1463.5701180190797 -15.83322070790621
1541.5936928422718 -15.827499585993971
1623.776739188721 -15.822323709700374
1710.3410003378397 -15.817643151544265
1801.520040802024 -15.813412248415812
1897.5598765218504 -15.809589302526048
1998.7196386572507 -15.806136291795012
2105.272272765707 -15.803018590940393
2217.505275253932 -15.80020470580616
2335.7214690901214 -15.797666022966162
2460.239820869775 -15.795376573347724
2591.3963014396572 -15.793312811903926
2729.5447924020073 -15.79145341247251
2875.0580409448803 -15.789779077492494
3028.3286655749457 -15.788272362482559
3189.7702154663216 -15.786917514614625
3359.818286283781 -15.785700324047651
3538.9316954909877 -15.784607988993853
3727.593720314938 -15.783628991429604
3926.3134017068355 -15.782752984548942
4135.626917817706 -15.781970691338596
4356.099030694608 -15.781273811634485
4588.324610100844 -15.780654938606649
4832.930238571752 -15.780107484575886
5090.575902036681 -15.779625613621068
5361.956770568817 -15.779204181584067
5647.805074067552 -15.778838683290644
5948.892077934331 -15.778525206126172
6266.030164072656 -15.778260389163059
6600.075022827095 -15.7780413873769
6951.927961775606 -15.777865842420688
7322.538337604534 -15.777731857059605
7712.906117627992 -15.777637974154842
8124.0845778629655 -15.777583161509696
8557.183144940002 -15.777566799155199
9013.37038951743 -15.777588671656162
9493.87717927582 -15.777648964354041
10000.0 -15.777748263007197
10533.104453709382 -15.777887557484702
11094.628943275218 -15.778068248878053
11686.088553466498 -15.778292160581369
12309.079138896019 -15.778561552016619
12965.281629896688 -15.778879137015952
13656.466567946096 -15.779248104997539
14384.498882876629 -15.779672145091464
15151.342924760515 -15.780155474210108
15959.06776404731 -15.780702867446871
16809.852774253653 -15.781319692088884
17705.99351226898 -15.78201194311957
18649.907912142942 -15.782786281775715
19644.142809066267 -15.783650074747758
20691.3808111479 -15.78461143557157
21794.447537529835 -15.785679263993854
22956.319242369096 -15.786863286091585
24180.13084525718 -15.788174091055648
25469.184389745402 -15.789623163426455
26826.957952797275 -15.791222909637032
28257.115029208268 -15.792986675681108
29763.51441631313 -15.794928753148163
31350.220625651124 -15.797064369900616
33021.51484968176 -15.799409663223749
34781.90651314134 -15.801981628356094
36636.14544020716 -15.804798040814859
38589.23467029899 -15.807877345479021
40646.44395709628 -15.811238507619619
42813.32398719396 -15.8149008214988
45095.721356761445 -15.818883670457424
47499.79434661403 -15.823206236002573
50032.029538259994 -15.827887150733812
52699.259315756564 -15.832944095873128
55508.680300598106 -15.838393342983936
58467.87276937589 -15.844249244142974
61584.82110660255 -15.85052367859137
64867.935347885075 -15.857225467170423
68326.07387157406 -15.864359770466878
71968.56730011514 -15.87192749306514
75805.24367559262 -15.879924717285421
79846.45497739078 -15.888342197550022
84103.10505352604 -15.89716494633205
88586.67904100832 -15.90637194296508
93309.27435461663 -15.915935998419407
98283.63332770011 -15.92582380028402
103523.17759307378 -15.935996158463084
109042.04429677526 -15.946408461193656
114855.12424239368 -15.957011340181333
120978.10206889013 -15.967751527827058
127427.49857031321 -15.978572882163311
134220.7152716012 -15.989417536633276
141376.08138073614 -16.00022712797835
148912.90324394088 -16.010944046567165
156851.5164373548 -16.021512652380682
165213.34063573685 -16.03188040354238
174020.9374062485 -16.041998848979986
183298.07108324338 -16.0518244491182
193069.77288832495 -16.061319198727297
203362.40846866704 -16.07045103987953
214203.74903583832 -16.079194064745955
225623.04629706353 -16.08752852358661
237651.11138110727 -16.095440653922854
250320.39797173254 -16.102922362705264
263665.08987303555 -16.10997079088027
277721.1932429355 -16.1165877929674
292526.6337436642 -16.122779363626435
308121.35887140024 -16.128555037509905
324547.44574113254 -16.133927291259827
341849.21461759275 -16.138910963120633
360073.348498562 -16.143522707826165
379269.0190732246 -16.147780498400536
399488.019395417 -16.15170317904043
420784.9036297398 -16.15531007467125
443217.13424760854 -16.158620656900034
466845.2370703785 -16.161654264371958
491732.9645779016 -16.1644298740025
517947.46792312124 -16.166965920553075
545559.4781168514 -16.16928015589334
574643.4968715974 -16.17138954792055
605277.9976193343 -16.173310209691106
637545.6372456506 -16.17505735510492
671533.4791115135 -16.17664527730347
707333.2279644439 -16.17808734604332
745041.4773728917 -16.179396017520947
784759.9703514606 -16.180582857994597
826595.8738801812 -16.181658572610026
870662.0680585118 -16.182633044316475
917077.4506742931 -16.183515373372536
965967.2580093823 -16.184313921270732
1017463.4027476063 -16.185036355833414
1071704.8298967092 -16.18568969666917
1128837.8916846884 -16.186280359802492
1189016.74244199 -16.186814200576727
1252403.7545350718 -16.1872965576724
1319169.9564735717 -16.187732290988894
1389495.494373136 -16.188125821582734
1463570.1180190798 -16.18848116750622
1541593.6928422702 -16.1888019769138
1623776.739188721 -16.189091560478463
1710341.0003378377 -16.189352919583143
1801520.0408020238 -16.189588774705395
1897559.8765218505 -16.189801589112133
1998719.6386572486 -16.189993593410808
2105272.272765707 -16.19016680573411
2217505.2752539297 -16.19032305256399
2335721.4690901213 -16.190463984649313
2460239.8208697727 -16.190591092978405
2591396.3014396573 -16.19070572668487
2729544.792402007 -16.190809105199794
2875058.040944877 -16.19090232775178
3028328.6655749455 -16.190986388499116
3189770.215466318 -16.191062184715047
3359818.286283781 -16.191130525746576
3538931.6954909842 -16.191192143999867
3727593.720314938 -16.191247697595788
3926313.4017068394 -16.191297783365027
4135626.917817706 -16.191342937408866
4356099.030694608 -16.19138364522599
4588324.61010084 -16.19142034374222
4832930.238571752 -16.191453426094963
5090575.902036676 -16.19148324953708
5361956.770568817 -16.19151013430661
5647805.074067546 -16.191534369124764
5948892.077934331 -16.191556215424058
6266030.164072656 -16.191575908033528
6600075.022827089 -16.191593659928003
6951927.961775606 -16.191609661585563
7322538.337604526 -16.19162408490144
7712906.117627992 -16.191637085903114
8124084.5778629575 -16.19164880497995
8557183.144940002 -16.191659369087365
9013370.38951742 -16.19166889135696
9493877.17927582 -16.19167747366753
10000000.0 -16.191685209538672
10533104.45370936 -16.191692183265346
11094628.943275219 -16.191698468149486
11686088.553466497 -16.19170413390533
12309079.138896018 -16.191709240914708
12965281.629896663 -16.19171384438482
13656466.567946097 -16.191717993218845
14384498.882876629 -16.191721732382327
15151342.924760515 -16.191725102715953
15959067.76404731 -16.191728141068044
16809852.774253618 -16.191730879549194
17705993.51226898 -16.191733348152024
18649907.912142944 -16.1917355727413
19644142.809066266 -16.19173757802283
20691380.811147902 -16.191739385348793
21794447.537529834 -16.19174101517925
22956319.242369097 -16.191742484265706
24180130.84525718 -16.191743806202062
25469184.3897454 -16.191744999016315
26826957.95279722 -16.191746075355
28257115.02920827 -16.19174704436686
29763514.41631313 -16.191747917777384
31350220.62565112 -16.191748705448738
33021514.849681754 -16.191749414881073
34781906.51314127 -16.191750054765098
36636145.44020716 -16.19175063105075
38589234.67029899 -16.191751150724556
40646443.95709628 -16.191751619098532
42813323.98719387 -16.19175204232355
45095721.35676145 -16.191752421554575
47499794.346614026 -16.191752765229943
50032029.53825999 -16.191753074873997
52699259.31575657 -16.19175335229419
55508680.300597996 -16.191753604577016
58467872.7693759 -16.19175383072173
61584821.10660254 -16.191754034140512
64867935.34788508 -16.19175421823185
68326073.87157391 -16.191754384670368
71968567.30011514 -16.191754533333317
75805243.67559262 -16.19175466838864
79846454.97739078 -16.191754790337537
84103105.05352604 -16.191754899438433
88586679.04100814 -16.191754998755233
93309274.35461664 -16.19175508697482
98283633.32770011 -16.191755169740848
103523177.59307377 -16.19175523796882
109042044.29677527 -16.191755303624255
114855124.24239345 -16.191755358528003
120978102.06889038 -16.19175541528747
127427498.57031322 -16.19175546533988
134220715.2716012 -16.191755507365556
141376081.38073614 -16.191755543147178
148912903.24394056 -16.19175558103636
156851516.43735445 -16.191755614244315
165213340.63573685 -16.19175564212213
174020937.40624848 -16.191755663734607
183298071.08324376 -16.191755689035034
193069772.88832456 -16.191755704827454
203362408.46866703 -16.191755730051405
214203749.0358383 -16.191755743712413
225623046.2970626 -16.191755764733273
237651111.38110778 -16.191755771767184
250320397.97173202 -16.191755785354445
263665089.87303555 -16.191755796198045
277721193.2429355 -16.191755803074678
292526633.74366355 -16.191755821831556
308121358.87140083 -16.19175582327867
324547445.74113256 -16.191755828980167
341849214.6175927 -16.191755837816782
360073348.49856204 -16.19175584778742
379269019.0732238 -16.191755849176307
399488019.39541787 -16.191755855585217
420784903.6297398 -16.1917558670428
443217134.24760854 -16.19175586727879
466845237.07037944 -16.191755869740422
491732964.5779006 -16.191755870571626
517947467.9231202 -16.191755873027137
545559478.1168514 -16.191755879402614
574643496.8715974 -16.19175586783855
605277997.6193355 -16.191755875910523
637545637.2456493 -16.191755885519388
671533479.1115135 -16.191755880251083
707333227.9644439 -16.191755882764777
745041477.3728887 -16.191755885473395
784759970.3514622 -16.19175589017463
826595873.8801795 -16.191755882924976
870662068.0585117 -16.19175589840355
917077450.674293 -16.191755884520063
965967258.0093802 -16.191755899710017
1017463402.7476043 -16.19175592202421
1071704829.8967092 -16.191755892630287
1128837891.6846883 -16.19175585652497
1189016742.44199 -16.19175588198435
1252403754.5350692 -16.19175589482338
1319169956.473569 -16.191755885703504
1389495494.373136 -16.191755893220346
1463570118.0190797 -16.191755876799238
1541593692.8422735 -16.191756001634612
1623776739.1887176 -16.191755946450304
1710341000.337838 -16.191755931996276
1801520040.802024 -16.191755931884032
1897559876.5218503 -16.191755894693117
1998719638.6572526 -16.191755906278587
2105272272.7657027 -16.191755944039038
2217505275.2539296 -16.19175604611562
2335721469.0901213 -16.1917558122881
2460239820.8697777 -16.19175586784889
2591396301.439652 -16.19175599516175
2729544792.402002 -16.19175580140652
2875058040.944877 -16.191755786037785
3028328665.5749454 -16.19175596267167
3189770215.466325 -16.191755877671742
3359818286.2837744 -16.19175584079378
3538931695.4909844 -16.191755965274833
3727593720.314938 -16.191755959985667
3926313401.7068396 -16.191755856282256
4135626917.8176975 -16.191755858726452
4356099030.694599 -16.19175583533373
4588324610.100841 -16.191755784677188
4832930238.571753 -16.191755745844063
5090575902.036687 -16.19175598534491
5361956770.568806 -16.191755890517594
5647805074.067546 -16.191755752238272
5948892077.934331 -16.191755842611897
6266030164.072656 -16.191755905086442
6600075022.827075 -16.19175609209657
6951927961.775591 -16.19175583525213
7322538337.6045265 -16.191756053647975
7712906117.627993 -16.191755537680866
8124084577.862974 -16.191755603575523
8557183144.939984 -16.191755190625546
9013370389.51742 -16.191756082219058
9493877179.27582 -16.191755291488644
10000000000.0 -16.191756080280722
10.0 -18.608058064765704
10.53310445370937 -18.60737305929978
11.094628943275218 -18.60661346217665
11.686088553466515 -18.605771197854622
12.309079138896024 -18.6048373279001
12.965281629896682 -18.603801960962386
13.65646656794611 -18.602654153164657
14.38449888287663 -18.601381801834798
15.15134292476053 -18.59997152576113
15.95906776404731 -18.59840853703367
16.80985277425364 -18.59667649831852
17.70599351226899 -18.59475737180614
18.64990791214297 -18.592631250190536
19.644142809066278 -18.590276177294694
20.6913808111479 -18.587667952998608
21.794447537529855 -18.584779921035707
22.956319242369098 -18.581582747176668
24.180130845257207 -18.578044175409726
25.4691843897454 -18.574128774806606
26.826957952797258 -18.56979766908049
28.257115029208283 -18.565008254065166
29.76351441631318 -18.55971390534572
31.350220625651154 -18.55386367702089
33.02151484968176 -18.547401996167025
34.7819065131413 -18.540268358545674
36.63614544020716 -18.53239703339217
38.58923467029903 -18.523716779563838
40.646443957096295 -18.514150593929234
42.81332398719393 -18.503615493245142
45.095721356761466 -18.49202235209601
47.499794346614124 -18.4792758137747
50.03202953826004 -18.465274290296982
52.699259315756564 -18.44991008311928
55.50868030059805 -18.433069645344506
58.467872769375894 -18.41463401931937
61.58482110660264 -18.39447948054073
64.86793534788511 -18.372478421045262
68.32607387157402 -18.348500512051686
71.96856730011521 -18.322414169056323
75.8052436755926 -18.2940883631196
79.84645497739086 -18.26339478569873
84.10310505352605 -18.230210395377846
88.58667904100822 -18.19442033744151
93.30927435461668 -18.155921218752063
98.28363332770026 -18.11462470292504
103.52317759307378 -18.070461352727797
109.04204429677526 -18.023384628004766
114.8551242423938 -17.973374910756903
120.97810206889012 -17.92044339896034
127.42749857031335 -17.86463568844901
134.2207152716012 -17.806034833798666
141.37608138073614 -17.744763680961725
148.91290324394086 -17.680986253929866
156.85151643735477 -17.614908012335405
165.213340635737 -17.546774827477144
174.0209374062485 -17.47687058069006
183.29807108324357 -17.405513362472842
193.06977288832496 -17.3330503293086
203.36240846866724 -17.25985136399715
214.2037490358383 -17.186301762372427
225.62304629706352 -17.112794246120558
237.65111138110728 -17.0397206430131
250.32039797173255 -16.967463608869238
263.6650898730358 -16.89638875483488
277.7211932429355 -16.826837521466338
292.5266337436645 -16.759121077280078
308.1213588714002 -16.693515453334207
324.54744574113323 -16.630258040107556
341.84921461759274 -16.569545484196112
360.073348498562 -16.511532948321214
379.26901907322497 -16.45633462478713
399.48801939541704 -16.40402534184696
420.78490362974026 -16.35464306905596
443.21713424760856 -16.308192107697046
466.84523707037897 -16.26464675608615
491.73296457790156 -16.223955246005616
517.9474679231213 -16.18604377439791
545.5594781168514 -16.150820477883244
574.6434968715973 -16.118179229306293
605.2779976193349 -16.088003168367255
637.5456372456507 -16.060167904957098
671.5334791115142 -16.034544358688766
707.3332279644438 -16.011001223221516
745.0414773728917 -15.989407056193162
784.7599703514607 -15.969632011580746
826.5958738801812 -15.951549240459563
870.6620680585127 -15.935035989220532
917.0774506742931 -15.919974429710592
965.9672580093833 -15.906252256928251
1017.4634027476063 -15.893763086003847
1071.7048298967104 -15.882406682331492
1128.8378916846884 -15.872089054234815
1189.01674244199 -15.86272243333234
1252.4037545350732 -15.854225167024511
1319.1699564735716 -15.846521544564451
1389.4954943731375 -15.839541571250702
1463.5701180190797 -15.83322070790621
1541.5936928422718 -15.827499585993971
1623.776739188721 -15.822323709700374
1710.3410003378397 -15.817643151544265
1801.520040802024 -15.813412248415812
1897.5598765218504 -15.809589302526048
1998.7196386572507 -15.806136291795012
2105.272272765707 -15.803018590940393
2217.505275253932 -15.80020470580616
2335.7214690901214 -15.797666022966162
2460.239820869775 -15.795376573347724
2591.3963014396572 -15.793312811903926
2729.5447924020073 -15.79145341247251
2875.0580409448803 -15.789779077492494
3028.3286655749457 -15.788272362482559
3189.7702154663216 -15.786917514614625
3359.818286283781 -15.785700324047651
3538.9316954909877 -15.784607988993853
3727.593720314938 -15.783628991429604
3926.3134017068355 -15.782752984548942
4135.626917817706 -15.781970691338596
4356.099030694608 -15.781273811634485
4588.324610100844 -15.780654938606649
4832.930238571752 -15.780107484575886
5090.575902036681 -15.779625613621068
5361.956770568817 -15.779204181584067
5647.805074067552 -15.778838683290644
5948.892077934331 -15.778525206126172
6266.030164072656 -15.778260389163059
6600.075022827095 -15.7780413873769
6951.927961775606 -15.777865842420688
7322.538337604534 -15.777731857059605
7712.906117627992 -15.777637974154842
8124.0845778629655 -15.777583161509696
8557.183144940002 -15.777566799155199
9013.37038951743 -15.777588671656162
9493.87717927582 -15.777648964354041
10000.0 -15.777748263007197
10533.104453709382 -15.777887557484702
11094.628943275218 -15.778068248878053
11686.088553466498 -15.778292160581369
12309.079138896019 -15.778561552016619
12965.281629896688 -15.778879137015952
13656.466567946096 -15.779248104997539
14384.498882876629 -15.779672145091464
15151.342924760515 -15.780155474210108
15959.06776404731 -15.780702867446871
16809.852774253653 -15.781319692088884
17705.99351226898 -15.78201194311957
18649.907912142942 -15.782786281775715
19644.142809066267 -15.783650074747758
20691.3808111479 -15.78461143557157
21794.447537529835 -15.785679263993854
22956.319242369096 -15.786863286091585
24180.13084525718 -15.788174091055648
25469.184389745402 -15.789623163426455
26826.957952797275 -15.791222909637032
28257.115029208268 -15.792986675681108
29763.51441631313 -15.794928753148163
31350.220625651124 -15.797064369900616
33021.51484968176 -15.799409663223749
34781.90651314134 -15.801981628356094
36636.14544020716 -15.804798040814859
38589.23467029899 -15.807877345479021
40646.44395709628 -15.811238507619619
42813.32398719396 -15.8149008214988
45095.721356761445 -15.818883670457424
47499.79434661403 -15.823206236002573
50032.029538259994 -15.827887150733812
52699.259315756564 -15.832944095873128
55508.680300598106 -15.838393342983936
58467.87276937589 -15.844249244142974
61584.82110660255 -15.85052367859137
64867.935347885075 -15.857225467170423
68326.07387157406 -15.864359770466878
71968.56730011514 -15.87192749306514
75805.24367559262 -15.879924717285421
79846.45497739078 -15.888342197550022
84103.10505352604 -15.89716494633205
88586.67904100832 -15.90637194296508
93309.27435461663 -15.915935998419407
98283.63332770011 -15.92582380028402
103523.17759307378 -15.935996158463084
109042.04429677526 -15.946408461193656
114855.12424239368 -15.957011340181333
120978.10206889013 -15.967751527827058
127427.49857031321 -15.978572882163311
134220.7152716012 -15.989417536633276
141376.08138073614 -16.00022712797835
148912.90324394088 -16.010944046567165
156851.5164373548 -16.021512652380682
165213.34063573685 -16.03188040354238
174020.9374062485 -16.041998848979986
183298.07108324338 -16.0518244491182
193069.77288832495 -16.061319198727297
203362.40846866704 -16.07045103987953
214203.74903583832 -16.079194064745955
225623.04629706353 -16.08752852358661
237651.11138110727 -16.095440653922854
250320.39797173254 -16.102922362705264
263665.08987303555 -16.10997079088027
277721.1932429355 -16.1165877929674
292526.6337436642 -16.122779363626435
308121.35887140024 -16.128555037509905
324547.44574113254 -16.133927291259827
341849.21461759275 -16.138910963120633
360073.348498562 -16.143522707826165
379269.0190732246 -16.147780498400536
399488.019395417 -16.15170317904043
420784.9036297398 -16.15531007467125
443217.13424760854 -16.158620656900034
466845.2370703785 -16.161654264371958
491732.9645779016 -16.1644298740025
517947.46792312124 -16.166965920553075
545559.4781168514 -16.16928015589334
574643.4968715974 -16.17138954792055
605277.9976193343 -16.173310209691106
637545.6372456506 -16.17505735510492
671533.4791115135 -16.17664527730347
707333.2279644439 -16.17808734604332
745041.4773728917 -16.179396017520947
784759.9703514606 -16.180582857994597
826595.8738801812 -16.181658572610026
870662.0680585118 -16.182633044316475
917077.4506742931 -16.183515373372536
965967.2580093823 -16.184313921270732
1017463.4027476063 -16.185036355833414
1071704.8298967092 -16.18568969666917
1128837.8916846884 -16.186280359802492
1189016.74244199 -16.186814200576727
1252403.7545350718 -16.1872965576724
1319169.9564735717 -16.187732290988894
1389495.494373136 -16.188125821582734
1463570.1180190798 -16.18848116750622
1541593.6928422702 -16.1888019769138
1623776.739188721 -16.189091560478463
1710341.0003378377 -16.189352919583143
1801520.0408020238 -16.189588774705395
1897559.8765218505 -16.189801589112133
1998719.6386572486 -16.189993593410808
2105272.272765707 -16.19016680573411
2217505.2752539297 -16.19032305256399
2335721.4690901213 -16.190463984649313
2460239.8208697727 -16.190591092978405
2591396.3014396573 -16.19070572668487
2729544.792402007 -16.190809105199794
2875058.040944877 -16.19090232775178
3028328.6655749455 -16.190986388499116
3189770.215466318 -16.191062184715047
3359818.286283781 -16.191130525746576
3538931.6954909842 -16.191192143999867
3727593.720314938 -16.191247697595788
3926313.4017068394 -16.191297783365027
4135626.917817706 -16.191342937408866
4356099.030694608 -16.19138364522599
4588324.61010084 -16.19142034374222
4832930.238571752 -16.191453426094963
5090575.902036676 -16.19148324953708
5361956.770568817 -16.19151013430661
5647805.074067546 -16.191534369124764
5948892.077934331 -16.191556215424058
6266030.164072656 -16.191575908033528
6600075.022827089 -16.191593659928003
6951927.961775606 -16.191609661585563
7322538.337604526 -16.19162408490144
7712906.117627992 -16.191637085903114
8124084.5778629575 -16.19164880497995
8557183.144940002 -16.191659369087365
9013370.38951742 -16.19166889135696
9493877.17927582 -16.19167747366753
10000000.0 -16.191685209538672
10533104.45370936 -16.191692183265346
11094628.943275219 -16.191698468149486
11686088.553466497 -16.19170413390533
12309079.138896018 -16.191709240914708
12965281.629896663 -16.19171384438482
13656466.567946097 -16.191717993218845
14384498.882876629 -16.191721732382327
15151342.924760515 -16.191725102715953
15959067.76404731 -16.191728141068044
16809852.774253618 -16.191730879549194
17705993.51226898 -16.191733348152024
18649907.912142944 -16.1917355727413
19644142.809066266 -16.19173757802283
20691380.811147902 -16.191739385348793
21794447.537529834 -16.19174101517925
22956319.242369097 -16.191742484265706
24180130.84525718 -16.191743806202062
25469184.3897454 -16.191744999016315
26826957.95279722 -16.191746075355
28257115.02920827 -16.19174704436686
29763514.41631313 -16.191747917777384
31350220.62565112 -16.191748705448738
33021514.849681754 -16.191749414881073
34781906.51314127 -16.191750054765098
36636145.44020716 -16.19175063105075
38589234.67029899 -16.191751150724556
40646443.95709628 -16.191751619098532
42813323.98719387 -16.19175204232355
45095721.35676145 -16.191752421554575
47499794.346614026 -16.191752765229943
50032029.53825999 -16.191753074873997
52699259.31575657 -16.19175335229419
55508680.300597996 -16.191753604577016
58467872.7693759 -16.19175383072173
61584821.10660254 -16.191754034140512
64867935.34788508 -16.19175421823185
68326073.87157391 -16.191754384670368
71968567.30011514 -16.191754533333317
75805243.67559262 -16.19175466838864
79846454.97739078 -16.191754790337537
84103105.05352604 -16.191754899438433
88586679.04100814 -16.191754998755233
93309274.35461664 -16.19175508697482
98283633.32770011 -16.191755169740848
103523177.59307377 -16.19175523796882
109042044.29677527 -16.191755303624255
114855124.24239345 -16.191755358528003
120978102.06889038 -16.19175541528747
127427498.57031322 -16.19175546533988
134220715.2716012 -16.191755507365556
141376081.38073614 -16.191755543147178
148912903.24394056 -16.19175558103636
156851516.43735445 -16.191755614244315
165213340.63573685 -16.19175564212213
174020937.40624848 -16.191755663734607
183298071.08324376 -16.191755689035034
193069772.88832456 -16.191755704827454
203362408.46866703 -16.191755730051405
214203749.0358383 -16.191755743712413
225623046.2970626 -16.191755764733273
237651111.38110778 -16.191755771767184
250320397.97173202 -16.191755785354445
263665089.87303555 -16.191755796198045
277721193.2429355 -16.191755803074678
292526633.74366355 -16.191755821831556
308121358.87140083 -16.19175582327867
324547445.74113256 -16.191755828980167
341849214.6175927 -16.191755837816782
360073348.49856204 -16.19175584778742
379269019.0732238 -16.191755849176307
399488019.39541787 -16.191755855585217
420784903.6297398 -16.1917558670428
443217134.24760854 -16.19175586727879
466845237.07037944 -16.191755869740422
491732964.5779006 -16.191755870571626
517947467.9231202 -16.191755873027137
545559478.1168514 -16.191755879402614
574643496.8715974 -16.19175586783855
605277997.6193355 -16.191755875910523
637545637.2456493 -16.191755885519388
671533479.1115135 -16.191755880251083
707333227.9644439 -16.191755882764777
745041477.3728887 -16.191755885473395
784759970.3514622 -16.19175589017463
826595873.8801795 -16.191755882924976
870662068.0585117 -16.19175589840355
917077450.674293 -16.191755884520063
965967258.0093802 -16.191755899710017
1017463402.7476043 -16.19175592202421
1071704829.8967092 -16.191755892630287
1128837891.6846883 -16.19175585652497
1189016742.44199 -16.19175588198435
1252403754.5350692 -16.19175589482338
1319169956.473569 -16.191755885703504
1389495494.373136 -16.191755893220346
1463570118.0190797 -16.191755876799238
1541593692.8422735 -16.191756001634612
1623776739.1887176 -16.191755946450304
1710341000.337838 -16.191755931996276
1801520040.802024 -16.191755931884032
1897559876.5218503 -16.191755894693117
1998719638.6572526 -16.191755906278587
2105272272.7657027 -16.191755944039038
2217505275.2539296 -16.19175604611562
2335721469.0901213 -16.1917558122881
2460239820.8697777 -16.19175586784889
2591396301.439652 -16.19175599516175
2729544792.402002 -16.19175580140652
2875058040.944877 -16.191755786037785
3028328665.5749454 -16.19175596267167
3189770215.466325 -16.191755877671742
3359818286.2837744 -16.19175584079378
3538931695.4909844 -16.191755965274833
3727593720.314938 -16.191755959985667
3926313401.7068396 -16.191755856282256
4135626917.8176975 -16.191755858726452
4356099030.694599 -16.19175583533373
4588324610.100841 -16.191755784677188
4832930238.571753 -16.191755745844063
5090575902.036687 -16.19175598534491
5361956770.568806 -16.191755890517594
5647805074.067546 -16.191755752238272
5948892077.934331 -16.191755842611897
6266030164.072656 -16.191755905086442
6600075022.827075 -16.19175609209657
6951927961.775591 -16.19175583525213
7322538337.6045265 -16.191756053647975
7712906117.627993 -16.191755537680866
8124084577.862974 -16.191755603575523
8557183144.939984 -16.191755190625546
9013370389.51742 -16.191756082219058
9493877179.27582 -16.191755291488644
10000000000.0 -16.191756080280722
