10.0 -7.878460698736029
10.53310445370937 -7.877032485969433
11.094628943275218 -7.875449754893806
11.686088553466515 -7.873696238605809
12.309079138896024 -7.871753916024225
12.965281629896682 -7.8696025337897515
13.65646656794611 -7.867220181572127
14.38449888287663 -7.8645824777136895
15.15134292476053 -7.861662996620757
15.95906776404731 -7.858432216007111
16.80985277425364 -7.854857860412237
17.70599351226899 -7.850905060061445
18.64990791214297 -7.846534572755328
19.644142809066278 -7.841704212073925
20.6913808111479 -7.836368168468385
21.794447537529855 -7.830476121417998
22.956319242369098 -7.823973298737644
24.180130845257207 -7.816800199249942
25.4691843897454 -7.808892914846749
26.826957952797258 -7.800182070492906
28.257115029208283 -7.790593279781063
29.76351441631318 -7.7800464841343775
31.350220625651154 -7.768456659141172
33.02151484968176 -7.755733224045661
34.7819065131413 -7.741780733932364
36.63614544020716 -7.726498117250637
38.58923467029903 -7.709781159437953
40.646443957096295 -7.691520689199311
42.81332398719393 -7.671606002654192
45.095721356761466 -7.649923762105793
47.499794346614124 -7.626360726024727
50.03202953826004 -7.6008056255405885
52.699259315756564 -7.573149957754145
55.50868030059805 -7.543291939284735
58.467872769375894 -7.511138157238323
61.58482110660264 -7.476606980629009
64.86793534788511 -7.439631351332038
68.32607387157402 -7.400162859415984
71.96856730011521 -7.358174684176131
75.8052436755926 -7.313665374995596
79.84645497739086 -7.266661634354586
84.10310505352605 -7.2172215443259695
88.58667904100822 -7.165436886831849
93.30927435461668 -7.1114343016999415
98.28363332770026 -7.055376304865238
103.52317759307378 -6.9974607457005575
109.04204429677526 -6.93791913330606
114.8551242423938 -6.877013887120156
120.97810206889012 -6.815034522791258
127.42749857031335 -6.752292415814516
134.2207152716012 -6.689114759884497
141.37608138073614 -6.625838103529862
148.91290324394086 -6.562800878076846
156.85151643735477 -6.500336663672161
165.213340635737 -6.43876687235358
174.0209374062485 -6.37839438308516
183.29807108324357 -6.319498168623372
193.06977288832496 -6.262328168646065
203.36240846866724 -6.207102342828109
214.2037490358383 -6.154003774192426
225.62304629706352 -6.103180171020547
237.65111138110728 -6.054743613253671
250.32039797173255 -6.008771493179456
263.6650898730358 -5.965308681248034
277.7211932429355 -5.924369895332982
292.5266337436645 -5.885942499391051
308.1213588714002 -5.849990365347746
324.54744574113323 -5.816456931577246
341.84921461759274 -5.785268703313625
360.073348498562 -5.756338763500775
379.26901907322497 -5.72956971281137
399.48801939541704 -5.704856700303342
420.78490362974026 -5.682089911850915
443.21713424760856 -5.6611568258092895
466.84523707037897 -5.641944148489792
491.73296457790156 -5.624339462554637
517.9474679231213 -5.608232411072508
545.5594781168514 -5.59351592750346
574.6434968715973 -5.580086866212608
605.2779976193349 -5.567846683260757
637.5456372456507 -5.556701832549892
671.5334791115142 -5.546563956772081
707.3332279644438 -5.537350100325169
745.0414773728917 -5.5289826617784605
784.7599703514607 -5.521389324010581
826.5958738801812 -5.514502970452386
870.6620680585127 -5.508261457645093
917.0774506742931 -5.502607442210627
965.9672580093833 -5.497488119526748
1017.4634027476063 -5.4928549689499375
1071.7048298967104 -5.488663483504754
1128.8378916846884 -5.484872946324035
1189.01674244199 -5.4814461282759295
1252.4037545350732 -5.478349054084943
1319.1699564735716 -5.475550749921505
1389.4954943731375 -5.473023021569094
1463.5701180190797 -5.4707402182881975
1541.5936928422718 -5.468679034039587
1623.776739188721 -5.4668183077587
1710.3410003378397 -5.465138838102685
1801.520040802024 -5.4636232165850895
1897.5598765218504 -5.462255665204594
1998.7196386572507 -5.461021904994446
2105.272272765707 -5.4599090006297955
2217.505275253932 -5.458905255646971
2335.7214690901214 -5.458000089251982
2460.239820869775 -5.4571839375831495
2591.3963014396572 -5.456448162335093
2729.5447924020073 -5.455784954369108
2875.0580409448803 -5.455187266205855
3028.3286655749457 -5.454648735905804
3189.7702154663216 -5.454163623087074
3359.818286283781 -5.4537267514050844
3538.9316954909877 -5.4533334497426456
3727.593720314938 -5.452979512576725
3926.3134017068355 -5.452661150598656
4135.626917817706 -5.452374950928677
4356.099030694608 -5.452117845194779
4588.324610100844 -5.451887073638798
4832.930238571752 -5.451680159442515
5090.575902036681 -5.451494876617673
5361.956770568817 -5.451329234910691
5647.805074067552 -5.451181452735181
5948.892077934331 -5.451049938578509
6266.030164072656 -5.450933275909353
6600.075022827095 -5.450830209025699
6951.927961775606 -5.450739625808682
7322.538337604534 -5.45066054911599
7712.906117627992 -5.450592125001428
8124.0845778629655 -5.450533612871765
8557.183144940002 -5.4504843802241325
9013.37038951743 -5.450443890814238
9493.87717927582 -5.450411704017288
10000.0 -5.450387466205525
10533.104453709382 -5.450370908793268
11094.628943275218 -5.450361844027531
11686.088553466498 -5.450360162383081
12309.079138896019 -5.450365831459658
12965.281629896688 -5.4503788957133334
13656.466567946096 -5.450399474050257
14384.498882876629 -5.450427763078556
15151.342924760515 -5.4504640354822875
15959.06776404731 -5.450508642880849
16809.852774253653 -5.450562018357664
17705.99351226898 -5.450624679103208
18649.907912142942 -5.450697228532306
19644.142809066267 -5.450780360826078
20691.3808111479 -5.450874864956139
21794.447537529835 -5.450981628180875
22956.319242369096 -5.451101642083519
24180.13084525718 -5.451236004797462
25469.184389745402 -5.451385927911393
26826.957952797275 -5.451552739162785
28257.115029208268 -5.45173788651994
29763.51441631313 -5.451942942405217
31350.220625651124 -5.452169603935292
33021.51484968176 -5.452419695978646
34781.90651314134 -5.452695168704478
36636.14544020716 -5.452998095989007
38589.23467029899 -5.453330669380439
40646.44395709628 -5.453695191243691
42813.32398719396 -5.454094061541639
45095.721356761445 -5.454529764727293
47499.79434661403 -5.455004848717363
50032.029538259994 -5.455521902747174
52699.259315756564 -5.456083528218123
55508.680300598106 -5.456692307412297
58467.87276937589 -5.4573507664946606
61584.82110660255 -5.45806133702878
64867.935347885075 -5.4588263131752415
68326.07387157406 -5.459647811577709
71968.56730011514 -5.460527729612547
75805.24367559262 -5.461467709810912
79846.45497739078 -5.46246911010051
84103.10505352604 -5.463532984522063
88586.67904100832 -5.464660077651518
93309.27435461663 -5.465850835229276
98283.63332770011 -5.46710543366435
103523.17759307378 -5.4684238332414745
109042.04429677526 -5.469805853011838
114855.12424239368 -5.471251271335069
120978.10206889013 -5.472759948865377
127427.49857031321 -5.474331972605962
134220.7152716012 -5.4759678206209035
141376.08138073614 -5.477668539596658
148912.90324394088 -5.479435933839111
156851.5164373548 -5.481272761252638
165213.34063573685 -5.4831829277512325
174020.9374062485 -5.485171682918112
183298.07108324338 -5.48724580769048
193069.77288832495 -5.489413796923217
203362.40846866704 -5.491686035524792
214203.74903583832 -5.494074967021962
225623.04629706353 -5.496595259377752
237651.11138110727 -5.499263971802856
250320.39797173254 -5.502100723866733
263665.08987303555 -5.50512787536367
277721.1932429355 -5.50837072042751
292526.6337436642 -5.511857699496473
308121.35887140024 -5.515620639573063
324547.44574113254 -5.519695021869868
341849.21461759275 -5.524120288480164
360073.348498562 -5.528940186173664
379269.0190732246 -5.534203157594337
399488.019395417 -5.5399627842151276
420784.9036297398 -5.546278281399598
443217.13424760854 -5.553215056355257
466845.2370703785 -5.560845328129307
491732.9645779016 -5.569248821234879
517947.46792312124 -5.5785135324350135
545559.4781168514 -5.5887365800123305
574643.4968715974 -5.600025139686625
605277.9976193343 -5.612497476828642
637545.6372456506 -5.626284075394383
671533.4791115135 -5.641528877733862
707333.2279644439 -5.658390636733848
745041.4773728917 -5.677044390671576
784759.9703514606 -5.697683064955922
826595.8738801812 -5.720519209737983
870662.0680585118 -5.745786877607547
917077.4506742931 -5.773743646909234
965967.2580093823 -5.804672794627538
1017463.4027476063 -5.838885619611226
1071704.8298967092 -5.876723917844679
1128837.8916846884 -5.918562604685789
1189016.74244199 -5.964812477942564
1252403.7545350718 -6.015923112540057
1319169.9564735717 -6.072385868918672
1389495.494373136 -6.13473699612078
1463570.1180190798 -6.203560801106784
1541593.6928422702 -6.279492850919582
1623776.739188721 -6.36322316696347
1710341.0003378377 -6.455499363410171
1801520.0408020238 -6.557129676852772
1897559.8765218505 -6.668985827777622
1998719.6386572486 -6.792005654134296
2105272.272765707 -6.927195456903452
2217505.2752539297 -7.075632004903415
2335721.4690901213 -7.2384641587531835
2460239.8208697727 -7.416914097769734
2591396.3014396573 -7.612278166142222
2729544.792402007 -7.825927404163284
2875058.040944877 -8.059307896260965
3028328.6655749455 -8.31394115282491
3189770.215466318 -8.59142485369096
3359818.286283781 -8.893434416787894
3538931.6954909842 -9.221726027772235
3727593.720314938 -9.578141970519674
3926313.4017068394 -9.964619357323945
4135626.917817706 -10.383203672333305
4356099.030694608 -10.836068945643964
4588324.61010084 -11.325546900736938
4832930.238571752 -11.854168128465801
5090575.902036676 -12.424719338816832
5361956.770568817 -13.0403221861648
5647805.074067546 -13.704541332859588
5948892.077934331 -14.421532758296877
6266030.164072656 -15.196248617043134
6600075.022827089 -16.034723582928933
6951927.961775606 -16.944482108436393
7322538.337604526 -17.93513122163449
7712906.117627992 -19.01924906061196
8124084.5778629575 -20.213765853402705
8557183.144940002 -21.542207961834478
9013370.38951742 -23.038550634071385
9493877.17927582 -24.754307641606736
10000000.0 -26.772808812978212
10533104.45370936 -29.241718637221958
11094628.943275219 -32.46175890078031
11686088.553466497 -37.21370360401302
12309079.138896018 -47.15100942971919
12965281.629896663 -47.18530016344261
13656466.567946097 -38.045256930960385
14384498.882876629 -33.94200016602791
15151342.924760515 -31.34540134610156
15959067.76404731 -29.48686168320663
16809852.774253618 -28.06776973172429
17705993.51226898 -26.940292681882703
18649907.912142944 -26.02022100260045
19644142.809066266 -25.254919785838275
20691380.811147902 -24.609232321117158
21794447.537529834 -24.05847501736663
22956319.242369097 -23.584630948185175
24180130.84525718 -23.174134584106937
25469184.3897454 -22.81651028029995
26826957.95279722 -22.503497376546314
28257115.02920827 -22.22846671874677
29763514.41631313 -21.986019074811868
31350220.62565112 -21.77170114176799
33021514.849681754 -21.581799909807366
34781906.51314127 -21.41319063604495
36636145.44020716 -21.26322235957272
38589234.67029899 -21.12963025495254
40646443.95709628 -21.01046753154546
42813323.98719387 -20.90405180781328
45095721.35676145 -20.808922369484925
47499794.346614026 -20.723805725720336
50032029.53825999 -20.647587572864268
52699259.31575657 -20.57928976439705
55508680.300597996 -20.518051234784576
58467872.7693759 -20.463112077636044
61584821.10660254 -20.41380016381373
64867935.34788508 -20.36951982262515
68326073.87157391 -20.32974221224686
71968567.30011514 -20.293997083802445
75805243.67559262 -20.261865703172894
79846454.97739078 -20.232974740956706
84103105.05352604 -20.206990976844786
88586679.04100814 -20.183616693064277
93309274.35461664 -20.162585653804275
98283633.32770011 -20.143659585417634
103523177.59307377 -20.126625086550057
109042044.29677527 -20.11129090883918
114855124.24239345 -20.097485558271725
120978102.06889038 -20.08505517513774
127427498.57031322 -20.07386165647575
134220715.2716012 -20.06378099071156
141376081.38073614 -20.054701778044826
148912903.24394056 -20.046523914092838
156851516.43735445 -20.03915741735422
165213340.63573685 -20.032521383494014
174020937.40624848 -20.026543051816038
183298071.08324376 -20.02115697113441
193069772.88832456 -20.016304253759536
203362408.46866703 -20.011931907919628
214203749.0358383 -20.007992239609557
225623046.2970626 -20.004442317014025
237651111.38110778 -20.001243489736538
250320397.97173202 -19.99836095788406
263665089.87303555 -19.99576338509935
277721193.2429355 -19.993422551183443
292526633.74366355 -19.99131304014291
308121358.87140083 -19.989411959517536
324547445.74113256 -19.987698688560517
341849214.6175927 -19.986154651675935
360073348.49856204 -19.984763114741135
379269019.0732238 -19.98350900137259
399488019.39541787 -19.982378728424496
420784903.6297398 -19.98136005767283
443217134.24760854 -19.98044196178216
466845237.07037944 -19.979614504794327
491732964.5779006 -19.978868733260132
517947467.9231202 -19.97819657916638
545559478.1168514 -19.977590772180683
574643496.8715974 -19.977044760702675
605277997.6193355 -19.97655264040249
637545637.2456493 -19.976109090314612
671533479.1115135 -19.97570931563747
707333227.9644439 -19.97534899479104
745041477.3728887 -19.975024232866186
784759970.3514622 -19.974731519862324
826595873.8801795 -19.974467692473432
870662068.0585117 -19.974229900202435
917077450.674293 -19.974015572411588
965967258.0093802 -19.973822394688142
1017463402.7476043 -19.97364827835399
1071704829.8967092 -19.973491343105255
1128837891.6846883 -19.97334989356097
1189016742.44199 -19.97322240059707
1252403754.5350692 -19.9731074877433
1319169956.473569 -19.97300391393636
1389495494.373136 -19.972910558959775
1463570118.0190797 -19.97282641592389
1541593692.8422735 -19.972750574774103
1623776739.1887176 -19.97268221654475
1710341000.337838 -19.972620603009354
1801520040.802024 -19.97256506942
1897559876.5218503 -19.972515015396507
1998719638.6572526 -19.972469899287628
2105272272.7657027 -19.972429232880348
2217505275.2539296 -19.97239258165076
2335721469.0901213 -19.972359545122824
2460239820.8697777 -19.97232976799881
2591396301.439652 -19.972302929531466
2729544792.402002 -19.97227873879982
2875058040.944877 -19.972256934904028
3028328665.5749454 -19.97223728137739
3189770215.466325 -19.972219568025555
3359818286.2837744 -19.972203602470408
3538931695.4909844 -19.97218921157475
3727593720.314938 -19.97217624130711
3926313401.7068396 -19.972164553796944
4135626917.8176975 -19.972154016335153
4356099030.694599 -19.972144515614296
4588324610.100841 -19.97213596153411
4832930238.571753 -19.972128228277363
5090575902.036687 -19.97212127630213
5361956770.568806 -19.972115006073828
5647805074.067546 -19.97210936522038
5948892077.934331 -19.97210427070907
6266030164.072656 -19.972099676545415
6600075022.827075 -19.972095525725116
6951927961.775591 -19.97209180717111
7322538337.6045265 -19.972088469091275
7712906117.627993 -19.972085421548865
8124084577.862974 -19.972082703637916
8557183144.939984 -19.972080231845393
9013370389.51742 -19.972078007980862
9493877179.27582 -19.9720760198409
10000000000.0 -19.972074225893973
10.0 -7.878460698736029
10.53310445370937 -7.877032485969433
11.094628943275218 -7.875449754893806
11.686088553466515 -7.873696238605809
12.309079138896024 -7.871753916024225
12.965281629896682 -7.8696025337897515
13.65646656794611 -7.867220181572127
14.38449888287663 -7.8645824777136895
15.15134292476053 -7.861662996620757
15.95906776404731 -7.858432216007111
16.80985277425364 -7.854857860412237
17.70599351226899 -7.850905060061445
18.64990791214297 -7.846534572755328
19.644142809066278 -7.841704212073925
20.6913808111479 -7.836368168468385
21.794447537529855 -7.830476121417998
22.956319242369098 -7.823973298737644
24.180130845257207 -7.816800199249942
25.4691843897454 -7.808892914846749
26.826957952797258 -7.800182070492906
28.257115029208283 -7.790593279781063
29.76351441631318 -7.7800464841343775
31.350220625651154 -7.768456659141172
33.02151484968176 -7.755733224045661
34.7819065131413 -7.741780733932364
36.63614544020716 -7.726498117250637
38.58923467029903 -7.709781159437953
40.646443957096295 -7.691520689199311
42.81332398719393 -7.671606002654192
45.095721356761466 -7.649923762105793
47.499794346614124 -7.626360726024727
50.03202953826004 -7.6008056255405885
52.699259315756564 -7.573149957754145
55.50868030059805 -7.543291939284735
58.467872769375894 -7.511138157238323
61.58482110660264 -7.476606980629009
64.86793534788511 -7.439631351332038
68.32607387157402 -7.400162859415984
71.96856730011521 -7.358174684176131
75.8052436755926 -7.313665374995596
79.84645497739086 -7.266661634354586
84.10310505352605 -7.2172215443259695
88.58667904100822 -7.165436886831849
93.30927435461668 -7.1114343016999415
98.28363332770026 -7.055376304865238
103.52317759307378 -6.9974607457005575
109.04204429677526 -6.93791913330606
114.8551242423938 -6.877013887120156
120.97810206889012 -6.815034522791258
127.42749857031335 -6.752292415814516
134.2207152716012 -6.689114759884497
141.37608138073614 -6.625838103529862
148.91290324394086 -6.562800878076846
156.85151643735477 -6.500336663672161
165.213340635737 -6.43876687235358
174.0209374062485 -6.37839438308516
183.29807108324357 -6.319498168623372
193.06977288832496 -6.262328168646065
203.36240846866724 -6.207102342828109
214.2037490358383 -6.154003774192426
225.62304629706352 -6.103180171020547
237.65111138110728 -6.054743613253671
250.32039797173255 -6.008771493179456
263.6650898730358 -5.965308681248034
277.7211932429355 -5.924369895332982
292.5266337436645 -5.885942499391051
308.1213588714002 -5.849990365347746
324.54744574113323 -5.816456931577246
341.84921461759274 -5.785268703313625
360.073348498562 -5.756338763500775
379.26901907322497 -5.72956971281137
399.48801939541704 -5.704856700303342
420.78490362974026 -5.682089911850915
443.21713424760856 -5.6611568258092895
466.84523707037897 -5.641944148489792
491.73296457790156 -5.624339462554637
517.9474679231213 -5.608232411072508
545.5594781168514 -5.59351592750346
574.6434968715973 -5.580086866212608
605.2779976193349 -5.567846683260757
637.5456372456507 -5.556701832549892
671.5334791115142 -5.546563956772081
707.3332279644438 -5.537350100325169
745.0414773728917 -5.5289826617784605
784.7599703514607 -5.521389324010581
826.5958738801812 -5.514502970452386
870.6620680585127 -5.508261457645093
917.0774506742931 -5.502607442210627
965.9672580093833 -5.497488119526748
1017.4634027476063 -5.4928549689499375
1071.7048298967104 -5.488663483504754
1128.8378916846884 -5.484872946324035
1189.01674244199 -5.4814461282759295
1252.4037545350732 -5.478349054084943
1319.1699564735716 -5.475550749921505
1389.4954943731375 -5.473023021569094
1463.5701180190797 -5.4707402182881975
1541.5936928422718 -5.468679034039587
1623.776739188721 -5.4668183077587
1710.3410003378397 -5.465138838102685
1801.520040802024 -5.4636232165850895
1897.5598765218504 -5.462255665204594
1998.7196386572507 -5.461021904994446
2105.272272765707 -5.4599090006297955
2217.505275253932 -5.458905255646971
2335.7214690901214 -5.458000089251982
2460.239820869775 -5.4571839375831495
2591.3963014396572 -5.456448162335093
2729.5447924020073 -5.455784954369108
2875.0580409448803 -5.455187266205855
3028.3286655749457 -5.454648735905804
3189.7702154663216 -5.454163623087074
3359.818286283781 -5.4537267514050844
3538.9316954909877 -5.4533334497426456
3727.593720314938 -5.452979512576725
3926.3134017068355 -5.452661150598656
4135.626917817706 -5.452374950928677
4356.099030694608 -5.452117845194779
4588.324610100844 -5.451887073638798
4832.930238571752 -5.451680159442515
5090.575902036681 -5.451494876617673
5361.956770568817 -5.451329234910691
5647.805074067552 -5.451181452735181
5948.892077934331 -5.451049938578509
6266.030164072656 -5.450933275909353
6600.075022827095 -5.450830209025699
6951.927961775606 -5.450739625808682
7322.538337604534 -5.45066054911599
7712.906117627992 -5.450592125001428
8124.0845778629655 -5.450533612871765
8557.183144940002 -5.4504843802241325
9013.37038951743 -5.450443890814238
9493.87717927582 -5.450411704017288
10000.0 -5.450387466205525
10533.104453709382 -5.450370908793268
11094.628943275218 -5.450361844027531
11686.088553466498 -5.450360162383081
12309.079138896019 -5.450365831459658
12965.281629896688 -5.4503788957133334
13656.466567946096 -5.450399474050257
14384.498882876629 -5.450427763078556
15151.342924760515 -5.4504640354822875
15959.06776404731 -5.450508642880849
16809.852774253653 -5.450562018357664
17705.99351226898 -5.450624679103208
18649.907912142942 -5.450697228532306
19644.142809066267 -5.450780360826078
20691.3808111479 -5.450874864956139
21794.447537529835 -5.450981628180875
22956.319242369096 -5.451101642083519
24180.13084525718 -5.451236004797462
25469.184389745402 -5.451385927911393
26826.957952797275 -5.451552739162785
28257.115029208268 -5.45173788651994
29763.51441631313 -5.451942942405217
31350.220625651124 -5.452169603935292
33021.51484968176 -5.452419695978646
34781.90651314134 -5.452695168704478
36636.14544020716 -5.452998095989007
38589.23467029899 -5.453330669380439
40646.44395709628 -5.453695191243691
42813.32398719396 -5.454094061541639
45095.721356761445 -5.454529764727293
47499.79434661403 -5.455004848717363
50032.029538259994 -5.455521902747174
52699.259315756564 -5.456083528218123
55508.680300598106 -5.456692307412297
58467.87276937589 -5.4573507664946606
61584.82110660255 -5.45806133702878
64867.935347885075 -5.4588263131752415
68326.07387157406 -5.459647811577709
71968.56730011514 -5.460527729612547
75805.24367559262 -5.461467709810912
79846.45497739078 -5.46246911010051
84103.10505352604 -5.463532984522063
88586.67904100832 -5.464660077651518
93309.27435461663 -5.465850835229276
98283.63332770011 -5.46710543366435
103523.17759307378 -5.4684238332414745
109042.04429677526 -5.469805853011838
114855.12424239368 -5.471251271335069
120978.10206889013 -5.472759948865377
127427.49857031321 -5.474331972605962
134220.7152716012 -5.4759678206209035
141376.08138073614 -5.477668539596658
148912.90324394088 -5.479435933839111
156851.5164373548 -5.481272761252638
165213.34063573685 -5.4831829277512325
174020.9374062485 -5.485171682918112
183298.07108324338 -5.48724580769048
193069.77288832495 -5.489413796923217
203362.40846866704 -5.491686035524792
214203.74903583832 -5.494074967021962
225623.04629706353 -5.496595259377752
237651.11138110727 -5.499263971802856
250320.39797173254 -5.502100723866733
263665.08987303555 -5.50512787536367
277721.1932429355 -5.50837072042751
292526.6337436642 -5.511857699496473
308121.35887140024 -5.515620639573063
324547.44574113254 -5.519695021869868
341849.21461759275 -5.524120288480164
360073.348498562 -5.528940186173664
379269.0190732246 -5.534203157594337
399488.019395417 -5.5399627842151276
420784.9036297398 -5.546278281399598
443217.13424760854 -5.553215056355257
466845.2370703785 -5.560845328129307
491732.9645779016 -5.569248821234879
517947.46792312124 -5.5785135324350135
545559.4781168514 -5.5887365800123305
574643.4968715974 -5.600025139686625
605277.9976193343 -5.612497476828642
637545.6372456506 -5.626284075394383
671533.4791115135 -5.641528877733862
707333.2279644439 -5.658390636733848
745041.4773728917 -5.677044390671576
784759.9703514606 -5.697683064955922
826595.8738801812 -5.720519209737983
870662.0680585118 -5.745786877607547
917077.4506742931 -5.773743646909234
965967.2580093823 -5.804672794627538
1017463.4027476063 -5.838885619611226
1071704.8298967092 -5.876723917844679
1128837.8916846884 -5.918562604685789
1189016.74244199 -5.964812477942564
1252403.7545350718 -6.015923112540057
1319169.9564735717 -6.072385868918672
1389495.494373136 -6.13473699612078
1463570.1180190798 -6.203560801106784
1541593.6928422702 -6.279492850919582
1623776.739188721 -6.36322316696347
1710341.0003378377 -6.455499363410171
1801520.0408020238 -6.557129676852772
1897559.8765218505 -6.668985827777622
1998719.6386572486 -6.792005654134296
2105272.272765707 -6.927195456903452
2217505.2752539297 -7.075632004903415
2335721.4690901213 -7.2384641587531835
2460239.8208697727 -7.416914097769734
2591396.3014396573 -7.612278166142222
2729544.792402007 -7.825927404163284
2875058.040944877 -8.059307896260965
3028328.6655749455 -8.31394115282491
3189770.215466318 -8.59142485369096
3359818.286283781 -8.893434416787894
3538931.6954909842 -9.221726027772235
3727593.720314938 -9.578141970519674
3926313.4017068394 -9.964619357323945
4135626.917817706 -10.383203672333305
4356099.030694608 -10.836068945643964
4588324.61010084 -11.325546900736938
4832930.238571752 -11.854168128465801
5090575.902036676 -12.424719338816832
5361956.770568817 -13.0403221861648
5647805.074067546 -13.704541332859588
5948892.077934331 -14.421532758296877
6266030.164072656 -15.196248617043134
6600075.022827089 -16.034723582928933
6951927.961775606 -16.944482108436393
7322538.337604526 -17.93513122163449
7712906.117627992 -19.01924906061196
8124084.5778629575 -20.213765853402705
8557183.144940002 -21.542207961834478
9013370.38951742 -23.038550634071385
9493877.17927582 -24.754307641606736
10000000.0 -26.772808812978212
10533104.45370936 -29.241718637221958
11094628.943275219 -32.46175890078031
11686088.553466497 -37.21370360401302
12309079.138896018 -47.15100942971919
12965281.629896663 -47.18530016344261
13656466.567946097 -38.045256930960385
14384498.882876629 -33.94200016602791
15151342.924760515 -31.34540134610156
15959067.76404731 -29.48686168320663
16809852.774253618 -28.06776973172429
17705993.51226898 -26.940292681882703
18649907.912142944 -26.02022100260045
19644142.809066266 -25.254919785838275
20691380.811147902 -24.609232321117158
21794447.537529834 -24.05847501736663
22956319.242369097 -23.584630948185175
24180130.84525718 -23.174134584106937
25469184.3897454 -22.81651028029995
26826957.95279722 -22.503497376546314
28257115.02920827 -22.22846671874677
29763514.41631313 -21.986019074811868
31350220.62565112 -21.77170114176799
33021514.849681754 -21.581799909807366
34781906.51314127 -21.41319063604495
36636145.44020716 -21.26322235957272
38589234.67029899 -21.12963025495254
40646443.95709628 -21.01046753154546
42813323.98719387 -20.90405180781328
45095721.35676145 -20.808922369484925
47499794.346614026 -20.723805725720336
50032029.53825999 -20.647587572864268
52699259.31575657 -20.57928976439705
55508680.300597996 -20.518051234784576
58467872.7693759 -20.463112077636044
61584821.10660254 -20.41380016381373
64867935.34788508 -20.36951982262515
68326073.87157391 -20.32974221224686
71968567.30011514 -20.293997083802445
75805243.67559262 -20.261865703172894
79846454.97739078 -20.232974740956706
84103105.05352604 -20.206990976844786
88586679.04100814 -20.183616693064277
93309274.35461664 -20.162585653804275
98283633.32770011 -20.143659585417634
103523177.59307377 -20.126625086550057
109042044.29677527 -20.11129090883918
114855124.24239345 -20.097485558271725
120978102.06889038 -20.08505517513774
127427498.57031322 -20.07386165647575
134220715.2716012 -20.06378099071156
141376081.38073614 -20.054701778044826
148912903.24394056 -20.046523914092838
156851516.43735445 -20.03915741735422
165213340.63573685 -20.032521383494014
174020937.40624848 -20.026543051816038
183298071.08324376 -20.02115697113441
193069772.88832456 -20.016304253759536
203362408.46866703 -20.011931907919628
214203749.0358383 -20.007992239609557
225623046.2970626 -20.004442317014025
237651111.38110778 -20.001243489736538
250320397.97173202 -19.99836095788406
263665089.87303555 -19.99576338509935
277721193.2429355 -19.993422551183443
292526633.74366355 -19.99131304014291
308121358.87140083 -19.989411959517536
324547445.74113256 -19.987698688560517
341849214.6175927 -19.986154651675935
360073348.49856204 -19.984763114741135
379269019.0732238 -19.98350900137259
399488019.39541787 -19.982378728424496
420784903.6297398 -19.98136005767283
443217134.24760854 -19.98044196178216
466845237.07037944 -19.979614504794327
491732964.5779006 -19.978868733260132
517947467.9231202 -19.97819657916638
545559478.1168514 -19.977590772180683
574643496.8715974 -19.977044760702675
605277997.6193355 -19.97655264040249
637545637.2456493 -19.976109090314612
671533479.1115135 -19.97570931563747
707333227.9644439 -19.97534899479104
745041477.3728887 -19.975024232866186
784759970.3514622 -19.974731519862324
826595873.8801795 -19.974467692473432
870662068.0585117 -19.974229900202435
917077450.674293 -19.974015572411588
965967258.0093802 -19.973822394688142
1017463402.7476043 -19.97364827835399
1071704829.8967092 -19.973491343105255
1128837891.6846883 -19.97334989356097
1189016742.44199 -19.97322240059707
1252403754.5350692 -19.9731074877433
1319169956.473569 -19.97300391393636
1389495494.373136 -19.972910558959775
1463570118.0190797 -19.97282641592389
1541593692.8422735 -19.972750574774103
1623776739.1887176 -19.97268221654475
1710341000.337838 -19.972620603009354
1801520040.802024 -19.97256506942
1897559876.5218503 -19.972515015396507
1998719638.6572526 -19.972469899287628
2105272272.7657027 -19.972429232880348
2217505275.2539296 -19.97239258165076
2335721469.0901213 -19.972359545122824
2460239820.8697777 -19.97232976799881
2591396301.439652 -19.972302929531466
2729544792.402002 -19.97227873879982
2875058040.944877 -19.972256934904028
3028328665.5749454 -19.97223728137739
3189770215.466325 -19.972219568025555
3359818286.2837744 -19.972203602470408
3538931695.4909844 -19.97218921157475
3727593720.314938 -19.97217624130711
3926313401.7068396 -19.972164553796944
4135626917.8176975 -19.972154016335153
4356099030.694599 -19.972144515614296
4588324610.100841 -19.97213596153411
4832930238.571753 -19.972128228277363
5090575902.036687 -19.97212127630213
5361956770.568806 -19.972115006073828
5647805074.067546 -19.97210936522038
5948892077.934331 -19.97210427070907
6266030164.072656 -19.972099676545415
6600075022.827075 -19.972095525725116
6951927961.775591 -19.97209180717111
7322538337.6045265 -19.972088469091275
7712906117.627993 -19.972085421548865
8124084577.862974 -19.972082703637916
8557183144.939984 -19.972080231845393
9013370389.51742 -19.972078007980862
9493877179.27582 -19.9720760198409
10000000000.0 -19.972074225893973
10.0 -34.71349517332301
10.53310445370937 -32.55244211137728
11.094628943275218 -27.893200261881965
11.686088553466515 -2.2652745944012485
12.309079138896024 -37.09028022453077
12.965281629896682 -35.65964232760865
13.65646656794611 -20.387744835238138
14.38449888287663 -46.27298896929872
15.15134292476053 -41.268222743985106
15.95906776404731 -23.368194164542658
16.80985277425364 -21.56080527172022
17.70599351226899 -4.936161138952732
18.64990791214297 -31.041302714551758
19.644142809066278 -21.295441295099224
20.6913808111479 -37.181525515573995
21.794447537529855 -24.538496702492637
22.956319242369098 -45.9739717035726
24.180130845257207 -27.220485390705008
25.4691843897454 -35.791170250819505
26.826957952797258 -36.89385856121042
28.257115029208283 -34.83247361364843
29.76351441631318 -18.458386013715938
31.350220625651154 -24.88325050357719
33.02151484968176 -20.00875034112987
34.7819065131413 -18.21806344940336
36.63614544020716 -16.37624174339077
38.58923467029903 -33.2495185938332
40.646443957096295 -45.44115715333747
42.81332398719393 -13.530082948820318
45.095721356761466 -40.06199037522401
47.499794346614124 -26.980409446256854
50.03202953826004 -9.77707392792097
52.699259315756564 -12.463482397268058
55.50868030059805 -30.840779453138254
58.467872769375894 -31.990819235750312
61.58482110660264 -42.41982504677118
64.86793534788511 -16.26721656899799
68.32607387157402 -15.24578530158232
71.96856730011521 -29.18530372323022
75.8052436755926 -27.72803809805067
79.84645497739086 -42.43520274633344
84.10310505352605 12.821386046633414
88.58667904100822 -11.556276334436115
93.30927435461668 -25.88312943622047
98.28363332770026 -48.763891343995944
103.52317759307378 -41.02521131041816
109.04204429677526 -7.328979469039259
114.8551242423938 -29.458714793650067
120.97810206889012 -20.374264979406238
127.42749857031335 -9.333515920244793
134.2207152716012 -39.80988235114141
141.37608138073614 -31.06934358353895
148.91290324394086 -10.719992451279543
156.85151643735477 -28.45368603694739
165.213340635737 -9.149892102916514
174.0209374062485 -21.561939343862715
183.29807108324357 -1.3606213697020475
193.06977288832496 -32.61142036659929
203.36240846866724 -10.365256263831906
214.2037490358383 -8.255669538876324
225.62304629706352 -13.809920953708952
237.65111138110728 -12.381997722282001
250.32039797173255 -14.501739773647746
263.6650898730358 -16.40189041832532
277.7211932429355 -40.3152156808519
292.5266337436645 -28.14452499949877
308.1213588714002 -40.78593857372905
324.54744574113323 -23.56763515909501
341.84921461759274 -7.12897018892119
360.073348498562 -8.573324964312684
379.26901907322497 -27.93356788744088
399.48801939541704 -28.42130301181035
420.78490362974026 -24.858349526832203
443.21713424760856 -24.345689040341988
466.84523707037897 -19.836609765675743
491.73296457790156 -17.72638825745336
517.9474679231213 -26.97095156297379
545.5594781168514 -18.086313134096702
574.6434968715973 -8.63051510857081
605.2779976193349 -29.16798705933179
637.5456372456507 -0.6187638783915438
671.5334791115142 -14.827396316778394
707.3332279644438 -28.820426456069626
745.0414773728917 -22.033968973443194
784.7599703514607 -13.918961993456463
826.5958738801812 -17.37385270319328
870.6620680585127 -20.940405663743185
917.0774506742931 -12.900059837970417
965.9672580093833 -12.056047515616159
1017.4634027476063 -17.853868096327904
1071.7048298967104 -4.5834059382988395
1128.8378916846884 -21.240117887392174
1189.01674244199 -32.862774884993065
1252.4037545350732 -10.914875236551397
1319.1699564735716 -5.659981553432369
1389.4954943731375 -22.849562026585417
1463.5701180190797 -22.940661328986955
1541.5936928422718 -7.733447801804985
1623.776739188721 -22.371036915866878
1710.3410003378397 -20.575002883269747
1801.520040802024 -17.955014738755175
1897.5598765218504 -18.257887376019536
1998.7196386572507 -16.527973843998737
2105.272272765707 -2.01759048223602
2217.505275253932 2.0637988522271082
2335.7214690901214 -18.40392418416339
2460.239820869775 -15.491608067311313
2591.3963014396572 -14.89896739583293
2729.5447924020073 -8.50948292864388
2875.0580409448803 -19.985685399623904
3028.3286655749457 -22.792043827409607
3189.7702154663216 -23.052273148449032
3359.818286283781 -14.554689361065641
3538.9316954909877 -16.71751208071441
3727.593720314938 -18.042740306492313
3926.3134017068355 -6.52375739759147
4135.626917817706 -16.543719089290278
4356.099030694608 -13.060015726348498
4588.324610100844 -7.3216663959617465
4832.930238571752 -19.65351246009933
5090.575902036681 -12.03165505398189
5361.956770568817 -9.751826824005601
5647.805074067552 -2.4679336616539835
5948.892077934331 -22.043955069021717
6266.030164072656 -14.956219994848015
6600.075022827095 -14.063319101527942
6951.927961775606 -4.496129327251943
7322.538337604534 -17.5464652945612
7712.906117627992 -21.729128080054608
8124.0845778629655 -13.941452136566872
8557.183144940002 -17.06238904593528
9013.37038951743 -19.927371189532913
9493.87717927582 -8.666101344578857
10000.0 -8.512910077451467
10533.104453709382 -4.211450004878653
11094.628943275218 -29.411795385191102
11686.088553466498 -5.881105146940241
12309.079138896019 -24.610120536018254
12965.281629896688 -23.351883374033
13656.466567946096 -32.547967845163924
14384.498882876629 -4.4794821117265124
15151.342924760515 -20.912310061469626
15959.06776404731 -19.755580629580752
16809.852774253653 0.5689634814312823
17705.99351226898 -4.839346864633302
18649.907912142942 -13.006226131508516
19644.142809066267 -15.510963023050214
20691.3808111479 -26.51063645361043
21794.447537529835 -9.0582633868184
22956.319242369096 -17.0179605352917
24180.13084525718 7.731747719193308
25469.184389745402 6.852609625721337
26826.957952797275 -21.05575771893699
28257.115029208268 -15.486568925216957
29763.51441631313 -28.012651579529596
31350.220625651124 -51.78919350045365
33021.51484968176 -12.590830424808694
34781.90651314134 -3.289090256774478
36636.14544020716 7.2508359173542525
38589.23467029899 -13.801842691074294
40646.44395709628 -12.255095443738526
42813.32398719396 -19.47046574894571
45095.721356761445 -23.277155635762256
47499.79434661403 -19.56218799789356
50032.029538259994 -20.519920048278127
52699.259315756564 4.588209932528188
55508.680300598106 -13.024265692238966
58467.87276937589 -52.0336234690243
61584.82110660255 -30.40847101597139
64867.935347885075 -11.88232019536409
68326.07387157406 -3.816021178309241
71968.56730011514 -6.885540678814856
75805.24367559262 -18.792660009896444
79846.45497739078 -3.408922562485393
84103.10505352604 -23.863524028709193
88586.67904100832 -18.967351917715057
93309.27435461663 -5.542057287078185
98283.63332770011 -9.171608359610053
103523.17759307378 -12.570238285721322
109042.04429677526 -11.301134737026196
114855.12424239368 4.233604814603327
120978.10206889013 -26.10895985487751
127427.49857031321 -21.835358082359523
134220.7152716012 -51.3960782963331
141376.08138073614 -1.8267821217701519
148912.90324394088 -20.578018334422936
156851.5164373548 -20.541191077396324
165213.34063573685 -14.845745105487122
174020.9374062485 -26.642227651332874
183298.07108324338 -13.98574972557576
193069.77288832495 -57.98377260714442
203362.40846866704 -29.009271620258797
214203.74903583832 -24.775680696021197
225623.04629706353 -8.876557291451599
237651.11138110727 -10.85820132422578
250320.39797173254 -17.351500418810296
263665.08987303555 -19.843949737232144
277721.1932429355 -13.141450293782551
292526.6337436642 -7.827630394357944
308121.35887140024 2.207621672005462
324547.44574113254 -20.86411158534868
341849.21461759275 -32.27036682810613
360073.348498562 -25.793309278135315
379269.0190732246 -19.857168465991606
399488.019395417 -21.13718784315598
420784.9036297398 -24.769147609418795
443217.13424760854 -12.41325858320934
466845.2370703785 -18.42323714105891
491732.9645779016 -22.92607403976013
517947.46792312124 -4.1341781015791295
545559.4781168514 -20.28943733701896
574643.4968715974 5.293594448767072
605277.9976193343 -59.02906364931554
637545.6372456506 -23.833546657941046
671533.4791115135 -18.428711466422754
707333.2279644439 2.6455290399637486
745041.4773728917 -15.29991642306397
784759.9703514606 -1.5844470121063625
826595.8738801812 -4.6447916349608445
870662.0680585118 -76.01551592653567
917077.4506742931 -13.426875412098553
965967.2580093823 -12.36176461267407
1017463.4027476063 -13.053110439263357
1071704.8298967092 -9.00605262030798
1128837.8916846884 -20.976776678049976
1189016.74244199 -31.854153543396308
1252403.7545350718 11.492748251681755
1319169.9564735717 -15.33972488118543
1389495.494373136 -57.716857050221286
1463570.1180190798 19.12255098304764
1541593.6928422702 14.618684474481714
1623776.739188721 -8.39103589339252
1710341.0003378377 -9.97863527047057
1801520.0408020238 -20.457118685238704
1897559.8765218505 -14.026769465987153
1998719.6386572486 -17.339469663352563
2105272.272765707 -5.0905465523685915
2217505.2752539297 -33.32691637218284
2335721.4690901213 -18.511948147413875
2460239.8208697727 -6.0488452096746474
2591396.3014396573 -7.265259955118697
2729544.792402007 -6.080663401643173
2875058.040944877 -23.85437015216923
3028328.6655749455 -9.270238452636864
3189770.215466318 -25.008107889093615
3359818.286283781 -19.21138683228273
3538931.6954909842 -12.843447443028928
3727593.720314938 -20.661217826438538
3926313.4017068394 6.827320835377141
4135626.917817706 -10.525163887891418
4356099.030694608 -59.538631672016166
4588324.61010084 6.325242495143466
4832930.238571752 -13.664614783992594
5090575.902036676 -7.706349758198505
5361956.770568817 -2.670947251265342
5647805.074067546 -16.68134958410135
5948892.077934331 -22.80460807582085
6266030.164072656 -33.17356755088946
6600075.022827089 -34.2449850800388
6951927.961775606 -15.37561025528249
7322538.337604526 13.91128609036655
7712906.117627992 -2.128366416268488
8124084.5778629575 -22.881659118393234
8557183.144940002 -16.88233981513356
9013370.38951742 -9.68723339687011
9493877.17927582 -6.380912888472304
10000000.0 -11.19543222870546
10533104.45370936 -1.3660450878376325
11094628.943275219 -20.916550353432577
11686088.553466497 -22.047539985463217
12309079.138896018 -16.77521121340026
12965281.629896663 -4.093619035481364
13656466.567946097 -8.570860543147612
14384498.882876629 -10.126974652419882
15151342.924760515 1.4782047657352257
15959067.76404731 8.438366403255474
16809852.774253618 8.498739082455234
17705993.51226898 1.5290791201413505
18649907.912142944 -10.849203449807252
19644142.809066266 30.09136059444389
20691380.811147902 -13.949826451298744
21794447.537529834 -4.639584117696293
22956319.242369097 -14.159285835663551
24180130.84525718 -3.9228482081656892
25469184.3897454 17.966783701261097
26826957.95279722 -32.53873409125135
28257115.02920827 -9.273720645244328
29763514.41631313 -10.092432148707775
31350220.62565112 -20.62576479535658
33021514.849681754 -5.213190340337106
34781906.51314127 -12.195764471265312
36636145.44020716 -7.984375178567481
38589234.67029899 -11.135483382120587
40646443.95709628 -11.211660048307778
42813323.98719387 -7.6346315642099105
45095721.35676145 -5.304535771922073
47499794.346614026 -17.735298050533
50032029.53825999 -17.663286619140333
52699259.31575657 -34.08581271150723
55508680.300597996 0.0942024488365294
58467872.7693759 -8.768165040208615
61584821.10660254 -17.886060246819493
64867935.34788508 -27.094151653617292
68326073.87157391 -27.19737976661512
71968567.30011514 -11.913229791538564
75805243.67559262 -12.671111392258528
79846454.97739078 -7.687702103744151
84103105.05352604 -22.285487874524044
88586679.04100814 -7.215785803719152
93309274.35461664 -9.406097166138451
98283633.32770011 -9.015789705881232
103523177.59307377 -5.556746827199259
109042044.29677527 -9.708101553267072
114855124.24239345 -9.259547562955845
120978102.06889038 -23.593174906157202
127427498.57031322 -8.760906787165622
134220715.2716012 -4.8603611758915966
141376081.38073614 -8.197639535971334
148912903.24394056 5.036696651642256
156851516.43735445 -0.47573598641726195
165213340.63573685 -21.060043048474718
174020937.40624848 -0.936450757823285
183298071.08324376 -1.189814992516428
193069772.88832456 -11.90846396623867
203362408.46866703 -7.790310454266118
214203749.0358383 -26.5389829243587
225623046.2970626 -20.81305826427011
237651111.38110778 -32.957237335214096
250320397.97173202 6.046402469372284
263665089.87303555 4.1633384766714086
277721193.2429355 -14.032694717020355
292526633.74366355 -6.3122366416978775
308121358.87140083 -1.4008381064885753
324547445.74113256 3.339650240206293
341849214.6175927 -19.162950738782133
360073348.49856204 -9.329164979304313
379269019.0732238 -21.87906187441623
399488019.39541787 -37.4830754421893
420784903.6297398 -6.5391786197973385
443217134.24760854 -36.044027231229336
466845237.07037944 -14.62814296424457
491732964.5779006 10.22153343905385
517947467.9231202 -16.355967539190154
545559478.1168514 -16.266555656248322
574643496.8715974 -9.366613289861084
605277997.6193355 11.714238858176406
637545637.2456493 -5.000304382451576
671533479.1115135 -4.598120000413001
707333227.9644439 2.9031646703319303
745041477.3728887 17.057276715085624
784759970.3514622 -12.229712933733579
826595873.8801795 -14.400385387697174
870662068.0585117 5.695506521688448
917077450.674293 -8.332779696917182
965967258.0093802 1.3644938149284356
1017463402.7476043 -27.91903617587339
1071704829.8967092 -16.070383770964888
1128837891.6846883 -25.772907849311267
1189016742.44199 12.465578616527653
1252403754.5350692 3.23438329775927
1319169956.473569 -15.616297561331326
1389495494.373136 -30.66349802185565
1463570118.0190797 -14.190863136366099
1541593692.8422735 -24.231289051697864
1623776739.1887176 -8.741724628794556
1710341000.337838 -12.688094913438764
1801520040.802024 -21.62698006262282
1897559876.5218503 -16.12430812888547
1998719638.6572526 -6.344812180575595
2105272272.7657027 -19.58913178151755
2217505275.2539296 -1.7457133005267944
2335721469.0901213 2.847796894336173
2460239820.8697777 -14.037809000481072
2591396301.439652 -16.157158695563425
2729544792.402002 -20.60266368243195
2875058040.944877 -7.999306959831813
3028328665.5749454 -8.225560994505589
3189770215.466325 0.5123084785301186
3359818286.2837744 -11.907387420737173
3538931695.4909844 -16.306558785639794
3727593720.314938 -8.851260949924606
3926313401.7068396 -31.3938149195509
4135626917.8176975 -31.520205822829134
4356099030.694599 -15.011000215792915
4588324610.100841 -2.162835060571537
4832930238.571753 9.04630857705252
5090575902.036687 -11.426928648681187
5361956770.568806 -1.3555425595673718
5647805074.067546 -9.576276609992792
5948892077.934331 -18.83477389413524
6266030164.072656 -14.023026475086658
6600075022.827075 -13.252346386679223
6951927961.775591 -7.858013824108908
7322538337.6045265 14.85422136105229
7712906117.627993 -4.554148161419606
8124084577.862974 -20.64342931260462
8557183144.939984 -1.8863985229982112
9013370389.51742 -7.156410354520128
9493877179.27582 -9.501609120280973
10000000000.0 -12.001343771606974
