10.0 4.160879484276342
10.53310445370937 4.1612167724757825
11.094628943275218 4.161590951013342
11.686088553466515 4.16200605021428
12.309079138896024 4.162466540682928
12.965281629896682 4.162977381052696
13.65646656794611 4.163544068686692
14.38449888287663 4.1641727013502425
15.15134292476053 4.164870039157301
15.95906776404731 4.165643579143224
16.80985277425364 4.166501630593477
17.70599351226899 4.167453409772443
18.64990791214297 4.168509129156485
19.644142809066278 4.169680110212547
20.6913808111479 4.170978901588384
21.794447537529855 4.172419406763648
22.956319242369098 4.174017036197444
24.180130845257207 4.175788858425221
25.4691843897454 4.177753784625088
26.826957952797258 4.1799327576115255
28.257115029208283 4.182348967915369
29.76351441631318 4.185028090898712
31.350220625651154 4.18799854690567
33.02151484968176 4.191291782713262
34.7819065131413 4.194942585130224
36.63614544020716 4.198989426561296
38.58923467029903 4.203474838298695
40.646443957096295 4.208445820307663
42.81332398719393 4.2139542917583785
45.095721356761466 4.2200575720999645
47.499794346614124 4.2268189126290245
50.03202953826004 4.234308073052003
52.699259315756564 4.242601932647184
55.50868030059805 4.251785165665617
58.467872769375894 4.26195095073189
61.58482110660264 4.273201737296331
64.86793534788511 4.285650054805146
68.32607387157402 4.299419375466968
71.96856730011521 4.31464501335403
75.8052436755926 4.3314750658055
79.84645497739086 4.35007137918838
84.10310505352605 4.370610545682797
88.58667904100822 4.393284893325281
93.30927435461668 4.418303483654808
98.28363332770026 4.445893064200704
103.52317759307378 4.476298969840892
109.04204429677526 4.509785942373613
114.8551242423938 4.546638824404795
120.97810206889012 4.5871630849371074
127.42749857031335 4.631685143523419
134.2207152716012 4.680552424907359
141.37608138073614 4.734133087903591
148.91290324394086 4.792815394439486
156.85151643735477 4.857006614950733
165.213340635737 4.927131449065573
174.0209374062485 5.0036298873095175
183.29807108324357 5.086954470244157
193.06977288832496 5.177566919554356
203.36240846866724 5.275934106818035
214.2037490358383 5.382523404666744
225.62304629706352 5.497797406196401
237.65111138110728 5.622208129710218
250.32039797173255 5.75619077711366
263.6650898730358 5.900157202332185
277.7211932429355 6.054489246996278
292.5266337436645 6.219532154635333
308.1213588714002 6.395588260615651
324.54744574113323 6.58291121324633
341.84921461759274 6.781700919762137
360.073348498562 6.992099452384011
379.26901907322497 7.214188060862828
399.48801939541704 7.447985442200087
420.78490362974026 7.693447346588784
443.21713424760856 7.9504675144666495
466.84523707037897 8.21887993926088
491.73296457790156 8.498462310628769
517.9474679231213 8.78894053147666
545.5594781168514 9.089994094940206
574.6434968715973 9.401262091884236
605.2779976193349 9.722349681075698
637.5456372456507 10.052834713693528
671.5334791115142 10.392274377033253
707.3332279644438 10.74021162246751
745.0414773728917 11.096181242884224
784.7599703514607 11.459715468735501
826.5958738801812 11.830348992106273
870.6620680585127 12.207623377393851
917.0774506742931 12.591090815642882
965.9672580093833 12.980317236270631
1017.4634027476063 13.374884798234024
1071.7048298967104 13.774393799792792
1128.8378916846884 14.17846404644298
1189.01674244199 14.586735751088419
1252.4037545350732 14.99887001902703
1319.1699564735716 15.414548969092385
1389.4954943731375 15.833475568361857
1463.5701180190797 16.255373222196365
1541.5936928422718 16.67998516749561
1623.776739188721 17.107073729723982
1710.3410003378397 17.53641946541744
1801.520040802024 17.967820233610457
1897.5598765218504 18.40109022120907
1998.7196386572507 18.836058953053602
2105.272272765707 19.272570290245035
2217.505275253932 19.710481447450373
2335.7214690901214 20.149662036465408
2460.239820869775 20.589993140859196
2591.3963014396572 21.031366427179936
2729.5447924020073 21.473683312353774
2875.0580409448803 21.91685416341532
3028.3286655749457 22.360797559678144
3189.7702154663216 22.80543959212952
3359.818286283781 23.25071322171812
3538.9316954909877 23.696557671055167
3727.593720314938 24.14291788049956
3926.3134017068355 24.58974398770341
4135.626917817706 25.03699085952226
4356.099030694608 25.484617663044993
4588.324610100844 25.932587467254073
4832.930238571752 26.380866881970388
5090.575902036681 26.82942572484423
5361.956770568817 27.27823672970244
5647.805074067552 27.727275258072655
5948.892077934331 28.17651906044408
6266.030164072656 28.62594804525505
6600.075022827095 29.075544072425238
6951.927961775606 29.525290767086073
7322.538337604534 29.97517335213704
7712.906117627992 30.425178488428756
8124.0845778629655 30.875294144462195
8557.183144940002 31.325509460313658
9013.37038951743 31.77581464287504
9493.87717927582 32.226200856752044
10000.0 32.67666012895887
10533.104453709382 33.12718527577472
11094.628943275218 33.57776981071058
11686.088553466498 34.02840789001294
12309.079138896019 34.47909424145468
12965.281629896688 34.929824111699276
13656.466567946096 35.38059321259391
14384.498882876629 35.83139768025451
15151.342924760515 36.28223403013685
15959.06776404731 36.733099120925544
16809.852774253653 37.183990119287934
17705.99351226898 37.63490447257627
18649.907912142942 38.08583987752107
19644.142809066267 38.536794259203944
20691.3808111479 38.987765747582344
21794.447537529835 39.43875265523045
22956.319242369096 39.88975346107876
24180.13084525718 40.34076679548769
25469.184389745402 40.791791423735816
26826.957952797275 41.242826229284404
28257.115029208268 41.69387021149226
29763.51441631313 42.144922463585246
31350.220625651124 42.59598217042124
33021.51484968176 43.04704859619185
34781.90651314134 43.49812107824147
36636.14544020716 43.94919902049751
38589.23467029899 44.40028188301041
40646.44395709628 44.85136918001857
42813.32398719396 45.30246047441491
45095.721356761445 45.75355537274639
47499.79434661403 46.20465352002272
50032.029538259994 46.65575459271079
52699.259315756564 47.10685830576882
55508.680300598106 47.557964396168884
58467.87276937589 48.00907263177539
61584.82110660255 48.460182798227635
64867.935347885075 48.91129470650583
68326.07387157406 49.36240818539885
71968.56730011514 49.81352307821246
75805.24367559262 50.26463924674686
79846.45497739078 50.715756564296484
84103.10505352604 51.16687491879968
88586.67904100832 51.61799420727437
93309.27435461663 52.06911433680507
98283.63332770011 52.52023522489771
103523.17759307378 52.971356797128635
109042.04429677526 53.42247898612551
114855.12424239368 53.87360172940383
120978.10206889013 54.3247249735446
127427.49857031321 54.77584867047436
134220.7152716012 55.22697277392872
141376.08138073614 55.67809724385009
148912.90324394088 56.12922204364513
156851.5164373548 56.580347142265275
165213.34063573685 57.03147250966617
174020.9374062485 57.48259811688926
183298.07108324338 57.93372394327384
193069.77288832495 58.38484996813151
203362.40846866704 58.83597616846692
214203.74903583832 59.287102528313575
225623.04629706353 59.738229033332544
237651.11138110727 60.18935566708902
250320.39797173254 60.64048241775935
263665.08987303555 61.09160927414926
277721.1932429355 61.54273622679995
292526.6337436642 61.99386326254953
308121.35887140024 62.44499037649084
324547.44574113254 62.896117560587854
341849.21461759275 63.34724480724855
360073.348498562 63.79837211041145
379269.0190732246 64.2494994646227
399488.019395417 64.7006268644451
420784.9036297398 65.15175430640836
443217.13424760854 65.60288178462932
466845.2370703785 66.05400929559374
491732.9645779016 66.50513684103005
517947.46792312124 66.95626440808203
545559.4781168514 67.40739200437059
574643.4968715974 67.85851962206594
605277.9976193343 68.30964725719318
637545.6372456506 68.76077491515886
671533.4791115135 69.21190258351844
707333.2279644439 69.66303027501526
745041.4773728917 70.11415796437515
784759.9703514606 70.56528568644637
826595.8738801812 71.01641339738143
870662.0680585118 71.46754113652804
917077.4506742931 71.91866886153811
965967.2580093823 72.36979662054338
1017463.4027476063 72.82092437498194
1071704.8298967092 73.27205214026361
1128837.8916846884 73.72317988563024
1189016.74244199 74.17430768044258
1252403.7545350718 74.62543544372134
1319169.9564735717 75.07656323125038
1389495.494373136 75.52769101470844
1463570.1180190798 75.97881882282795
1541593.6928422702 76.42994657438985
1623776.739188721 76.8810744506578
1710341.0003378377 77.33220227196257
1801520.0408020238 77.78332999490131
1897559.8765218505 78.23445789004833
1998719.6386572486 78.68558555510637
2105272.272765707 79.1367134263468
2217505.2752539297 79.5878411598031
2335721.4690901213 80.03896902025795
2460239.8208697727 80.490096857563
2591396.3014396573 80.94122462949818
2729544.792402007 81.39235257619376
2875058.040944877 81.84348023059484
3028328.6655749455 82.29460802727775
3189770.215466318 82.74573578325531
3359818.286283781 83.19686461064549
3538931.6954909842 83.64799233390882
3727593.720314938 84.09912114292513
3926313.4017068394 84.55024690393535
4135626.917817706 85.0013727061596
4356099.030694608 85.45250135039468
4588324.61010084 85.90362888424244
4832930.238571752 86.35476056460718
5090575.902036676 86.80588673337564
5361956.770568817 87.25701269850504
5647805.074067546 87.70814193459239
5948892.077934331 88.1592701907293
6266030.164072656 88.61039973072599
6600075.022827089 89.06152390737478
6951927.961775606 89.51265541525186
7322538.337604526 89.96378017898097
7712906.117627992 90.41490816578461
8124084.5778629575 90.86603694305678
8557183.144940002 91.31716322257327
9013370.38951742 91.7682933516541
9493877.17927582 92.21941685010562
10000000.0 92.67054945413184
10533104.45370936 93.12167649952548
11094628.943275219 93.57280371518044
11686088.553466497 94.02392997159028
12309079.138896018 94.47505856843152
12965281.629896663 94.92618816273678
13656466.567946097 95.37731449966475
14384498.882876629 95.82844456297829
15151342.924760515 96.27956770796295
15959067.76404731 96.73070037151876
16809852.774253618 97.18182790037339
17705993.51226898 97.63295453851059
18649907.912142944 98.08408328849512
19644142.809066266 98.53520977020008
20691380.811147902 98.9863377895707
21794447.537529834 99.43746949788307
22956319.242369097 99.88858753869326
24180130.84525718 100.33973272886382
25469184.3897454 100.79086071254856
26826957.95279722 101.24197882658382
28257115.02920827 101.69309118324156
29763514.41631313 102.1442410515496
31350220.62565112 102.59535291310215
33021514.849681754 103.04647870226873
34781906.51314127 103.4976227076587
36636145.44020716 103.94875923880944
38589234.67029899 104.3998724490763
40646443.95709628 104.85100858947888
42813323.98719387 105.30212975666527
45095721.35676145 105.75325891648475
47499794.346614026 106.20440115397963
50032029.53825999 106.65549482777374
52699259.31575657 107.10666147613236
55508680.300597996 107.55778974152015
58467872.7693759 108.00890197055938
61584821.10660254 108.46000913351547
64867935.34788508 108.91113757070578
68326073.87157391 109.36227984166362
71968567.30011514 109.81339308550632
75805243.67559262 110.26452975504561
79846454.97739078 110.71565387750285
84103105.05352604 111.16678883894639
88586679.04100814 111.61790681119997
93309274.35461664 112.06903735616251
98283633.32770011 112.52018358854208
103523177.59307377 112.97129773720123
109042044.29677527 113.42243423730743
114855124.24239345 113.87355150675005
120978102.06889038 114.3247083110309
127427498.57031322 114.77580681043588
134220715.2716012 115.22695100137638
141376081.38073614 115.67806601917101
148912903.24394056 116.12917101940059
156851516.43735445 116.58027549673452
165213340.63573685 117.03149051687141
174020937.40624848 117.48256656638375
183298071.08324376 117.93369119286109
193069772.88832456 118.38483867877137
203362408.46866703 118.83601849451934
214203749.0358383 119.28708266121261
225623046.2970626 119.73824105587016
237651111.38110778 120.18932440696643
250320397.97173202 120.64049945989655
263665089.87303555 121.09156543283005
277721193.2429355 121.5427834041773
292526633.74366355 121.99381934747434
308121358.87140083 122.44493146333213
324547445.74113256 122.89619422615834
341849214.6175927 123.34719927524702
360073348.49856204 123.79848158746407
379269019.0732238 124.24951679431226
399488019.39541787 124.7004315629389
420784903.6297398 125.15173285915833
443217134.24760854 125.6030732601167
466845237.07037944 126.05391642178884
491732964.5779006 126.50511335456393
517947467.9231202 126.95610921115941
545559478.1168514 127.40720400446641
574643496.8715974 127.85854487234359
605277997.6193355 128.30959428539379
637545637.2456493 128.76052229106105
671533479.1115135 129.21135272153498
707333227.9644439 129.66291686545955
745041477.3728887 130.1136225122773
784759970.3514622 130.56527754556396
826595873.8801795 131.0164119933317
870662068.0585117 131.46665529070302
917077450.674293 131.9187207108629
965967258.0093802 132.37105909010006
1017463402.7476043 132.82067276267722
1071704829.8967092 -13.380360240501748
1128837891.6846883 -13.380360237358174
1189016742.44199 -13.380360234192272
1252403754.5350692 -13.380360230943989
1319169956.473569 -13.38036022770009
1389495494.373136 -13.38036022438682
1463570118.0190797 -13.380360221024299
1541593692.8422735 -13.380360217647363
1623776739.1887176 -13.380360214197257
1710341000.337838 -13.38036021069968
1801520040.802024 -13.380360207117077
1897559876.5218503 -13.380360203428177
1998719638.6572526 -13.380360199618282
2105272272.7657027 -13.38036019566665
2217505275.2539296 -13.38036019162287
2335721469.0901213 -13.38036018730646
2460239820.8697777 -13.380360182759826
2591396301.439652 -13.380360178003874
2729544792.402002 -13.380360172920495
2875058040.944877 -13.380360167324119
3028328665.5749454 -13.38036016144949
3189770215.466325 -13.380360155150202
3359818286.2837744 -13.38036014815433
3538931695.4909844 -13.380360140687166
3727593720.314938 -13.380360132506244
3926313401.7068396 -13.380360123633386
4135626917.8176975 -13.380360113776351
4356099030.694599 -13.380360102859111
4588324610.100841 -13.38036009109269
4832930238.571753 -13.380360077709971
5090575902.036687 -13.380360063404375
5361956770.568806 -13.380360047299806
5647805074.067546 -13.380360029483022
5948892077.934331 -13.38036001021204
6266030164.072656 -13.380359988744486
6600075022.827075 -13.38035996497724
6951927961.775591 -13.38035993853495
7322538337.6045265 -13.380359908455562
7712906117.627993 -13.3803598759117
8124084577.862974 -13.380359839706973
8557183144.939984 -13.380359800697265
9013370389.51742 -13.380359755783623
9493877179.27582 -13.38035970728255
10000000000.0 -13.380359653332425
