10.0 -18.61079324112098
10.53310445370937 -18.63538424144912
11.094628943275218 -18.657493416576322
11.686088553466515 -18.67735263693816
12.309079138896024 -18.695176101879976
12.965281629896682 -18.711161024749128
13.65646656794611 -18.72548839000654
14.38449888287663 -18.738323767089234
15.15134292476053 -18.74981816553573
15.95906776404731 -18.760108918452662
16.80985277425364 -18.76932058189119
17.70599351226899 -18.777565837125497
18.64990791214297 -18.784946385666096
19.644142809066278 -18.791553826021957
20.6913808111479 -18.797470503485446
21.794447537529855 -18.802770325812478
22.956319242369098 -18.80751953822969
24.180130845257207 -18.811777453459214
25.4691843897454 -18.815597134292513
26.826957952797258 -18.819026026275104
28.257115029208283 -18.8221065411365
29.76351441631318 -18.82487659080243
31.350220625651154 -18.827370074443593
33.02151484968176 -18.829617320278377
34.7819065131413 -18.831645484812057
36.63614544020716 -18.83347891262147
38.58923467029903 -18.835139460264344
40.646443957096295 -18.83664678664084
42.81332398719393 -18.83801861376496
45.095721356761466 -18.839270960576048
47.499794346614124 -18.84041835284301
50.03202953826004 -18.84147401203642
52.699259315756564 -18.842450025231464
55.50868030059805 -18.843357499016356
58.467872769375894 -18.84420669898928
61.58482110660264 -18.845007177181586
64.86793534788511 -18.845767888911496
68.32607387157402 -18.846497301030364
71.96856730011521 -18.84720349268977
75.8052436755926 -18.84789425013466
79.84645497739086 -18.848577157011945
84.10310505352605 -18.849259680926277
88.58667904100822 -18.849949257679075
93.30927435461668 -18.85065337399533
98.28363332770026 -18.851379649919608
103.52317759307378 -18.852135921563193
109.04204429677526 -18.852930325345078
114.8551242423938 -18.853771384417083
120.97810206889012 -18.854668098247366
127.42749857031335 -18.855630036200527
134.2207152716012 -18.856667435936576
141.37608138073614 -18.857791307574313
148.91290324394086 -18.859013544257117
156.85151643735477 -18.86034704029488
165.213340635737 -18.86180581745471
174.0209374062485 -18.86340516032907
183.29807108324357 -18.865161761639136
193.06977288832496 -18.86709387814645
203.36240846866724 -18.869221497946594
214.2037490358383 -18.871566519708523
225.62304629706352 -18.874152944385635
237.65111138110728 -18.877007079677124
250.32039797173255 -18.880157757334317
263.6650898730358 -18.883636563133745
277.7211932429355 -18.88747807888184
292.5266337436645 -18.891720135390255
308.1213588714002 -18.89640407476192
324.54744574113323 -18.901575019619216
341.84921461759274 -18.907282145900407
360.073348498562 -18.91357895491627
379.26901907322497 -18.92052353899389
399.48801939541704 -18.928178833545054
420.78490362974026 -18.936612846721637
443.21713424760856 -18.94589885568631
466.84523707037897 -18.956115556586383
491.73296457790156 -18.967347152513906
517.9474679231213 -18.979683361526572
545.5594781168514 -18.99321932377639
574.6434968715973 -19.00805538431615
605.2779976193349 -19.024296725626403
637.5456372456507 -19.042052821719626
671.5334791115142 -19.06143668439864
707.3332279644438 -19.082563871852017
745.0414773728917 -19.105551230721794
784.7599703514607 -19.130515346004053
826.5958738801812 -19.157570678198518
870.6620680585127 -19.18682737573037
917.0774506742931 -19.218388761861785
965.9672580093833 -19.252348510721024
1017.4634027476063 -19.28878754548807
1071.7048298967104 -19.327770713974704
1128.8378916846884 -19.36934332130662
1189.01674244199 -19.41352762535423
1252.4037545350732 -19.460319426031514
1319.1699564735716 -19.509684902404622
1389.4954943731375 -19.56155786890543
1463.5701180190797 -19.615837630864824
1541.5936928422718 -19.672387617848127
1623.776739188721 -19.731034957697844
1710.3410003378397 -19.79157112463141
1801.520040802024 -19.85375375035451
1897.5598765218504 -19.91730963024973
1998.7196386572507 -19.98193889050659
2105.272272765707 -20.047320211475302
2217.505275253932 -20.113116934004633
2335.7214690901214 -20.178983815017453
2460.239820869775 -20.244574152697233
2591.3963014396572 -20.3095469749192
2729.5447924020073 -20.373573979901465
2875.0580409448803 -20.436345936138387
3028.3286655749457 -20.497578287253354
3189.7702154663216 -20.55701576271833
3359.818286283781 -20.614435861417807
3538.9316954909877 -20.669651145604135
3727.593720314938 -20.722510351363624
3926.3134017068355 -20.772898382959056
4135.626917817706 -20.820735308101717
4356.099030694608 -20.865974506902628
4588.324610100844 -20.90860014836384
4832.930238571752 -20.948624175426744
5090.575902036681 -20.98608297458963
5361.956770568817 -21.02103389193182
5647.805074067552 -21.05355173627553
5948.892077934331 -21.083725385682808
6266.030164072656 -21.11165458734567
6600.075022827095 -21.137447015769606
6951.927961775606 -21.16121563091033
7322.538337604534 -21.18307635784919
7712.906117627992 -21.203146093077656
8124.0845778629655 -21.221541029496073
8557.183144940002 -21.238375282615888
9013.37038951743 -21.253759794107786
9493.87717927582 -21.26780148481729
10000.0 -21.28060262763244
10533.104453709382 -21.292260410455526
11094.628943275218 -21.302866660550094
11686.088553466498 -21.312507703260984
12309.079138896019 -21.321264330698547
12965.281629896688 -21.32921185839003
13656.466567946096 -21.336420250656506
14384.498882876629 -21.342954298236954
15151.342924760515 -21.34887383404211
15959.06776404731 -21.35423397526381
16809.852774253653 -21.359085382238725
17705.99351226898 -21.363474526126076
18649.907912142942 -21.367443959216594
19644.142809066267 -21.371032582935552
20691.3808111479 -21.374275909808084
21794.447537529835 -21.377206316606873
22956.319242369096 -21.379853286673267
24180.13084525718 -21.382243640109195
25469.184389745402 -21.38440175096678
26826.957952797275 -21.38634975106215
28257.115029208268 -21.388107720265033
29763.51441631313 -21.3896938635014
31350.220625651124 -21.391124674712035
33021.51484968176 -21.39241508832915
34781.90651314134 -21.39357861875655
36636.14544020716 -21.394627488520165
38589.23467029899 -21.395572745739734
40646.44395709628 -21.39642437160347
42813.32398719396 -21.39719137849342
45095.721356761445 -21.39788189943106
47499.79434661403 -21.39850326950065
50032.029538259994 -21.399062099830758
52699.259315756564 -21.399564344737115
55508.680300598106 -21.400015362553205
58467.87276937589 -21.40041997068851
61584.82110660255 -21.40078249534564
64867.935347885075 -21.401106816371186
68326.07387157406 -21.40139640765364
71968.56730011514 -21.401654373388304
75805.24367559262 -21.401883480591298
79846.45497739078 -21.40208618819241
84103.10505352604 -21.40226467288819
88586.67904100832 -21.402420852146022
93309.27435461663 -21.40255640445535
98283.63332770011 -21.402672787097693
103523.17759307378 -21.402771251607284
109042.04429677526 -21.40285285705024
114855.12424239368 -21.40291848127385
120978.10206889013 -21.402968830236443
127427.49857031321 -21.403004445509303
134220.7152716012 -21.403025710051615
141376.08138073614 -21.403032852226815
148912.90324394088 -21.40302594826864
156851.5164373548 -21.403004923026007
165213.34063573685 -21.40296954913878
174020.9374062485 -21.402919444577385
183298.07108324338 -21.40285406850321
193069.77288832495 -21.402772715451
203362.40846866704 -21.40267450772994
214203.74903583832 -21.402558385979326
225623.04629706353 -21.402423097799115
237651.11138110727 -21.402267184283442
250320.39797173254 -21.402088964364193
263665.08987303555 -21.40188651677318
277721.1932429355 -21.401657659453463
292526.6337436642 -21.401399926166683
308121.35887140024 -21.40111054010511
324547.44574113254 -21.400786384188557
341849.21461759275 -21.4004239677484
360073.348498562 -21.40001938928009
379269.0190732246 -21.399568294845956
399488.019395417 -21.39906583173203
420784.9036297398 -21.398506596825342
443217.13424760854 -21.39788457932567
466845.2370703785 -21.39719309704139
491732.9645779016 -21.39642472576204
517947.46792312124 -21.395571220965213
545559.4781168514 -21.39462343109947
574643.4968715974 -21.39357120158266
605277.9976193343 -21.39240326865924
637545.6372456506 -21.391107142051954
671533.4791115135 -21.389668975351498
707333.2279644439 -21.388073423012294
745041.4773728917 -21.386303482584555
784759.9703514606 -21.384340320929365
826595.8738801812 -21.382163082877412
870662.0680585118 -21.37974868079446
917077.4506742931 -21.377071563420674
965967.2580093823 -21.374103462211913
1017463.4027476063 -21.37081311338541
1071704.8298967092 -21.367165953828028
1128837.8916846884 -21.363123788898825
1189016.74244199 -21.3586444302896
1252403.7545350718 -21.35368130203785
1319169.9564735717 -21.348183012944602
1389495.494373136 -21.34209289379404
1463570.1180190798 -21.335348498059716
1541593.6928422702 -21.327881065115992
1623776.739188721 -21.319614945539684
1710341.0003378377 -21.310466988745578
1801520.0408020238 -21.300345894095685
1897559.8765218505 -21.2891515278018
1998719.6386572486 -21.276774209375276
2105272.272765707 -21.26309397315831
2217505.2752539297 -21.247979812718604
2335721.4690901213 -21.231288918551495
2460239.8208697727 -21.212865922683932
2591396.3014396573 -21.192542167640113
2729544.792402007 -21.17013502153577
2875058.040944877 -21.145447266185183
3028328.6655749455 -21.11826659078087
3189770.215466318 -21.088365230007355
3359818.286283781 -21.055499792374334
3538931.6954909842 -21.019411331666085
3727593.720314938 -20.979825721781594
3926313.4017068394 -20.936454402308122
4135626.917817706 -20.888995568325917
4356099.030694608 -20.837135882945862
4588324.61010084 -20.780552793484915
4832930.238571752 -20.71891753152505
5090575.902036676 -20.651898871989125
5361956.770568817 -20.579167715549204
5647805.074067546 -20.50040254096704
5948892.077934331 -20.415295748257574
6266030.164072656 -20.323560878835423
6600075.022827089 -20.224940654811153
6951927.961775606 -20.119215726617266
7322538.337604526 -20.00621395741703
7712906.117627992 -19.885820006808185
8124084.5778629575 -19.757984908879124
8557183.144940002 -19.622735275752884
9013370.38951742 -19.480181703611283
9493877.17927582 -19.330525920661383
10000000.0 -19.17406620254831
10533104.45370936 -19.01120059668072
11094628.943275219 -18.842427547167354
11686088.553466497 -18.668343598613085
12309079.138896018 -18.489637978137978
12965281.629896663 -18.307084005358107
13656466.567946097 -18.121527450290824
14384498.882876629 -17.93387213670496
15151342.924760515 -17.74506325868133
15959067.76404731 -17.556069025883545
16809852.774253618 -17.367861364394116
17705993.51226898 -17.18139646407488
18649907.912142944 -16.997595973923605
19644142.809066266 -16.817329602707886
20691380.811147902 -16.641399787747567
21794447.537529834 -16.470528959311757
22956319.242369097 -16.30534976467808
24180130.84525718 -16.14639843931855
25469184.3897454 -15.994111338049688
26826957.95279722 -15.848824479750562
28257115.02920827 -15.710775826135524
29763514.41631313 -15.58010991497557
31350220.62565112 -15.456884404133888
33021514.849681754 -15.34107805419066
34781906.51314127 -15.232599680659742
36636145.44020716 -15.131297636143483
38589234.67029899 -15.036969431441383
40646443.95709628 -14.949371165598095
42813323.98719387 -14.868226501634862
45095721.35676145 -14.793234991773554
47499794.346614026 -14.724079618992825
50032029.53825999 -14.660433477933786
52699259.31575657 -14.601965565659135
55508680.300597996 -14.54834569101779
58467872.7693759 -14.49924854042851
61584821.10660254 -14.45435695854024
64867935.34788508 -14.413364515518392
68326073.87157391 -14.375977439819025
71968567.30011514 -14.341915997597386
75805243.67559262 -14.310915398441589
79846454.97739078 -14.282726303058354
84103105.05352604 -14.257115002746193
88586679.04100814 -14.233863333630985
93309274.35461664 -14.212768381420338
98283633.32770011 -14.193642025113055
103523177.59307377 -14.176310361114249
109042044.29677527 -14.160613042632965
114855124.24239345 -14.14640256336202
120978102.06889038 -14.13354350904565
127427498.57031322 -14.121911795977626
134220715.2716012 -14.111393911407424
141376081.38073614 -14.101886167460972
148912903.24394056 -14.093293977286452
156851516.43735445 -14.08553115976613
165213340.63573685 -14.07851927721386
174020937.40624848 -14.072187008817503
183298071.08324376 -14.066469561479222
193069772.88832456 -14.061308118505217
203362408.46866703 -14.05664932604642
214203749.0358383 -14.052444816434548
225623046.2970626 -14.04865076727512
237651111.38110778 -14.045227494748557
250320397.97173202 -14.042139079390479
263665089.87303555 -14.039353022591294
277721193.2429355 -14.036839931855724
292526633.74366355 -14.03457323292012
308121358.87140083 -14.032528906847954
324547445.74113256 -14.030685250257841
341849214.6175927 -14.029022656984143
360073348.49856204 -14.027523419343495
379269019.0732238 -14.026171547516231
399488019.39541787 -14.024952605482943
420784903.6297398 -14.023853562183607
443217134.24760854 -14.022862656526984
466845237.07037944 -14.021969274963194
491732964.5779006 -14.021163840702988
517947467.9231202 -14.020437713438614
545559478.1168514 -14.019783098349922
574643496.8715974 -14.019192964109216
605277997.6193355 -14.018660968633812
637545637.2456493 -14.018181391810637
671533479.1115135 -14.017749074933036
707333227.9644439 -14.017359365718054
745041477.3728887 -14.017008069122998
784759970.3514622 -14.0166914020799
826595873.8801795 -14.016405953717374
870662068.0585117 -14.016148648432909
917077450.674293 -14.015916713535912
965967258.0093802 -14.015707648704257
1017463402.7476043 -14.015519200051983
1071704829.8967092 -14.01534933567245
1128837891.6846883 -14.015196223400004
1189016742.44199 -14.01505821206369
1252403754.5350692 -14.014933812504458
1319169956.473569 -14.014821682825078
1389495494.373136 -14.014720613047364
1463570118.0190797 -14.014629512614
1541593692.8422735 -14.014547398074681
1623776739.1887176 -14.01447338401258
1710341000.337838 -14.014406671042783
1801520040.802024 -14.014346538837072
1897559876.5218503 -14.014292338711108
1998719638.6572526 -14.014243485702252
2105272272.7657027 -14.014199451152692
2217505275.2539296 -14.014159761698046
2335721469.0901213 -14.014123987143437
2460239820.8697777 -14.014091741995065
2591396301.439652 -14.014062678415794
2729544792.402002 -14.014036482026542
2875058040.944877 -14.014012870155879
3028328665.5749454 -14.013991586645854
3189770215.466325 -14.0139724046232
3359818286.2837744 -14.01395511301583
3538931695.4909844 -14.013939528556254
3727593720.314938 -14.013925481782316
3926313401.7068396 -14.013912820234376
4135626917.8176975 -14.013901410234
4356099030.694599 -14.01389112323659
4588324610.100841 -14.013881852880237
4832930238.571753 -14.013873495930383
5090575902.036687 -14.013865964137928
5361956770.568806 -14.013859175487566
5647805074.067546 -14.013853056294202
5948892077.934331 -14.013847538103972
6266030164.072656 -14.013842566295356
6600075022.827075 -14.013838088116383
6951927961.775591 -14.013834047912965
7322538337.6045265 -14.01383040829696
7712906117.627993 -14.013827127366568
8124084577.862974 -14.013824167130869
8557183144.939984 -14.01382151392869
9013370389.51742 -14.013819102107012
9493877179.27582 -14.01381693731518
10000000000.0 -14.013814987589788
10.0 -18.61079324112098
10.53310445370937 -18.63538424144912
11.094628943275218 -18.657493416576322
11.686088553466515 -18.67735263693816
12.309079138896024 -18.695176101879976
12.965281629896682 -18.711161024749128
13.65646656794611 -18.72548839000654
14.38449888287663 -18.738323767089234
15.15134292476053 -18.74981816553573
15.95906776404731 -18.760108918452662
16.80985277425364 -18.76932058189119
17.70599351226899 -18.777565837125497
18.64990791214297 -18.784946385666096
19.644142809066278 -18.791553826021957
20.6913808111479 -18.797470503485446
21.794447537529855 -18.802770325812478
22.956319242369098 -18.80751953822969
24.180130845257207 -18.811777453459214
25.4691843897454 -18.815597134292513
26.826957952797258 -18.819026026275104
28.257115029208283 -18.8221065411365
29.76351441631318 -18.82487659080243
31.350220625651154 -18.827370074443593
33.02151484968176 -18.829617320278377
34.7819065131413 -18.831645484812057
36.63614544020716 -18.83347891262147
38.58923467029903 -18.835139460264344
40.646443957096295 -18.83664678664084
42.81332398719393 -18.83801861376496
45.095721356761466 -18.839270960576048
47.499794346614124 -18.84041835284301
50.03202953826004 -18.84147401203642
52.699259315756564 -18.842450025231464
55.50868030059805 -18.843357499016356
58.467872769375894 -18.84420669898928
61.58482110660264 -18.845007177181586
64.86793534788511 -18.845767888911496
68.32607387157402 -18.846497301030364
71.96856730011521 -18.84720349268977
75.8052436755926 -18.84789425013466
79.84645497739086 -18.848577157011945
84.10310505352605 -18.849259680926277
88.58667904100822 -18.849949257679075
93.30927435461668 -18.85065337399533
98.28363332770026 -18.851379649919608
103.52317759307378 -18.852135921563193
109.04204429677526 -18.852930325345078
114.8551242423938 -18.853771384417083
120.97810206889012 -18.854668098247366
127.42749857031335 -18.855630036200527
134.2207152716012 -18.856667435936576
141.37608138073614 -18.857791307574313
148.91290324394086 -18.859013544257117
156.85151643735477 -18.86034704029488
165.213340635737 -18.86180581745471
174.0209374062485 -18.86340516032907
183.29807108324357 -18.865161761639136
193.06977288832496 -18.86709387814645
203.36240846866724 -18.869221497946594
214.2037490358383 -18.871566519708523
225.62304629706352 -18.874152944385635
237.65111138110728 -18.877007079677124
250.32039797173255 -18.880157757334317
263.6650898730358 -18.883636563133745
277.7211932429355 -18.88747807888184
292.5266337436645 -18.891720135390255
308.1213588714002 -18.89640407476192
324.54744574113323 -18.901575019619216
341.84921461759274 -18.907282145900407
360.073348498562 -18.91357895491627
379.26901907322497 -18.92052353899389
399.48801939541704 -18.928178833545054
420.78490362974026 -18.936612846721637
443.21713424760856 -18.94589885568631
466.84523707037897 -18.956115556586383
491.73296457790156 -18.967347152513906
517.9474679231213 -18.979683361526572
545.5594781168514 -18.99321932377639
574.6434968715973 -19.00805538431615
605.2779976193349 -19.024296725626403
637.5456372456507 -19.042052821719626
671.5334791115142 -19.06143668439864
707.3332279644438 -19.082563871852017
745.0414773728917 -19.105551230721794
784.7599703514607 -19.130515346004053
826.5958738801812 -19.157570678198518
870.6620680585127 -19.18682737573037
917.0774506742931 -19.218388761861785
965.9672580093833 -19.252348510721024
1017.4634027476063 -19.28878754548807
1071.7048298967104 -19.327770713974704
1128.8378916846884 -19.36934332130662
1189.01674244199 -19.41352762535423
1252.4037545350732 -19.460319426031514
1319.1699564735716 -19.509684902404622
1389.4954943731375 -19.56155786890543
1463.5701180190797 -19.615837630864824
1541.5936928422718 -19.672387617848127
1623.776739188721 -19.731034957697844
1710.3410003378397 -19.79157112463141
1801.520040802024 -19.85375375035451
1897.5598765218504 -19.91730963024973
1998.7196386572507 -19.98193889050659
2105.272272765707 -20.047320211475302
2217.505275253932 -20.113116934004633
2335.7214690901214 -20.178983815017453
2460.239820869775 -20.244574152697233
2591.3963014396572 -20.3095469749192
2729.5447924020073 -20.373573979901465
2875.0580409448803 -20.436345936138387
3028.3286655749457 -20.497578287253354
3189.7702154663216 -20.55701576271833
3359.818286283781 -20.614435861417807
3538.9316954909877 -20.669651145604135
3727.593720314938 -20.722510351363624
3926.3134017068355 -20.772898382959056
4135.626917817706 -20.820735308101717
4356.099030694608 -20.865974506902628
4588.324610100844 -20.90860014836384
4832.930238571752 -20.948624175426744
5090.575902036681 -20.98608297458963
5361.956770568817 -21.02103389193182
5647.805074067552 -21.05355173627553
5948.892077934331 -21.083725385682808
6266.030164072656 -21.11165458734567
6600.075022827095 -21.137447015769606
6951.927961775606 -21.16121563091033
7322.538337604534 -21.18307635784919
7712.906117627992 -21.203146093077656
8124.0845778629655 -21.221541029496073
8557.183144940002 -21.238375282615888
9013.37038951743 -21.253759794107786
9493.87717927582 -21.26780148481729
10000.0 -21.28060262763244
10533.104453709382 -21.292260410455526
11094.628943275218 -21.302866660550094
11686.088553466498 -21.312507703260984
12309.079138896019 -21.321264330698547
12965.281629896688 -21.32921185839003
13656.466567946096 -21.336420250656506
14384.498882876629 -21.342954298236954
15151.342924760515 -21.34887383404211
15959.06776404731 -21.35423397526381
16809.852774253653 -21.359085382238725
17705.99351226898 -21.363474526126076
18649.907912142942 -21.367443959216594
19644.142809066267 -21.371032582935552
20691.3808111479 -21.374275909808084
21794.447537529835 -21.377206316606873
22956.319242369096 -21.379853286673267
24180.13084525718 -21.382243640109195
25469.184389745402 -21.38440175096678
26826.957952797275 -21.38634975106215
28257.115029208268 -21.388107720265033
29763.51441631313 -21.3896938635014
31350.220625651124 -21.391124674712035
33021.51484968176 -21.39241508832915
34781.90651314134 -21.39357861875655
36636.14544020716 -21.394627488520165
38589.23467029899 -21.395572745739734
40646.44395709628 -21.39642437160347
42813.32398719396 -21.39719137849342
45095.721356761445 -21.39788189943106
47499.79434661403 -21.39850326950065
50032.029538259994 -21.399062099830758
52699.259315756564 -21.399564344737115
55508.680300598106 -21.400015362553205
58467.87276937589 -21.40041997068851
61584.82110660255 -21.40078249534564
64867.935347885075 -21.401106816371186
68326.07387157406 -21.40139640765364
71968.56730011514 -21.401654373388304
75805.24367559262 -21.401883480591298
79846.45497739078 -21.40208618819241
84103.10505352604 -21.40226467288819
88586.67904100832 -21.402420852146022
93309.27435461663 -21.40255640445535
98283.63332770011 -21.402672787097693
103523.17759307378 -21.402771251607284
109042.04429677526 -21.40285285705024
114855.12424239368 -21.40291848127385
120978.10206889013 -21.402968830236443
127427.49857031321 -21.403004445509303
134220.7152716012 -21.403025710051615
141376.08138073614 -21.403032852226815
148912.90324394088 -21.40302594826864
156851.5164373548 -21.403004923026007
165213.34063573685 -21.40296954913878
174020.9374062485 -21.402919444577385
183298.07108324338 -21.40285406850321
193069.77288832495 -21.402772715451
203362.40846866704 -21.40267450772994
214203.74903583832 -21.402558385979326
225623.04629706353 -21.402423097799115
237651.11138110727 -21.402267184283442
250320.39797173254 -21.402088964364193
263665.08987303555 -21.40188651677318
277721.1932429355 -21.401657659453463
292526.6337436642 -21.401399926166683
308121.35887140024 -21.40111054010511
324547.44574113254 -21.400786384188557
341849.21461759275 -21.4004239677484
360073.348498562 -21.40001938928009
379269.0190732246 -21.399568294845956
399488.019395417 -21.39906583173203
420784.9036297398 -21.398506596825342
443217.13424760854 -21.39788457932567
466845.2370703785 -21.39719309704139
491732.9645779016 -21.39642472576204
517947.46792312124 -21.395571220965213
545559.4781168514 -21.39462343109947
574643.4968715974 -21.39357120158266
605277.9976193343 -21.39240326865924
637545.6372456506 -21.391107142051954
671533.4791115135 -21.389668975351498
707333.2279644439 -21.388073423012294
745041.4773728917 -21.386303482584555
784759.9703514606 -21.384340320929365
826595.8738801812 -21.382163082877412
870662.0680585118 -21.37974868079446
917077.4506742931 -21.377071563420674
965967.2580093823 -21.374103462211913
1017463.4027476063 -21.37081311338541
1071704.8298967092 -21.367165953828028
1128837.8916846884 -21.363123788898825
1189016.74244199 -21.3586444302896
1252403.7545350718 -21.35368130203785
1319169.9564735717 -21.348183012944602
1389495.494373136 -21.34209289379404
1463570.1180190798 -21.335348498059716
1541593.6928422702 -21.327881065115992
1623776.739188721 -21.319614945539684
1710341.0003378377 -21.310466988745578
1801520.0408020238 -21.300345894095685
1897559.8765218505 -21.2891515278018
1998719.6386572486 -21.276774209375276
2105272.272765707 -21.26309397315831
2217505.2752539297 -21.247979812718604
2335721.4690901213 -21.231288918551495
2460239.8208697727 -21.212865922683932
2591396.3014396573 -21.192542167640113
2729544.792402007 -21.17013502153577
2875058.040944877 -21.145447266185183
3028328.6655749455 -21.11826659078087
3189770.215466318 -21.088365230007355
3359818.286283781 -21.055499792374334
3538931.6954909842 -21.019411331666085
3727593.720314938 -20.979825721781594
3926313.4017068394 -20.936454402308122
4135626.917817706 -20.888995568325917
4356099.030694608 -20.837135882945862
4588324.61010084 -20.780552793484915
4832930.238571752 -20.71891753152505
5090575.902036676 -20.651898871989125
5361956.770568817 -20.579167715549204
5647805.074067546 -20.50040254096704
5948892.077934331 -20.415295748257574
6266030.164072656 -20.323560878835423
6600075.022827089 -20.224940654811153
6951927.961775606 -20.119215726617266
7322538.337604526 -20.00621395741703
7712906.117627992 -19.885820006808185
8124084.5778629575 -19.757984908879124
8557183.144940002 -19.622735275752884
9013370.38951742 -19.480181703611283
9493877.17927582 -19.330525920661383
10000000.0 -19.17406620254831
10533104.45370936 -19.01120059668072
11094628.943275219 -18.842427547167354
11686088.553466497 -18.668343598613085
12309079.138896018 -18.489637978137978
12965281.629896663 -18.307084005358107
13656466.567946097 -18.121527450290824
14384498.882876629 -17.93387213670496
15151342.924760515 -17.74506325868133
15959067.76404731 -17.556069025883545
16809852.774253618 -17.367861364394116
17705993.51226898 -17.18139646407488
18649907.912142944 -16.997595973923605
19644142.809066266 -16.817329602707886
20691380.811147902 -16.641399787747567
21794447.537529834 -16.470528959311757
22956319.242369097 -16.30534976467808
24180130.84525718 -16.14639843931855
25469184.3897454 -15.994111338049688
26826957.95279722 -15.848824479750562
28257115.02920827 -15.710775826135524
29763514.41631313 -15.58010991497557
31350220.62565112 -15.456884404133888
33021514.849681754 -15.34107805419066
34781906.51314127 -15.232599680659742
36636145.44020716 -15.131297636143483
38589234.67029899 -15.036969431441383
40646443.95709628 -14.949371165598095
42813323.98719387 -14.868226501634862
45095721.35676145 -14.793234991773554
47499794.346614026 -14.724079618992825
50032029.53825999 -14.660433477933786
52699259.31575657 -14.601965565659135
55508680.300597996 -14.54834569101779
58467872.7693759 -14.49924854042851
61584821.10660254 -14.45435695854024
64867935.34788508 -14.413364515518392
68326073.87157391 -14.375977439819025
71968567.30011514 -14.341915997597386
75805243.67559262 -14.310915398441589
79846454.97739078 -14.282726303058354
84103105.05352604 -14.257115002746193
88586679.04100814 -14.233863333630985
93309274.35461664 -14.212768381420338
98283633.32770011 -14.193642025113055
103523177.59307377 -14.176310361114249
109042044.29677527 -14.160613042632965
114855124.24239345 -14.14640256336202
120978102.06889038 -14.13354350904565
127427498.57031322 -14.121911795977626
134220715.2716012 -14.111393911407424
141376081.38073614 -14.101886167460972
148912903.24394056 -14.093293977286452
156851516.43735445 -14.08553115976613
165213340.63573685 -14.07851927721386
174020937.40624848 -14.072187008817503
183298071.08324376 -14.066469561479222
193069772.88832456 -14.061308118505217
203362408.46866703 -14.05664932604642
214203749.0358383 -14.052444816434548
225623046.2970626 -14.04865076727512
237651111.38110778 -14.045227494748557
250320397.97173202 -14.042139079390479
263665089.87303555 -14.039353022591294
277721193.2429355 -14.036839931855724
292526633.74366355 -14.03457323292012
308121358.87140083 -14.032528906847954
324547445.74113256 -14.030685250257841
341849214.6175927 -14.029022656984143
360073348.49856204 -14.027523419343495
379269019.0732238 -14.026171547516231
399488019.39541787 -14.024952605482943
420784903.6297398 -14.023853562183607
443217134.24760854 -14.022862656526984
466845237.07037944 -14.021969274963194
491732964.5779006 -14.021163840702988
517947467.9231202 -14.020437713438614
545559478.1168514 -14.019783098349922
574643496.8715974 -14.019192964109216
605277997.6193355 -14.018660968633812
637545637.2456493 -14.018181391810637
671533479.1115135 -14.017749074933036
707333227.9644439 -14.017359365718054
745041477.3728887 -14.017008069122998
784759970.3514622 -14.0166914020799
826595873.8801795 -14.016405953717374
870662068.0585117 -14.016148648432909
917077450.674293 -14.015916713535912
965967258.0093802 -14.015707648704257
1017463402.7476043 -14.015519200051983
1071704829.8967092 -14.01534933567245
1128837891.6846883 -14.015196223400004
1189016742.44199 -14.01505821206369
1252403754.5350692 -14.014933812504458
1319169956.473569 -14.014821682825078
1389495494.373136 -14.014720613047364
1463570118.0190797 -14.014629512614
1541593692.8422735 -14.014547398074681
1623776739.1887176 -14.01447338401258
1710341000.337838 -14.014406671042783
1801520040.802024 -14.014346538837072
1897559876.5218503 -14.014292338711108
1998719638.6572526 -14.014243485702252
2105272272.7657027 -14.014199451152692
2217505275.2539296 -14.014159761698046
2335721469.0901213 -14.014123987143437
2460239820.8697777 -14.014091741995065
2591396301.439652 -14.014062678415794
2729544792.402002 -14.014036482026542
2875058040.944877 -14.014012870155879
3028328665.5749454 -14.013991586645854
3189770215.466325 -14.0139724046232
3359818286.2837744 -14.01395511301583
3538931695.4909844 -14.013939528556254
3727593720.314938 -14.013925481782316
3926313401.7068396 -14.013912820234376
4135626917.8176975 -14.013901410234
4356099030.694599 -14.01389112323659
4588324610.100841 -14.013881852880237
4832930238.571753 -14.013873495930383
5090575902.036687 -14.013865964137928
5361956770.568806 -14.013859175487566
5647805074.067546 -14.013853056294202
5948892077.934331 -14.013847538103972
6266030164.072656 -14.013842566295356
6600075022.827075 -14.013838088116383
6951927961.775591 -14.013834047912965
7322538337.6045265 -14.01383040829696
7712906117.627993 -14.013827127366568
8124084577.862974 -14.013824167130869
8557183144.939984 -14.01382151392869
9013370389.51742 -14.013819102107012
9493877179.27582 -14.01381693731518
10000000000.0 -14.013814987589788
