10.0 -17.190852773437438
10.53310445370937 -17.105315594567326
11.094628943275218 -17.012345965520893
11.686088553466515 -16.911476331007034
12.309079138896024 -16.802240214349574
12.965281629896682 -16.68417765898629
13.65646656794611 -16.5568411840481
14.38449888287663 -16.41980212557946
15.15134292476053 -16.272657231685457
15.95906776404731 -16.115035324882403
16.80985277425364 -15.946603828672947
17.70599351226899 -15.767074932095467
18.64990791214297 -15.576211167872053
19.644142809066278 -15.373830191806698
20.6913808111479 -15.159808553236617
21.794447537529855 -14.934084295362373
22.956319242369098 -14.696658278506332
24.180130845257207 -14.447594169786907
25.4691843897454 -14.187017073140035
26.826957952797258 -13.91511089732905
28.257115029208283 -13.632114553912535
29.76351441631318 -13.338317158404964
31.350220625651154 -13.034052427557572
33.02151484968176 -12.719692506601955
34.7819065131413 -12.395641431134234
36.63614544020716 -12.062328466744477
38.58923467029903 -11.720201518725224
40.646443957096295 -11.369720800180927
42.81332398719393 -11.011352887180873
45.095721356761466 -10.645565295852313
47.499794346614124 -10.272821637606498
50.03202953826004 -9.893577428058896
52.699259315756564 -9.508276509397753
55.50868030059805 -9.117348155136288
58.467872769375894 -8.721204750598831
61.58482110660264 -8.32024007071267
64.86793534788511 -7.914828045132662
68.32607387157402 -7.505322012014438
71.96856730011521 -7.0920543407413295
75.8052436755926 -6.675336411488457
79.84645497739086 -6.2554588559610815
84.10310505352605 -5.832692044359712
88.58667904100822 -5.40728672344931
93.30927435461668 -4.9794748184486
98.28363332770026 -4.549470294914727
103.52317759307378 -4.117470121732821
109.04204429677526 -3.68365524393047
114.8551242423938 -3.2481915798630006
120.97810206889012 -2.8112310170020196
127.42749857031335 -2.3729123952412863
134.2207152716012 -1.933362441728653
141.37608138073614 -1.4926966940271489
148.91290324394086 -1.0510203707606733
156.85151643735477 -0.6084291984289817
165.213340635737 -0.1650101792016288
174.0209374062485 0.2791576700961247
183.29807108324357 0.7240026361365657
193.06977288832496 1.1694596906461014
203.36240846866724 1.6154698849793463
214.2037490358383 2.06197982778874
225.62304629706352 2.5089411721095596
237.65111138110728 2.9563101640945333
250.32039797173255 3.4040472259553827
263.6650898730358 3.8521165584230084
277.7211932429355 4.300485801898278
292.5266337436645 4.749125713348729
308.1213588714002 5.198009867556888
324.54744574113323 5.647114395382391
341.84921461759274 6.0964177389809375
360.073348498562 6.545900433002721
379.26901907322497 6.995544905058754
399.48801939541704 7.445335294645576
420.78490362974026 7.895257287812596
443.21713424760856 8.345297962992463
466.84523707037897 8.795445667801008
491.73296457790156 9.24568988101128
517.9474679231213 9.696021121942554
545.5594781168514 10.146430827957174
574.6434968715973 10.59691128438516
605.2779976193349 11.04745552941247
637.5456372456507 11.498057284460403
671.5334791115142 11.948710889074079
707.3332279644438 12.399411234308232
745.0414773728917 12.850153720879582
784.7599703514607 13.300934195104794
826.5958738801812 13.751748915776743
870.6620680585127 14.202594509942097
917.0774506742931 14.653467932792521
965.9672580093833 15.104366441125736
1017.4634027476063 15.555287565541121
1071.7048298967104 16.006229074946262
1128.8378916846884 16.45718895762948
1189.01674244199 16.908165404447473
1252.4037545350732 17.359156781414278
1319.1699564735716 17.810161617323292
1389.4954943731375 18.26117858368302
1463.5701180190797 18.712206484620314
1541.5936928422718 19.163244241707638
1623.776739188721 19.61429088357058
1710.3410003378397 20.06534553300726
1801.520040802024 20.516407402059826
1897.5598765218504 20.967475774845
1998.7196386572507 21.418550013406893
2105.272272765707 21.869629536968414
2217.505275253932 22.320713825934206
2335.7214690901214 22.7718024094246
2460.239820869775 23.22289486311189
2591.3963014396572 23.673990806105234
2729.5447924020073 24.125089893403803
2875.0580409448803 24.5761918175274
3028.3286655749457 25.027296294384655
3189.7702154663216 25.478403073804543
3359.818286283781 25.929511930278775
3538.9316954909877 26.38062265644074
3727.593720314938 26.831735070708227
3926.3134017068355 27.282849004680312
4135.626917817706 27.73396430706729
4356.099030694608 28.18508084522946
4588.324610100844 28.63619849602855
4832.930238571752 29.087317151016485
5090.575902036681 29.5384367093568
5361.956770568817 29.98955708314625
5647.805074067552 30.44067819117459
5948.892077934331 30.891799963457473
6266.030164072656 31.342922328305956
6600.075022827095 31.79404523318115
6951.927961775606 32.24516862587042
7322.538337604534 32.69629245212807
7712.906117627992 33.147416671258064
8124.0845778629655 33.598541248428184
8557.183144940002 34.0496661441687
9013.37038951743 34.500791328357884
9493.87717927582 34.951916773961344
10000.0 35.40304245258214
10533.104453709382 35.854168343705894
11094.628943275218 36.30529442061877
11686.088553466498 36.75642067463077
12309.079138896019 37.20754708080489
12965.281629896688 37.65867362782131
13656.466567946096 38.10980029913123
14384.498882876629 38.560927083204625
15151.342924760515 39.012053970305644
15959.06776404731 39.46318095055814
16809.852774253653 39.91430801157086
17705.99351226898 40.36543514893553
18649.907912142942 40.81656235230459
19644.142809066267 41.26768961863853
20691.3808111479 41.718816937628496
21794.447537529835 42.1699443070063
22956.319242369096 42.62107171838033
24180.13084525718 43.07219917389855
25469.184389745402 43.52332666175019
26826.957952797275 43.97445418428571
28257.115029208268 44.425581736296664
29763.51441631313 44.87670931399446
31350.220625651124 45.32783691674585
33021.51484968176 45.77896453890607
34781.90651314134 46.23009217951349
36636.14544020716 46.68121984104914
38589.23467029899 47.13234751686407
40646.44395709628 47.58347520598675
42813.32398719396 48.034602910029264
45095.721356761445 48.4857306235486
47499.79434661403 48.936858348208204
50032.029538259994 49.387986083295814
52699.259315756564 49.83911382329935
55508.680300598106 50.290241574804824
58467.87276937589 50.74136933156687
61584.82110660255 51.19249709660871
64867.935347885075 51.64362486286146
68326.07387157406 52.09475263770407
71968.56730011514 52.54588041523575
75805.24367559262 52.997008199248164
79846.45497739078 53.44813598510004
84103.10505352604 53.89926377311569
88586.67904100832 54.350391567053
93309.27435461663 54.801519360768445
98283.63332770011 55.25264715825471
103523.17759307378 55.70377495801638
109042.04429677526 56.15490275934032
114855.12424239368 56.60603056258041
120978.10206889013 57.057158367975745
127427.49857031321 57.50828617188624
134220.7152716012 57.959413980306955
141376.08138073614 58.41054179103382
148912.90324394088 58.86166959915205
156851.5164373548 59.31279741118495
165213.34063573685 59.76392522316452
174020.9374062485 60.215053036129184
183298.07108324338 60.66618084852504
193069.77288832495 61.11730866148858
203362.40846866704 61.56843647646629
214203.74903583832 62.01956429198696
225623.04629706353 62.4706921066312
237651.11138110727 62.92181992282867
250320.39797173254 63.37294773756685
263665.08987303555 63.82407555549828
277721.1932429355 64.27520337012139
292526.6337436642 64.7263311888936
308121.35887140024 65.17745900663269
324547.44574113254 65.62858682360272
341849.21461759275 66.0797146416576
360073.348498562 66.5308424580047
379269.0190732246 66.98197027656734
399488.019395417 67.43309809524445
420784.9036297398 67.88422591413797
443217.13424760854 68.33535373301392
466845.2370703785 68.7864815515409
491732.9645779016 69.23760936850401
517947.46792312124 69.6887371891975
545559.4781168514 70.13986500668696
574643.4968715974 70.59099282673264
605277.9976193343 71.04212064501414
637545.6372456506 71.49324846455167
671533.4791115135 71.94437628291433
707333.2279644439 72.39550410209405
745041.4773728917 72.84663192156606
784759.9703514606 73.29775974138043
826595.8738801812 73.74888756135243
870662.0680585118 74.20001538088869
917077.4506742931 74.6511431972841
965967.2580093823 75.10227101727958
1017463.4027476063 75.55339883630923
1071704.8298967092 76.00452665542355
1128837.8916846884 76.45565447614422
1189016.74244199 76.90678229475644
1252403.7545350718 77.35791011409815
1319169.9564735717 77.80903793288411
1389495.494373136 78.2601657534609
1463570.1180190798 78.7112935719111
1541593.6928422702 79.1624213935192
1623776.739188721 79.61354921171298
1710341.0003378377 80.06467703077087
1801520.0408020238 80.51580485061457
1897559.8765218505 80.96693266979932
1998719.6386572486 81.41806048892776
2105272.272765707 81.86918831011697
2217505.2752539297 82.32031612751362
2335721.4690901213 82.77144394772164
2460239.8208697727 83.22257176632124
2591396.3014396573 83.6736995881972
2729544.792402007 84.12482740641397
2875058.040944877 84.57595522628716
3028328.6655749455 85.02708304532041
3189770.215466318 85.47821086491923
3359818.286283781 85.9293386850181
3538931.6954909842 86.38046650501937
3727593.720314938 86.83159432332769
3926313.4017068394 87.28272214417615
4135626.917817706 87.73384996371033
4356099.030694608 88.18497778147812
4588324.61010084 88.63610560173493
4832930.238571752 89.0872334211253
5090575.902036676 89.53836124146508
5361956.770568817 89.98948906111804
5647805.074067546 90.44061688116427
5948892.077934331 90.89174470026936
6266030.164072656 91.34287251942881
6600075.022827089 91.79400033959267
6951927.961775606 92.24512815703143
7322538.337604526 92.69625597699546
7712906.117627992 93.14738379789674
8124084.5778629575 93.59851161799551
8557183.144940002 94.0496394371705
9013370.38951742 94.5007672559208
9493877.17927582 94.95189507662714
10000000.0 95.40302289581933
10533104.45370936 95.85415071482672
11094628.943275219 96.30527853199261
11686088.553466497 96.75640635378954
12309079.138896018 97.20753417314698
12965281.629896663 97.65866199227091
13656466.567946097 98.10978981168715
14384498.882876629 98.56091763087719
15151342.924760515 99.01204545134219
15959067.76404731 99.46317326947641
16809852.774253618 99.91430109255745
17705993.51226898 100.36542890825771
18649907.912142944 100.81655672874962
19644142.809066266 101.26768454900622
20691380.811147902 101.71881237010696
21794447.537529834 102.16994018883115
22956319.242369097 102.62106800784505
24180130.84525718 103.07219582643799
25469184.3897454 103.52332364238663
26826957.95279722 103.97445146959589
28257115.02920827 104.42557928652434
29763514.41631313 104.87670710831735
31350220.62565112 105.32783492559776
33021514.849681754 105.77896274070812
34781906.51314127 106.23009056689443
36636145.44020716 106.68121837923769
38589234.67029899 107.13234620469665
40646443.95709628 107.58347402367542
42813323.98719387 108.03460184335931
45095721.35676145 108.48572965335998
47499794.346614026 108.93685748359248
50032029.53825999 109.3879852943296
52699259.31575657 109.83911312793342
55508680.300597996 110.29024094689782
58467872.7693759 110.74136875526585
61584821.10660254 111.1924965761327
64867935.34788508 111.64362439378519
68326073.87157391 112.0947522258281
71968567.30011514 112.5458800373608
75805243.67559262 112.99700785197544
79846454.97739078 113.44813566939655
84103105.05352604 113.89926348405096
88586679.04100814 114.35039131082166
93309274.35461664 114.80151913797614
98283633.32770011 115.25264694838194
103523177.59307377 115.70377477962185
109042044.29677527 116.15490258065958
114855124.24239345 116.60603040607162
120978102.06889038 117.05715822032992
127427498.57031322 117.50828607552234
134220715.2716012 117.95941386867207
141376081.38073614 118.41054168877562
148912903.24394056 118.86166949346892
156851516.43735445 119.31279732656348
165213340.63573685 119.76392514234945
174020937.40624848 120.21505298599416
183298071.08324376 120.6661807711757
193069772.88832456 121.11730860083654
203362408.46866703 121.56843644906375
214203749.0358383 122.01956427426352
225623046.2970626 122.47069208570176
237651111.38110778 122.92181991428117
250320397.97173202 123.37294774292366
263665089.87303555 123.82407549322772
277721193.2429355 124.27520333564146
292526633.74366355 124.72633121945556
308121358.87140083 125.17745904926046
324547445.74113256 125.62858669323033
341849214.6175927 126.07971463519328
360073348.49856204 126.530842357255
379269019.0732238 126.9819703015297
399488019.39541787 127.43309797917347
420784903.6297398 127.8842259460251
443217134.24760854 128.3353537099767
466845237.07037944 128.7864816530535
491732964.5779006 129.237609416807
517947467.9231202 129.68873717257486
545559478.1168514 130.139865071376
574643496.8715974 130.59099282626556
605277997.6193355 131.04212079229782
637545637.2456493 131.4932485511049
671533479.1115135 131.944376022868
707333227.9644439 132.3955043737522
745041477.3728887 132.84663159795508
784759970.3514622 133.29775959295858
826595873.8801795 133.74888760462414
870662068.0585117 134.20001527327815
917077450.674293 134.65114318241046
965967258.0093802 135.1022710449164
1017463402.7476043 135.55339886751628
1071704829.8967092 136.00452650849914
1128837891.6846883 136.45565449463018
1189016742.44199 136.9067820973515
1252403754.5350692 137.3579103344593
1319169956.473569 137.80903798969047
1389495494.373136 138.260166353534
1463570118.0190797 138.71129364518626
1541593692.8422735 139.1624216885464
1623776739.1887176 139.61354947615337
1710341000.337838 140.0646768528952
1801520040.802024 140.51580468142592
1897559876.5218503 140.96693276761013
1998719638.6572526 141.4180605844991
2105272272.7657027 141.86918861668818
2217505275.2539296 142.32031593776472
2335721469.0901213 142.7714447192107
2460239820.8697777 143.2225719319255
2591396301.439652 143.67370059251078
2729544792.402002 144.12482659325303
2875058040.944877 144.57595464061149
3028328665.5749454 145.02708346610316
3189770215.466325 145.47821068940266
3359818286.2837744 145.9293381793217
3538931695.4909844 146.38046658015287
3727593720.314938 146.83159397360782
3926313401.7068396 147.2827222771465
4135626917.8176975 147.73385056084723
4356099030.694599 148.18497791380605
4588324610.100841 148.63610458241394
4832930238.571753 149.0872335248203
5090575902.036687 149.53836017058083
5361956770.568806 149.98949009690335
5647805074.067546 150.44061553897953
5948892077.934331 150.89174399486313
6266030164.072656 151.34287098015056
6600075022.827075 151.79400104734466
6951927961.775591 152.24512759197557
7322538337.6045265 152.69625740287913
7712906117.627993 153.1473863707725
8124084577.862974 153.59851300287957
8557183144.939984 154.0496367209617
9013370389.51742 154.50076919188248
9493877179.27582 154.95189462255303
10000000000.0 155.4030217061392
