10.0 -10.554175255126118
10.53310445370937 -10.554792837941429
11.094628943275218 -10.555477870368492
11.686088553466515 -10.556237699445878
12.309079138896024 -10.557080466557387
12.965281629896682 -10.558015192823667
13.65646656794611 -10.559051873342698
14.38449888287663 -10.560201579354477
15.15134292476053 -10.561476570395241
15.95906776404731 -10.562890421196977
16.80985277425364 -10.564458155758317
17.70599351226899 -10.56619639828291
18.64990791214297 -10.568123534816516
19.644142809066278 -10.570259892626714
20.6913808111479 -10.572627932260568
21.794447537529855 -10.575252457006739
22.956319242369098 -10.578160837773922
24.180130845257207 -10.581383254460963
25.4691843897454 -10.584952951967646
26.826957952797258 -10.588906512174663
28.257115029208283 -10.593284135056662
29.76351441631318 -10.598129932194265
31.350220625651154 -10.603492220147285
33.02151484968176 -10.609423814736928
34.7819065131413 -10.615982310801257
36.63614544020716 -10.623230340918347
38.58923467029903 -10.631235793179687
40.646443957096295 -10.64007197486714
42.81332398719393 -10.649817694275612
45.095721356761466 -10.660557235743983
47.499794346614124 -10.67238019591516
50.03202953826004 -10.685381145151947
52.699259315756564 -10.699659071745211
55.50868030059805 -10.71531657007305
58.467872769375894 -10.732458727147305
61.58482110660264 -10.751191669918432
64.86793534788511 -10.771620740460659
68.32607387157402 -10.793848274448667
71.96856730011521 -10.81797098430226
75.8052436755926 -10.844076961829359
79.84645497739086 -10.872242353374455
84.10310505352605 -10.902527783295042
88.58667904100822 -10.934974655635173
93.30927435461668 -10.969601474002591
98.28363332770026 -11.006400383036636
103.52317759307378 -11.045334126387216
109.04204429677526 -11.086333654931696
114.8551242423938 -11.12929658855105
120.97810206889012 -11.17408672767864
127.42749857031335 -11.220534750117947
134.2207152716012 -11.268440175973494
141.37608138073614 -11.317574602184308
148.91290324394086 -11.36768612194107
156.85151643735477 -11.418504768779545
165.213340635737 -11.469748747912993
174.0209374062485 -11.521131164058678
183.29807108324357 -11.572366927376569
193.06977288832496 -11.623179505791576
203.36240846866724 -11.673307222926502
214.2037490358383 -11.722508832549348
225.62304629706352 -11.770568172293327
237.65111138110728 -11.817297759185596
250.32039797173255 -11.862541272578387
263.6650898730358 -11.906174930540834
277.7211932429355 -11.948107835590351
292.5266337436645 -11.988281403596382
308.1213588714002 -12.026668028452352
324.54744574113323 -12.063269150469093
341.84921461759274 -12.098112898728123
360.073348498562 -12.131251472943658
379.26901907322497 -12.162758412476611
399.48801939541704 -12.192725879948469
420.78490362974026 -12.221262062249803
443.21713424760856 -12.248488766943378
466.84523707037897 -12.27453926967714
491.73296457790156 -12.299556444958649
517.9474679231213 -12.323691196080677
545.5594781168514 -12.347101184369556
574.6434968715973 -12.36994984543954
605.2779976193349 -12.392405672148342
637.5456372456507 -12.414641736234186
671.5334791115142 -12.436835416664689
707.3332279644438 -12.459168298954648
745.0414773728917 -12.481826208461332
784.7599703514607 -12.50499933777202
826.5958738801812 -12.528882428863197
870.6620680585127 -12.553674968700985
917.0774506742931 -12.579581356100078
965.9672580093833 -12.60681099808024
1017.4634027476063 -12.635578291509365
1071.7048298967104 -12.666102447047594
1128.8378916846884 -12.69860711140687
1189.01674244199 -12.733319745612231
1252.4037545350732 -12.770470718723706
1319.1699564735716 -12.810292080533214
1389.4954943731375 -12.853015982787896
1463.5701180190797 -12.898872726644214
1541.5936928422718 -12.948088425403824
1623.776739188721 -13.000882285708293
1710.3410003378397 -13.057463526602655
1801.520040802024 -13.11802797545976
1897.5598765218504 -13.182754399238306
1998.7196386572507 -13.251800650414138
2105.272272765707 -13.32529972541061
2217.505275253932 -13.403355849004964
2335.7214690901214 -13.486040708509961
2460.239820869775 -13.57338996517699
2591.3963014396572 -13.66540016615211
2729.5447924020073 -13.762026168314556
2875.0580409448803 -13.863179165790534
3028.3286655749457 -13.968725388448956
3189.7702154663216 -14.078485511299458
3359.818286283781 -14.192234788032321
3538.9316954909877 -14.309703899849563
3727.593720314938 -14.430580494857736
3926.3134017068355 -14.554511386118936
4135.626917817706 -14.681105377633996
4356.099030694608 -14.80993669443948
4588.324610100844 -14.940549002883232
4832.930238571752 -15.072460015281152
5090.575902036681 -15.205166674366525
5361.956770568817 -15.33815090470304
5647.805074067552 -15.470885897569634
5948.892077934331 -15.60284286368753
6266.030164072656 -15.733498147547367
6600.075022827095 -15.86234055254476
6951.927961775606 -15.988878684014063
7322.538337604534 -16.112648084405482
7712.906117627992 -16.233217916255988
8124.0845778629655 -16.350196948561745
8557.183144940002 -16.463238622055044
9013.37038951743 -16.57204500712051
9493.87717927582 -16.676369522081504
10000.0 -16.77601834255296
10533.104453709382 -16.87085050016583
11094.628943275218 -16.960776733107533
11686.088553466498 -17.04575720791696
12309.079138896019 -17.125798276132947
12965.281629896688 -17.2009484595317
13656.466567946096 -17.27129387259575
14384.498882876629 -17.336953291574208
15151.342924760515 -17.398073067638453
15959.06776404731 -17.454822061084826
16809.852774253653 -17.50738674606649
17705.99351226898 -17.555966604767864
18649.907912142942 -17.600769898988005
19644.142809066267 -17.64200987716826
20691.3808111479 -17.67990144842958
21794.447537529835 -17.714658332352546
22956.319242369096 -17.746490674988195
24180.13084525718 -17.775603107573097
25469.184389745402 -17.802193214591853
26826.957952797275 -17.826450371627466
28257.115029208268 -17.84855491018572
29763.51441631313 -17.868677565915128
31350.220625651124 -17.88697916775688
33021.51484968176 -17.90361052783502
34781.90651314134 -17.918712495230384
36636.14544020716 -17.932416140423758
38589.23467029899 -17.94484304120728
40646.44395709628 -17.95610564469653
42813.32398719396 -17.96630768391259
45095.721356761445 -17.975544630831315
47499.79434661403 -17.98390417101428
50032.029538259994 -17.99146668773235
52699.259315756564 -17.99830574594167
55508.680300598106 -18.004488568642877
58467.87276937589 -18.010076499894943
61584.82110660255 -18.015125450304538
64867.935347885075 -18.019686322041075
68326.07387157406 -18.023805411439703
71968.56730011514 -18.027524788087007
75805.24367559262 -18.030882649917366
79846.45497739078 -18.033913654351373
84103.10505352604 -18.036649225918552
88586.67904100832 -18.039117841044817
93309.27435461663 -18.041345290954578
98283.63332770011 -18.043354923708733
103523.17759307378 -18.045167866544418
109042.04429677526 -18.04680322970373
114855.12424239368 -18.048278292952066
120978.10206889013 -18.049608675991117
127427.49857031321 -18.050808493936422
134220.7152716012 -18.051890498984452
141376.08138073614 -18.052866209360502
148912.90324394088 -18.05374602656375
156851.5164373548 -18.054539341877966
165213.34063573685 -18.05525463305832
174020.9374062485 -18.055899552028865
183298.07108324338 -18.05648100438331
193069.77288832495 -18.05700522140896
203362.40846866704 -18.057477825304094
214203.74903583832 -18.057903888206994
225623.04629706353 -18.05828798559711
237651.11138110727 -18.05863424459362
250320.39797173254 -18.058946387615407
263665.08987303555 -18.059227771845084
277721.1932429355 -18.05948142488395
292526.6337436642 -18.059710076961196
308121.35887140024 -18.059916190022147
324547.44574113254 -18.060101983994922
341849.21461759275 -18.060269460501893
360073.348498562 -18.060420424264002
379269.0190732246 -18.0605565024183
399488.019395417 -18.060679161949732
420784.9036297398 -18.06078972541959
443217.13424760854 -18.06088938515652
466845.2370703785 -18.06097921605748
491732.9645779016 -18.06106018713526
517947.46792312124 -18.061133171933655
545559.4781168514 -18.061198957921263
574643.4968715974 -18.06125825496294
605277.9976193343 -18.061311702959454
637545.6372456506 -18.061359878736738
671533.4791115135 -18.061403302257833
707333.2279644439 -18.061442442223882
745041.4773728917 -18.06147772112466
784759.9703514606 -18.061509519791805
826595.8738801812 -18.061538181504112
870662.0680585118 -18.06156401568848
917077.4506742931 -18.061587301256964
965967.2580093823 -18.061608289614405
1017463.4027476063 -18.061627207370723
1071704.8298967092 -18.061644258785186
1128837.8916846884 -18.061659627970272
1189016.74244199 -18.061673480878333
1252403.7545350718 -18.061685967092423
1319169.9564735717 -18.061697221440483
1389495.494373136 -18.06170736545065
1463570.1180190798 -18.061716508662684
1541593.6928422702 -18.061724749810782
1623776.739188721 -18.061732177889166
1710341.0003378377 -18.06173887311259
1801520.0408020238 -18.06174490778258
1897559.8765218505 -18.061750347068
1998719.6386572486 -18.061755249708536
2105272.272765707 -18.06175966864893
2217505.2752539297 -18.061763651610658
2335721.4690901213 -18.061767241607143
2460239.8208697727 -18.06177047740826
2591396.3014396573 -18.061773393958987
2729544.792402007 -18.06177602275665
2875058.040944877 -18.061778392191066
3028328.6655749455 -18.061780527851194
3189770.215466318 -18.061782452801374
3359818.286283781 -18.061784187830348
3538931.6954909842 -18.06178575167598
3727593.720314938 -18.061787161227297
3926313.4017068394 -18.061788431707086
4135626.917817706 -18.061789576836173
4356099.030694608 -18.06179060898172
4588324.61010084 -18.06179153929068
4832930.238571752 -18.06179237781024
5090575.902036676 -18.061793133596122
5361956.770568817 -18.061793814810848
5647805.074067546 -18.061794428811318
5948892.077934331 -18.061794982228704
6266030.164072656 -18.061795481039788
6600075.022827089 -18.061795930631597
6951927.961775606 -18.061796335859864
7322538.337604526 -18.06179670110083
7712906.117627992 -18.061797030299065
8124084.5778629575 -18.06179732700995
8557183.144940002 -18.061797594437863
9013370.38951742 -18.061797835471012
9493877.17927582 -18.061798052712557
10000000.0 -18.061798248508666
10533104.45370936 -18.0617984249739
11094628.943275219 -18.06179858401405
11686088.553466497 -18.06179872734681
12309079.138896018 -18.061798856520046
12965281.629896663 -18.061798972928905
13656466.567946097 -18.061799077830546
14384498.882876629 -18.061799172357873
15151342.924760515 -18.061799257531753
15959067.76404731 -18.06179933427211
16809852.774253618 -18.061799403407658
17705993.51226898 -18.061799465685088
18649907.912142944 -18.061799521776948
19644142.809066266 -18.061799572288994
20691380.811147902 -18.061799617766788
21794447.537529834 -18.06179965870141
22956319.242369097 -18.06179969553493
24180130.84525718 -18.061799728665235
25469184.3897454 -18.061799758449958
26826957.95279722 -18.061799785210905
28257115.02920827 -18.06179980923708
29763514.41631313 -18.061799830787997
31350220.62565112 -18.06179985009653
33021514.849681754 -18.061799867371334
34781906.51314127 -18.061799882799317
36636145.44020716 -18.061799896547242
38589234.67029899 -18.06179990876418
40646443.95709628 -18.06179991958289
42813323.98719387 -18.06179992912099
45095721.35676145 -18.06179993748294
47499794.346614026 -18.061799944760814
50032029.53825999 -18.061799951035557
52699259.31575657 -18.061799956378124
55508680.300597996 -18.061799960850166
58467872.7693759 -18.06179996450528
61584821.10660254 -18.061799967389632
64867935.34788508 -18.06179996954284
68326073.87157391 -18.061799970998678
71968567.30011514 -18.06179997178615
75805243.67559262 -18.061799971929787
79846454.97739078 -18.06179997145091
84103105.05352604 -18.061799970368288
88586679.04100814 -18.061799968698725
93309274.35461664 -18.06179996645814
98283633.32770011 -18.061799963662136
103523177.59307377 -18.06179996032696
109042044.29677527 -18.061799956470384
114855124.24239345 -18.06179995211196
120978102.06889038 -18.06179994727415
127427498.57031322 -18.061799941982585
134220715.2716012 -18.061799936266702
141376081.38073614 -18.061799930159587
148912903.24394056 -18.061799923698814
156851516.43735445 -18.061799916925395
165213340.63573685 -18.061799909884492
174020937.40624848 -18.061799902623992
183298071.08324376 -18.061799895194575
193069772.88832456 -18.06179988764842
203362408.46866703 -18.061799880038485
214203749.0358383 -18.06179987241725
225623046.2970626 -18.061799864835987
237651111.38110778 -18.061799857343484
250320397.97173202 -18.0617998499853
263665089.87303555 -18.061799842802735
277721193.2429355 -18.061799835832286
292526633.74366355 -18.06179982910544
308121358.87140083 -18.06179982264814
324547445.74113256 -18.06179981648066
341849214.6175927 -18.061799810618176
360073348.49856204 -18.061799805070315
379269019.0732238 -18.061799799842415
399488019.39541787 -18.061799794935073
420784903.6297398 -18.061799790345415
443217134.24760854 -18.06179978606741
466845237.07037944 -18.061799782092137
491732964.5779006 -18.061799778408684
517947467.9231202 -18.061799775004612
545559478.1168514 -18.061799771866234
574643496.8715974 -18.061799768979
605277997.6193355 -18.061799766328154
637545637.2456493 -18.06179976389881
671533479.1115135 -18.061799761676028
707333227.9644439 -18.061799759645226
745041477.3728887 -18.061799757792237
784759970.3514622 -18.06179975610368
826595873.8801795 -18.061799754566543
870662068.0585117 -18.0617997531687
917077450.674293 -18.061799751898587
965967258.0093802 -18.061799750745482
1017463402.7476043 -18.061799749699354
1071704829.8967092 -18.0617997487509
1128837891.6846883 -18.061799747891474
1189016742.44199 -18.06179974711312
1252403754.5350692 -18.06179974640861
1319169956.473569 -18.061799745771157
1389495494.373136 -18.061799745194616
1463570118.0190797 -18.061799744673273
1541593692.8422735 -18.061799744202055
1623776739.1887176 -18.061799743776284
1710341000.337838 -18.061799743391617
1801520040.802024 -18.061799743043764
1897559876.5218503 -18.061799742730255
1998719638.6572526 -18.061799742447185
2105272272.7657027 -18.061799742191557
2217505275.2539296 -18.06179974196075
2335721469.0901213 -18.06179974175253
2460239820.8697777 -18.061799741564315
2591396301.439652 -18.061799741394918
2729544792.402002 -18.061799741242076
2875058040.944877 -18.061799741104092
3028328665.5749454 -18.061799740979694
3189770215.466325 -18.061799740867436
3359818286.2837744 -18.06179974076627
3538931695.4909844 -18.06179974067448
3727593720.314938 -18.061799740592384
3926313401.7068396 -18.061799740518275
4135626917.8176975 -18.061799740451384
4356099030.694599 -18.061799740391123
4588324610.100841 -18.061799740336674
4832930238.571753 -18.061799740287615
5090575902.036687 -18.061799740243437
5361956770.568806 -18.061799740203558
5647805074.067546 -18.06179974016758
5948892077.934331 -18.06179974013523
6266030164.072656 -18.061799740105677
6600075022.827075 -18.06179974007947
6951927961.775591 -18.06179974005586
7322538337.6045265 -18.06179974003445
7712906117.627993 -18.061799740015207
8124084577.862974 -18.061799739997795
8557183144.939984 -18.061799739982142
9013370389.51742 -18.061799739968002
9493877179.27582 -18.06179973995526
10000000000.0 -18.061799739943766
