10.0 52.63340725561324
10.53310445370937 52.4053474417121
11.094628943275218 52.181524819051134
11.686088553466515 51.96270558840101
12.309079138896024 51.749594943344206
12.965281629896682 51.54282954374934
13.65646656794611 51.34297125701532
14.38449888287663 51.15050264306425
15.15134292476053 50.96582376505128
15.95906776404731 50.7892509669405
16.80985277425364 50.62101699093877
17.70599351226899 50.461272848018346
18.64990791214297 50.31009128533334
19.644142809066278 50.16747114061439
20.6913808111479 50.03334336690762
21.794447537529855 49.907577388580926
22.956319242369098 49.78998844310078
24.180130845257207 49.68034506485527
25.4691843897454 49.57837678838632
26.826957952797258 49.483781763834635
28.257115029208283 49.39623400182594
29.76351441631318 49.31539023105991
31.350220625651154 49.24089622357171
33.02151484968176 49.17239249920304
34.7819065131413 49.109519194236036
36.63614544020716 49.05192044560244
38.58923467029903 48.99924798038082
40.646443957096295 48.95116407625791
42.81332398719393 48.907343869563704
45.095721356761466 48.86747720163284
47.499794346614124 48.83126986126278
50.03202953826004 48.79844452653921
52.699259315756564 48.768741214631355
55.50868030059805 48.74191751624152
58.467872769375894 48.71774854146618
61.58482110660264 48.696026671590324
64.86793534788511 48.67656118291133
68.32607387157402 48.659177690104514
71.96856730011521 48.643717619746305
75.8052436755926 48.63003745693764
79.84645497739086 48.61800817835455
84.10310505352605 48.60751453235218
88.58667904100822 48.598454284607485
93.30927435461668 48.59073764378395
98.28363332770026 48.58428654175525
103.52317759307378 48.57903404742089
109.04204429677526 48.574923730761554
114.8551242423938 48.571909140423195
120.97810206889012 48.56995312662696
127.42749857031335 48.56902745344754
134.2207152716012 48.56911215953102
141.37608138073614 48.570195080319166
148.91290324394086 48.57227123550083
156.85151643735477 48.57534233177212
165.213340635737 48.57941607125991
174.0209374062485 48.58450559391815
183.29807108324357 48.59062860390881
193.06977288832496 48.59780669767211
203.36240846866724 48.60606431916353
214.2037490358383 48.61542781803649
225.62304629706352 48.625924306517156
237.65111138110728 48.63758034573251
250.32039797173255 48.65042057546355
263.6650898730358 48.664466225168056
277.7211932429355 48.67973356940951
292.5266337436645 48.696232206279504
308.1213588714002 48.71396342437115
324.54744574113323 48.73291861624875
341.84921461759274 48.75307769967726
360.073348498562 48.774407840022334
379.26901907322497 48.79686226424195
399.48801939541704 48.82037966911824
420.78490362974026 48.84488371967219
443.21713424760856 48.87028333870746
466.84523707037897 48.89647335004543
491.73296457790156 48.92333563952168
517.9474679231213 48.95074100430108
545.5594781168514 48.97855135060092
574.6434968715973 49.00662240086994
605.2779976193349 49.03480660524461
637.5456372456507 49.062956425053564
671.5334791115142 49.09092741148345
707.3332279644438 49.118581435735116
745.0414773728917 49.145789506835094
784.7599703514607 49.17243436365303
826.5958738801812 49.1984124427325
870.6620680585127 49.22363564251952
917.0774506742931 49.2480322539963
965.9672580093833 49.271547626481926
1017.4634027476063 49.29414404887689
1071.7048298967104 49.315800558894544
1128.8378916846884 49.33651210962425
1189.01674244199 49.35628860920364
1252.4037545350732 49.375153595992636
1319.1699564735716 49.39314307650897
1389.4954943731375 49.41030398660641
1463.5701180190797 49.42669293897349
1541.5936928422718 49.442374879582715
1623.776739188721 49.45742192576601
1710.3410003378397 49.4719122554816
1801.520040802024 49.48592922582936
1897.5598765218504 49.49956053710815
1998.7196386572507 49.51289767160637
2105.272272765707 49.52603544564568
2217.505275253932 49.53907151686099
2335.7214690901214 49.55210626391395
2460.239820869775 49.56524252027289
2591.3963014396572 49.57858557821224
2729.5447924020073 49.59224319338179
2875.0580409448803 49.60632541718923
3028.3286655749457 49.620944918109785
3189.7702154663216 49.63621664658609
3359.818286283781 49.65225817093038
3538.9316954909877 49.6691894298266
3727.593720314938 49.68713286336431
3926.3134017068355 49.706213126511265
4135.626917817706 49.72655698022364
4356.099030694608 49.74829345061352
4588.324610100844 49.771553332710695
4832.930238571752 49.796469039742995
5090.575902036681 49.82317495474326
5361.956770568817 49.85180703529214
5647.805074067552 49.882503638836596
5948.892077934331 49.91540554274063
6266.030164072656 49.95065737959476
6600.075022827095 49.98840878524745
6951.927961775606 50.028816330441444
7322.538337604534 50.0720459888495
7712.906117627992 50.11827613484873
8124.0845778629655 50.167701303557436
8557.183144940002 50.22053597429662
9013.37038951743 50.277019135708585
9493.87717927582 50.3374184674406
10000.0 50.40203468845786
10533.104453709382 50.47120523239728
11094.628943275218 50.54530688127305
11686.088553466498 50.62475707233024
12309.079138896019 50.71001403574981
12965.281629896688 50.80157412734217
13656.466567946096 50.899967963565004
14384.498882876629 51.00575362178133
15151.342924760515 51.11950808748395
15959.06776404731 51.24181719098652
16809.852774253653 51.373263095713675
17705.99351226898 51.51441181738021
18649.907912142942 51.66579998914525
19644.142809066267 51.827921684137586
20691.3808111479 52.00121651520181
21794.447537529835 52.18605880882844
22956.319242369096 52.38274894794421
24180.13084525718 52.59150693063137
25469.184389745402 52.8124682917401
26826.957952797275 53.04568270994862
28257.115029208268 53.29111497485318
29763.51441631313 53.54864826433406
31350.220625651124 53.81808915201987
33021.51484968176 54.099174538012164
34781.90651314134 54.39157950652704
36636.14544020716 54.69492611054676
38589.23467029899 55.00879245955844
40646.44395709628 55.33272184543708
42813.32398719396 55.6662317908632
45095.721356761445 56.00882228203328
47499.79434661403 56.359983741877784
50032.029538259994 56.71920384120389
52699.259315756564 57.085973549112445
55508.680300598106 57.45979238264434
58467.87276937589 57.84017288722252
61584.82110660255 58.226643743670266
64867.935347885075 58.61875270613411
68326.07387157406 59.01606856250836
71968.56730011514 59.41818233888248
75805.24367559262 59.82470826047046
79846.45497739078 60.23528395741988
84103.10505352604 60.64957053185516
88586.67904100832 61.067252068093445
93309.27435461663 61.48803513595894
98283.63332770011 61.91164803878766
103523.17759307378 62.33783963686633
109042.04429677526 62.76637859848995
114855.12424239368 63.19705217772616
120978.10206889013 63.6296651059357
127427.49857031321 64.06403833989286
134220.7152716012 64.5000081868982
141376.08138073614 64.93742503958524
148912.90324394088 65.3761524210872
156851.5164373548 65.81606578454243
165213.34063573685 66.25705165984851
174020.9374062485 66.69900692667775
183298.07108324338 67.14183751673431
193069.77288832495 67.58545814427512
203362.40846866704 68.02979105635897
214203.74903583832 68.47476575265601
225623.04629706353 68.92031800500176
237651.11138110727 69.36638942412773
250320.39797173254 69.81292696327586
263665.08987303555 70.25988229138056
277721.1932429355 70.70721132670505
292526.6337436642 71.1548737912811
308121.35887140024 71.60283312920873
324547.44574113254 72.05105547595146
341849.21461759275 72.499510070046
360073.348498562 72.9481683725958
379269.0190732246 73.39700403506856
399488.019395417 73.84599254902001
420784.9036297398 74.29511110048195
443217.13424760854 74.744338249364
466845.2370703785 75.19365358154937
491732.9645779016 75.64303784560198
517947.46792312124 76.09247229465714
545559.4781168514 76.54193909061078
574643.4968715974 76.99142025688866
605277.9976193343 77.44089851229116
637545.6372456506 77.89035621534009
671533.4791115135 78.33977600608408
707333.2279644439 78.78913969345807
745041.4773728917 79.23842854462289
784759.9703514606 79.68762397840227
826595.8738801812 80.13670553189539
870662.0680585118 80.5856522346254
917077.4506742931 81.03444202341068
965967.2580093823 81.48305084028212
1017463.4027476063 81.9314534693745
1071704.8298967092 82.3796227143551
1128837.8916846884 82.82752964800109
1189016.74244199 83.27514267849304
1252403.7545350718 83.7224283080066
1319169.9564735717 84.16934967160465
1389495.494373136 84.61586800533617
1463570.1180190798 85.06194116077182
1541593.6928422702 85.50752318767866
1623776.739188721 85.95256603803324
1710341.0003378377 86.3970171610506
1801520.0408020238 86.84082100450811
1897559.8765218505 87.28391852314988
1998719.6386572486 87.72624683175403
2105272.272765707 88.16773981116276
2217505.2752539297 88.60832828072338
2335721.4690901213 89.0479402122864
2460239.8208697727 89.48650117420127
2591396.3014396573 89.92393462313251
2729544.792402007 90.36016353482758
2875058.040944877 90.79511081811813
3028328.6655749455 91.22870074036788
3189770.215466318 91.66085977255187
3359818.286283781 92.09151929603854
3538931.6954909842 92.5206163496364
3727593.720314938 92.9480968679112
3926313.4017068394 93.37391642470877
4135626.917817706 93.79804419879433
4356099.030694608 94.22046355216284
4588324.61010084 94.64117649226638
4832930.238571752 95.06020398848997
5090575.902036676 95.47758835652225
5361956.770568817 95.89339527901076
5647805.074067546 96.30771425554465
5948892.077934331 96.72065951362357
6266030.164072656 97.13236899587089
6600075.022827089 97.54300289673765
6951927.961775606 97.95274291689353
7322538.337604526 98.36178825168473
7712906.117627992 98.77035245178593
8124084.5778629575 99.17865909818485
8557183.144940002 99.58693727639732
9013370.38951742 99.99541681553436
9493877.17927582 100.40432317955977
10000000.0 100.81387281790589
10533104.45370936 101.22426921931277
11094628.943275219 101.63569824794835
11686088.553466497 102.04832613580963
12309079.138896018 102.46229650006251
12965281.629896663 102.87772986362592
13656466.567946097 103.29472146061585
14384498.882876629 103.71334295432897
15151342.924760515 104.13364325399867
15959067.76404731 104.55564833046326
16809852.774253618 104.9793643205848
17705993.51226898 105.40477995750862
18649907.912142944 105.83186729570266
19644142.809066266 106.26058575540112
20691380.811147902 106.6908834800644
21794447.537529834 107.12269976775006
22956319.242369097 107.55596774072228
24180130.84525718 107.99061500259444
25469184.3897454 108.42656656374751
26826957.95279722 108.86374639878782
28257115.02920827 109.30207712403515
29763514.41631313 109.74148293295983
31350220.62565112 110.18188920037201
33021514.849681754 110.62322397495592
34781906.51314127 111.06541780452291
36636145.44020716 111.50840439826919
38589234.67029899 111.95212123502587
40646443.95709628 112.3965093881833
42813323.98719387 112.84151219437365
45095721.35676145 113.28707910644778
47499794.346614026 113.73316090371335
50032029.53825999 114.17971361865841
52699259.31575657 114.62669489523385
55508680.300597996 115.07406705757171
58467872.7693759 115.52179475872505
61584821.10660254 115.96984482555646
64867935.34788508 116.41818993545547
68326073.87157391 116.86680049938406
71968567.30011514 117.315651504686
75805243.67559262 117.76472358968184
79846454.97739078 118.21399385017622
84103105.05352604 118.6634411256351
88586679.04100814 119.113052966241
93309274.35461664 119.56281606563903
98283633.32770011 120.01271329713049
103523177.59307377 120.46272174530094
109042044.29677527 120.91284320206299
114855124.24239345 121.36306151849817
120978102.06889038 121.81337333574506
127427498.57031322 122.26375554442468
134220715.2716012 122.7142220436966
141376081.38073614 123.1647421610507
148912903.24394056 123.6153315779086
156851516.43735445 124.06596431013499
165213340.63573685 124.51665116810554
174020937.40624848 124.96738803503071
183298071.08324376 125.41814996009202
193069772.88832456 125.8689550499711
203362408.46866703 126.31979227039751
214203749.0358383 126.77064996329777
225623046.2970626 127.22154846518296
237651111.38110778 127.67246685203688
250320397.97173202 128.1233938752227
263665089.87303555 128.57435169421473
277721193.2429355 129.02532095695406
292526633.74366355 129.4763116808854
308121358.87140083 129.92731058222154
324547445.74113256 130.37832928515317
341849214.6175927 130.82934058306176
360073348.49856204 131.28038722027296
379269019.0732238 131.73144679785258
399488019.39541787 132.18247296415592
420784903.6297398 132.63353878594413
443217134.24760854 133.08460245977668
466845237.07037944 133.5356613000704
491732964.5779006 133.98675138956537
517947467.9231202 134.43783486203677
545559478.1168514 134.88892610375692
574643496.8715974 135.34001404464237
605277997.6193355 135.7911176878961
637545637.2456493 136.24219872420667
671533479.1115135 136.69331845907251
707333227.9644439 137.14442762828813
745041477.3728887 137.59552104225043
784759970.3514622 138.0466266560831
826595873.8801795 138.4977371525867
870662068.0585117 138.94885970399815
917077450.674293 139.39993260571558
965967258.0093802 139.8511136509618
1017463402.7476043 140.30217443826234
1071704829.8967092 140.7533056429334
1128837891.6846883 141.2044120123536
1189016742.44199 141.6555091974173
1252403754.5350692 142.10662046326982
1319169956.473569 142.5578147063271
1389495494.373136 143.00886252889083
1463570118.0190797 143.46001716357927
1541593692.8422735 143.91115609232645
1623776739.1887176 144.36218758403606
1710341000.337838 144.8133965202428
1801520040.802024 145.2645961570029
1897559876.5218503 145.71564670574682
1998719638.6572526 146.16679711207226
2105272272.7657027 146.61786438436917
2217505275.2539296 147.06902946592714
2335721469.0901213 147.52019765987677
2460239820.8697777 147.97127980787064
2591396301.439652 148.42243875277083
2729544792.402002 148.87352621329006
2875058040.944877 149.324704664525
3028328665.5749454 149.7757540160717
3189770215.466325 150.22693490482195
3359818286.2837744 150.6780246840121
3538931695.4909844 151.12920017437372
3727593720.314938 151.58020451756414
3926313401.7068396 152.03134345766838
4135626917.8176975 152.48258055504112
4356099030.694599 152.93366368054845
4588324610.100841 153.38473419754646
4832930238.571753 153.8359727652549
5090575902.036687 154.2870746420286
5361956770.568806 154.73814234293707
5647805074.067546 155.18924352750582
5948892077.934331 155.64046480509728
6266030164.072656 156.09142577044312
6600075022.827075 156.54258312308792
6951927961.775591 156.99378822149112
7322538337.6045265 157.44500531706936
7712906117.627993 157.89599098378488
8124084577.862974 158.34727091332786
8557183144.939984 158.79810995160753
9013370389.51742 159.24967377171504
9493877179.27582 159.7008469586496
10000000000.0 160.15181136594458
10.0 52.63340725561324
10.53310445370937 52.4053474417121
11.094628943275218 52.181524819051134
11.686088553466515 51.96270558840101
12.309079138896024 51.749594943344206
12.965281629896682 51.54282954374934
13.65646656794611 51.34297125701532
14.38449888287663 51.15050264306425
15.15134292476053 50.96582376505128
15.95906776404731 50.7892509669405
16.80985277425364 50.62101699093877
17.70599351226899 50.461272848018346
18.64990791214297 50.31009128533334
19.644142809066278 50.16747114061439
20.6913808111479 50.03334336690762
21.794447537529855 49.907577388580926
22.956319242369098 49.78998844310078
24.180130845257207 49.68034506485527
25.4691843897454 49.57837678838632
26.826957952797258 49.483781763834635
28.257115029208283 49.39623400182594
29.76351441631318 49.31539023105991
31.350220625651154 49.24089622357171
33.02151484968176 49.17239249920304
34.7819065131413 49.109519194236036
36.63614544020716 49.05192044560244
38.58923467029903 48.99924798038082
40.646443957096295 48.95116407625791
42.81332398719393 48.907343869563704
45.095721356761466 48.86747720163284
47.499794346614124 48.83126986126278
50.03202953826004 48.79844452653921
52.699259315756564 48.768741214631355
55.50868030059805 48.74191751624152
58.467872769375894 48.71774854146618
61.58482110660264 48.696026671590324
64.86793534788511 48.67656118291133
68.32607387157402 48.659177690104514
71.96856730011521 48.643717619746305
75.8052436755926 48.63003745693764
79.84645497739086 48.61800817835455
84.10310505352605 48.60751453235218
88.58667904100822 48.598454284607485
93.30927435461668 48.59073764378395
98.28363332770026 48.58428654175525
103.52317759307378 48.57903404742089
109.04204429677526 48.574923730761554
114.8551242423938 48.571909140423195
120.97810206889012 48.56995312662696
127.42749857031335 48.56902745344754
134.2207152716012 48.56911215953102
141.37608138073614 48.570195080319166
148.91290324394086 48.57227123550083
156.85151643735477 48.57534233177212
165.213340635737 48.57941607125991
174.0209374062485 48.58450559391815
183.29807108324357 48.59062860390881
193.06977288832496 48.59780669767211
203.36240846866724 48.60606431916353
214.2037490358383 48.61542781803649
225.62304629706352 48.625924306517156
237.65111138110728 48.63758034573251
250.32039797173255 48.65042057546355
263.6650898730358 48.664466225168056
277.7211932429355 48.67973356940951
292.5266337436645 48.696232206279504
308.1213588714002 48.71396342437115
324.54744574113323 48.73291861624875
341.84921461759274 48.75307769967726
360.073348498562 48.774407840022334
379.26901907322497 48.79686226424195
399.48801939541704 48.82037966911824
420.78490362974026 48.84488371967219
443.21713424760856 48.87028333870746
466.84523707037897 48.89647335004543
491.73296457790156 48.92333563952168
517.9474679231213 48.95074100430108
545.5594781168514 48.97855135060092
574.6434968715973 49.00662240086994
605.2779976193349 49.03480660524461
637.5456372456507 49.062956425053564
671.5334791115142 49.09092741148345
707.3332279644438 49.118581435735116
745.0414773728917 49.145789506835094
784.7599703514607 49.17243436365303
826.5958738801812 49.1984124427325
870.6620680585127 49.22363564251952
917.0774506742931 49.2480322539963
965.9672580093833 49.271547626481926
1017.4634027476063 49.29414404887689
1071.7048298967104 49.315800558894544
1128.8378916846884 49.33651210962425
1189.01674244199 49.35628860920364
1252.4037545350732 49.375153595992636
1319.1699564735716 49.39314307650897
1389.4954943731375 49.41030398660641
1463.5701180190797 49.42669293897349
1541.5936928422718 49.442374879582715
1623.776739188721 49.45742192576601
1710.3410003378397 49.4719122554816
1801.520040802024 49.48592922582936
1897.5598765218504 49.49956053710815
1998.7196386572507 49.51289767160637
2105.272272765707 49.52603544564568
2217.505275253932 49.53907151686099
2335.7214690901214 49.55210626391395
2460.239820869775 49.56524252027289
2591.3963014396572 49.57858557821224
2729.5447924020073 49.59224319338179
2875.0580409448803 49.60632541718923
3028.3286655749457 49.620944918109785
3189.7702154663216 49.63621664658609
3359.818286283781 49.65225817093038
3538.9316954909877 49.6691894298266
3727.593720314938 49.68713286336431
3926.3134017068355 49.706213126511265
4135.626917817706 49.72655698022364
4356.099030694608 49.74829345061352
4588.324610100844 49.771553332710695
4832.930238571752 49.796469039742995
5090.575902036681 49.82317495474326
5361.956770568817 49.85180703529214
5647.805074067552 49.882503638836596
5948.892077934331 49.91540554274063
6266.030164072656 49.95065737959476
6600.075022827095 49.98840878524745
6951.927961775606 50.028816330441444
7322.538337604534 50.0720459888495
7712.906117627992 50.11827613484873
8124.0845778629655 50.167701303557436
8557.183144940002 50.22053597429662
9013.37038951743 50.277019135708585
9493.87717927582 50.3374184674406
10000.0 50.40203468845786
10533.104453709382 50.47120523239728
11094.628943275218 50.54530688127305
11686.088553466498 50.62475707233024
12309.079138896019 50.71001403574981
12965.281629896688 50.80157412734217
13656.466567946096 50.899967963565004
14384.498882876629 51.00575362178133
15151.342924760515 51.11950808748395
15959.06776404731 51.24181719098652
16809.852774253653 51.373263095713675
17705.99351226898 51.51441181738021
18649.907912142942 51.66579998914525
19644.142809066267 51.827921684137586
20691.3808111479 52.00121651520181
21794.447537529835 52.18605880882844
22956.319242369096 52.38274894794421
24180.13084525718 52.59150693063137
25469.184389745402 52.8124682917401
26826.957952797275 53.04568270994862
28257.115029208268 53.29111497485318
29763.51441631313 53.54864826433406
31350.220625651124 53.81808915201987
33021.51484968176 54.099174538012164
34781.90651314134 54.39157950652704
36636.14544020716 54.69492611054676
38589.23467029899 55.00879245955844
40646.44395709628 55.33272184543708
42813.32398719396 55.6662317908632
45095.721356761445 56.00882228203328
47499.79434661403 56.359983741877784
50032.029538259994 56.71920384120389
52699.259315756564 57.085973549112445
55508.680300598106 57.45979238264434
58467.87276937589 57.84017288722252
61584.82110660255 58.226643743670266
64867.935347885075 58.61875270613411
68326.07387157406 59.01606856250836
71968.56730011514 59.41818233888248
75805.24367559262 59.82470826047046
79846.45497739078 60.23528395741988
84103.10505352604 60.64957053185516
88586.67904100832 61.067252068093445
93309.27435461663 61.48803513595894
98283.63332770011 61.91164803878766
103523.17759307378 62.33783963686633
109042.04429677526 62.76637859848995
114855.12424239368 63.19705217772616
120978.10206889013 63.6296651059357
127427.49857031321 64.06403833989286
134220.7152716012 64.5000081868982
141376.08138073614 64.93742503958524
148912.90324394088 65.3761524210872
156851.5164373548 65.81606578454243
165213.34063573685 66.25705165984851
174020.9374062485 66.69900692667775
183298.07108324338 67.14183751673431
193069.77288832495 67.58545814427512
203362.40846866704 68.02979105635897
214203.74903583832 68.47476575265601
225623.04629706353 68.92031800500176
237651.11138110727 69.36638942412773
250320.39797173254 69.81292696327586
263665.08987303555 70.25988229138056
277721.1932429355 70.70721132670505
292526.6337436642 71.1548737912811
308121.35887140024 71.60283312920873
324547.44574113254 72.05105547595146
341849.21461759275 72.499510070046
360073.348498562 72.9481683725958
379269.0190732246 73.39700403506856
399488.019395417 73.84599254902001
420784.9036297398 74.29511110048195
443217.13424760854 74.744338249364
466845.2370703785 75.19365358154937
491732.9645779016 75.64303784560198
517947.46792312124 76.09247229465714
545559.4781168514 76.54193909061078
574643.4968715974 76.99142025688866
605277.9976193343 77.44089851229116
637545.6372456506 77.89035621534009
671533.4791115135 78.33977600608408
707333.2279644439 78.78913969345807
745041.4773728917 79.23842854462289
784759.9703514606 79.68762397840227
826595.8738801812 80.13670553189539
870662.0680585118 80.5856522346254
917077.4506742931 81.03444202341068
965967.2580093823 81.48305084028212
1017463.4027476063 81.9314534693745
1071704.8298967092 82.3796227143551
1128837.8916846884 82.82752964800109
1189016.74244199 83.27514267849304
1252403.7545350718 83.7224283080066
1319169.9564735717 84.16934967160465
1389495.494373136 84.61586800533617
1463570.1180190798 85.06194116077182
1541593.6928422702 85.50752318767866
1623776.739188721 85.95256603803324
1710341.0003378377 86.3970171610506
1801520.0408020238 86.84082100450811
1897559.8765218505 87.28391852314988
1998719.6386572486 87.72624683175403
2105272.272765707 88.16773981116276
2217505.2752539297 88.60832828072338
2335721.4690901213 89.0479402122864
2460239.8208697727 89.48650117420127
2591396.3014396573 89.92393462313251
2729544.792402007 90.36016353482758
2875058.040944877 90.79511081811813
3028328.6655749455 91.22870074036788
3189770.215466318 91.66085977255187
3359818.286283781 92.09151929603854
3538931.6954909842 92.5206163496364
3727593.720314938 92.9480968679112
3926313.4017068394 93.37391642470877
4135626.917817706 93.79804419879433
4356099.030694608 94.22046355216284
4588324.61010084 94.64117649226638
4832930.238571752 95.06020398848997
5090575.902036676 95.47758835652225
5361956.770568817 95.89339527901076
5647805.074067546 96.30771425554465
5948892.077934331 96.72065951362357
6266030.164072656 97.13236899587089
6600075.022827089 97.54300289673765
6951927.961775606 97.95274291689353
7322538.337604526 98.36178825168473
7712906.117627992 98.77035245178593
8124084.5778629575 99.17865909818485
8557183.144940002 99.58693727639732
9013370.38951742 99.99541681553436
9493877.17927582 100.40432317955977
10000000.0 100.81387281790589
10533104.45370936 101.22426921931277
11094628.943275219 101.63569824794835
11686088.553466497 102.04832613580963
12309079.138896018 102.46229650006251
12965281.629896663 102.87772986362592
13656466.567946097 103.29472146061585
14384498.882876629 103.71334295432897
15151342.924760515 104.13364325399867
15959067.76404731 104.55564833046326
16809852.774253618 104.9793643205848
17705993.51226898 105.40477995750862
18649907.912142944 105.83186729570266
19644142.809066266 106.26058575540112
20691380.811147902 106.6908834800644
21794447.537529834 107.12269976775006
22956319.242369097 107.55596774072228
24180130.84525718 107.99061500259444
25469184.3897454 108.42656656374751
26826957.95279722 108.86374639878782
28257115.02920827 109.30207712403515
29763514.41631313 109.74148293295983
31350220.62565112 110.18188920037201
33021514.849681754 110.62322397495592
34781906.51314127 111.06541780452291
36636145.44020716 111.50840439826919
38589234.67029899 111.95212123502587
40646443.95709628 112.3965093881833
42813323.98719387 112.84151219437365
45095721.35676145 113.28707910644778
47499794.346614026 113.73316090371335
50032029.53825999 114.17971361865841
52699259.31575657 114.62669489523385
55508680.300597996 115.07406705757171
58467872.7693759 115.52179475872505
61584821.10660254 115.96984482555646
64867935.34788508 116.41818993545547
68326073.87157391 116.86680049938406
71968567.30011514 117.315651504686
75805243.67559262 117.76472358968184
79846454.97739078 118.21399385017622
84103105.05352604 118.6634411256351
88586679.04100814 119.113052966241
93309274.35461664 119.56281606563903
98283633.32770011 120.01271329713049
103523177.59307377 120.46272174530094
109042044.29677527 120.91284320206299
114855124.24239345 121.36306151849817
120978102.06889038 121.81337333574506
127427498.57031322 122.26375554442468
134220715.2716012 122.7142220436966
141376081.38073614 123.1647421610507
148912903.24394056 123.6153315779086
156851516.43735445 124.06596431013499
165213340.63573685 124.51665116810554
174020937.40624848 124.96738803503071
183298071.08324376 125.41814996009202
193069772.88832456 125.8689550499711
203362408.46866703 126.31979227039751
214203749.0358383 126.77064996329777
225623046.2970626 127.22154846518296
237651111.38110778 127.67246685203688
250320397.97173202 128.1233938752227
263665089.87303555 128.57435169421473
277721193.2429355 129.02532095695406
292526633.74366355 129.4763116808854
308121358.87140083 129.92731058222154
324547445.74113256 130.37832928515317
341849214.6175927 130.82934058306176
360073348.49856204 131.28038722027296
379269019.0732238 131.73144679785258
399488019.39541787 132.18247296415592
420784903.6297398 132.63353878594413
443217134.24760854 133.08460245977668
466845237.07037944 133.5356613000704
491732964.5779006 133.98675138956537
517947467.9231202 134.43783486203677
545559478.1168514 134.88892610375692
574643496.8715974 135.34001404464237
605277997.6193355 135.7911176878961
637545637.2456493 136.24219872420667
671533479.1115135 136.69331845907251
707333227.9644439 137.14442762828813
745041477.3728887 137.59552104225043
784759970.3514622 138.0466266560831
826595873.8801795 138.4977371525867
870662068.0585117 138.94885970399815
917077450.674293 139.39993260571558
965967258.0093802 139.8511136509618
1017463402.7476043 140.30217443826234
1071704829.8967092 140.7533056429334
1128837891.6846883 141.2044120123536
1189016742.44199 141.6555091974173
1252403754.5350692 142.10662046326982
1319169956.473569 142.5578147063271
1389495494.373136 143.00886252889083
1463570118.0190797 143.46001716357927
1541593692.8422735 143.91115609232645
1623776739.1887176 144.36218758403606
1710341000.337838 144.8133965202428
1801520040.802024 145.2645961570029
1897559876.5218503 145.71564670574682
1998719638.6572526 146.16679711207226
2105272272.7657027 146.61786438436917
2217505275.2539296 147.06902946592714
2335721469.0901213 147.52019765987677
2460239820.8697777 147.97127980787064
2591396301.439652 148.42243875277083
2729544792.402002 148.87352621329006
2875058040.944877 149.324704664525
3028328665.5749454 149.7757540160717
3189770215.466325 150.22693490482195
3359818286.2837744 150.6780246840121
3538931695.4909844 151.12920017437372
3727593720.314938 151.58020451756414
3926313401.7068396 152.03134345766838
4135626917.8176975 152.48258055504112
4356099030.694599 152.93366368054845
4588324610.100841 153.38473419754646
4832930238.571753 153.8359727652549
5090575902.036687 154.2870746420286
5361956770.568806 154.73814234293707
5647805074.067546 155.18924352750582
5948892077.934331 155.64046480509728
6266030164.072656 156.09142577044312
6600075022.827075 156.54258312308792
6951927961.775591 156.99378822149112
7322538337.6045265 157.44500531706936
7712906117.627993 157.89599098378488
8124084577.862974 158.34727091332786
8557183144.939984 158.79810995160753
9013370389.51742 159.24967377171504
9493877179.27582 159.7008469586496
10000000000.0 160.15181136594458
