10.0 -21.52442888748039
10.53310445370937 -21.51800881561696
11.094628943275218 -21.510899761448155
11.686088553466515 -21.50302944982596
12.309079138896024 -21.494318405528908
12.965281629896682 -21.48467932429144
13.65646656794611 -21.47401640943761
14.38449888287663 -21.462224678206333
15.15134292476053 -21.44918924277938
15.95906776404731 -21.434784573661258
16.80985277425364 -21.41887375600564
17.70599351226899 -21.401307752382387
18.64990791214297 -21.38192468922421
19.644142809066278 -21.360549189689728
20.6913808111479 -21.336991779547727
21.794447537529855 -21.311048400587744
22.956319242369098 -21.282500070341044
24.180130845257207 -21.251112735866382
25.4691843897454 -21.21663737643676
26.826957952797258 -21.17881041610343
28.257115029208283 -21.13735451533455
29.76351441631318 -21.09197981561639
31.350220625651154 -21.042385713577136
33.02151484968176 -20.988263242400155
34.7819065131413 -20.929298132624933
36.63614544020716 -20.865174614067943
38.58923467029903 -20.795580003680513
40.646443957096295 -20.720210096679004
42.81332398719393 -20.63877534474265
45.095721356761466 -20.551007760019665
47.499794346614124 -20.45666843194676
50.03202953826004 -20.355555486663846
52.699259315756564 -20.24751225668211
55.50868030059805 -20.13243537384647
58.467872769375894 -20.010282446056543
61.58482110660264 -19.88107894515857
64.86793534788511 -19.744923916889743
68.32607387157402 -19.601994134438847
71.96856730011521 -19.45254635451247
75.8052436755926 -19.296917396686844
79.84645497739086 -19.135521859642466
84.10310505352605 -18.96884739082563
88.58667904100822 -18.797447545955308
93.30927435461668 -18.621932394642084
98.28363332770026 -18.44295714017729
103.52317759307378 -18.26120911742604
109.04204429677526 -18.077393613952875
114.8551242423938 -17.892219007037575
120.97810206889012 -17.706381739042712
127.42749857031335 -17.520551652324897
134.2207152716012 -17.33535818524074
141.37608138073614 -17.151377886047214
148.91290324394086 -16.969123642424165
156.85151643735477 -16.789035951888255
165.213340635737 -16.611476475539856
174.0209374062485 -16.43672402988372
183.29807108324357 -16.26497308355057
193.06977288832496 -16.096334737476415
203.36240846866724 -15.930840089998895
214.2037490358383 -15.76844581239288
225.62304629706352 -15.609041706089569
237.65111138110728 -15.452459959233583
250.32039797173255 -15.29848578751777
263.6650898730358 -15.146869119866281
277.7211932429355 -14.99733697033011
292.5266337436645 -14.849606136225091
308.1213588714002 -14.703395855487102
324.54744574113323 -14.558440063065834
341.84921461759274 -14.41449889472622
360.073348498562 -14.271369099347782
379.26901907322497 -14.128893044326427
399.48801939541704 -13.986966026484938
420.78490362974026 -13.845541645159754
443.21713424760856 -13.704635048450399
466.84523707037897 -13.564323929013488
491.73296457790156 -13.424747230280419
517.9474679231213 -13.286101610372532
545.5594781168514 -13.148635807016777
574.6434968715973 -13.01264314115879
605.2779976193349 -12.878452483092431
637.5456372456507 -12.746418075740596
671.5334791115142 -12.616908663130266
707.3332279644438 -12.490296394707887
745.0414773728917 -12.366945977144812
784.7599703514607 -12.247204512835236
826.5958738801812 -12.131392410256705
870.6620680585127 -12.019795673841852
917.0774506742931 -11.912659792649603
965.9672580093833 -11.810185347595553
1017.4634027476063 -11.712525363087028
1071.7048298967104 -11.61978433941293
1128.8378916846884 -11.532018827273603
1189.01674244199 -11.449239349034022
1252.4037545350732 -11.371413431693227
1319.1699564735716 -11.298469497225872
1389.4954943731375 -11.230301354678943
1463.5701180190797 -11.166773049744094
1541.5936928422718 -11.10772385256914
1623.776739188721 -11.052973195266187
1710.3410003378397 -11.002325406370446
1801.520040802024 -10.955574125846457
1897.5598765218504 -10.912506319002421
1998.7196386572507 -10.872905839094273
2105.272272765707 -10.836556515952287
2217.505275253932 -10.803244769654237
2335.7214690901214 -10.77276176579564
2460.239820869775 -10.74490514123336
2591.3963014396572 -10.719480337698696
2729.5447924020073 -10.696301585234709
2875.0580409448803 -10.675192579575146
3028.3286655749457 -10.65598689718125
3189.7702154663216 -10.638528189814267
3359.818286283781 -10.622670197641844
3538.9316954909877 -10.608276616131707
3727.593720314938 -10.595220848163722
3926.3134017068355 -10.583385668694413
4135.626917817706 -10.57266282540848
4356.099030694608 -10.562952595173865
4588.324610100844 -10.55416331266802
4832.930238571752 -10.546210884581715
5090.575902036681 -10.539018300156314
5361.956770568817 -10.532515146484878
5647.805074067552 -10.526637135079227
5948.892077934331 -10.5213256445271
6266.030164072656 -10.516527282742496
6600.075022827095 -10.512193471141916
6951.927961775606 -10.508280052189603
7322.538337604534 -10.504746921065273
7712.906117627992 -10.501557681575031
8124.0845778629655 -10.498679326044238
8557.183144940002 -10.49608193859919
9013.37038951743 -10.493738420953445
9493.87717927582 -10.491624239727837
10000.0 -10.489717194142965
10533.104453709382 -10.487997202923502
11094.628943275218 -10.486446109198708
11686.088553466498 -10.485047502167127
12309.079138896019 -10.483786554332344
12965.281629896688 -10.482649873183789
13656.466567946096 -10.481625366174882
14384.498882876629 -10.480702117985473
15151.342924760515 -10.47987027897015
15959.06776404731 -10.479120964045718
16809.852774253653 -10.478446160897652
17705.99351226898 -10.477838646939903
18649.907912142942 -10.477291914103272
19644.142809066267 -10.476800100808159
20691.3808111479 -10.476357930560436
21794.447537529835 -10.475960656388896
22956.319242369096 -10.475604010906308
24180.13084525718 -10.475284161165225
25469.184389745402 -10.474997668021615
26826.957952797275 -10.474741449826448
28257.115029208268 -10.474512749409799
29763.51441631313 -10.474309105019193
31350.220625651124 -10.47412832384087
33021.51484968176 -10.473968458807054
34781.90651314134 -10.47382778764705
36636.14544020716 -10.473704794581591
38589.23467029899 -10.473598153942092
40646.44395709628 -10.47350671618438
42813.32398719396 -10.473429495414466
45095.721356761445 -10.473365658865186
47499.79434661403 -10.473314517915943
50032.029538259994 -10.473275520762853
52699.259315756564 -10.473248246367369
55508.680300598106 -10.473232400050934
58467.87276937589 -10.473227810223165
61584.82110660255 -10.473234426549698
64867.935347885075 -10.473252319275998
68326.07387157406 -10.473281680092823
71968.56730011514 -10.473322823993163
75805.24367559262 -10.473376192709686
79846.45497739078 -10.473442359277769
84103.10505352604 -10.473522034114136
88586.67904100832 -10.473616072480802
93309.27435461663 -10.473725483597951
98283.63332770011 -10.473851441106143
103523.17759307378 -10.473995295530889
109042.04429677526 -10.474158588433722
114855.12424239368 -10.4743430684012
120978.10206889013 -10.474550709478546
127427.49857031321 -10.474783731613613
134220.7152716012 -10.475044623612726
141376.08138073614 -10.475336168893923
148912.90324394088 -10.475661474095372
156851.5164373548 -10.47602400075732
165213.34063573685 -10.476427600535638
174020.9374062485 -10.476876554081183
183298.07108324338 -10.477375613937365
193069.77288832495 -10.477930051720355
203362.40846866704 -10.47854571013956
214203.74903583832 -10.479229059790164
225623.04629706353 -10.479987261605757
237651.11138110727 -10.480828234885998
250320.39797173254 -10.481760731455916
263665.08987303555 -10.482794416364518
277721.1932429355 -10.48393995526049
292526.6337436642 -10.485209108796296
308121.35887140024 -10.486614834325643
324547.44574113254 -10.488171394803569
341849.21461759275 -10.489894475174271
360073.348498562 -10.49180130568371
379269.0190732246 -10.493910791999191
399488.019395417 -10.496243651365448
420784.9036297398 -10.498822553751111
443217.13424760854 -10.501672266614673
466845.2370703785 -10.504819801278382
491732.9645779016 -10.508294558474635
517947.46792312124 -10.51212846969322
545559.4781168514 -10.516356130192719
574643.4968715974 -10.521014918774904
605277.9976193343 -10.526145097832401
637545.6372456506 -10.531789886270907
671533.4791115135 -10.53799549672611
707333.2279644439 -10.544811126344598
745041.4773728917 -10.552288889710134
784759.9703514606 -10.560483680346834
826595.8738801812 -10.569452946361631
870662.0680585118 -10.579256364246156
917077.4506742931 -10.589955394609223
965967.2580093823 -10.601612702930927
1017463.4027476063 -10.614291429864755
1071704.8298967092 -10.628054297037464
1128837.8916846884 -10.642962537525593
1189016.74244199 -10.659074645748738
1252403.7545350718 -10.676444947842153
1319169.9564735717 -10.695122002563341
1389495.494373136 -10.715146854341771
1463570.1180190798 -10.736551172269564
1541593.6928422702 -10.75935532363457
1623776.739188721 -10.783566445229729
1710341.0003378377 -10.809176590148194
1801520.0408020238 -10.836161040391678
1897559.8765218505 -10.864476884272957
1998719.6386572486 -10.894061962089118
2105272.272765707 -10.924834279369847
2217505.2752539297 -10.956691976728978
2335721.4690901213 -10.989513924898862
2460239.8208697727 -11.02316098553289
2591396.3014396573 -11.057477943167713
2729544.792402007 -11.092296073355444
2875058.040944877 -11.12743627161954
3028328.6655749455 -11.162712628465627
3189770.215466318 -11.197936303860946
3359818.286283781 -11.232919531893028
3538931.6954909842 -11.267479577372033
3727593.720314938 -11.301442468505412
3926313.4017068394 -11.334646347833829
4135626.917817706 -11.366944310780706
4356099.030694608 -11.398206638041353
4588324.61010084 -11.428322367867718
4832930.238571752 -11.45720019598032
5090575.902036676 -11.48476872791251
5361956.770568817 -11.510976141071705
5647805.074067546 -11.535789336571561
5948892.077934331 -11.559192677063956
6266030.164072656 -11.58118641303161
6600075.022827089 -11.601784899187608
6951927.961775606 -11.621014695775468
7322538.337604526 -11.63891263899121
7712906.117627992 -11.655523949857173
8124084.5778629575 -11.670900436984057
8557183.144940002 -11.685098833951955
9013370.38951742 -11.698179296969883
9493877.17927582 -11.710204079015067
10000000.0 -11.721236383553661
10533104.45370936 -11.731339396159413
11094628.943275219 -11.740575484347238
11686088.553466497 -11.749005552872365
12309079.138896018 -11.756688538954732
12965281.629896663 -11.76368103103255
13656466.567946097 -11.770036994289521
14384498.882876629 -11.775807586558624
15151342.924760515 -11.781041049993066
15959067.76404731 -11.785782664748188
16809852.774253618 -11.79007475235714
17705993.51226898 -11.793956718641589
18649907.912142944 -11.797465128047415
19644142.809066266 -11.800633799977454
20691380.811147902 -11.803493923693619
21794447.537529834 -11.806074184397097
22956319.242369097 -11.808400897692895
24180130.84525718 -11.810498148813782
25469184.3897454 -11.812387933589381
26826957.95279722 -11.814090299336367
28257115.02920827 -11.815623483682423
29763514.41631313 -11.817004049745503
31350220.62565112 -11.818247016929979
33021514.849681754 -11.819365985849512
34781906.51314127 -11.820373257352896
36636145.44020716 -11.821279944664099
38589234.67029899 -11.8220960786567
40646443.95709628 -11.822830705926528
42813323.98719387 -11.823491979970997
45095721.35676145 -11.824087245097674
47499794.346614026 -11.824623113861698
50032029.53825999 -11.825105537711947
52699259.31575657 -11.825539871720906
55508680.300597996 -11.825930933287854
58467872.7693759 -11.826283055669272
61584821.10660254 -11.826600136148649
64867935.34788508 -11.82688567988823
68326073.87157391 -11.827142839414273
71968567.30011514 -11.827374450082782
75805243.67559262 -11.827583062110625
79846454.97739078 -11.8277709695602
84103105.05352604 -11.827940236131042
88586679.04100814 -11.828092718532098
93309274.35461664 -11.828230087303368
98283633.32770011 -11.828353845820367
103523177.59307377 -11.828465346945462
109042044.29677527 -11.828565808428051
114855124.24239345 -11.828656326351627
120978102.06889038 -11.828737887500191
127427498.57031322 -11.828811380262676
134220715.2716012 -11.82887760456899
141376081.38073614 -11.828937280708365
148912903.24394056 -11.828991057349956
156851516.43735445 -11.829039518681029
165213340.63573685 -11.829083190916892
174020937.40624848 -11.829122547931592
183298071.08324376 -11.82915801666729
193069772.88832456 -11.829189981752313
203362408.46866703 -11.829218789609863
214203749.0358383 -11.829244752380388
225623046.2970626 -11.829268151319567
237651111.38110778 -11.829289239800113
250320397.97173202 -11.829308246073179
263665089.87303555 -11.829325375871813
277721193.2429355 -11.82934081467806
292526633.74366355 -11.829354729347823
308121358.87140083 -11.829367270554332
324547445.74113256 -11.829378573805414
341849214.6175927 -11.829388761428985
360073348.49856204 -11.829397943567074
379269019.0732238 -11.829406219440328
399488019.39541787 -11.829413678564489
420784903.6297398 -11.829420401596868
443217134.24760854 -11.82942646111856
466845237.07037944 -11.829431922664682
491732964.5779006 -11.829436845284649
517947467.9231202 -11.829441282092514
545559478.1168514 -11.8294452810979
574643496.8715974 -11.829448885564782
605277997.6193355 -11.829452134252634
637545637.2456493 -11.829455062434374
671533479.1115135 -11.829457701707081
707333227.9644439 -11.829460080473122
745041477.3728887 -11.82946222462391
784759970.3514622 -11.829464157217359
826595873.8801795 -11.829465899023647
870662068.0585117 -11.82946746901851
917077450.674293 -11.829468884105353
965967258.0093802 -11.829470159592079
1017463402.7476043 -11.82947130914954
1071704829.8967092 -11.829472345380015
1128837891.6846883 -11.829473279297433
1189016742.44199 -11.829474121037443
1252403754.5350692 -11.829474879962047
1319169956.473569 -11.829475563767744
1389495494.373136 -11.829476180326308
1463570118.0190797 -11.829476735681066
1541593692.8422735 -11.829477236510474
1623776739.1887176 -11.829477688083118
1710341000.337838 -11.829478094530494
1801520040.802024 -11.829478461512892
1897559876.5218503 -11.82947879196746
1998719638.6572526 -11.829479089999442
2105272272.7657027 -11.82947935815169
2217505275.2539296 -11.829479600583625
2335721469.0901213 -11.829479818231047
2460239820.8697777 -11.829480014736603
2591396301.439652 -11.829480192218567
2729544792.402002 -11.829480351777192
2875058040.944877 -11.829480495626402
3028328665.5749454 -11.829480625708598
3189770215.466325 -11.829480742690953
3359818286.2837744 -11.829480848245053
3538931695.4909844 -11.829480943468466
3727593720.314938 -11.829481029109905
3926313401.7068396 -11.829481106178497
4135626917.8176975 -11.829481175559184
4356099030.694599 -11.829481238123707
4588324610.100841 -11.82948129487147
4832930238.571753 -11.829481345827455
5090575902.036687 -11.829481391408558
5361956770.568806 -11.829481432832345
5647805074.067546 -11.82948147015024
5948892077.934331 -11.829481503949054
6266030164.072656 -11.829481534157562
6600075022.827075 -11.829481561451807
6951927961.775591 -11.829481585906759
7322538337.6045265 -11.829481607746597
7712906117.627993 -11.829481628838213
8124084577.862974 -11.829481646681998
8557183144.939984 -11.829481662786803
9013370389.51742 -11.829481677738226
9493877179.27582 -11.829481690048691
10000000000.0 -11.829481701969002
