10.0 1.277820019129749
10.53310445370937 1.2781645640495993
11.094628943275218 1.2785461997048544
11.686088553466515 1.2789688361578457
12.309079138896024 1.2794367962330484
12.965281629896682 1.2799548224757489
13.65646656794611 1.2805281319944393
14.38449888287663 1.2811624587295736
15.15134292476053 1.2818640854706544
15.95906776404731 1.2826399060608027
16.80985277425364 1.2834974575427678
17.70599351226899 1.2844449763616423
18.64990791214297 1.2854914337135084
19.644142809066278 1.2866466033876693
20.6913808111479 1.2879211234547516
21.794447537529855 1.2893264728134368
22.956319242369098 1.290875107952044
24.180130845257207 1.2925804144983881
25.4691843897454 1.2944567855674523
26.826957952797258 1.2965196015680727
28.257115029208283 1.298785288734582
29.76351441631318 1.301271229170053
31.350220625651154 1.303995767965839
33.02151484968176 1.3069781590083447
34.7819065131413 1.310238431346737
36.63614544020716 1.3137972774704316
38.58923467029903 1.3176758899456287
40.646443957096295 1.3218957245942948
42.81332398719393 1.3264782472826555
45.095721356761466 1.3314446127499786
47.499794346614124 1.3368152641683249
50.03202953826004 1.3426095179494224
52.699259315756564 1.3488450795341556
55.50868030059805 1.3555374890428349
58.467872769375894 1.3626995441504877
61.58482110660264 1.370340700153845
64.86793534788511 1.3784664163661406
68.32607387157402 1.38707755107116
71.96856730011521 1.3961697487184983
75.8052436755926 1.4057328902251007
79.84645497739086 1.415750624759338
84.10310505352605 1.4261999860291539
88.58667904100822 1.437051180426723
93.30927435461668 1.4482674723432345
98.28363332770026 1.4598053221919869
103.52317759307378 1.471614664799403
109.04204429677526 1.4836393764664897
114.8551242423938 1.4958179920641823
120.97810206889012 1.5080845371566862
127.42749857031335 1.5203695541981923
134.2207152716012 1.5326012456981193
141.37608138073614 1.5447066290341032
148.91290324394086 1.5566128062363769
156.85151643735477 1.568248119642865
165.213340635737 1.5795432713956221
174.0209374062485 1.5904322682595795
183.29807108324357 1.6008532486064009
193.06977288832496 1.610749037589129
203.36240846866724 1.620067548289981
214.2037490358383 1.6287618864098419
225.62304629706352 1.6367902931813085
237.65111138110728 1.6441158409296697
250.32039797173255 1.6507059717109576
263.6650898730358 1.6565318499865813
277.7211932429355 1.6615676437263314
292.5266337436645 1.6657896583503167
308.1213588714002 1.669175479008932
324.54744574113323 1.671703009232412
341.84921461759274 1.6733495880852063
360.073348498562 1.6740910332812806
379.26901907322497 1.6739008182399029
399.48801939541704 1.6727491883239585
420.78490362974026 1.670602431683493
443.21713424760856 1.667422137036271
466.84523707037897 1.6631645394204928
491.73296457790156 1.6577799785818224
517.9474679231213 1.651212373345711
545.5594781168514 1.6433988391226915
574.6434968715973 1.6342693582903545
605.2779976193349 1.6237465895306982
637.5456372456507 1.6117457820730179
671.5334791115142 1.5981748350673728
707.3332279644438 1.5829345354763182
745.0414773728917 1.5659189385792835
784.7599703514607 1.5470160497508154
826.5958738801812 1.5261086331652907
870.6620680585127 1.5030754392679138
917.0774506742931 1.4777925896454818
965.9672580093833 1.4501354294375308
1017.4634027476063 1.4199806658292515
1071.7048298967104 1.3872088774113387
1128.8378916846884 1.3517074269524572
1189.01674244199 1.3133737228527966
1252.4037545350732 1.2721187581062559
1319.1699564735716 1.227870977529468
1389.4954943731375 1.180580245107614
1463.5701180190797 1.1302219248438685
1541.5936928422718 1.0768008170046255
1623.776739188721 1.0203548665094906
1710.3410003378397 0.9609583976372688
1801.520040802024 0.8987246894584383
1897.5598765218504 0.8338077009109348
1998.7196386572507 0.7664027348211521
2105.272272765707 0.6967459123977783
2217.505275253932 0.625112336563342
2335.7214690901214 0.551812889233503
2460.239820869775 0.47718972798996057
2591.3963014396572 0.40161054465397666
2729.5447924020073 0.32546177191108017
2875.0580409448803 0.2491410259748238
3028.3286655749457 0.17304909298033389
3189.7702154663216 0.09758169371619935
3359.818286283781 0.02312155218839075
3538.9316954909877 -0.04996908474653949
3727.593720314938 -0.12135498321201763
3926.3134017068355 -0.19073349038583243
4135.626917817706 -0.2578387746485957
4356.099030694608 -0.3224447634554469
4588.324610100844 -0.3843667315688642
4832.930238571752 -0.44346162393042704
5090.575902036681 -0.49962711468120835
5361.956770568817 -0.5527998039944733
5647.805074067552 -0.6029524739563428
5948.892077934331 -0.6500907797256589
6266.030164072656 -0.694249545166144
6600.075022827095 -0.735488760216647
6951.927961775606 -0.7738896318349775
7322.538337604534 -0.8095506016221552
7712.906117627992 -0.8425836369110009
8124.0845778629655 -0.8731107567326114
8557.183144940002 -0.9012608944187733
9013.37038951743 -0.9271671443277042
9493.87717927582 -0.9509643480369566
10000.0 -0.9727870419598152
10533.104453709382 -0.9927678378135647
11094.628943275218 -1.0110360118308854
11686.088553466498 -1.0277164780926333
12309.079138896019 -1.0429289735796714
12965.281629896688 -1.0567875293334121
13656.466567946096 -1.0694000343913066
14384.498882876629 -1.0808681130073008
15151.342924760515 -1.0912869758142687
15959.06776404731 -1.1007455015790597
16809.852774253653 -1.1093263254647678
17705.99351226898 -1.1171060828660904
18649.907912142942 -1.124155580909423
19644.142809066267 -1.1305401095520509
20691.3808111479 -1.136319727492726
21794.447537529835 -1.1415495456314242
22956.319242369096 -1.1462800787974499
24180.13084525718 -1.1505575260979042
25469.184389745402 -1.1544240787611164
26826.957952797275 -1.157918238908038
28257.115029208268 -1.1610750544507447
29763.51441631313 -1.163926452653161
31350.220625651124 -1.1665014419140656
33021.51484968176 -1.168826387113859
34781.90651314134 -1.170925206148509
36636.14544020716 -1.1728196201780887
38589.23467029899 -1.1745292833059826
40646.44395709628 -1.1760720294373819
42813.32398719396 -1.177464002830336
45095.721356761445 -1.178719800949619
47499.79434661403 -1.179852645883291
50032.029538259994 -1.1808745004982464
52699.259315756564 -1.1817961592335866
55508.680300598106 -1.1826273971478487
58467.87276937589 -1.1833770349701564
61584.82110660255 -1.1840530533179752
64867.935347885075 -1.1846626460475602
68326.07387157406 -1.185212315640537
71968.56730011514 -1.1857079355879336
75805.24367559262 -1.186154803922065
79846.45497739078 -1.1865577008226622
84103.10505352604 -1.186920950495466
88586.67904100832 -1.1872484328536577
93309.27435461663 -1.18754367750953
98283.63332770011 -1.1878098361455915
103523.17759307378 -1.188049775038225
109042.04429677526 -1.1882660844373119
114855.12424239368 -1.18846107806427
120978.10206889013 -1.1886368540257612
127427.49857031321 -1.1887953063320242
134220.7152716012 -1.188938138834462
141376.08138073614 -1.189066893788737
148912.90324394088 -1.1891829600243802
156851.5164373548 -1.1892875748642129
165213.34063573685 -1.189381873607347
174020.9374062485 -1.1894668836848579
183298.07108324338 -1.1895435014665166
193069.77288832495 -1.1896125685861931
203362.40846866704 -1.1896748192456457
214203.74903583832 -1.1897309353308723
225623.04629706353 -1.1897815158484273
237651.11138110727 -1.1898271009716521
250320.39797173254 -1.189868198867387
263665.08987303555 -1.1899052396954803
277721.1932429355 -1.189938622026344
292526.6337436642 -1.189968713554404
308121.35887140024 -1.1899958410376004
324547.44574113254 -1.190020296152716
341849.21461759275 -1.190042328267601
360073.348498562 -1.1900621939462148
379269.0190732246 -1.190080092548917
399488.019395417 -1.1900962280153893
420784.9036297398 -1.190110780104253
443217.13424760854 -1.1901238912432623
466845.2370703785 -1.190135710988382
491732.9645779016 -1.190146359372524
517947.46792312124 -1.1901559565932072
545559.4781168514 -1.1901646114459916
574643.4968715974 -1.1901724109592728
605277.9976193343 -1.1901794460404929
637545.6372456506 -1.1901857804749334
671533.4791115135 -1.190191493344808
707333.2279644439 -1.1901966299963223
745041.4773728917 -1.1902012734972869
784759.9703514606 -1.1902054617969888
826595.8738801812 -1.1902092312460626
870662.0680585118 -1.1902126231370005
917077.4506742931 -1.1902156819420076
965967.2580093823 -1.1902184561423046
1017463.4027476063 -1.190220941899923
1071704.8298967092 -1.1902231795148452
1128837.8916846884 -1.1902252078887197
1189016.74244199 -1.1902270202038883
1252403.7545350718 -1.1902286654457224
1319169.9564735717 -1.1902301467080552
1389495.494373136 -1.1902314791229172
1463570.1180190798 -1.1902326911605496
1541593.6928422702 -1.1902337636341263
1623776.739188721 -1.1902347321311624
1710341.0003378377 -1.190235631472377
1801520.0408020238 -1.1902364183004905
1897559.8765218505 -1.1902371346831524
1998719.6386572486 -1.1902377760138219
2105272.272765707 -1.190238372507915
2217505.2752539297 -1.1902388906586612
2335721.4690901213 -1.190239351699238
2460239.8208697727 -1.190239778607489
2591396.3014396573 -1.190240160664339
2729544.792402007 -1.1902404992686006
2875058.040944877 -1.1902408110288827
3028328.6655749455 -1.1902411080414745
3189770.215466318 -1.1902413585076945
3359818.286283781 -1.1902415668361712
3538931.6954909842 -1.1902417941922658
3727593.720314938 -1.190241967289361
3926313.4017068394 -1.1902421346820937
4135626.917817706 -1.1902422864461442
4356099.030694608 -1.1902424091299868
4588324.61010084 -1.1902425306362898
4832930.238571752 -1.1902426594721653
5090575.902036676 -1.1902427569737961
5361956.770568817 -1.1902428466147044
5647805.074067546 -1.190242912739473
5948892.077934331 -1.1902430005004419
6266030.164072656 -1.1902430511729696
6600075.022827089 -1.1902431036472279
6951927.961775606 -1.1902431454445526
7322538.337604526 -1.1902432331752593
7712906.117627992 -1.1902432593466745
8124084.5778629575 -1.1902432866681822
8557183.144940002 -1.19024337236083
9013370.38951742 -1.1902434015955685
9493877.17927582 -1.1902434064306906
10000000.0 -1.190243467191978
10533104.45370936 -1.1902434808728513
11094628.943275219 -1.190243489584727
11686088.553466497 -1.190243452267443
12309079.138896018 -1.1902435310868702
12965281.629896663 -1.1902435801375497
13656466.567946097 -1.1902435720337556
14384498.882876629 -1.1902435179444082
15151342.924760515 -1.1902435785437386
15959067.76404731 -1.1902435802660758
16809852.774253618 -1.1902435675925354
17705993.51226898 -1.1902435649861194
18649907.912142944 -1.190243613010283
19644142.809066266 -1.1902436193320414
20691380.811147902 -1.1902435950601884
21794447.537529834 -1.1902436774245662
22956319.242369097 -1.1902436458253012
24180130.84525718 -1.1902436591512797
25469184.3897454 -1.190243587475876
26826957.95279722 -1.190243584218426
28257115.02920827 -1.1902436483468224
29763514.41631313 -1.190243722997402
31350220.62565112 -1.1902436252220547
33021514.849681754 -1.1902437357687905
34781906.51314127 -1.1902435329244148
36636145.44020716 -1.1902435959843791
38589234.67029899 -1.1902435478109261
40646443.95709628 -1.1902436505658553
42813323.98719387 -1.1902436914938748
45095721.35676145 -1.1902434000800082
47499794.346614026 -1.1902437326547506
50032029.53825999 -1.1902437952149894
52699259.31575657 -1.1902433010302338
55508680.300597996 -1.1902436306993749
58467872.7693759 -1.190243610538189
61584821.10660254 -1.1902436605134412
64867935.34788508 -1.1902435052517228
68326073.87157391 -1.190243663962092
71968567.30011514 -1.190243644127965
75805243.67559262 -1.1902436354899368
79846454.97739078 -1.1902436845761635
84103105.05352604 -1.1902432974439754
88586679.04100814 -1.1902432445099644
93309274.35461664 -1.1902436295323975
98283633.32770011 -1.1902436299854622
103523177.59307377 -1.1902433360215
109042044.29677527 -1.1902434454174338
114855124.24239345 -1.190243155274897
120978102.06889038 -1.1902435714891324
127427498.57031322 -1.1902432341617617
134220715.2716012 -1.1902437426537613
141376081.38073614 -1.1902430798986943
148912903.24394056 -1.1902434223917888
156851516.43735445 -1.1902439345398221
165213340.63573685 -1.1902436691787435
174020937.40624848 -1.1902435512173006
183298071.08324376 -1.1902432301353063
193069772.88832456 -1.1902447415639141
203362408.46866703 -1.190243751004755
214203749.0358383 -1.1902438167319205
225623046.2970626 -1.190244192810027
237651111.38110778 -1.1902435882291649
250320397.97173202 -1.190244117222673
263665089.87303555 -1.1902434287938461
277721193.2429355 -1.1902455303850807
292526633.74366355 -1.1902445011594107
308121358.87140083 -1.190237912450363
324547445.74113256 -1.1902419364256869
341849214.6175927 -1.1902391113130746
360073348.49856204 -1.19025051422209
379269019.0732238 -1.1902401177886959
399488019.39541787 -1.1902416072699404
420784903.6297398 -1.190247312180521
443217134.24760854 -1.1902437171417497
466845237.07037944 -1.190247663480479
491732964.5779006 -1.1902453988721893
517947467.9231202 -1.190233951599212
545559478.1168514 -1.1902354647537643
574643496.8715974 -1.1902378279857269
605277997.6193355 -1.19022792634076
637545637.2456493 -1.1902507519785077
671533479.1115135 -1.190234723935367
707333227.9644439 -1.190269926522797
745041477.3728887 -1.1902232459503859
784759970.3514622 -1.1902361128538976
826595873.8801795 -1.1902243864662228
870662068.0585117 -1.1902414005154427
917077450.674293 -1.19019897089862
965967258.0093802 -1.1902457683164398
1017463402.7476043 -1.1902274214948512
1071704829.8967092 -1.1902046550974161
1128837891.6846883 -1.1902787837484377
1189016742.44199 -1.1902984919398452
1252403754.5350692 -1.1901972009210213
1319169956.473569 -1.1903073195874827
1389495494.373136 -1.190218657911273
1463570118.0190797 -1.1902887526517367
1541593692.8422735 -1.1902210828915114
1623776739.1887176 -1.1901422833278779
1710341000.337838 -1.1902277517053177
1801520040.802024 -1.1902820708149309
1897559876.5218503 -1.1902630960412286
1998719638.6572526 -1.1899799182271387
2105272272.7657027 -1.1902217865315876
2217505275.2539296 -1.1902760401238635
2335721469.0901213 -1.18994434307634
2460239820.8697777 -1.190634451773402
2591396301.439652 -1.189562895564735
2729544792.402002 -1.1904216720201193
2875058040.944877 -1.1908969707925008
3028328665.5749454 -1.1911897935715745
3189770215.466325 -1.1898877523372209
3359818286.2837744 -1.18975721424707
3538931695.4909844 -1.1902922288845
3727593720.314938 -1.1932957647737523
3926313401.7068396 -1.1935804051536076
4135626917.8176975 -1.1868000827627847
4356099030.694599 -1.1900155287083558
4588324610.100841 -1.1926074378332472
4832930238.571753 -1.186095969533544
5090575902.036687 -1.1839710774341807
5361956770.568806 -1.1752899107912647
5647805074.067546 -1.1985865179530821
5948892077.934331 -1.200153388671919
6266030164.072656 -1.1994237250217823
6600075022.827075 -1.1933574764974018
6951927961.775591 -1.1852222709578804
7322538337.6045265 -1.1859945891132206
7712906117.627993 -1.188451998205433
8124084577.862974 -1.2050090863555922
8557183144.939984 -1.1704366842665275
9013370389.51742 -1.2042114051820443
9493877179.27582 -1.2111046160152419
10000000000.0 -1.2028335223768902
