10.0 2.0104932956157477
10.53310445370937 2.45515310719209
11.094628943275218 2.900657049115889
11.686088553466515 3.34694742856005
12.309079138896024 3.7939743847537426
12.965281629896682 4.241695444560653
13.65646656794611 4.690075145146416
14.38449888287663 5.139084704769327
15.15134292476053 5.588701747133067
15.95906776404731 6.038910080666049
16.80985277425364 6.4896995318648205
17.70599351226899 6.94106582099441
18.64990791214297 7.393010495669829
19.644142809066278 7.8455409000040754
20.6913808111479 8.298670197557618
21.794447537529855 8.752417424941493
22.956319242369098 9.206807602955207
24.180130845257207 9.661871861745388
25.4691843897454 10.11764762162931
26.826957952797258 10.574178785433386
28.257115029208283 11.031515963922223
29.76351441631318 11.489716716295481
31.350220625651154 11.948845799176768
33.02151484968176 12.408975418560285
34.7819065131413 12.870185460910449
36.63614544020716 13.332563702589184
38.58923467029903 13.796205972365716
40.646443957096295 14.261216252249127
42.81332398719393 14.72770667015837
45.095721356761466 15.195797386166902
47.499794346614124 15.665616318803366
50.03202953826004 16.13729866786038
52.699259315756564 16.610986201288306
55.50868030059805 17.086826256638407
58.467872769375894 17.564970389257887
61.58482110660264 18.045572632437803
64.86793534788511 18.528787288661515
68.32607387157402 19.01476621617124
71.96856730011521 19.503655542872092
75.8052436755926 19.995591763384855
79.84645497739086 20.49069719487885
84.10310505352605 20.98907476208096
88.58667904100822 21.490802127721462
93.30927435461668 21.99592520015654
98.28363332770026 22.504451089613113
103.52317759307378 23.01634062548188
109.04204429677526 23.53150059157916
114.8551242423938 24.049775874060707
120.97810206889012 24.57094177522635
127.42749857031335 25.09469677732134
134.2207152716012 25.62065607487845
141.37608138073614 26.148346210601304
148.91290324394086 26.677201169525166
156.85151643735477 27.206560257631725
165.213340635737 27.735668070648515
174.0209374062485 28.263676801632684
183.29807108324357 28.789651075070168
193.06977288832496 29.31257540005663
203.36240846866724 29.83136424186448
214.2037490358383 30.344874608740106
225.62304629706352 30.85192093311779
237.65111138110728 31.351291930851243
250.32039797173255 31.841769014780425
263.6650898730358 32.32214575859258
277.7211932429355 32.791247842773835
292.5266337436645 33.24795286658074
308.1213588714002 33.691209392685735
324.54744574113323 34.120054607673836
341.84921461759274 34.53363002030244
360.073348498562 34.931194690938256
379.26901907322497 35.312135587045795
399.48801939541704 35.67597477582892
420.78490362974026 36.02237330585434
443.21713424760856 36.35113176787915
466.84523707037897 36.66218766556658
491.73296457790156 36.955609847999455
517.9474679231213 37.23159037545072
545.5594781168514 37.490434254735014
574.6434968715973 37.732547541225316
605.2779976193349 37.958424319765946
637.5456372456507 38.168633069985376
671.5334791115142 38.363802885233625
707.3332279644438 38.5446099625561
745.0414773728917 38.71176471399327
784.7599703514607 38.86599977512287
826.5958738801812 39.00805911249925
870.6620680585127 39.138688359607386
917.0774506742931 39.258626446708085
965.9672580093833 39.368598533186685
1017.4634027476063 39.469310208574086
1071.7048298967104 39.56144289016434
1128.8378916846884 39.6456503258658
1189.01674244199 39.72255609009184
1252.4037545350732 39.7927519570768
1319.1699564735716 39.856797032430606
1389.4954943731375 39.91521752773924
1463.5701180190797 39.96850706913338
1541.5936928422718 40.01712744053784
1623.776739188721 40.06150967261295
1710.3410003378397 40.10205539773103
1801.520040802024 40.13913840522426
1897.5598765218504 40.17310633855287
1998.7196386572507 40.20428248753838
2105.272272765707 40.23296763731673
2217.505275253932 40.25944194344265
2335.7214690901214 40.28396680926701
2460.239820869775 40.30678674841021
2591.3963014396572 40.32813121955171
2729.5447924020073 40.34821642459888
2875.0580409448803 40.36724706646769
3028.3286655749457 40.385418063093645
3189.7702154663216 40.40291621844101
3359.818286283781 40.41992185171278
3538.9316954909877 40.43661038784556
3727.593720314938 40.45315391198321
3926.3134017068355 40.46972269244375
4135.626917817706 40.48648667495637
4356.099030694608 40.50361695157097
4588.324610100844 40.521287206269385
4832.930238571752 40.53967513771034
5090.575902036681 40.55896385905736
5361.956770568817 40.57934327099769
5647.805074067552 40.60101140283883
5948.892077934331 40.62417571277744
6266.030164072656 40.64905433528737
6600.075022827095 40.67587725892247
6951.927961775606 40.70488741340826
7322.538337604534 40.736341640214
7712.906117627992 40.77051151412309
8124.0845778629655 40.80768397872041
8557.183144940002 40.8481617519045
9013.37038951743 40.892263451617325
9493.87717927582 40.940323387747135
10000.0 40.99269096018737
10533.104453709382 41.0497296016659
11094.628943275218 41.1118152022528
11686.088553466498 41.17933395500927
12309.079138896019 41.2526795676271
12965.281629896688 41.332249795025966
13656.466567946096 41.41844226214027
14384.498882876629 41.51164956624919
15151.342924760515 41.612253672292084
15959.06776404731 41.72061964449604
16809.852774253653 41.83708879029136
17705.99351226898 41.96197132729517
18649.907912142942 42.09553871847778
19644.142809066267 42.23801585303697
20691.3808111479 42.389573275710646
21794.447537529835 42.55031968535475
22956.319242369096 42.72029492916688
24180.13084525718 42.899463712572896
25469.184389745402 43.08771022434021
26826.957952797275 43.28483384335304
28257.115029208268 43.49054604872899
29763.51441631313 43.704468603358166
31350.220625651124 43.9261330252463
33021.51484968176 44.15498130655279
34781.90651314134 44.39036779216745
36636.14544020716 44.63156209066126
38589.23467029899 44.87775286514082
40646.44395709628 45.12805234078571
42813.32398719396 45.38150136923562
45095.721356761445 45.63707490804285
47499.79434661403 45.89368780199735
50032.029538259994 46.15020079012843
52699.259315756564 46.40542670345417
55508.680300598106 46.65813686051387
58467.87276937589 46.90706770613163
61584.82110660255 47.15092777084095
64867.935347885075 47.388405050591516
68326.07387157406 47.618174916606996
71968.56730011514 47.83890866175302
75805.24367559262 48.04928277159156
79846.45497739078 48.24798897530314
84103.10505352604 48.43374508474688
88586.67904100832 48.605306571018005
93309.27435461663 48.76147875996435
98283.63332770011 48.90112945566506
103523.17759307378 49.02320172908539
109042.04429677526 49.12672654386586
114855.12424239368 49.21083483938026
120978.10206889013 49.27476865828271
127427.49857031321 49.31789089732982
134220.7152716012 49.33969327937335
141376.08138073614 49.33980219207636
148912.90324394088 49.31798211351706
156851.5164373548 49.27413644165368
165213.34063573685 49.20830565691918
174020.9374062485 49.120662866157886
183298.07108324338 49.011506892472106
193069.77288832495 48.881253180184146
203362.40846866704 48.73042286940279
214203.74903583832 48.55963045516668
225623.04629706353 48.36957047907747
237651.11138110727 48.161003706530636
250320.39797173254 47.93474322263879
263665.08987303555 47.69164083900819
277721.1932429355 47.432574147040036
292526.6337436642 47.15843448750435
308121.35887140024 46.87011603629445
324547.44574113254 46.568506137819845
341849.21461759275 46.25447695390012
360073.348498562 45.928878440651424
379269.0190732246 45.592532619862084
399488.019395417 45.24622907547632
420784.9036297398 44.89072157998683
443217.13424760854 44.526725738668524
466845.2370703785 44.15491753059854
491732.9645779016 43.77593262308661
517947.46792312124 43.39036633862759
545559.4781168514 42.99877416001755
574643.4968715974 42.60167266807697
605277.9976193343 42.19954081694566
637545.6372456506 41.79282146305846
671533.4791115135 41.38192307517816
707333.2279644439 40.96722156367609
745041.4773728917 40.54906217752063
784759.9703514606 40.12776142661365
826595.8738801812 39.703608995525165
870662.0680585118 39.27686962185569
917077.4506742931 38.84778491877984
965967.2580093823 38.416575126684236
1017463.4027476063 37.98344078316785
1071704.8298967092 37.54856430451496
1128837.8916846884 37.11211147455888
1189016.74244199 36.67423283940622
1252403.7545350718 36.2350650082501
1319169.9564735717 35.79473186196639
1389495.494373136 35.35334567243319
1463570.1180190798 34.911008135904574
1541593.6928422702 34.46781132477729
1623776.739188721 34.023838562172294
1710341.0003378377 33.5791652238003
1801520.0408020238 33.1338594720264
1897559.8765218505 32.68798292670594
1998719.6386572486 32.241591277412404
2105272.272765707 31.79473484138385
2217505.2752539297 31.347459071502843
2335721.4690901213 30.899805018315245
2460239.8208697727 30.45180974987083
2591396.3014396573 30.003506732820938
2729544.792402007 29.55492617828902
2875058.040944877 29.106095355484175
3028328.6655749455 28.657038875782103
3189770.215466318 28.207778950101464
3359818.286283781 27.758335622077908
3538931.6954909842 27.308726978761
3727593.720314938 26.85896934154806
3926313.4017068394 26.40907743876294
4135626.917817706 25.959064561686
4356099.030694608 25.508942705634553
4588324.61010084 25.058722697622706
4832930.238571752 24.60841431166577
5090575.902036676 24.1580263728558
5361956.770568817 23.707566851822488
5647805.074067546 23.25704294975072
5948892.077934331 22.80646117595765
6266030.164072656 22.355827416623207
6600075.022827089 21.905146998966025
6951927.961775606 21.454424747795127
7322538.337604526 21.00366503756014
7712906.117627992 20.55287183890278
8124084.5778629575 20.10204876195937
8557183.144940002 19.65119909487448
9013370.38951742 19.200325839013832
9493877.17927582 18.749431741749277
10000000.0 18.29851932541842
10533104.45370936 17.847590915160822
11094628.943275219 17.396648663070838
11686088.553466497 16.945694572659733
12309079.138896018 16.49473051924058
12965281.629896663 16.043758270808652
13656466.567946097 15.592779506864042
14384498.882876629 15.14179583670572
15151342.924760515 14.690808816644116
15959067.76404731 14.239819966748195
16809852.774253618 13.788830787273127
17705993.51226898 13.337842775131518
18649907.912142944 12.886857439836925
19644142.809066266 12.435876318929907
20691380.811147902 11.9849009968756
21794447.537529834 11.533933118601187
22956319.242369097 11.082974411721619
24180130.84525718 10.632026700132656
25469184.3897454 10.18109192790591
26826957.95279722 9.730172177720114
28257115.02920827 9.279269694557946
29763514.41631313 8.828386909242408
31350220.62565112 8.377526464439395
33021514.849681754 7.926691242320045
34781906.51314127 7.475884399213658
36636145.44020716 7.02510939292512
38589234.67029899 6.57437002729136
40646443.95709628 6.123670486692748
42813323.98719387 5.673015383665776
45095721.35676145 5.2224098085704505
47499794.346614026 4.771859382839981
50032029.53825999 4.321370318503927
52699259.31575657 3.8709494855420252
55508680.300597996 3.4206044835438565
58467872.7693759 2.970343724069093
61584821.10660254 2.520176517499599
64867935.34788508 2.0701131732979197
68326073.87157391 1.6201651054664545
71968567.30011514 1.1703449568752484
75805243.67559262 0.7206667275960733
79846454.97739078 0.27114592188696435
84103105.05352604 -0.17820028883354933
88586679.04100814 -0.6273528912282731
93309274.35461664 -1.0762908336539023
98283633.32770011 -1.5249908092641982
103523177.59307377 -1.9734270206692814
109042044.29677527 -2.4215709181861516
114855124.24239345 -2.8693909145642413
120978102.06889038 -3.3168520707236313
127427498.57031322 -3.7639157501970026
134220715.2716012 -4.210539244347146
141376081.38073614 -4.656675359786404
148912903.24394056 -5.102271970153788
156851516.43735445 -5.547271525790429
165213340.63573685 -5.991610527813903
174020937.40624848 -6.43521894405013
183298071.08324376 -6.87801960078498
193069772.88832456 -7.319927502175886
203362408.46866703 -7.760849121803116
214203749.0358383 -8.200681629921908
225623046.2970626 -8.639312085567953
237651111.38110778 -9.076616574393494
250320397.97173202 -9.512459295830915
263665089.87303555 -9.94669164716496
277721193.2429355 -10.379151218680596
292526633.74366355 -10.809660832102042
308121358.87140083 -11.238027523179568
324547445.74113256 -11.664041567932983
341849214.6175927 -12.087475507309936
360073348.49856204 -12.508083277483646
379269019.0732238 -12.925599369284884
399488019.39541787 -13.33973814813686
420784903.6297398 -13.750193336977128
443217134.24760854 -14.156637703050093
466845237.07037944 -14.558723017608905
491732964.5779006 -14.956080321401949
517947467.9231202 -15.348320598355782
545559478.1168514 -15.735035874812722
574643496.8715974 -16.11580081226448
605277997.6193355 -16.490174879213953
637545637.2456493 -16.857705114682716
671533479.1115135 -17.217929524080468
707333227.9644439 -17.57038110486959
745041477.3728887 -17.91459259649701
784759970.3514622 -18.250101677978062
826595873.8801795 -18.576456882528817
870662068.0585117 -18.893223765304135
917077450.674293 -19.199991521027595
965967258.0093802 -19.496379606578834
1017463402.7476043 -19.78204430698374
1071704829.8967092 -20.05668507413472
1128837891.6846883 -20.320050257449914
1189016742.44199 -20.571942088175966
1252403754.5350692 -20.812220800584523
1319169956.473569 -21.040807555083227
1389495494.373136 -21.257686083354027
1463570118.0190797 -21.462903055281956
1541593692.8422735 -21.656567095676515
1623776739.1887176 -21.8388464294304
1710341000.337838 -22.00996549469696
1801520040.802024 -22.17020027003521
1897559876.5218503 -22.319872926586815
1998719638.6572526 -22.45934584626067
2105272272.7657027 -22.589014975077784
2217505275.2539296 -22.709303444571653
2335721469.0901213 -22.82065472365621
2460239820.8697777 -22.92352626077107
2591396301.439652 -23.01838354411307
2729544792.402002 -23.105694244173737
2875058040.944877 -23.185923486784933
3028328665.5749454 -23.2595293867343
3189770215.466325 -23.32695931104807
3359818286.2837744 -23.388646685095505
3538931695.4909844 -23.445008733809548
3727593720.314938 -23.496444368542782
3926313401.7068396 -23.54333308716628
4135626917.8176975 -23.586033808168487
4356099030.694599 -23.62488462615162
4588324610.100841 -23.660202614823746
4832930238.571753 -23.692284049259804
5090575902.036687 -23.721404694360288
5361956770.568806 -23.747820591532278
5647805074.067546 -23.77176867577742
5948892077.934331 -23.793467744934063
6266030164.072656 -23.813119215553247
6600075022.827075 -23.830908342832807
6951927961.775591 -23.84700501762754
7322538337.6045265 -23.86156480526831
7712906117.627993 -23.874730086149647
8124084577.862974 -23.886630736830895
8557183144.939984 -23.897385254273715
9013370389.51742 -23.90710156637028
9493877179.27582 -23.91587787553622
10000000000.0 -23.92380349949548
10.0 -15.563025007672895
10.53310445370937 -15.563025007673756
11.094628943275218 -15.563025007673332
11.686088553466515 -15.563025007670992
12.309079138896024 -15.56302500767352
12.965281629896682 -15.56302500767183
13.65646656794611 -15.56302500767404
14.38449888287663 -15.563025007673852
15.15134292476053 -15.563025007673847
15.95906776404731 -15.56302500767347
16.80985277425364 -15.563025007673197
17.70599351226899 -15.563025007673959
18.64990791214297 -15.563025007673257
19.644142809066278 -15.563025007674828
20.6913808111479 -15.563025007674245
21.794447537529855 -15.563025007672678
22.956319242369098 -15.56302500767108
24.180130845257207 -15.563025007672868
25.4691843897454 -15.563025007672998
26.826957952797258 -15.563025007673064
28.257115029208283 -15.563025007674081
29.76351441631318 -15.563025007673694
31.350220625651154 -15.563025007674565
33.02151484968176 -15.563025007673161
34.7819065131413 -15.56302500767362
36.63614544020716 -15.563025007674822
38.58923467029903 -15.563025007673092
40.646443957096295 -15.563025007673803
42.81332398719393 -15.563025007673657
45.095721356761466 -15.563025007674016
47.499794346614124 -15.563025007673719
50.03202953826004 -15.563025007672415
52.699259315756564 -15.563025007672902
55.50868030059805 -15.563025007674076
58.467872769375894 -15.563025007673478
61.58482110660264 -15.563025007674636
64.86793534788511 -15.563025007673247
68.32607387157402 -15.563025007674261
71.96856730011521 -15.563025007674181
75.8052436755926 -15.563025007674181
79.84645497739086 -15.563025007672412
84.10310505352605 -15.563025007671545
88.58667904100822 -15.563025007672897
93.30927435461668 -15.563025007673108
98.28363332770026 -15.563025007673719
103.52317759307378 -15.563025007673563
109.04204429677526 -15.563025007672769
114.8551242423938 -15.563025007673188
120.97810206889012 -15.563025007672898
127.42749857031335 -15.56302500767144
134.2207152716012 -15.563025007672211
141.37608138073614 -15.563025007673161
148.91290324394086 -15.563025007672262
156.85151643735477 -15.56302500767271
165.213340635737 -15.563025007673389
174.0209374062485 -15.563025007672291
183.29807108324357 -15.563025007673888
193.06977288832496 -15.56302500767485
203.36240846866724 -15.563025007672746
214.2037490358383 -15.563025007673518
225.62304629706352 -15.563025007672715
237.65111138110728 -15.563025007673858
250.32039797173255 -15.563025007671998
263.6650898730358 -15.563025007674053
277.7211932429355 -15.563025007673225
292.5266337436645 -15.563025007672191
308.1213588714002 -15.563025007673122
324.54744574113323 -15.563025007672968
341.84921461759274 -15.563025007673287
360.073348498562 -15.563025007672147
379.26901907322497 -15.563025007673357
399.48801939541704 -15.56302500767262
420.78490362974026 -15.56302500767285
443.21713424760856 -15.563025007673776
466.84523707037897 -15.563025007672042
491.73296457790156 -15.563025007672735
517.9474679231213 -15.563025007673312
545.5594781168514 -15.563025007672874
574.6434968715973 -15.563025007673035
605.2779976193349 -15.563025007673073
637.5456372456507 -15.563025007673312
671.5334791115142 -15.56302500767313
707.3332279644438 -15.563025007672886
745.0414773728917 -15.563025007672884
784.7599703514607 -15.563025007673065
826.5958738801812 -15.563025007672731
870.6620680585127 -15.563025007672788
917.0774506742931 -15.563025007672843
965.9672580093833 -15.56302500767285
1017.4634027476063 -15.56302500767287
1071.7048298967104 -15.563025007672998
1128.8378916846884 -15.563025007672941
1189.01674244199 -15.563025007672906
1252.4037545350732 -15.56302500767276
1319.1699564735716 -15.56302500767282
1389.4954943731375 -15.563025007672714
1463.5701180190797 -15.56302500767295
1541.5936928422718 -15.563025007672781
1623.776739188721 -15.563025007672888
1710.3410003378397 -15.563025007672858
1801.520040802024 -15.563025007672968
1897.5598765218504 -15.563025007672927
1998.7196386572507 -15.563025007672884
2105.272272765707 -15.563025007672843
2217.505275253932 -15.563025007672858
2335.7214690901214 -15.563025007672861
2460.239820869775 -15.563025007672877
2591.3963014396572 -15.563025007672902
2729.5447924020073 -15.563025007672884
2875.0580409448803 -15.56302500767285
3028.3286655749457 -15.563025007672863
3189.7702154663216 -15.563025007672858
3359.818286283781 -15.563025007672858
3538.9316954909877 -15.563025007672863
3727.593720314938 -15.56302500767287
3926.3134017068355 -15.563025007672891
4135.626917817706 -15.56302500767286
4356.099030694608 -15.563025007672868
4588.324610100844 -15.563025007672874
4832.930238571752 -15.563025007672874
5090.575902036681 -15.563025007672845
5361.956770568817 -15.563025007672888
5647.805074067552 -15.563025007672874
5948.892077934331 -15.56302500767288
6266.030164072656 -15.563025007672868
6600.075022827095 -15.56302500767288
6951.927961775606 -15.563025007672879
7322.538337604534 -15.56302500767287
7712.906117627992 -15.563025007672863
8124.0845778629655 -15.563025007672861
8557.183144940002 -15.563025007672868
9013.37038951743 -15.563025007672874
9493.87717927582 -15.56302500767288
10000.0 -15.563025007672879
10533.104453709382 -15.56302500767287
11094.628943275218 -15.56302500767288
11686.088553466498 -15.563025007672863
12309.079138896019 -15.563025007672863
12965.281629896688 -15.563025007672868
13656.466567946096 -15.56302500767287
14384.498882876629 -15.563025007672879
15151.342924760515 -15.563025007672874
15959.06776404731 -15.563025007672877
16809.852774253653 -15.56302500767288
17705.99351226898 -15.563025007672863
18649.907912142942 -15.563025007672874
19644.142809066267 -15.56302500767287
20691.3808111479 -15.563025007672875
21794.447537529835 -15.563025007672875
22956.319242369096 -15.56302500767287
24180.13084525718 -15.563025007672874
25469.184389745402 -15.563025007672868
26826.957952797275 -15.563025007672874
28257.115029208268 -15.563025007672868
29763.51441631313 -15.563025007672874
31350.220625651124 -15.563025007672868
33021.51484968176 -15.563025007672868
34781.90651314134 -15.563025007672874
36636.14544020716 -15.56302500767288
38589.23467029899 -15.563025007672868
40646.44395709628 -15.563025007672875
42813.32398719396 -15.563025007672879
45095.721356761445 -15.56302500767288
47499.79434661403 -15.563025007672877
50032.029538259994 -15.563025007672879
52699.259315756564 -15.563025007672874
55508.680300598106 -15.563025007672884
58467.87276937589 -15.56302500767287
61584.82110660255 -15.563025007672868
64867.935347885075 -15.563025007672874
68326.07387157406 -15.563025007672874
71968.56730011514 -15.563025007672863
75805.24367559262 -15.563025007672879
79846.45497739078 -15.563025007672879
84103.10505352604 -15.563025007672886
88586.67904100832 -15.563025007672874
93309.27435461663 -15.563025007672874
98283.63332770011 -15.563025007672868
103523.17759307378 -15.563025007672875
109042.04429677526 -15.563025007672868
114855.12424239368 -15.563025007672879
120978.10206889013 -15.563025007672877
127427.49857031321 -15.563025007672884
134220.7152716012 -15.563025007672879
141376.08138073614 -15.563025007672879
148912.90324394088 -15.563025007672888
156851.5164373548 -15.563025007672874
165213.34063573685 -15.563025007672877
174020.9374062485 -15.563025007672879
183298.07108324338 -15.563025007672874
193069.77288832495 -15.563025007672874
203362.40846866704 -15.563025007672874
214203.74903583832 -15.56302500767287
225623.04629706353 -15.56302500767287
237651.11138110727 -15.563025007672874
250320.39797173254 -15.56302500767286
263665.08987303555 -15.563025007672874
277721.1932429355 -15.563025007672875
292526.6337436642 -15.56302500767288
308121.35887140024 -15.563025007672875
324547.44574113254 -15.563025007672877
341849.21461759275 -15.563025007672879
360073.348498562 -15.563025007672874
379269.0190732246 -15.563025007672877
399488.019395417 -15.563025007672868
420784.9036297398 -15.563025007672863
443217.13424760854 -15.563025007672879
466845.2370703785 -15.563025007672874
491732.9645779016 -15.563025007672877
517947.46792312124 -15.563025007672879
545559.4781168514 -15.563025007672868
574643.4968715974 -15.563025007672879
605277.9976193343 -15.563025007672959
637545.6372456506 -15.563025007672946
671533.4791115135 -15.563025007672927
707333.2279644439 -15.563025007672922
745041.4773728917 -15.563025007672898
784759.9703514606 -15.563025007672902
826595.8738801812 -15.563025007672902
870662.0680585118 -15.563025007672888
917077.4506742931 -15.563025007672884
965967.2580093823 -15.563025007672888
1017463.4027476063 -15.563025007672875
1071704.8298967092 -15.563025007672893
1128837.8916846884 -15.563025007672877
1189016.74244199 -15.56302500767288
1252403.7545350718 -15.563025007672874
1319169.9564735717 -15.563025007672884
1389495.494373136 -15.563025007672879
1463570.1180190798 -15.563025007672877
1541593.6928422702 -15.563025007672868
1623776.739188721 -15.563025007672875
1710341.0003378377 -15.563025007672884
1801520.0408020238 -15.563025007672879
1897559.8765218505 -15.563025007672879
1998719.6386572486 -15.563025007672879
2105272.272765707 -15.56302500767287
2217505.2752539297 -15.563025007672879
2335721.4690901213 -15.563025007672863
2460239.8208697727 -15.563025007672879
2591396.3014396573 -15.563025007672877
2729544.792402007 -15.563025007672877
2875058.040944877 -15.56302500767287
3028328.6655749455 -15.563025007672868
3189770.215466318 -15.563025007672877
3359818.286283781 -15.56302500767288
3538931.6954909842 -15.563025007672877
3727593.720314938 -15.563025007672877
3926313.4017068394 -15.563025007672875
4135626.917817706 -15.563025007672866
4356099.030694608 -15.563025007672874
4588324.61010084 -15.56302500767288
4832930.238571752 -15.563025007672874
5090575.902036676 -15.56302500767287
5361956.770568817 -15.563025007672875
5647805.074067546 -15.563025007672868
5948892.077934331 -15.56302500767287
6266030.164072656 -15.563025007672884
6600075.022827089 -15.56302500767288
6951927.961775606 -15.56302500767287
7322538.337604526 -15.563025007672877
7712906.117627992 -15.563025007672875
8124084.5778629575 -15.563025007672877
8557183.144940002 -15.563025007672874
9013370.38951742 -15.563025007672877
9493877.17927582 -15.563025007672874
10000000.0 -15.563025007672879
10533104.45370936 -15.563025007672874
11094628.943275219 -15.563025007672875
11686088.553466497 -15.563025007672879
12309079.138896018 -15.563025007672874
12965281.629896663 -15.563025007672863
13656466.567946097 -15.56302500767287
14384498.882876629 -15.563025007672874
15151342.924760515 -15.563025007672874
15959067.76404731 -15.563025007672868
16809852.774253618 -15.563025007672874
17705993.51226898 -15.563025007672874
18649907.912142944 -15.563025007672863
19644142.809066266 -15.563025007672868
20691380.811147902 -15.563025007672868
21794447.537529834 -15.563025007672868
22956319.242369097 -15.563025007672875
24180130.84525718 -15.563025007672874
25469184.3897454 -15.563025007672875
26826957.95279722 -15.563025007672874
28257115.02920827 -15.563025007672879
29763514.41631313 -15.563025007672874
31350220.62565112 -15.563025007672877
33021514.849681754 -15.56302500767287
34781906.51314127 -15.563025007672877
36636145.44020716 -15.563025007672879
38589234.67029899 -15.563025007672856
40646443.95709628 -15.56302500767287
42813323.98719387 -15.563025007672863
45095721.35676145 -15.563025007672874
47499794.346614026 -15.563025007672861
50032029.53825999 -15.563025007672733
52699259.31575657 -15.563025007673065
55508680.300597996 -15.56302500767288
58467872.7693759 -15.563025007672877
61584821.10660254 -15.56302500767288
64867935.34788508 -15.563025007672875
68326073.87157391 -15.563025007672874
71968567.30011514 -15.563025007672868
75805243.67559262 -15.563025007672877
79846454.97739078 -15.56302500767287
84103105.05352604 -15.56302500767287
88586679.04100814 -15.563025007672874
93309274.35461664 -15.563025007672868
98283633.32770011 -15.563025007672879
103523177.59307377 -15.563025007672874
109042044.29677527 -15.563025007672868
114855124.24239345 -15.563025007672877
120978102.06889038 -15.563025007672877
127427498.57031322 -15.563025007672868
134220715.2716012 -15.563025007672877
141376081.38073614 -15.563025007672877
148912903.24394056 -15.563025007672874
156851516.43735445 -15.563025007672877
165213340.63573685 -15.563025007672868
174020937.40624848 -15.563025007672877
183298071.08324376 -15.563025007672874
193069772.88832456 -15.563025007672874
203362408.46866703 -15.563025007672868
214203749.0358383 -15.563025007672861
225623046.2970626 -15.563025007672808
237651111.38110778 -15.563025007672868
250320397.97173202 -15.563025007672874
263665089.87303555 -15.563025007672874
277721193.2429355 -15.563025007672874
292526633.74366355 -15.56302500767287
308121358.87140083 -15.56302500767287
324547445.74113256 -15.563025007672874
341849214.6175927 -15.563025007672877
360073348.49856204 -15.563025007672884
379269019.0732238 -15.563025007672868
399488019.39541787 -15.563025007672877
420784903.6297398 -15.563025007672877
443217134.24760854 -15.563025007672879
466845237.07037944 -15.563025007672875
491732964.5779006 -15.56302500767288
517947467.9231202 -15.563025007672868
545559478.1168514 -15.563025007672877
574643496.8715974 -15.563025007672879
605277997.6193355 -15.563025007672874
637545637.2456493 -15.563025007672863
671533479.1115135 -15.563025007672877
707333227.9644439 -15.563025007672884
745041477.3728887 -15.563025007672874
784759970.3514622 -15.563025007672874
826595873.8801795 -15.563025007672877
870662068.0585117 -15.563025007672877
917077450.674293 -15.563025007672874
965967258.0093802 -15.56302500767287
1017463402.7476043 -15.563025007672868
1071704829.8967092 -15.563025007672875
1128837891.6846883 -15.563025007672874
1189016742.44199 -15.563025007672875
1252403754.5350692 -15.563025007672879
1319169956.473569 -15.563025007672874
1389495494.373136 -15.56302500767288
1463570118.0190797 -15.563025007672868
1541593692.8422735 -15.563025007672879
1623776739.1887176 -15.563025007672879
1710341000.337838 -15.563025007672875
1801520040.802024 -15.563025007672875
1897559876.5218503 -15.563025007672877
1998719638.6572526 -15.563025007672879
2105272272.7657027 -15.563025007672861
2217505275.2539296 -15.563025007672874
2335721469.0901213 -15.56302500767286
2460239820.8697777 -15.563025007672866
2591396301.439652 -15.563025007672879
2729544792.402002 -15.563025007672879
2875058040.944877 -15.56302500767287
3028328665.5749454 -15.563025007672875
3189770215.466325 -15.563025007672879
3359818286.2837744 -15.563025007672866
3538931695.4909844 -15.563025007672868
3727593720.314938 -15.563025007672874
3926313401.7068396 -15.563025007672884
4135626917.8176975 -15.563025007672875
4356099030.694599 -15.563025007672866
4588324610.100841 -15.563025007672875
4832930238.571753 -15.563025007672875
5090575902.036687 -15.563025007672868
5361956770.568806 -15.56302500767288
5647805074.067546 -15.563025007672868
5948892077.934331 -15.563025007672875
6266030164.072656 -15.56302500767287
6600075022.827075 -15.563025007672884
6951927961.775591 -15.563025007672879
7322538337.6045265 -15.563025007672877
7712906117.627993 -15.563025007672874
8124084577.862974 -15.563025007672877
8557183144.939984 -15.563025007672875
9013370389.51742 -15.563025007672877
9493877179.27582 -15.563025007672884
10000000000.0 -15.56302500767287
10.0 -15.563025007672895
10.53310445370937 -15.563025007673756
11.094628943275218 -15.563025007673332
11.686088553466515 -15.563025007670992
12.309079138896024 -15.56302500767352
12.965281629896682 -15.56302500767183
13.65646656794611 -15.56302500767404
14.38449888287663 -15.563025007673852
15.15134292476053 -15.563025007673847
15.95906776404731 -15.56302500767347
16.80985277425364 -15.563025007673197
17.70599351226899 -15.563025007673959
18.64990791214297 -15.563025007673257
19.644142809066278 -15.563025007674828
20.6913808111479 -15.563025007674245
21.794447537529855 -15.563025007672678
22.956319242369098 -15.56302500767108
24.180130845257207 -15.563025007672868
25.4691843897454 -15.563025007672998
26.826957952797258 -15.563025007673064
28.257115029208283 -15.563025007674081
29.76351441631318 -15.563025007673694
31.350220625651154 -15.563025007674565
33.02151484968176 -15.563025007673161
34.7819065131413 -15.56302500767362
36.63614544020716 -15.563025007674822
38.58923467029903 -15.563025007673092
40.646443957096295 -15.563025007673803
42.81332398719393 -15.563025007673657
45.095721356761466 -15.563025007674016
47.499794346614124 -15.563025007673719
50.03202953826004 -15.563025007672415
52.699259315756564 -15.563025007672902
55.50868030059805 -15.563025007674076
58.467872769375894 -15.563025007673478
61.58482110660264 -15.563025007674636
64.86793534788511 -15.563025007673247
68.32607387157402 -15.563025007674261
71.96856730011521 -15.563025007674181
75.8052436755926 -15.563025007674181
79.84645497739086 -15.563025007672412
84.10310505352605 -15.563025007671545
88.58667904100822 -15.563025007672897
93.30927435461668 -15.563025007673108
98.28363332770026 -15.563025007673719
103.52317759307378 -15.563025007673563
109.04204429677526 -15.563025007672769
114.8551242423938 -15.563025007673188
120.97810206889012 -15.563025007672898
127.42749857031335 -15.56302500767144
134.2207152716012 -15.563025007672211
141.37608138073614 -15.563025007673161
148.91290324394086 -15.563025007672262
156.85151643735477 -15.56302500767271
165.213340635737 -15.563025007673389
174.0209374062485 -15.563025007672291
183.29807108324357 -15.563025007673888
193.06977288832496 -15.56302500767485
203.36240846866724 -15.563025007672746
214.2037490358383 -15.563025007673518
225.62304629706352 -15.563025007672715
237.65111138110728 -15.563025007673858
250.32039797173255 -15.563025007671998
263.6650898730358 -15.563025007674053
277.7211932429355 -15.563025007673225
292.5266337436645 -15.563025007672191
308.1213588714002 -15.563025007673122
324.54744574113323 -15.563025007672968
341.84921461759274 -15.563025007673287
360.073348498562 -15.563025007672147
379.26901907322497 -15.563025007673357
399.48801939541704 -15.56302500767262
420.78490362974026 -15.56302500767285
443.21713424760856 -15.563025007673776
466.84523707037897 -15.563025007672042
491.73296457790156 -15.563025007672735
517.9474679231213 -15.563025007673312
545.5594781168514 -15.563025007672874
574.6434968715973 -15.563025007673035
605.2779976193349 -15.563025007673073
637.5456372456507 -15.563025007673312
671.5334791115142 -15.56302500767313
707.3332279644438 -15.563025007672886
745.0414773728917 -15.563025007672884
784.7599703514607 -15.563025007673065
826.5958738801812 -15.563025007672731
870.6620680585127 -15.563025007672788
917.0774506742931 -15.563025007672843
965.9672580093833 -15.56302500767285
1017.4634027476063 -15.56302500767287
1071.7048298967104 -15.563025007672998
1128.8378916846884 -15.563025007672941
1189.01674244199 -15.563025007672906
1252.4037545350732 -15.56302500767276
1319.1699564735716 -15.56302500767282
1389.4954943731375 -15.563025007672714
1463.5701180190797 -15.56302500767295
1541.5936928422718 -15.563025007672781
1623.776739188721 -15.563025007672888
1710.3410003378397 -15.563025007672858
1801.520040802024 -15.563025007672968
1897.5598765218504 -15.563025007672927
1998.7196386572507 -15.563025007672884
2105.272272765707 -15.563025007672843
2217.505275253932 -15.563025007672858
2335.7214690901214 -15.563025007672861
2460.239820869775 -15.563025007672877
2591.3963014396572 -15.563025007672902
2729.5447924020073 -15.563025007672884
2875.0580409448803 -15.56302500767285
3028.3286655749457 -15.563025007672863
3189.7702154663216 -15.563025007672858
3359.818286283781 -15.563025007672858
3538.9316954909877 -15.563025007672863
3727.593720314938 -15.56302500767287
3926.3134017068355 -15.563025007672891
4135.626917817706 -15.56302500767286
4356.099030694608 -15.563025007672868
4588.324610100844 -15.563025007672874
4832.930238571752 -15.563025007672874
5090.575902036681 -15.563025007672845
5361.956770568817 -15.563025007672888
5647.805074067552 -15.563025007672874
5948.892077934331 -15.56302500767288
6266.030164072656 -15.563025007672868
6600.075022827095 -15.56302500767288
6951.927961775606 -15.563025007672879
7322.538337604534 -15.56302500767287
7712.906117627992 -15.563025007672863
8124.0845778629655 -15.563025007672861
8557.183144940002 -15.563025007672868
9013.37038951743 -15.563025007672874
9493.87717927582 -15.56302500767288
10000.0 -15.563025007672879
10533.104453709382 -15.56302500767287
11094.628943275218 -15.56302500767288
11686.088553466498 -15.563025007672863
12309.079138896019 -15.563025007672863
12965.281629896688 -15.563025007672868
13656.466567946096 -15.56302500767287
14384.498882876629 -15.563025007672879
15151.342924760515 -15.563025007672874
15959.06776404731 -15.563025007672877
16809.852774253653 -15.56302500767288
17705.99351226898 -15.563025007672863
18649.907912142942 -15.563025007672874
19644.142809066267 -15.56302500767287
20691.3808111479 -15.563025007672875
21794.447537529835 -15.563025007672875
22956.319242369096 -15.56302500767287
24180.13084525718 -15.563025007672874
25469.184389745402 -15.563025007672868
26826.957952797275 -15.563025007672874
28257.115029208268 -15.563025007672868
29763.51441631313 -15.563025007672874
31350.220625651124 -15.563025007672868
33021.51484968176 -15.563025007672868
34781.90651314134 -15.563025007672874
36636.14544020716 -15.56302500767288
38589.23467029899 -15.563025007672868
40646.44395709628 -15.563025007672875
42813.32398719396 -15.563025007672879
45095.721356761445 -15.56302500767288
47499.79434661403 -15.563025007672877
50032.029538259994 -15.563025007672879
52699.259315756564 -15.563025007672874
55508.680300598106 -15.563025007672884
58467.87276937589 -15.56302500767287
61584.82110660255 -15.563025007672868
64867.935347885075 -15.563025007672874
68326.07387157406 -15.563025007672874
71968.56730011514 -15.563025007672863
75805.24367559262 -15.563025007672879
79846.45497739078 -15.563025007672879
84103.10505352604 -15.563025007672886
88586.67904100832 -15.563025007672874
93309.27435461663 -15.563025007672874
98283.63332770011 -15.563025007672868
103523.17759307378 -15.563025007672875
109042.04429677526 -15.563025007672868
114855.12424239368 -15.563025007672879
120978.10206889013 -15.563025007672877
127427.49857031321 -15.563025007672884
134220.7152716012 -15.563025007672879
141376.08138073614 -15.563025007672879
148912.90324394088 -15.563025007672888
156851.5164373548 -15.563025007672874
165213.34063573685 -15.563025007672877
174020.9374062485 -15.563025007672879
183298.07108324338 -15.563025007672874
193069.77288832495 -15.563025007672874
203362.40846866704 -15.563025007672874
214203.74903583832 -15.56302500767287
225623.04629706353 -15.56302500767287
237651.11138110727 -15.563025007672874
250320.39797173254 -15.56302500767286
263665.08987303555 -15.563025007672874
277721.1932429355 -15.563025007672875
292526.6337436642 -15.56302500767288
308121.35887140024 -15.563025007672875
324547.44574113254 -15.563025007672877
341849.21461759275 -15.563025007672879
360073.348498562 -15.563025007672874
379269.0190732246 -15.563025007672877
399488.019395417 -15.563025007672868
420784.9036297398 -15.563025007672863
443217.13424760854 -15.563025007672879
466845.2370703785 -15.563025007672874
491732.9645779016 -15.563025007672877
517947.46792312124 -15.563025007672879
545559.4781168514 -15.563025007672868
574643.4968715974 -15.563025007672879
605277.9976193343 -15.563025007672959
637545.6372456506 -15.563025007672946
671533.4791115135 -15.563025007672927
707333.2279644439 -15.563025007672922
745041.4773728917 -15.563025007672898
784759.9703514606 -15.563025007672902
826595.8738801812 -15.563025007672902
870662.0680585118 -15.563025007672888
917077.4506742931 -15.563025007672884
965967.2580093823 -15.563025007672888
1017463.4027476063 -15.563025007672875
1071704.8298967092 -15.563025007672893
1128837.8916846884 -15.563025007672877
1189016.74244199 -15.56302500767288
1252403.7545350718 -15.563025007672874
1319169.9564735717 -15.563025007672884
1389495.494373136 -15.563025007672879
1463570.1180190798 -15.563025007672877
1541593.6928422702 -15.563025007672868
1623776.739188721 -15.563025007672875
1710341.0003378377 -15.563025007672884
1801520.0408020238 -15.563025007672879
1897559.8765218505 -15.563025007672879
1998719.6386572486 -15.563025007672879
2105272.272765707 -15.56302500767287
2217505.2752539297 -15.563025007672879
2335721.4690901213 -15.563025007672863
2460239.8208697727 -15.563025007672879
2591396.3014396573 -15.563025007672877
2729544.792402007 -15.563025007672877
2875058.040944877 -15.56302500767287
3028328.6655749455 -15.563025007672868
3189770.215466318 -15.563025007672877
3359818.286283781 -15.56302500767288
3538931.6954909842 -15.563025007672877
3727593.720314938 -15.563025007672877
3926313.4017068394 -15.563025007672875
4135626.917817706 -15.563025007672866
4356099.030694608 -15.563025007672874
4588324.61010084 -15.56302500767288
4832930.238571752 -15.563025007672874
5090575.902036676 -15.56302500767287
5361956.770568817 -15.563025007672875
5647805.074067546 -15.563025007672868
5948892.077934331 -15.56302500767287
6266030.164072656 -15.563025007672884
6600075.022827089 -15.56302500767288
6951927.961775606 -15.56302500767287
7322538.337604526 -15.563025007672877
7712906.117627992 -15.563025007672875
8124084.5778629575 -15.563025007672877
8557183.144940002 -15.563025007672874
9013370.38951742 -15.563025007672877
9493877.17927582 -15.563025007672874
10000000.0 -15.563025007672879
10533104.45370936 -15.563025007672874
11094628.943275219 -15.563025007672875
11686088.553466497 -15.563025007672879
12309079.138896018 -15.563025007672874
12965281.629896663 -15.563025007672863
13656466.567946097 -15.56302500767287
14384498.882876629 -15.563025007672874
15151342.924760515 -15.563025007672874
15959067.76404731 -15.563025007672868
16809852.774253618 -15.563025007672874
17705993.51226898 -15.563025007672874
18649907.912142944 -15.563025007672863
19644142.809066266 -15.563025007672868
20691380.811147902 -15.563025007672868
21794447.537529834 -15.563025007672868
22956319.242369097 -15.563025007672875
24180130.84525718 -15.563025007672874
25469184.3897454 -15.563025007672875
26826957.95279722 -15.563025007672874
28257115.02920827 -15.563025007672879
29763514.41631313 -15.563025007672874
31350220.62565112 -15.563025007672877
33021514.849681754 -15.56302500767287
34781906.51314127 -15.563025007672877
36636145.44020716 -15.563025007672879
38589234.67029899 -15.563025007672856
40646443.95709628 -15.56302500767287
42813323.98719387 -15.563025007672863
45095721.35676145 -15.563025007672874
47499794.346614026 -15.563025007672861
50032029.53825999 -15.563025007672733
52699259.31575657 -15.563025007673065
55508680.300597996 -15.56302500767288
58467872.7693759 -15.563025007672877
61584821.10660254 -15.56302500767288
64867935.34788508 -15.563025007672875
68326073.87157391 -15.563025007672874
71968567.30011514 -15.563025007672868
75805243.67559262 -15.563025007672877
79846454.97739078 -15.56302500767287
84103105.05352604 -15.56302500767287
88586679.04100814 -15.563025007672874
93309274.35461664 -15.563025007672868
98283633.32770011 -15.563025007672879
103523177.59307377 -15.563025007672874
109042044.29677527 -15.563025007672868
114855124.24239345 -15.563025007672877
120978102.06889038 -15.563025007672877
127427498.57031322 -15.563025007672868
134220715.2716012 -15.563025007672877
141376081.38073614 -15.563025007672877
148912903.24394056 -15.563025007672874
156851516.43735445 -15.563025007672877
165213340.63573685 -15.563025007672868
174020937.40624848 -15.563025007672877
183298071.08324376 -15.563025007672874
193069772.88832456 -15.563025007672874
203362408.46866703 -15.563025007672868
214203749.0358383 -15.563025007672861
225623046.2970626 -15.563025007672808
237651111.38110778 -15.563025007672868
250320397.97173202 -15.563025007672874
263665089.87303555 -15.563025007672874
277721193.2429355 -15.563025007672874
292526633.74366355 -15.56302500767287
308121358.87140083 -15.56302500767287
324547445.74113256 -15.563025007672874
341849214.6175927 -15.563025007672877
360073348.49856204 -15.563025007672884
379269019.0732238 -15.563025007672868
399488019.39541787 -15.563025007672877
420784903.6297398 -15.563025007672877
443217134.24760854 -15.563025007672879
466845237.07037944 -15.563025007672875
491732964.5779006 -15.56302500767288
517947467.9231202 -15.563025007672868
545559478.1168514 -15.563025007672877
574643496.8715974 -15.563025007672879
605277997.6193355 -15.563025007672874
637545637.2456493 -15.563025007672863
671533479.1115135 -15.563025007672877
707333227.9644439 -15.563025007672884
745041477.3728887 -15.563025007672874
784759970.3514622 -15.563025007672874
826595873.8801795 -15.563025007672877
870662068.0585117 -15.563025007672877
917077450.674293 -15.563025007672874
965967258.0093802 -15.56302500767287
1017463402.7476043 -15.563025007672868
1071704829.8967092 -15.563025007672875
1128837891.6846883 -15.563025007672874
1189016742.44199 -15.563025007672875
1252403754.5350692 -15.563025007672879
1319169956.473569 -15.563025007672874
1389495494.373136 -15.56302500767288
1463570118.0190797 -15.563025007672868
1541593692.8422735 -15.563025007672879
1623776739.1887176 -15.563025007672879
1710341000.337838 -15.563025007672875
1801520040.802024 -15.563025007672875
1897559876.5218503 -15.563025007672877
1998719638.6572526 -15.563025007672879
2105272272.7657027 -15.563025007672861
2217505275.2539296 -15.563025007672874
2335721469.0901213 -15.56302500767286
2460239820.8697777 -15.563025007672866
2591396301.439652 -15.563025007672879
2729544792.402002 -15.563025007672879
2875058040.944877 -15.56302500767287
3028328665.5749454 -15.563025007672875
3189770215.466325 -15.563025007672879
3359818286.2837744 -15.563025007672866
3538931695.4909844 -15.563025007672868
3727593720.314938 -15.563025007672874
3926313401.7068396 -15.563025007672884
4135626917.8176975 -15.563025007672875
4356099030.694599 -15.563025007672866
4588324610.100841 -15.563025007672875
4832930238.571753 -15.563025007672875
5090575902.036687 -15.563025007672868
5361956770.568806 -15.56302500767288
5647805074.067546 -15.563025007672868
5948892077.934331 -15.563025007672875
6266030164.072656 -15.56302500767287
6600075022.827075 -15.563025007672884
6951927961.775591 -15.563025007672879
7322538337.6045265 -15.563025007672877
7712906117.627993 -15.563025007672874
8124084577.862974 -15.563025007672877
8557183144.939984 -15.563025007672875
9013370389.51742 -15.563025007672877
9493877179.27582 -15.563025007672884
10000000000.0 -15.56302500767287
10.0 -11.46244467368139
10.53310445370937 -15.085947423242656
11.094628943275218 -20.489095027261065
11.686088553466515 -10.754568847230741
12.309079138896024 -21.563661465247698
12.965281629896682 -7.257859865999745
13.65646656794611 0.032206299651158676
14.38449888287663 -8.258397909284895
15.15134292476053 -20.993369201435804
15.95906776404731 -0.02501498897528556
16.80985277425364 -16.39999624613263
17.70599351226899 -10.534770739547126
18.64990791214297 -13.421120301116394
19.644142809066278 -11.64837145116844
20.6913808111479 -13.46694540079147
21.794447537529855 -16.573718556534793
22.956319242369098 -14.640090813027125
24.180130845257207 -10.277235820240344
25.4691843897454 -13.861650448865783
26.826957952797258 -12.608255656904728
28.257115029208283 -17.586589864711982
29.76351441631318 -3.2767899211897085
31.350220625651154 -16.616785323398183
33.02151484968176 -8.812101409241652
34.7819065131413 -6.836653516929429
36.63614544020716 -11.692578845188223
38.58923467029903 -2.360549464038046
40.646443957096295 -40.48615968785434
42.81332398719393 -13.707664289123189
45.095721356761466 -27.777105176451855
47.499794346614124 -2.26406161195654
50.03202953826004 -14.204567807648871
52.699259315756564 2.1541033143237267
55.50868030059805 -7.616776641860893
58.467872769375894 -14.387308749025676
61.58482110660264 -10.001148451361663
64.86793534788511 -10.751017970617552
68.32607387157402 -6.934036376326737
71.96856730011521 -12.131676999780758
75.8052436755926 -8.519448733015743
79.84645497739086 -12.06404119825304
84.10310505352605 -4.534868279911329
88.58667904100822 -7.4086927017963
93.30927435461668 -2.5778093729975824
98.28363332770026 -16.57626381637019
103.52317759307378 -11.929443205695698
109.04204429677526 -8.654263430010257
114.8551242423938 -13.250469877523026
120.97810206889012 -14.284606848177638
127.42749857031335 -8.202899038309386
134.2207152716012 1.1222911646592222
141.37608138073614 0.7261482916912079
148.91290324394086 -11.875307777201288
156.85151643735477 -15.99290186195378
165.213340635737 7.86481160507492
174.0209374062485 -8.686793304362485
183.29807108324357 3.598650783118954
193.06977288832496 -8.573809235081969
203.36240846866724 -14.377788449324356
214.2037490358383 -7.757438907435922
225.62304629706352 -8.323871785405068
237.65111138110728 -8.816970185742344
250.32039797173255 -8.462725633884796
263.6650898730358 -5.186112477292401
277.7211932429355 -13.325902938510305
292.5266337436645 -12.093627919256026
308.1213588714002 -3.2655911825172885
324.54744574113323 -11.306518593871829
341.84921461759274 -5.128524366579585
360.073348498562 -5.599477129550206
379.26901907322497 -13.317293391934292
399.48801939541704 -8.916815355131803
420.78490362974026 -4.434267638248912
443.21713424760856 -10.940492764937881
466.84523707037897 -1.5076167470978246
491.73296457790156 -15.352745744010361
517.9474679231213 -5.851767483919483
545.5594781168514 -15.630353459943603
574.6434968715973 -8.349077933961265
605.2779976193349 -1.5440388938073204
637.5456372456507 -9.21515402604417
671.5334791115142 -7.676581767479778
707.3332279644438 -2.054915696804665
745.0414773728917 -9.44534490252045
784.7599703514607 -3.544478808979795
826.5958738801812 -6.794154595006936
870.6620680585127 3.6076660095400164
917.0774506742931 -0.022011858107438158
965.9672580093833 -9.70305514984189
1017.4634027476063 -14.305980202788556
1071.7048298967104 -0.8026135608129021
1128.8378916846884 -8.530606262017704
1189.01674244199 -11.305121751566855
1252.4037545350732 -2.6676093000829586
1319.1699564735716 -6.7512637948944
1389.4954943731375 -8.744821469488324
1463.5701180190797 -9.947258442582159
1541.5936928422718 -1.4744587992106997
1623.776739188721 -10.260240525988632
1710.3410003378397 -14.289717926189681
1801.520040802024 -7.525355353877234
1897.5598765218504 -0.20680420382580744
1998.7196386572507 -1.1795737396029455
2105.272272765707 -15.926526014024018
2217.505275253932 -6.664391392290787
2335.7214690901214 -21.316440114916713
2460.239820869775 -4.129153583454795
2591.3963014396572 -11.14901304794758
2729.5447924020073 -12.023740674294945
2875.0580409448803 -27.963779371546373
3028.3286655749457 -34.586700991112224
3189.7702154663216 3.8887554118754863
3359.818286283781 0.2879608179115013
3538.9316954909877 3.9520837091447185
3727.593720314938 3.181252912830561
3926.3134017068355 3.698407243556133
4135.626917817706 -2.582266932166819
4356.099030694608 -19.905500540714595
4588.324610100844 -29.27808693960415
4832.930238571752 -28.186260774367305
5090.575902036681 2.453920281191993
5361.956770568817 -35.77498603750461
5647.805074067552 -11.506565823531359
5948.892077934331 7.703473950249097
6266.030164072656 -23.26468948369061
6600.075022827095 -25.584213326458148
6951.927961775606 6.025539591464231
7322.538337604534 -20.020946837481624
7712.906117627992 -3.232225223409046
8124.0845778629655 -26.909460564024474
8557.183144940002 -14.717849806635083
9013.37038951743 -25.980915442671613
9493.87717927582 8.23018874924774
10000.0 -16.240056598621955
10533.104453709382 8.527471343686003
11094.628943275218 -49.59590634369965
11686.088553466498 -38.17793327720136
12309.079138896019 -13.297726106323257
12965.281629896688 7.698038886176802
13656.466567946096 5.445830159721547
14384.498882876629 9.87421260677505
15151.342924760515 7.939356569276211
15959.06776404731 -22.92791638842622
16809.852774253653 -6.3669787954253945
17705.99351226898 -33.89952227315931
18649.907912142942 -17.350948499739772
19644.142809066267 5.422789481363539
20691.3808111479 2.1855183130047635
21794.447537529835 -23.728949414362926
22956.319242369096 -13.68874073508646
24180.13084525718 -35.794607157643824
25469.184389745402 -26.85024618596758
26826.957952797275 1.594526947488448
28257.115029208268 -48.769023008589095
29763.51441631313 -5.5130645011428125
31350.220625651124 -0.03937892546073578
33021.51484968176 -6.200380229992515
34781.90651314134 -48.84204834281246
36636.14544020716 -29.47333604619034
38589.23467029899 12.865446434444458
40646.44395709628 -30.674360785729778
42813.32398719396 -33.341997000028435
45095.721356761445 -26.715040283041496
47499.79434661403 -47.825517553478
50032.029538259994 -37.38402405511973
52699.259315756564 -0.7386541097742685
55508.680300598106 -1.8401282577353846
58467.87276937589 -40.1290055515489
61584.82110660255 20.109079389107517
64867.935347885075 -1.1496875162479347
68326.07387157406 -30.12122080884131
71968.56730011514 -24.90675366039241
75805.24367559262 -40.113668789322006
79846.45497739078 -53.89011452548043
84103.10505352604 8.834423591368852
88586.67904100832 -3.052308542882407
93309.27435461663 -27.289921592320656
98283.63332770011 -44.4251955726732
103523.17759307378 -2.2475405330729843
109042.04429677526 10.312210098558996
114855.12424239368 -39.63338532004199
120978.10206889013 -46.440383222209256
127427.49857031321 0.8121494361786896
134220.7152716012 -4.766039916981831
141376.08138073614 14.425795665481417
148912.90324394088 -44.149578334747886
156851.5164373548 -38.733018082242474
165213.34063573685 -43.60374124431147
174020.9374062485 -56.39756455262685
183298.07108324338 -32.87403917882469
193069.77288832495 -47.50366010468498
203362.40846866704 4.299237173808132
214203.74903583832 -62.234033290598106
225623.04629706353 -54.68276207791057
237651.11138110727 -4.21872614516216
250320.39797173254 -25.030082616854642
263665.08987303555 0.902715961422964
277721.1932429355 -42.0116313114369
292526.6337436642 -73.26273329072234
308121.35887140024 -0.9715612188373696
324547.44574113254 -65.6662254415562
341849.21461759275 -57.68818007936382
360073.348498562 -29.45873549951296
379269.0190732246 -73.43952034562056
399488.019395417 -66.77606431316377
420784.9036297398 0.5579221105880046
443217.13424760854 -51.8465922263843
466845.2370703785 -42.845161634502816
491732.9645779016 2.0634375600827197
517947.46792312124 -37.54479533337559
545559.4781168514 1.8741479727296975
574643.4968715974 -40.234311633858425
605277.9976193343 -1.8269899397795755
637545.6372456506 -43.58870763304324
671533.4791115135 11.995899172681971
707333.2279644439 -62.466627889866196
745041.4773728917 -14.551662166807755
784759.9703514606 -66.70626972161324
826595.8738801812 -65.74242263629414
870662.0680585118 -53.638554446586404
917077.4506742931 5.1423438809722555
965967.2580093823 2.3733564582670024
1017463.4027476063 0.37710923543645747
1071704.8298967092 -68.21842641371087
1128837.8916846884 -70.31205502810238
1189016.74244199 -71.68398891950002
1252403.7545350718 9.754255803616514
1319169.9564735717 -76.83725779792648
1389495.494373136 -68.54995526216493
1463570.1180190798 -65.64072501164443
1541593.6928422702 -107.64977151355765
1623776.739188721 -84.83131662561546
1710341.0003378377 -81.08987286157985
1801520.0408020238 -82.94222184207514
1897559.8765218505 -81.32065956613489
1998719.6386572486 -88.43440456054098
2105272.272765707 -84.25315014855096
2217505.2752539297 -97.84786772944392
2335721.4690901213 -86.59631447381166
2460239.8208697727 -79.33697082043781
2591396.3014396573 -74.13060508682813
2729544.792402007 -80.9296245894118
2875058.040944877 -73.4259882912428
3028328.6655749455 -79.85066186012179
3189770.215466318 -79.84106765133278
3359818.286283781 -72.47656433974822
3538931.6954909842 -79.12532496335086
3727593.720314938 -83.86432372419895
3926313.4017068394 -98.27569140995004
4135626.917817706 -81.3680517025445
4356099.030694608 -82.64397626764682
4588324.61010084 -113.17577857643805
4832930.238571752 -107.79081026236017
5090575.902036676 -88.6178760517985
5361956.770568817 -105.72777463119525
5647805.074067546 -96.66864833087666
5948892.077934331 -79.51820961690825
6266030.164072656 -95.05645753977595
6600075.022827089 -89.93685916149263
6951927.961775606 -80.31914874759194
7322538.337604526 -82.23790709485715
7712906.117627992 -97.88841414439912
8124084.5778629575 -95.27189459330489
8557183.144940002 -93.62400479324911
9013370.38951742 -107.18391528716413
9493877.17927582 -87.83207016590939
10000000.0 -95.10282064617257
10533104.45370936 -87.23740374165546
11094628.943275219 -86.91571561221885
11686088.553466497 -94.7921952710364
12309079.138896018 -99.1588526978365
12965281.629896663 -100.07073312542225
13656466.567946097 -100.79694631535614
14384498.882876629 -103.20288962159388
15151342.924760515 -95.07552112929014
15959067.76404731 -78.61937284202892
16809852.774253618 -60.88398954851347
17705993.51226898 -114.12538796622474
18649907.912142944 -92.8939538631839
19644142.809066266 -98.92341836525696
20691380.811147902 -86.0949706135407
21794447.537529834 -103.92442703874255
22956319.242369097 -97.86617295342175
24180130.84525718 -123.4877683737726
25469184.3897454 -101.028014183962
26826957.95279722 -99.27430934643432
28257115.02920827 -99.49499265165123
29763514.41631313 -128.95885647989127
31350220.62565112 -102.26554499415998
33021514.849681754 -129.75732747666254
34781906.51314127 -114.82262402266232
36636145.44020716 -106.34272859107972
38589234.67029899 -133.32449676508236
40646443.95709628 -88.13437533270312
42813323.98719387 -109.26559721104637
45095721.35676145 -137.6345223468279
47499794.346614026 -137.08284948358812
50032029.53825999 -111.30397950513552
52699259.31575657 -93.80245036806201
55508680.300597996 -107.51323114025192
58467872.7693759 -98.85883408457943
61584821.10660254 -89.59211495007412
64867935.34788508 -101.824511522537
68326073.87157391 -114.71409700425774
71968567.30011514 -151.93563520726866
75805243.67559262 -95.78076647080803
79846454.97739078 -104.36968348213661
84103105.05352604 -89.1527242199671
88586679.04100814 -142.72061454164748
93309274.35461664 -109.11547056887022
98283633.32770011 -157.80082006910777
103523177.59307377 -116.54032761278691
109042044.29677527 -104.10273619092627
114855124.24239345 -162.11522991858885
120978102.06889038 -96.43441304368864
127427498.57031322 -112.27416903906743
134220715.2716012 -125.07522231555492
141376081.38073614 -107.81734839286588
148912903.24394056 -127.8919801168697
156851516.43735445 -123.15904012769093
165213340.63573685 -116.9705887797524
174020937.40624848 -119.18833511340489
183298071.08324376 -115.78977343305944
193069772.88832456 -171.41566983539633
203362408.46866703 -120.26517348957674
214203749.0358383 -122.50047882143768
225623046.2970626 -161.8455162386586
237651111.38110778 -110.73066824954658
250320397.97173202 -114.74878163404354
263665089.87303555 -133.70640529473724
277721193.2429355 -137.41073353638316
292526633.74366355 -126.12835411560978
308121358.87140083 -124.8508687576076
324547445.74113256 -118.43780428495764
341849214.6175927 -181.62065531320604
360073348.49856204 -113.53553344123392
379269019.0732238 -125.72314216277603
399488019.39541787 -184.158039814797
420784903.6297398 -116.75262931073051
443217134.24760854 -115.92907908416137
466845237.07037944 -137.662253381371
491732964.5779006 -131.13932597107808
517947467.9231202 -121.19103171828536
545559478.1168514 -116.49060869864171
574643496.8715974 -137.91660422691842
605277997.6193355 -207.4265571822301
637545637.2456493 -114.30028593040097
671533479.1115135 -128.22411514828698
707333227.9644439 -141.81559970000063
745041477.3728887 -169.0745578582592
784759970.3514622 -187.31092343980794
826595873.8801795 -135.36521121501957
870662068.0585117 -212.9071782106014
917077450.674293 -134.0033579485837
965967258.0093802 -132.74277746962363
1017463402.7476043 -134.9947183116338
1071704829.8967092 -137.9858324732773
1128837891.6846883 -146.5392901234288
1189016742.44199 -130.22154432099276
1252403754.5350692 -149.18008560634883
1319169956.473569 -130.97734802783808
1389495494.373136 -193.1414670257794
1463570118.0190797 -194.8888367342927
1541593692.8422735 -144.92425083035903
1623776739.1887176 -115.21924110462521
1710341000.337838 -131.13691142611063
1801520040.802024 -185.65080600183862
1897559876.5218503 -125.11627403999269
1998719638.6572526 -142.17458818262338
2105272272.7657027 -132.97981571636888
2217505275.2539296 -134.05945057137967
2335721469.0901213 -231.20055283733672
2460239820.8697777 -126.43258654055172
2591396301.439652 -142.2628414055394
2729544792.402002 -142.436572823216
2875058040.944877 -142.2409850518979
3028328665.5749454 -222.70290393730045
3189770215.466325 -147.09431149787318
3359818286.2837744 -145.4568788324654
3538931695.4909844 -137.15746563530644
3727593720.314938 -130.97746832848537
3926313401.7068396 -140.93856204065798
4135626917.8176975 -249.02765458312444
4356099030.694599 -135.97502937285418
4588324610.100841 -240.95534848569062
4832930238.571753 -148.71148497826974
5090575902.036687 -142.52221024603674
5361956770.568806 -129.19865065067376
5647805074.067546 -134.81518686980516
5948892077.934331 -129.0392724243525
6266030164.072656 -133.47625005958096
6600075022.827075 -136.32959678461333
6951927961.775591 -223.1548694296958
7322538337.6045265 -150.37820243319902
7712906117.627993 -160.97937586867346
8124084577.862974 -98.82837334022753
8557183144.939984 -142.7463646026784
9013370389.51742 -242.40460217817292
9493877179.27582 -237.91164838527254
10000000000.0 -155.21924736472647
