10.0 -3.148322822425757
10.53310445370937 -3.1596909471886137
11.094628943275218 -3.1717178277641933
11.686088553466515 -3.1843887945570386
12.309079138896024 -3.197717766440584
12.965281629896682 -3.211690165743304
13.65646656794611 -3.226312864438667
14.38449888287663 -3.2415769897863407
15.15134292476053 -3.2574763218641714
15.95906776404731 -3.274012771091466
16.80985277425364 -3.2911939473658953
17.70599351226899 -3.3090247721409414
18.64990791214297 -3.327524751867859
19.644142809066278 -3.346722875779557
20.6913808111479 -3.3666599645068622
21.794447537529855 -3.3873850547959816
22.956319242369098 -3.408968844247207
24.180130845257207 -3.4314900738821015
25.4691843897454 -3.4550534598184877
26.826957952797258 -3.479776993761266
28.257115029208283 -3.505798194619822
29.76351441631318 -3.5332768045392027
31.350220625651154 -3.5623900961070873
33.02151484968176 -3.593337271786507
34.7819065131413 -3.626339940879133
36.63614544020716 -3.6616427783665744
38.58923467029903 -3.6995052975459384
40.646443957096295 -3.7402159531942907
42.81332398719393 -3.784082011940014
45.095721356761466 -3.831432372838951
47.499794346614124 -3.882615712988251
50.03202953826004 -3.93800235157576
52.699259315756564 -3.997979724777638
55.50868030059805 -4.062952877474336
58.467872769375894 -4.133342612376954
61.58482110660264 -4.209581540430494
64.86793534788511 -4.292112353458277
68.32607387157402 -4.38138290047355
71.96856730011521 -4.477842857813853
75.8052436755926 -4.581937970007617
79.84645497739086 -4.694104692149105
84.10310505352605 -4.814763948969116
88.58667904100822 -4.944314534011675
93.30927435461668 -5.083126047395178
98.28363332770026 -5.231531779254625
103.52317759307378 -5.389821613945051
109.04204429677526 -5.558235109135412
114.8551242423938 -5.736955072067017
120.97810206889012 -5.926101769922244
127.42749857031335 -6.125728231938947
134.2207152716012 -6.335816225499448
141.37608138073614 -6.556273879543372
148.91290324394086 -6.786934204090215
156.85151643735477 -7.027555199402681
165.213340635737 -7.277821061699368
174.0209374062485 -7.537344670523232
183.29807108324357 -7.805671036976884
193.06977288832496 -8.082281730660705
203.36240846866724 -8.36659993370182
214.2037490358383 -8.657995937249009
225.62304629706352 -8.955792990427371
237.65111138110728 -9.259273215340048
250.32039797173255 -9.567683494446124
263.6650898730358 -9.880241192684561
277.7211932429355 -10.19613964549746
292.5266337436645 -10.514553392835653
308.1213588714002 -10.834643143302465
324.54744574113323 -11.15556052113952
341.84921461759274 -11.476452632697423
360.073348498562 -11.796466543306828
379.26901907322497 -12.114753781320228
399.48801939541704 -12.430474904310863
420.78490362974026 -12.742804241384958
443.21713424760856 -13.050934857991459
466.84523707037897 -13.354083788660649
491.73296457790156 -13.651497524423883
517.9474679231213 -13.942457735737086
545.5594781168514 -14.226287134040662
574.6434968715973 -14.502355382060008
605.2779976193349 -14.770084879734387
637.5456372456507 -15.0289562689855
671.5334791115142 -15.278513437312684
707.3332279644438 -15.518367845004708
745.0414773728917 -15.748201954467069
784.7599703514607 -15.9677716095344
826.5958738801812 -16.176907226060923
870.6620680585127 -16.375513700247218
917.0774506742931 -16.563569013730646
965.9672580093833 -16.741121553040315
1017.4634027476063 -16.90828623890709
1071.7048298967104 -17.065239591942586
1128.8378916846884 -17.212213921432156
1189.01674244199 -17.34949083865953
1252.4037545350732 -17.47739432016764
1319.1699564735716 -17.596283549882358
1389.4954943731375 -17.70654574650749
1463.5701180190797 -17.80858917879273
1541.5936928422718 -17.902836523369025
1623.776739188721 -17.98971870626387
1710.3410003378397 -18.069669320116116
1801.520040802024 -18.143119680550686
1897.5598765218504 -18.21049455183194
1998.7196386572507 -18.272208549499396
2105.272272765707 -18.328663193961777
2217.505275253932 -18.380244588893344
2335.7214690901214 -18.427321662503754
2460.239820869775 -18.47024492842172
2591.3963014396572 -18.509345690624702
2729.5447924020073 -18.544935642767317
2875.0580409448803 -18.577306792955156
3028.3286655749457 -18.606731659777633
3189.7702154663216 -18.6334636874671
3359.818286283781 -18.657737829300896
3538.9316954909877 -18.679771264493695
3727.593720314938 -18.699764204849675
3926.3134017068355 -18.717900770108958
4135.626917817706 -18.73434989554203
4356.099030694608 -18.749266264376935
4588.324610100844 -18.762791239725427
4832.930238571752 -18.775053783574666
5090.575902036681 -18.786171359830835
5361.956770568817 -18.79625080586937
5647.805074067552 -18.805389172323103
5948.892077934331 -18.813674522962152
6266.030164072656 -18.821186695794065
6600.075022827095 -18.82799801873234
6951.927961775606 -18.834173984283492
7322.538337604534 -18.839773873627873
7712.906117627992 -18.844851341178856
8124.0845778629655 -18.849454949156314
8557.183144940002 -18.85362865991716
9013.37038951743 -18.857412285975798
9493.87717927582 -18.860841895245986
10000.0 -18.86395018214001
10533.104453709382 -18.866766798285497
11094.628943275218 -18.869318650042864
11686.088553466498 -18.871630165627973
12309.079138896019 -18.87372353364195
12965.281629896688 -18.875618917011717
13656.466567946096 -18.877334642165668
14384.498882876629 -18.87888737170494
15151.342924760515 -18.880292255946017
15959.06776404731 -18.881563071917597
16809.852774253653 -18.88271234536852
17705.99351226898 -18.883751464124295
18649.907912142942 -18.884690778859937
19644.142809066267 -18.885539695309966
20691.3808111479 -18.886306757507835
21794.447537529835 -18.886999724931485
22956.319242369096 -18.887625639944577
24180.13084525718 -18.888190894750476
25469.184389745402 -18.88870128527841
26826.957952797275 -18.889162068015953
28257.115029208268 -18.889578006756885
29763.51441631313 -18.889953417075105
31350.220625651124 -18.890292207553973
33021.51484968176 -18.890597916359543
34781.90651314134 -18.8908737463725
36636.14544020716 -18.89112259376376
38589.23467029899 -18.891347079810124
40646.44395709628 -18.89154957317381
42813.32398719396 -18.891732214926662
45095.721356761445 -18.89189694133649
47499.79434661403 -18.892045500440517
50032.029538259994 -18.892179471993934
52699.259315756564 -18.89230028195232
55508.680300598106 -18.892409218720797
58467.87276937589 -18.892507445260417
61584.82110660255 -18.892596011857957
64867.935347885075 -18.892675864819083
68326.07387157406 -18.892747859371056
71968.56730011514 -18.89281276837297
75805.24367559262 -18.892871285652724
79846.45497739078 -18.892924041055355
84103.10505352604 -18.892971600559466
88586.67904100832 -18.89301447454441
93309.27435461663 -18.893053125097822
98283.63332770011 -18.89308796656611
103523.17759307378 -18.89311937456332
109042.04429677526 -18.89314768741476
114855.12424239368 -18.893173208839105
120978.10206889013 -18.89319621417609
127427.49857031321 -18.893216952082664
134220.7152716012 -18.893235645376436
141376.08138073614 -18.89325249480369
148912.90324394088 -18.893267682325625
156851.5164373548 -18.89328137389991
165213.34063573685 -18.893293713434474
174020.9374062485 -18.893304836203566
183298.07108324338 -18.893314862931796
193069.77288832495 -18.893323901025752
203362.40846866704 -18.893332048055058
214203.74903583832 -18.893339389730183
225623.04629706353 -18.89334600864395
237651.11138110727 -18.893351972533235
250320.39797173254 -18.89335735067652
263665.08987303555 -18.89336219718513
277721.1932429355 -18.893366566323106
292526.6337436642 -18.893370503043133
308121.35887140024 -18.893374053637594
324547.44574113254 -18.893377247971742
341849.21461759275 -18.893380131728883
360073.348498562 -18.893382731832663
379269.0190732246 -18.893385074048645
399488.019395417 -18.89338718802094
420784.9036297398 -18.893389091580243
443217.13424760854 -18.89339080690415
466845.2370703785 -18.89339235376869
491732.9645779016 -18.893393743250492
517947.46792312124 -18.89339500214941
545559.4781168514 -18.8933961308342
574643.4968715974 -18.893397158598976
605277.9976193343 -18.893398070855394
637545.6372456506 -18.89339890158646
671533.4791115135 -18.89339964887103
707333.2279644439 -18.893400328587546
745041.4773728917 -18.893400932863987
784759.9703514606 -18.89340147568635
826595.8738801812 -18.893401977399293
870662.0680585118 -18.893402412142073
917077.4506742931 -18.8934028112187
965967.2580093823 -18.893403179169916
1017463.4027476063 -18.89340350335886
1071704.8298967092 -18.893403788272025
1128837.8916846884 -18.893404062335037
1189016.74244199 -18.893404301280206
1252403.7545350718 -18.893404516866845
1319169.9564735717 -18.893404707296032
1389495.494373136 -18.893404886248998
1463570.1180190798 -18.893405034972236
1541593.6928422702 -18.893405176687928
1623776.739188721 -18.893405311901294
1710341.0003378377 -18.89340541449242
1801520.0408020238 -18.893405530883282
1897559.8765218505 -18.893405616083086
1998719.6386572486 -18.89340569829694
2105272.272765707 -18.893405786436585
2217505.2752539297 -18.893405851450627
2335721.4690901213 -18.893405905996715
2460239.8208697727 -18.893405969981842
2591396.3014396573 -18.893406021157247
2729544.792402007 -18.89340606743997
2875058.040944877 -18.893406096050484
3028328.6655749455 -18.893406130993036
3189770.215466318 -18.893406182120767
3359818.286283781 -18.89340619181037
3538931.6954909842 -18.89340623615551
3727593.720314938 -18.89340625277089
3926313.4017068394 -18.89340626891615
4135626.917817706 -18.893406289030967
4356099.030694608 -18.893406309635193
4588324.61010084 -18.89340634171886
4832930.238571752 -18.893406329634367
5090575.902036676 -18.893406349924476
5361956.770568817 -18.893406390503777
5647805.074067546 -18.893406392260314
5948892.077934331 -18.89340640737705
6266030.164072656 -18.89340638489407
6600075.022827089 -18.89340641332223
6951927.961775606 -18.893406439080653
7322538.337604526 -18.893406407817807
7712906.117627992 -18.893406489066077
8124084.5778629575 -18.893406386126117
8557183.144940002 -18.893406376184444
9013370.38951742 -18.893406392440475
9493877.17927582 -18.893406426446898
10000000.0 -18.893406465787674
10533104.45370936 -18.893406457961415
11094628.943275219 -18.893406408144294
11686088.553466497 -18.893406463242187
12309079.138896018 -18.893406366456674
12965281.629896663 -18.893406549178607
13656466.567946097 -18.893406414739918
14384498.882876629 -18.89340644569257
15151342.924760515 -18.89340648989065
15959067.76404731 -18.89340636475937
16809852.774253618 -18.89340661235608
17705993.51226898 -18.893406767978433
18649907.912142944 -18.893406630434594
19644142.809066266 -18.893406614924206
20691380.811147902 -18.893406397415447
21794447.537529834 -18.89340659096778
22956319.242369097 -18.89340661295143
24180130.84525718 -18.89340648845331
25469184.3897454 -18.89340639535577
26826957.95279722 -18.89340647939927
28257115.02920827 -18.893406530711335
29763514.41631313 -18.893406430965058
31350220.62565112 -18.893406534697025
33021514.849681754 -18.8934063728517
34781906.51314127 -18.893406425604404
36636145.44020716 -18.89340643190949
38589234.67029899 -18.893406480562536
40646443.95709628 -18.893406290197174
42813323.98719387 -18.893406294853992
45095721.35676145 -18.893406233592017
47499794.346614026 -18.893406359838202
50032029.53825999 -18.893406175572707
52699259.31575657 -18.893406790305562
55508680.300597996 -18.89340645918143
58467872.7693759 -18.893406506977335
61584821.10660254 -18.893406408888417
64867935.34788508 -18.893406530647383
68326073.87157391 -18.893406396962305
71968567.30011514 -18.893406590318598
75805243.67559262 -18.89340655488403
79846454.97739078 -18.8934064949369
84103105.05352604 -18.893406450549872
88586679.04100814 -18.89340652873947
93309274.35461664 -18.893406340752904
98283633.32770011 -18.893406280476576
103523177.59307377 -18.893406420368002
109042044.29677527 -18.893406231140347
114855124.24239345 -18.893407049488438
120978102.06889038 -18.89340703284217
127427498.57031322 -18.893405833065362
134220715.2716012 -18.893405520909642
141376081.38073614 -18.893406292545524
148912903.24394056 -18.893406423131157
156851516.43735445 -18.893406427596084
165213340.63573685 -18.89340644529571
174020937.40624848 -18.893406460192594
183298071.08324376 -18.893406432878468
193069772.88832456 -18.89340629990388
203362408.46866703 -18.893406930370436
214203749.0358383 -18.89340645209866
225623046.2970626 -18.893406315429
237651111.38110778 -18.89340662392297
250320397.97173202 -18.893406422037714
263665089.87303555 -18.893406503196267
277721193.2429355 -18.89340651106882
292526633.74366355 -18.893406610432866
308121358.87140083 -18.893406381218924
324547445.74113256 -18.893406352510414
341849214.6175927 -18.893406431741376
360073348.49856204 -18.89340640955476
379269019.0732238 -18.893406434623262
399488019.39541787 -18.893406557816704
420784903.6297398 -18.89340646003806
443217134.24760854 -18.893406463767626
466845237.07037944 -18.893406470948847
491732964.5779006 -18.893406487376684
517947467.9231202 -18.893406481644373
545559478.1168514 -18.89340644178447
574643496.8715974 -18.893406477014278
605277997.6193355 -18.89340650653879
637545637.2456493 -18.893406470201313
671533479.1115135 -18.893406495065545
707333227.9644439 -18.893406443173156
745041477.3728887 -18.893406469559395
784759970.3514622 -18.893406464249768
826595873.8801795 -18.893406477986957
870662068.0585117 -18.893406421270036
917077450.674293 -18.893406508253044
965967258.0093802 -18.893406439742392
1017463402.7476043 -18.893406501151613
1071704829.8967092 -18.893406488618716
1128837891.6846883 -18.893406498880008
1189016742.44199 -18.893406524885897
1252403754.5350692 -18.89340646749693
1319169956.473569 -18.89340646327133
1389495494.373136 -18.89340647914972
1463570118.0190797 -18.893406436706346
1541593692.8422735 -18.893406480451077
1623776739.1887176 -18.893406481883645
1710341000.337838 -18.89340645729463
1801520040.802024 -18.8934064852118
1897559876.5218503 -18.89340649823473
1998719638.6572526 -18.893406438878426
2105272272.7657027 -18.89340645620035
2217505275.2539296 -18.893406464159458
2335721469.0901213 -18.893406443836575
2460239820.8697777 -18.893406492600267
2591396301.439652 -18.89340647669788
2729544792.402002 -18.893406470044212
2875058040.944877 -18.8934064753469
3028328665.5749454 -18.89340646918829
3189770215.466325 -18.893406492177398
3359818286.2837744 -18.89340647521462
3538931695.4909844 -18.89340644081083
3727593720.314938 -18.89340647859166
3926313401.7068396 -18.89340652199532
4135626917.8176975 -18.893406468100846
4356099030.694599 -18.893406469327296
4588324610.100841 -18.89340644207826
4832930238.571753 -18.893406480263238
5090575902.036687 -18.893406454973395
5361956770.568806 -18.893406473726994
5647805074.067546 -18.89340651566847
5948892077.934331 -18.89340647806836
6266030164.072656 -18.893406454887284
6600075022.827075 -18.893406489001272
6951927961.775591 -18.89340649175036
7322538337.6045265 -18.89340646944331
7712906117.627993 -18.893406426908122
8124084577.862974 -18.89340652257246
8557183144.939984 -18.893406467397018
9013370389.51742 -18.89340649034589
9493877179.27582 -18.893406469854682
10000000000.0 -18.893406481219397
10.0 -3.148322822425757
10.53310445370937 -3.1596909471886137
11.094628943275218 -3.1717178277641933
11.686088553466515 -3.1843887945570386
12.309079138896024 -3.197717766440584
12.965281629896682 -3.211690165743304
13.65646656794611 -3.226312864438667
14.38449888287663 -3.2415769897863407
15.15134292476053 -3.2574763218641714
15.95906776404731 -3.274012771091466
16.80985277425364 -3.2911939473658953
17.70599351226899 -3.3090247721409414
18.64990791214297 -3.327524751867859
19.644142809066278 -3.346722875779557
20.6913808111479 -3.3666599645068622
21.794447537529855 -3.3873850547959816
22.956319242369098 -3.408968844247207
24.180130845257207 -3.4314900738821015
25.4691843897454 -3.4550534598184877
26.826957952797258 -3.479776993761266
28.257115029208283 -3.505798194619822
29.76351441631318 -3.5332768045392027
31.350220625651154 -3.5623900961070873
33.02151484968176 -3.593337271786507
34.7819065131413 -3.626339940879133
36.63614544020716 -3.6616427783665744
38.58923467029903 -3.6995052975459384
40.646443957096295 -3.7402159531942907
42.81332398719393 -3.784082011940014
45.095721356761466 -3.831432372838951
47.499794346614124 -3.882615712988251
50.03202953826004 -3.93800235157576
52.699259315756564 -3.997979724777638
55.50868030059805 -4.062952877474336
58.467872769375894 -4.133342612376954
61.58482110660264 -4.209581540430494
64.86793534788511 -4.292112353458277
68.32607387157402 -4.38138290047355
71.96856730011521 -4.477842857813853
75.8052436755926 -4.581937970007617
79.84645497739086 -4.694104692149105
84.10310505352605 -4.814763948969116
88.58667904100822 -4.944314534011675
93.30927435461668 -5.083126047395178
98.28363332770026 -5.231531779254625
103.52317759307378 -5.389821613945051
109.04204429677526 -5.558235109135412
114.8551242423938 -5.736955072067017
120.97810206889012 -5.926101769922244
127.42749857031335 -6.125728231938947
134.2207152716012 -6.335816225499448
141.37608138073614 -6.556273879543372
148.91290324394086 -6.786934204090215
156.85151643735477 -7.027555199402681
165.213340635737 -7.277821061699368
174.0209374062485 -7.537344670523232
183.29807108324357 -7.805671036976884
193.06977288832496 -8.082281730660705
203.36240846866724 -8.36659993370182
214.2037490358383 -8.657995937249009
225.62304629706352 -8.955792990427371
237.65111138110728 -9.259273215340048
250.32039797173255 -9.567683494446124
263.6650898730358 -9.880241192684561
277.7211932429355 -10.19613964549746
292.5266337436645 -10.514553392835653
308.1213588714002 -10.834643143302465
324.54744574113323 -11.15556052113952
341.84921461759274 -11.476452632697423
360.073348498562 -11.796466543306828
379.26901907322497 -12.114753781320228
399.48801939541704 -12.430474904310863
420.78490362974026 -12.742804241384958
443.21713424760856 -13.050934857991459
466.84523707037897 -13.354083788660649
491.73296457790156 -13.651497524423883
517.9474679231213 -13.942457735737086
545.5594781168514 -14.226287134040662
574.6434968715973 -14.502355382060008
605.2779976193349 -14.770084879734387
637.5456372456507 -15.0289562689855
671.5334791115142 -15.278513437312684
707.3332279644438 -15.518367845004708
745.0414773728917 -15.748201954467069
784.7599703514607 -15.9677716095344
826.5958738801812 -16.176907226060923
870.6620680585127 -16.375513700247218
917.0774506742931 -16.563569013730646
965.9672580093833 -16.741121553040315
1017.4634027476063 -16.90828623890709
1071.7048298967104 -17.065239591942586
1128.8378916846884 -17.212213921432156
1189.01674244199 -17.34949083865953
1252.4037545350732 -17.47739432016764
1319.1699564735716 -17.596283549882358
1389.4954943731375 -17.70654574650749
1463.5701180190797 -17.80858917879273
1541.5936928422718 -17.902836523369025
1623.776739188721 -17.98971870626387
1710.3410003378397 -18.069669320116116
1801.520040802024 -18.143119680550686
1897.5598765218504 -18.21049455183194
1998.7196386572507 -18.272208549499396
2105.272272765707 -18.328663193961777
2217.505275253932 -18.380244588893344
2335.7214690901214 -18.427321662503754
2460.239820869775 -18.47024492842172
2591.3963014396572 -18.509345690624702
2729.5447924020073 -18.544935642767317
2875.0580409448803 -18.577306792955156
3028.3286655749457 -18.606731659777633
3189.7702154663216 -18.6334636874671
3359.818286283781 -18.657737829300896
3538.9316954909877 -18.679771264493695
3727.593720314938 -18.699764204849675
3926.3134017068355 -18.717900770108958
4135.626917817706 -18.73434989554203
4356.099030694608 -18.749266264376935
4588.324610100844 -18.762791239725427
4832.930238571752 -18.775053783574666
5090.575902036681 -18.786171359830835
5361.956770568817 -18.79625080586937
5647.805074067552 -18.805389172323103
5948.892077934331 -18.813674522962152
6266.030164072656 -18.821186695794065
6600.075022827095 -18.82799801873234
6951.927961775606 -18.834173984283492
7322.538337604534 -18.839773873627873
7712.906117627992 -18.844851341178856
8124.0845778629655 -18.849454949156314
8557.183144940002 -18.85362865991716
9013.37038951743 -18.857412285975798
9493.87717927582 -18.860841895245986
10000.0 -18.86395018214001
10533.104453709382 -18.866766798285497
11094.628943275218 -18.869318650042864
11686.088553466498 -18.871630165627973
12309.079138896019 -18.87372353364195
12965.281629896688 -18.875618917011717
13656.466567946096 -18.877334642165668
14384.498882876629 -18.87888737170494
15151.342924760515 -18.880292255946017
15959.06776404731 -18.881563071917597
16809.852774253653 -18.88271234536852
17705.99351226898 -18.883751464124295
18649.907912142942 -18.884690778859937
19644.142809066267 -18.885539695309966
20691.3808111479 -18.886306757507835
21794.447537529835 -18.886999724931485
22956.319242369096 -18.887625639944577
24180.13084525718 -18.888190894750476
25469.184389745402 -18.88870128527841
26826.957952797275 -18.889162068015953
28257.115029208268 -18.889578006756885
29763.51441631313 -18.889953417075105
31350.220625651124 -18.890292207553973
33021.51484968176 -18.890597916359543
34781.90651314134 -18.8908737463725
36636.14544020716 -18.89112259376376
38589.23467029899 -18.891347079810124
40646.44395709628 -18.89154957317381
42813.32398719396 -18.891732214926662
45095.721356761445 -18.89189694133649
47499.79434661403 -18.892045500440517
50032.029538259994 -18.892179471993934
52699.259315756564 -18.89230028195232
55508.680300598106 -18.892409218720797
58467.87276937589 -18.892507445260417
61584.82110660255 -18.892596011857957
64867.935347885075 -18.892675864819083
68326.07387157406 -18.892747859371056
71968.56730011514 -18.89281276837297
75805.24367559262 -18.892871285652724
79846.45497739078 -18.892924041055355
84103.10505352604 -18.892971600559466
88586.67904100832 -18.89301447454441
93309.27435461663 -18.893053125097822
98283.63332770011 -18.89308796656611
103523.17759307378 -18.89311937456332
109042.04429677526 -18.89314768741476
114855.12424239368 -18.893173208839105
120978.10206889013 -18.89319621417609
127427.49857031321 -18.893216952082664
134220.7152716012 -18.893235645376436
141376.08138073614 -18.89325249480369
148912.90324394088 -18.893267682325625
156851.5164373548 -18.89328137389991
165213.34063573685 -18.893293713434474
174020.9374062485 -18.893304836203566
183298.07108324338 -18.893314862931796
193069.77288832495 -18.893323901025752
203362.40846866704 -18.893332048055058
214203.74903583832 -18.893339389730183
225623.04629706353 -18.89334600864395
237651.11138110727 -18.893351972533235
250320.39797173254 -18.89335735067652
263665.08987303555 -18.89336219718513
277721.1932429355 -18.893366566323106
292526.6337436642 -18.893370503043133
308121.35887140024 -18.893374053637594
324547.44574113254 -18.893377247971742
341849.21461759275 -18.893380131728883
360073.348498562 -18.893382731832663
379269.0190732246 -18.893385074048645
399488.019395417 -18.89338718802094
420784.9036297398 -18.893389091580243
443217.13424760854 -18.89339080690415
466845.2370703785 -18.89339235376869
491732.9645779016 -18.893393743250492
517947.46792312124 -18.89339500214941
545559.4781168514 -18.8933961308342
574643.4968715974 -18.893397158598976
605277.9976193343 -18.893398070855394
637545.6372456506 -18.89339890158646
671533.4791115135 -18.89339964887103
707333.2279644439 -18.893400328587546
745041.4773728917 -18.893400932863987
784759.9703514606 -18.89340147568635
826595.8738801812 -18.893401977399293
870662.0680585118 -18.893402412142073
917077.4506742931 -18.8934028112187
965967.2580093823 -18.893403179169916
1017463.4027476063 -18.89340350335886
1071704.8298967092 -18.893403788272025
1128837.8916846884 -18.893404062335037
1189016.74244199 -18.893404301280206
1252403.7545350718 -18.893404516866845
1319169.9564735717 -18.893404707296032
1389495.494373136 -18.893404886248998
1463570.1180190798 -18.893405034972236
1541593.6928422702 -18.893405176687928
1623776.739188721 -18.893405311901294
1710341.0003378377 -18.89340541449242
1801520.0408020238 -18.893405530883282
1897559.8765218505 -18.893405616083086
1998719.6386572486 -18.89340569829694
2105272.272765707 -18.893405786436585
2217505.2752539297 -18.893405851450627
2335721.4690901213 -18.893405905996715
2460239.8208697727 -18.893405969981842
2591396.3014396573 -18.893406021157247
2729544.792402007 -18.89340606743997
2875058.040944877 -18.893406096050484
3028328.6655749455 -18.893406130993036
3189770.215466318 -18.893406182120767
3359818.286283781 -18.89340619181037
3538931.6954909842 -18.89340623615551
3727593.720314938 -18.89340625277089
3926313.4017068394 -18.89340626891615
4135626.917817706 -18.893406289030967
4356099.030694608 -18.893406309635193
4588324.61010084 -18.89340634171886
4832930.238571752 -18.893406329634367
5090575.902036676 -18.893406349924476
5361956.770568817 -18.893406390503777
5647805.074067546 -18.893406392260314
5948892.077934331 -18.89340640737705
6266030.164072656 -18.89340638489407
6600075.022827089 -18.89340641332223
6951927.961775606 -18.893406439080653
7322538.337604526 -18.893406407817807
7712906.117627992 -18.893406489066077
8124084.5778629575 -18.893406386126117
8557183.144940002 -18.893406376184444
9013370.38951742 -18.893406392440475
9493877.17927582 -18.893406426446898
10000000.0 -18.893406465787674
10533104.45370936 -18.893406457961415
11094628.943275219 -18.893406408144294
11686088.553466497 -18.893406463242187
12309079.138896018 -18.893406366456674
12965281.629896663 -18.893406549178607
13656466.567946097 -18.893406414739918
14384498.882876629 -18.89340644569257
15151342.924760515 -18.89340648989065
15959067.76404731 -18.89340636475937
16809852.774253618 -18.89340661235608
17705993.51226898 -18.893406767978433
18649907.912142944 -18.893406630434594
19644142.809066266 -18.893406614924206
20691380.811147902 -18.893406397415447
21794447.537529834 -18.89340659096778
22956319.242369097 -18.89340661295143
24180130.84525718 -18.89340648845331
25469184.3897454 -18.89340639535577
26826957.95279722 -18.89340647939927
28257115.02920827 -18.893406530711335
29763514.41631313 -18.893406430965058
31350220.62565112 -18.893406534697025
33021514.849681754 -18.8934063728517
34781906.51314127 -18.893406425604404
36636145.44020716 -18.89340643190949
38589234.67029899 -18.893406480562536
40646443.95709628 -18.893406290197174
42813323.98719387 -18.893406294853992
45095721.35676145 -18.893406233592017
47499794.346614026 -18.893406359838202
50032029.53825999 -18.893406175572707
52699259.31575657 -18.893406790305562
55508680.300597996 -18.89340645918143
58467872.7693759 -18.893406506977335
61584821.10660254 -18.893406408888417
64867935.34788508 -18.893406530647383
68326073.87157391 -18.893406396962305
71968567.30011514 -18.893406590318598
75805243.67559262 -18.89340655488403
79846454.97739078 -18.8934064949369
84103105.05352604 -18.893406450549872
88586679.04100814 -18.89340652873947
93309274.35461664 -18.893406340752904
98283633.32770011 -18.893406280476576
103523177.59307377 -18.893406420368002
109042044.29677527 -18.893406231140347
114855124.24239345 -18.893407049488438
120978102.06889038 -18.89340703284217
127427498.57031322 -18.893405833065362
134220715.2716012 -18.893405520909642
141376081.38073614 -18.893406292545524
148912903.24394056 -18.893406423131157
156851516.43735445 -18.893406427596084
165213340.63573685 -18.89340644529571
174020937.40624848 -18.893406460192594
183298071.08324376 -18.893406432878468
193069772.88832456 -18.89340629990388
203362408.46866703 -18.893406930370436
214203749.0358383 -18.89340645209866
225623046.2970626 -18.893406315429
237651111.38110778 -18.89340662392297
250320397.97173202 -18.893406422037714
263665089.87303555 -18.893406503196267
277721193.2429355 -18.89340651106882
292526633.74366355 -18.893406610432866
308121358.87140083 -18.893406381218924
324547445.74113256 -18.893406352510414
341849214.6175927 -18.893406431741376
360073348.49856204 -18.89340640955476
379269019.0732238 -18.893406434623262
399488019.39541787 -18.893406557816704
420784903.6297398 -18.89340646003806
443217134.24760854 -18.893406463767626
466845237.07037944 -18.893406470948847
491732964.5779006 -18.893406487376684
517947467.9231202 -18.893406481644373
545559478.1168514 -18.89340644178447
574643496.8715974 -18.893406477014278
605277997.6193355 -18.89340650653879
637545637.2456493 -18.893406470201313
671533479.1115135 -18.893406495065545
707333227.9644439 -18.893406443173156
745041477.3728887 -18.893406469559395
784759970.3514622 -18.893406464249768
826595873.8801795 -18.893406477986957
870662068.0585117 -18.893406421270036
917077450.674293 -18.893406508253044
965967258.0093802 -18.893406439742392
1017463402.7476043 -18.893406501151613
1071704829.8967092 -18.893406488618716
1128837891.6846883 -18.893406498880008
1189016742.44199 -18.893406524885897
1252403754.5350692 -18.89340646749693
1319169956.473569 -18.89340646327133
1389495494.373136 -18.89340647914972
1463570118.0190797 -18.893406436706346
1541593692.8422735 -18.893406480451077
1623776739.1887176 -18.893406481883645
1710341000.337838 -18.89340645729463
1801520040.802024 -18.8934064852118
1897559876.5218503 -18.89340649823473
1998719638.6572526 -18.893406438878426
2105272272.7657027 -18.89340645620035
2217505275.2539296 -18.893406464159458
2335721469.0901213 -18.893406443836575
2460239820.8697777 -18.893406492600267
2591396301.439652 -18.89340647669788
2729544792.402002 -18.893406470044212
2875058040.944877 -18.8934064753469
3028328665.5749454 -18.89340646918829
3189770215.466325 -18.893406492177398
3359818286.2837744 -18.89340647521462
3538931695.4909844 -18.89340644081083
3727593720.314938 -18.89340647859166
3926313401.7068396 -18.89340652199532
4135626917.8176975 -18.893406468100846
4356099030.694599 -18.893406469327296
4588324610.100841 -18.89340644207826
4832930238.571753 -18.893406480263238
5090575902.036687 -18.893406454973395
5361956770.568806 -18.893406473726994
5647805074.067546 -18.89340651566847
5948892077.934331 -18.89340647806836
6266030164.072656 -18.893406454887284
6600075022.827075 -18.893406489001272
6951927961.775591 -18.89340649175036
7322538337.6045265 -18.89340646944331
7712906117.627993 -18.893406426908122
8124084577.862974 -18.89340652257246
8557183144.939984 -18.893406467397018
9013370389.51742 -18.89340649034589
9493877179.27582 -18.893406469854682
10000000000.0 -18.893406481219397
