10.0 3.356622245277024
10.53310445370937 2.978915935455409
11.094628943275218 2.596023851904619
11.686088553466515 2.208185990218844
12.309079138896024 1.8156580546073235
12.965281629896682 1.4187063209061146
13.65646656794611 1.0176031309924487
14.38449888287663 0.6126230429671002
15.15134292476053 0.20403955786537886
15.95906776404731 -0.20787747754627361
16.80985277425364 -0.6228639948087159
17.70599351226899 -1.0406631936246078
18.64990791214297 -1.4610266624244859
19.644142809066278 -1.8837150340776752
20.6913808111479 -2.3084983021914045
21.794447537529855 -2.7351558154357116
22.956319242369098 -3.1634760089513674
24.180130845257207 -3.5932559121061978
25.4691843897454 -4.024300466927755
26.826957952797258 -4.456421680537254
28.257115029208283 -4.889437635479008
29.76351441631318 -5.323171388267708
31.350220625651154 -5.757449756899371
33.02151484968176 -6.192101998282667
34.7819065131413 -6.6269584013003975
36.63614544020716 -7.061848773462431
38.58923467029903 -7.496600819677221
40.646443957096295 -7.931038415110869
42.81332398719393 -8.364979746929928
45.095721356761466 -8.79823530600123
47.499794346614124 -9.230605733772792
50.03202953826004 -9.661879442334007
52.699259315756564 -10.0918300646345
55.50868030059805 -10.520213621994303
58.467872769375894 -10.946765434987727
61.58482110660264 -11.37119669633902
64.86793534788511 -11.793190723979478
68.32607387157402 -12.212398795094163
71.96856730011521 -12.628435592156357
75.8052436755926 -13.040874191152556
79.84645497739086 -13.449240611109055
84.10310505352605 -13.853007919329388
88.58667904100822 -14.251589940145932
93.30927435461668 -14.644334669901058
98.28363332770026 -15.030517513299147
103.52317759307378 -15.409334615057366
109.04204429677526 -15.779896615214469
114.8551242423938 -16.141223324254103
120.97810206889012 -16.49223997874406
127.42749857031335 -16.831775960878513
134.2207152716012 -17.158567073148703
141.37608138073614 -17.47126271238959
148.91290324394086 -17.76843949277604
156.85151643735477 -18.04862301397266
165.213340635737 -18.3103194682163
174.0209374062485 -18.552058595486468
183.29807108324357 -18.77244898190163
193.06977288832496 -18.970245832345775
203.36240846866724 -19.14443006946166
214.2037490358383 -19.2942959411229
225.62304629706352 -19.41954238570087
237.65111138110728 -19.52036140265704
250.32039797173255 -19.59751491661165
263.6650898730358 -19.652390462678106
277.7211932429355 -19.687025784439392
292.5266337436645 -19.70409340715388
308.1213588714002 -19.70683862379056
324.54744574113323 -19.698968123301785
341.84921461759274 -19.684491619417514
360.073348498562 -19.6675249443745
379.26901907322497 -19.6520694311436
399.48801939541704 -19.64178793409539
420.78490362974026 -19.639801043272335
443.21713424760856 -19.64852660384382
466.84523707037897 -19.669580834963497
491.73296457790156 -19.70375066048006
517.9474679231213 -19.75103613557347
545.5594781168514 -19.8107516576976
574.6434968715973 -19.881667443442062
605.2779976193349 -19.962169882179563
637.5456372456507 -20.050420827565887
671.5334791115142 -20.144500415465302
707.3332279644438 -20.24252389633396
745.0414773728917 -20.342728667086718
784.7599703514607 -20.443532186372888
826.5958738801812 -20.54356436117288
870.6620680585127 -20.64167942276609
917.0774506742931 -20.736952588242804
965.9672580093833 -20.828666370080214
1017.4634027476063 -20.916290588979294
1071.7048298967104 -20.99945923409388
1128.8378916846884 -21.077946453213453
1189.01674244199 -21.151643220944432
1252.4037545350732 -21.2205356538713
1319.1699564735716 -21.28468550595256
1389.4954943731375 -21.34421306972131
1463.5701180190797 -21.399282502013858
1541.5936928422718 -21.450089460340863
1623.776739188721 -21.496850860243086
1710.3410003378397 -21.539796527115524
1801.520040802024 -21.579162503240987
1897.5598765218504 -21.61518577677457
1998.7196386572507 -21.648100213915633
2105.272272765707 -21.678133495649504
2217.505275253932 -21.705504883224197
2335.7214690901214 -21.73042365900416
2460.239820869775 -21.753088111133742
2591.3963014396572 -21.773684950613337
2729.5447924020073 -21.792389067206024
2875.0580409448803 -21.80936354688855
3028.3286655749457 -21.82475988646045
3189.7702154663216 -21.838718354206254
3359.818286283781 -21.851368453990393
3538.9316954909877 -21.862829459563432
3727.593720314938 -21.873210992738642
3926.3134017068355 -21.882613624494876
4135.626917817706 -21.891129483362914
4356.099030694608 -21.89884285886562
4588.324610100844 -21.905830791358376
4832.930238571752 -21.91216364154669
5090.575902036681 -21.91790563584587
5361.956770568817 -21.92311538416531
5647.805074067552 -21.927846369193915
5948.892077934331 -21.93214740599681
6266.030164072656 -21.936063072555005
6600.075022827095 -21.939634111462315
6951.927961775606 -21.942897804110544
7322.538337604534 -21.94588831849298
7712.906117627992 -21.94863703216892
8124.0845778629655 -21.951172831908007
8557.183144940002 -21.953522391634927
9013.37038951743 -21.95571043021317
9493.87717927582 -21.957759950756127
10000.0 -21.959692462584265
10533.104453709382 -21.961528187517338
11094.628943275218 -21.963286251622733
11686.088553466498 -21.964984863118687
12309.079138896019 -21.96664147781641
12965.281629896688 -21.968272952314372
13656.466567946096 -21.96989568555918
14384.498882876629 -21.971525748965938
15151.342924760515 -21.97317900483306
15959.06776404731 -21.97487121269429
16809.852774253653 -21.97661812282901
17705.99351226898 -21.978435555787815
18649.907912142942 -21.980339466475442
19644.142809066267 -21.982345990683
20691.3808111479 -21.984471471896327
21794.447537529835 -21.986732465704986
22956.319242369096 -21.989145718634575
24180.13084525718 -21.99172811802584
25469.184389745402 -21.994496609800112
26826.957952797275 -21.99746808023547
28257.115029208268 -22.000659198849135
29763.51441631313 -22.00408621956532
31350.220625651124 -22.007764738277334
33021.51484968176 -22.01170940655578
34781.90651314134 -22.015933602499203
36636.14544020716 -22.02044906248552
38589.23467029899 -22.025265479972077
40646.44395709628 -22.030390080831886
42813.32398719396 -22.03582718805834
45095.721356761445 -22.04157779215194
47499.79434661403 -22.047639146597767
50032.029538259994 -22.05400441096898
52699.259315756564 -22.060662364880876
55508.680300598106 -22.067597217405567
58467.87276937589 -22.074788534095916
61584.82110660255 -22.082211300724673
64867.935347885075 -22.08983613702369
68326.07387157406 -22.09762966666835
71968.56730011514 -22.105555040182203
75805.24367559262 -22.113572598457232
79846.45497739078 -22.12164065463761
84103.10505352604 -22.129716363662574
88586.67904100832 -22.13775664241911
93309.27435461663 -22.145719099111535
98283.63332770011 -22.15356293037521
103523.17759307378 -22.161249746366366
109042.04429677526 -22.16874429014902
114855.12424239368 -22.176015025032846
120978.10206889013 -22.18303457265887
127427.49857031321 -22.18977999471378
134220.7152716012 -22.196232920071253
141376.08138073614 -22.2023795277048
148912.90324394088 -22.208210401601395
156851.5164373548 -22.213720279300905
165213.34063573685 -22.218907717219665
174020.9374062485 -22.22377469663797
183298.07108324338 -22.228326193969956
193069.77288832495 -22.23256973512172
203362.40846866704 -22.23651495255439
214203.74903583832 -22.24017315893522
225623.04629706353 -22.243556948009147
237651.11138110727 -22.24667983078781
250320.39797173254 -22.249555910989457
263665.08987303555 -22.252199602669457
277721.1932429355 -22.254625388561013
292526.6337436642 -22.256847619673646
308121.35887140024 -22.258880351753195
324547.44574113254 -22.260737216304314
341849.21461759275 -22.262431322021836
360073.348498562 -22.263975183457664
379269.0190732246 -22.265380671768558
399488.019395417 -22.26665898554735
420784.9036297398 -22.267820637564185
443217.13424760854 -22.268875453489684
466845.2370703785 -22.26983258307228
491732.9645779016 -22.27070051607928
517947.46792312124 -22.2714871076218
545559.4781168514 -22.27219960565776
574643.4968715974 -22.272844681327584
605277.9976193343 -22.27342846264998
637545.6372456506 -22.27395656709802
671533.4791115135 -22.274434135305757
707333.2279644439 -22.274865866137716
745041.4773728917 -22.27525604518538
784759.9703514606 -22.275608580147995
826595.8738801812 -22.275927027460135
870662.0680585118 -22.276214621373143
917077.4506742931 -22.276474302270614
965967.2580093823 -22.276708736741867
1017463.4027476063 -22.276920347642687
1071704.8298967092 -22.27711132872985
1128837.8916846884 -22.27728367101557
1189016.74244199 -22.27743917371002
1252403.7545350718 -22.27757946701209
1319169.9564735717 -22.27770602978775
1389495.494373136 -22.277820191231186
1463570.1180190798 -22.27792316619521
1541593.6928422702 -22.278016035544642
1623776.739188721 -22.278099789586754
1710341.0003378377 -22.27817531895688
1801520.0408020238 -22.278243433286676
1897559.8765218505 -22.278304857413232
1998719.6386572486 -22.27836022800212
2105272.272765707 -22.278410163289788
2217505.2752539297 -22.2784551756104
2335721.4690901213 -22.278495773942247
2460239.8208697727 -22.278532355277278
2591396.3014396573 -22.27856534825583
2729544.792402007 -22.278595107191443
2875058.040944877 -22.278621905874957
3028328.6655749455 -22.278646075298187
3189770.215466318 -22.27866782057867
3359818.286283781 -22.27868749564491
3538931.6954909842 -22.278705181540218
3727593.720314938 -22.27872117649946
3926313.4017068394 -22.278735595117183
4135626.917817706 -22.278748467921034
4356099.030694608 -22.278760162719976
4588324.61010084 -22.27877083046713
4832930.238571752 -22.278780076970882
5090575.902036676 -22.2787889042537
5361956.770568817 -22.278796312814634
5647805.074067546 -22.278803372090564
5948892.077934331 -22.278809709443475
6266030.164072656 -22.27881543657091
6600075.022827089 -22.27882054630748
6951927.961775606 -22.278825026931408
7322538.337604526 -22.278828709224033
7712906.117627992 -22.278832832007968
8124084.5778629575 -22.278835939782162
8557183.144940002 -22.278839714908884
9013370.38951742 -22.278841222079677
9493877.17927582 -22.278844620301687
10000000.0 -22.278847429916393
10533104.45370936 -22.27884896396619
11094628.943275219 -22.278850934990494
11686088.553466497 -22.278852848699803
12309079.138896018 -22.278854679193287
12965281.629896663 -22.27885422664354
13656466.567946097 -22.27885763325356
14384498.882876629 -22.278858669735865
15151342.924760515 -22.278856157409024
15959067.76404731 -22.278860827577258
16809852.774253618 -22.278860377045934
17705993.51226898 -22.278856181456884
18649907.912142944 -22.278855940530107
19644142.809066266 -22.27885175120255
20691380.811147902 -22.278850077475433
21794447.537529834 -22.278864470629273
22956319.242369097 -22.278865379914336
24180130.84525718 -22.278856700180242
25469184.3897454 -22.27884003648579
26826957.95279722 -22.27887736441502
28257115.02920827 -22.278872355873425
29763514.41631313 -22.278835479122687
31350220.62565112 -22.278852044952547
33021514.849681754 -22.278889304820098
34781906.51314127 -22.278858613725472
36636145.44020716 -22.27884254208101
38589234.67029899 -22.278899793328463
40646443.95709628 -22.278817735712636
42813323.98719387 -22.278957146343423
45095721.35676145 -22.27894861312445
47499794.346614026 -22.278906896560247
50032029.53825999 -22.27887264756333
52699259.31575657 -22.2790343952843
55508680.300597996 -22.278628982647106
58467872.7693759 -22.278850576615014
61584821.10660254 -22.278846826349863
64867935.34788508 -22.278921947538308
68326073.87157391 -22.27896688818675
71968567.30011514 -22.278695042929687
75805243.67559262 -22.27896485678679
79846454.97739078 -22.278707657251225
84103105.05352604 -22.27870167417249
88586679.04100814 -22.27925637323449
93309274.35461664 -22.27927422687522
98283633.32770011 -22.28035362329281
103523177.59307377 -22.278599289719153
109042044.29677527 -22.280003546313836
114855124.24239345 -22.2786553092934
120978102.06889038 -22.280101408837034
127427498.57031322 -22.28117457558829
134220715.2716012 -22.27998303550254
141376081.38073614 -22.279026111128797
148912903.24394056 -22.276895599440504
156851516.43735445 -22.276065748385264
165213340.63573685 -22.277989319680916
174020937.40624848 -22.277400835844233
183298071.08324376 -22.282333711327507
193069772.88832456 -22.280469675519413
203362408.46866703 -22.27109323799673
214203749.0358383 -22.274737845631627
225623046.2970626 -22.27726751934835
237651111.38110778 -22.27137447664998
250320397.97173202 -22.27550923087947
263665089.87303555 -22.286397177980536
277721193.2429355 -22.271613745177902
292526633.74366355 -22.27817731697964
308121358.87140083 -22.305066824454116
324547445.74113256 -22.26723943887679
341849214.6175927 -22.29029002990821
360073348.49856204 -22.313232148872963
379269019.0732238 -22.272263945160226
399488019.39541787 -22.2121671588688
420784903.6297398 -22.337384697146337
443217134.24760854 -22.321857703689613
466845237.07037944 -22.39605461706027
491732964.5779006 -22.267973419366157
517947467.9231202 -22.25882656411607
545559478.1168514 -22.199429623452318
574643496.8715974 -22.217097211546374
605277997.6193355 -22.066482913508562
637545637.2456493 -22.13620165262853
671533479.1115135 -22.482150028281414
707333227.9644439 -22.191455793449407
745041477.3728887 -22.674174416219156
784759970.3514622 -22.027305366922274
826595873.8801795 -21.684646455277953
870662068.0585117 -22.387228881701986
917077450.674293 -22.407989057750136
965967258.0093802 -21.394487214487384
1017463402.7476043 -22.26545899466736
1071704829.8967092 -22.575779042645344
1128837891.6846883 -20.678811931069703
1189016742.44199 -20.88495699521429
1252403754.5350692 -22.75191469979572
1319169956.473569 -23.080350805212074
1389495494.373136 -24.21132763065764
1463570118.0190797 -22.619522034557434
1541593692.8422735 -20.88295491335572
1623776739.1887176 -20.88295266081136
1710341000.337838 -20.882950630586773
1801520040.802024 -20.882948800702135
1897559876.5218503 -20.882947151271765
1998719638.6572526 -20.882945664337743
2105272272.7657027 -20.882944324637673
2217505275.2539296 -20.88294311661622
2335721469.0901213 -20.8829420278726
2460239820.8697777 -20.88294104662793
2591396301.439652 -20.88294016271725
2729544792.402002 -20.882939365119082
2875058040.944877 -20.882938647693187
3028328665.5749454 -20.882937998831338
3189770215.466325 -20.88293741524426
3359818286.2837744 -20.882936889079687
3538931695.4909844 -20.882936415112802
3727593720.314938 -20.882935987728665
3926313401.7068396 -20.88293560248924
4135626917.8176975 -20.88293525509532
4356099030.694599 -20.882934941657503
4588324610.100841 -20.88293465921656
4832930238.571753 -20.882934405495533
5090575902.036687 -20.88293417759461
5361956770.568806 -20.882933969512152
5647805074.067546 -20.882933783429216
5948892077.934331 -20.882933616627597
6266030164.072656 -20.882933464181242
6600075022.827075 -20.882933326700407
6951927961.775591 -20.882933204284228
7322538337.6045265 -20.88293309453112
7712906117.627993 -20.882932993781115
8124084577.862974 -20.882932904239148
8557183144.939984 -20.882932822078114
9013370389.51742 -20.882932752175023
9493877179.27582 -20.88293268524935
10000000000.0 -20.882932626590566
10.0 -31.71653229846292
10.53310445370937 -31.709285190525236
11.094628943275218 -31.70568688948128
11.686088553466515 -31.709765835227515
12.309079138896024 -31.728211170161256
12.965281629896682 -31.7699692679677
13.65646656794611 -31.840382958600074
14.38449888287663 -31.928110202706463
15.15134292476053 -32.00130781569482
15.95906776404731 -32.0340187088773
16.80985277425364 -32.027460852916406
17.70599351226899 -31.997358553969573
18.64990791214297 -31.957002569581956
19.644142809066278 -31.91340816913656
20.6913808111479 -31.86933309411927
21.794447537529855 -31.82545778917727
22.956319242369098 -31.78157841633182
24.180130845257207 -31.737177970389055
25.4691843897454 -31.691645749179777
26.826957952797258 -31.644368568384884
28.257115029208283 -31.594755271457927
29.76351441631318 -31.54224033547179
31.350220625651154 -31.48628179540212
33.02151484968176 -31.42635296457371
34.7819065131413 -31.361937427700894
36.63614544020716 -31.29252542003715
38.58923467029903 -31.217610179172162
40.646443957096295 -31.13668720547421
42.81332398719393 -31.049253860533454
45.095721356761466 -30.95481194555489
47.499794346614124 -30.852868964262342
50.03202953826004 -30.742942680379137
52.699259315756564 -30.624565209036657
55.50868030059805 -30.49728859788969
58.467872769375894 -30.360690457691074
61.58482110660264 -30.21438022137101
64.86793534788511 -30.058005915279843
68.32607387157402 -29.89126027004025
71.96856730011521 -29.713886838313375
75.8052436755926 -29.525685787444132
79.84645497739086 -29.326518821804093
84.10310505352605 -29.11631277985463
88.58667904100822 -28.895062783528346
93.30927435461668 -28.662833657750312
98.28363332770026 -28.419760251703956
103.52317759307378 -28.16604657066641
109.04204429677526 -27.90196346089875
114.8551242423938 -27.627845472712742
120.97810206889012 -27.344086595489067
127.42749857031335 -27.05113544308556
134.2207152716012 -26.7494897563627
141.37608138073614 -26.43969079467513
148.91290324394086 -26.12231751818831
156.85151643735477 -25.797981021926194
165.213340635737 -25.467319173759137
174.0209374062485 -25.13099168922025
183.29807108324357 -24.7896757691564
193.06977288832496 -24.444062232794455
203.36240846866724 -24.094852304016324
214.2037490358383 -23.742754873897447
225.62304629706352 -23.388484362230102
237.65111138110728 -23.032758963281776
250.32039797173255 -22.676299271711127
263.6650898730358 -22.31982714808192
277.7211932429355 -21.9640646908302
292.5266337436645 -21.60973324728895
308.1213588714002 -21.257552297868884
324.54744574113323 -20.908238101003146
341.84921461759274 -20.56250201258374
360.073348498562 -20.22104837727106
379.26901907322497 -19.88457191014207
399.48801939541704 -19.553754517115788
420.78490362974026 -19.229261558203675
443.21713424760856 -18.911737539239255
466.84523707037897 -18.601801287673148
491.73296457790156 -18.300040715449928
517.9474679231213 -18.00700727515499
545.5594781168514 -17.723210288211707
574.6434968715973 -17.449111324574204
605.2779976193349 -17.185118878161887
637.5456372456507 -16.93158348945908
671.5334791115142 -16.68879364123699
707.3332279644438 -16.456972537034247
745.0414773728917 -16.2362759854062
784.7599703514607 -16.02679150240215
826.5958738801812 -15.82853870423177
870.6620680585127 -15.641471009887006
917.0774506742931 -15.465478601839862
965.9672580093833 -15.30039254358538
1017.4634027476063 -15.145989903624544
1071.7048298967104 -15.001999696393021
1128.8378916846884 -14.868109407187028
1189.01674244199 -14.74397191024253
1252.4037545350732 -14.62921251431893
1319.1699564735716 -14.523435957916798
1389.4954943731375 -14.426233157673165
1463.5701180190797 -14.337187542473252
1541.5936928422718 -14.255880873389408
1623.776739188721 -14.18189844171543
1710.3410003378397 -14.11483358639656
1801.520040802024 -14.054291525882796
1897.5598765218504 -13.999892463514419
1998.7196386572507 -13.951274018359282
2105.272272765707 -13.90809298913011
2217.505275253932 -13.87002648574025
2335.7214690901214 -13.83677250822853
2460.239820869775 -13.808049975478676
2591.3963014396572 -13.78359829120027
2729.5447924020073 -13.763176476494065
2875.0580409448803 -13.746561924035657
3028.3286655749457 -13.733548828344247
3189.7702154663216 -13.723946315526689
3359.818286283781 -13.717576368541074
3538.9316954909877 -13.71427155153312
3727.593720314938 -13.713872633315273
3926.3134017068355 -13.716226150438086
4135.626917817706 -13.721181996976174
4356.099030694608 -13.728591117141885
4588.324610100844 -13.738303383975323
4832.930238571752 -13.750165754603199
5090.575902036681 -13.764020777887394
5361.956770568817 -13.779705560187361
5647.805074067552 -13.797051213866535
5948.892077934331 -13.815882871382247
6266.030164072656 -13.836020260180792
6600.075022827095 -13.857278841168288
6951.927961775606 -13.879471463300924
7322.538337604534 -13.902410452515937
7712.906117627992 -13.925910051825984
8124.0845778629655 -13.949789062989934
8557.183144940002 -13.973873571591033
9013.37038951743 -13.997999600683839
9493.87717927582 -14.022015575319779
10000.0 -14.045784466781557
10533.104453709382 -14.069185537227742
11094.628943275218 -14.09211562283
11686.088553466498 -14.114489922992068
12309.079138896019 -14.136242305711278
12965.281629896688 -14.157325148131347
13656.466567946096 -14.177708775576942
14384.498882876629 -14.19738055275393
15151.342924760515 -14.2163437063152
15959.06776404731 -14.234615953780196
16809.852774253653 -14.252228008857555
17705.99351226898 -14.269222020417638
18649.907912142942 -14.28565001175385
19644.142809066267 -14.301572344634902
20691.3808111479 -14.317056245647077
21794.447537529835 -14.332174410592518
22956.319242369096 -14.347003687373686
24180.13084525718 -14.361623840528516
25469.184389745402 -14.376116383796699
26826.957952797275 -14.390563464629807
28257.115029208268 -14.405046784712853
29763.51441631313 -14.4196465364049
31350.220625651124 -14.434440334210715
33021.51484968176 -14.44950213316224
34781.90651314134 -14.464901113212239
36636.14544020716 -14.480700535330014
38589.23467029899 -14.496956569476247
40646.44395709628 -14.513717108700568
42813.32398719396 -14.531020591274949
45095.721356761445 -14.548894871244968
47499.79434661403 -14.567356173152818
50032.029538259994 -14.586408192078933
52699.259315756564 -14.606041389471315
55508.680300598106 -14.62623254758276
58467.87276937589 -14.646944640039054
61584.82110660255 -14.668127063593994
64867.935347885075 -14.689716267215962
68326.07387157406 -14.711636794747537
71968.56730011514 -14.733802731401742
75805.24367559262 -14.756119523398395
79846.45497739078 -14.778486111959477
84103.10505352604 -14.800797302271677
88586.67904100832 -14.82294626980102
93309.27435461663 -14.844827095296457
98283.63332770011 -14.866337217171466
103523.17759307378 -14.8873796984616
109042.04429677526 -14.907865213248716
114855.12424239368 -14.92771368684302
120978.10206889013 -14.946855537457875
127427.49857031321 -14.965232500126204
134220.7152716012 -14.98279803766435
141376.08138073614 -14.999517360335467
148912.90324394088 -15.015367100647929
156851.5164373548 -15.030334695109575
165213.34063573685 -15.044417538252823
174020.9374062485 -15.05762196928336
183298.07108324338 -15.069962155725767
193069.77288832495 -15.081458928193953
203362.40846866704 -15.092138614500627
214203.74903583832 -15.102031912422875
225623.04629706353 -15.111172831047197
237651.11138110727 -15.119597720725217
250320.39797173254 -15.127344405538288
263665.08987303555 -15.134451423812294
277721.1932429355 -15.140957378094202
292526.6337436642 -15.146900389900587
308121.35887140024 -15.152317653760669
324547.44574113254 -15.157245081121566
341849.21461759275 -15.161717024888837
360073.348498562 -15.165766073799078
379269.0190732246 -15.169422906957955
399488.019395417 -15.172716198357678
420784.9036297398 -15.175672562679104
443217.13424760854 -15.178316533506846
466845.2370703785 -15.180670567336055
491732.9645779016 -15.182755066119233
517947.46792312124 -15.18458841330946
545559.4781168514 -15.1861870182581
574643.4968715974 -15.18756536500273
605277.9976193343 -15.18873606189331
637545.6372456506 -15.189709889262225
671533.4791115135 -15.190495842713164
707333.2279644439 -15.191101169928832
745041.4773728917 -15.191531399321702
784759.9703514606 -15.19179035910369
826595.8738801812 -15.191880185413568
870662.0680585118 -15.191801318460993
917077.4506742931 -15.19155248552419
965967.2580093823 -15.19113066987735
1017463.4027476063 -15.190531064596517
1071704.8298967092 -15.189747010240735
1128837.8916846884 -15.188769915323812
1189016.74244199 -15.187589158402018
1252403.7545350718 -15.18619197055173
1319169.9564735717 -15.184563296843102
1389495.494373136 -15.182685635318187
1463570.1180190798 -15.18053885175836
1541593.6928422702 -15.17809996847943
1623776.739188721 -15.17534292506907
1710341.0003378377 -15.17223830890645
1801520.0408020238 -15.168753053053791
1897559.8765218505 -15.164850098883793
1998719.6386572486 -15.160488020659857
2105272.272765707 -15.155620609032365
2217505.2752539297 -15.150196410247798
2335721.4690901213 -15.144158217664929
2460239.8208697727 -15.13744251205142
2591396.3014396573 -15.12997884698892
2729544.792402007 -15.121689175654696
2875058.040944877 -15.112487115262859
3028328.6655749455 -15.102277145538629
3189770.215466318 -15.090953737790736
3359818.286283781 -15.078400411530843
3538931.6954909842 -15.064488716122735
3727593.720314938 -15.049077135705463
3926313.4017068394 -15.03200991671476
4135626.917817706 -15.013115818711984
4356099.030694608 -14.992206791026597
4588324.61010084 -14.969076580033763
4832930.238571752 -14.943499274714574
5090575.902036676 -14.915227801692328
5361956.770568817 -14.883992385171855
5647805.074067546 -14.849498992311148
5948892.077934331 -14.811427790548278
6266030.164072656 -14.76943165040353
6600075.022827089 -14.723134735242178
6951927.961775606 -14.672131228491757
7322538.337604526 -14.615984258684103
7712906.117627992 -14.55422509341862
8124084.5778629575 -14.486352684427198
8557183.144940002 -14.411833657285095
9013370.38951742 -14.330102849979273
9493877.17927582 -14.240564514200855
10000000.0 -14.142594300495263
10533104.45370936 -14.035542152519238
11094628.943275219 -13.918736234998864
11686088.553466497 -13.791488013278638
12309079.138896018 -13.653098588096274
12965281.629896663 -13.502866365989128
13656466.567946097 -13.34009611250313
14384498.882876629 -13.164109391469195
15151342.924760515 -12.97425633917911
15959067.76404731 -12.769928658285751
16809852.774253618 -12.55057364493771
17705993.51226898 -12.315708987220459
18649907.912142944 -12.06493799803491
19644142.809066266 -11.797964876414465
20691380.811147902 -11.51460953394847
21794447.537529834 -11.214821483312832
22956319.242369097 -10.898692269014026
24180130.84525718 -10.566465930034013
25469184.3897454 -10.218547021621065
26826957.95279722 -9.855505788208323
28257115.02920827 -9.47808016774285
29763514.41631313 -9.087174413967043
31350220.62565112 -8.683854239909857
33021514.849681754 -8.269338505169568
34781906.51314127 -7.84498758352278
36636145.44020716 -7.412288649832775
38589234.67029899 -6.972838211528185
40646443.95709628 -6.528322278098897
42813323.98719387 -6.080494612311639
45095721.35676145 -5.631153541161398
47499794.346614026 -5.18211782598338
50032029.53825999 -4.735202103032213
52699259.31575657 -4.292192410546956
55508680.300597996 -3.8548223174554455
58467872.7693759 -3.424750161920376
61584821.10660254 -3.003537893284214
64867935.34788508 -2.5926319855519884
68326073.87157391 -2.1933468511975707
71968567.30011514 -1.8068511280640718
75805243.67559262 -1.4341571376317876
79846454.97739078 -1.0761137209988432
84103105.05352604 -0.7334025519269233
88586679.04100814 -0.4065379097498645
93309274.35461664 -0.09586977559705656
98283633.32770011 0.19840999874830137
103523177.59307377 0.4762588010204679
109042044.29677527 0.7377720803079547
114855124.24239345 0.9831703690859883
120978102.06889038 1.2127850220745953
127427498.57031322 1.4270431890297217
134220715.2716012 1.626452513508281
141376081.38073614 1.8115860034213582
148912903.24394056 1.983067457227107
156851516.43735445 2.141557757885928
165213340.63573685 2.2877422710114232
174020937.40624848 2.4223195091558907
183298071.08324376 2.545991154966324
193069772.88832456 2.659453474989093
203362408.46866703 2.7633901049468
214203749.0358383 2.858466146925819
225623046.2970626 2.945323489304962
237651111.38110778 3.024577239955481
250320397.97173202 3.0968131518960655
263665089.87303555 3.1625859159215275
277721193.2429355 3.2224181959394373
292526633.74366355 3.2768002879587432
308121358.87140083 3.326190291963622
324547445.74113256 3.371014695939698
341849214.6175927 3.4116692823223733
360073348.49856204 3.448520278406559
379269019.0732238 3.481905683387744
399488019.39541787 3.5121367150221685
420784903.6297398 3.539499328607898
443217134.24760854 3.564255769583651
466845237.07037944 3.586646128718849
491732964.5779006 3.6068898755443763
517947467.9231202 3.625187351286274
545559478.1168514 3.641721207478696
574643496.8715974 3.656657780333605
605277997.6193355 3.67014839427065
637545637.2456493 3.6823305907213615
671533479.1115135 3.693329280352346
707333227.9644439 3.7032578185984697
745041477.3728887 3.712219005625397
784759970.3514622 3.7203060128272085
826595873.8801795 3.727603238719132
870662068.0585117 3.7341870973721427
917077450.674293 3.7401267431631946
965967258.0093802 3.745484735481676
1017463402.7476043 3.750317647302785
1071704829.8967092 3.7546766214395477
1128837891.6846883 3.7586078782259813
1189016742.44199 3.7621531782894047
1252403754.5350692 3.765350243916608
1319169956.473569 3.7682331422267894
1389495494.373136 3.770832633445211
1463570118.0190797 3.773176487055248
1541593692.8422735 3.775289768625098
1623776739.1887176 3.7771950999113564
1710341000.337838 3.7789128945330046
1801520040.802024 3.7804615713386864
1897559876.5218503 3.781857747663262
1998719638.6572526 3.7831164141256584
2105272272.7657027 3.784251092696622
2217505275.2539296 3.7852739797003707
2335721469.0901213 3.7861960749983097
2460239820.8697777 3.7870272987505675
2591396301.439652 3.7877765969049775
2729544792.402002 3.7884520364969787
2875058040.944877 3.7890608916156614
3028328665.5749454 3.789609721102685
3189770215.466325 3.7901044386887217
3359818286.2837744 3.790550376208341
3538931695.4909844 3.7909523407928116
3727593720.314938 3.791314666344649
3926313401.7068396 3.791641259999273
4135626917.8176975 3.791935644152521
4356099030.694599 3.792200994193057
4588324610.100841 3.792440172730378
4832930238.571753 3.7926557602550055
5090575902.036687 3.7928500830195193
5361956770.568806 3.793025237989647
5647805074.067546 3.793183115466043
5948892077.934331 3.7933254193454236
6266030164.072656 3.793453685621986
6600075022.827075 3.7935692987817227
6951927961.775591 3.7936735068598084
7322538337.6045265 3.7937674348188803
7712906117.627993 3.793852096636778
8124084577.862974 3.7939284063854775
8557183144.939984 3.7939971878664047
9013370389.51742 3.794059183781516
9493877179.27582 3.794115063475399
10000000000.0 3.7941654302743792
10.0 -31.71653229846292
10.53310445370937 -31.709285190525236
11.094628943275218 -31.70568688948128
11.686088553466515 -31.709765835227515
12.309079138896024 -31.728211170161256
12.965281629896682 -31.7699692679677
13.65646656794611 -31.840382958600074
14.38449888287663 -31.928110202706463
15.15134292476053 -32.00130781569482
15.95906776404731 -32.0340187088773
16.80985277425364 -32.027460852916406
17.70599351226899 -31.997358553969573
18.64990791214297 -31.957002569581956
19.644142809066278 -31.91340816913656
20.6913808111479 -31.86933309411927
21.794447537529855 -31.82545778917727
22.956319242369098 -31.78157841633182
24.180130845257207 -31.737177970389055
25.4691843897454 -31.691645749179777
26.826957952797258 -31.644368568384884
28.257115029208283 -31.594755271457927
29.76351441631318 -31.54224033547179
31.350220625651154 -31.48628179540212
33.02151484968176 -31.42635296457371
34.7819065131413 -31.361937427700894
36.63614544020716 -31.29252542003715
38.58923467029903 -31.217610179172162
40.646443957096295 -31.13668720547421
42.81332398719393 -31.049253860533454
45.095721356761466 -30.95481194555489
47.499794346614124 -30.852868964262342
50.03202953826004 -30.742942680379137
52.699259315756564 -30.624565209036657
55.50868030059805 -30.49728859788969
58.467872769375894 -30.360690457691074
61.58482110660264 -30.21438022137101
64.86793534788511 -30.058005915279843
68.32607387157402 -29.89126027004025
71.96856730011521 -29.713886838313375
75.8052436755926 -29.525685787444132
79.84645497739086 -29.326518821804093
84.10310505352605 -29.11631277985463
88.58667904100822 -28.895062783528346
93.30927435461668 -28.662833657750312
98.28363332770026 -28.419760251703956
103.52317759307378 -28.16604657066641
109.04204429677526 -27.90196346089875
114.8551242423938 -27.627845472712742
120.97810206889012 -27.344086595489067
127.42749857031335 -27.05113544308556
134.2207152716012 -26.7494897563627
141.37608138073614 -26.43969079467513
148.91290324394086 -26.12231751818831
156.85151643735477 -25.797981021926194
165.213340635737 -25.467319173759137
174.0209374062485 -25.13099168922025
183.29807108324357 -24.7896757691564
193.06977288832496 -24.444062232794455
203.36240846866724 -24.094852304016324
214.2037490358383 -23.742754873897447
225.62304629706352 -23.388484362230102
237.65111138110728 -23.032758963281776
250.32039797173255 -22.676299271711127
263.6650898730358 -22.31982714808192
277.7211932429355 -21.9640646908302
292.5266337436645 -21.60973324728895
308.1213588714002 -21.257552297868884
324.54744574113323 -20.908238101003146
341.84921461759274 -20.56250201258374
360.073348498562 -20.22104837727106
379.26901907322497 -19.88457191014207
399.48801939541704 -19.553754517115788
420.78490362974026 -19.229261558203675
443.21713424760856 -18.911737539239255
466.84523707037897 -18.601801287673148
491.73296457790156 -18.300040715449928
517.9474679231213 -18.00700727515499
545.5594781168514 -17.723210288211707
574.6434968715973 -17.449111324574204
605.2779976193349 -17.185118878161887
637.5456372456507 -16.93158348945908
671.5334791115142 -16.68879364123699
707.3332279644438 -16.456972537034247
745.0414773728917 -16.2362759854062
784.7599703514607 -16.02679150240215
826.5958738801812 -15.82853870423177
870.6620680585127 -15.641471009887006
917.0774506742931 -15.465478601839862
965.9672580093833 -15.30039254358538
1017.4634027476063 -15.145989903624544
1071.7048298967104 -15.001999696393021
1128.8378916846884 -14.868109407187028
1189.01674244199 -14.74397191024253
1252.4037545350732 -14.62921251431893
1319.1699564735716 -14.523435957916798
1389.4954943731375 -14.426233157673165
1463.5701180190797 -14.337187542473252
1541.5936928422718 -14.255880873389408
1623.776739188721 -14.18189844171543
1710.3410003378397 -14.11483358639656
1801.520040802024 -14.054291525882796
1897.5598765218504 -13.999892463514419
1998.7196386572507 -13.951274018359282
2105.272272765707 -13.90809298913011
2217.505275253932 -13.87002648574025
2335.7214690901214 -13.83677250822853
2460.239820869775 -13.808049975478676
2591.3963014396572 -13.78359829120027
2729.5447924020073 -13.763176476494065
2875.0580409448803 -13.746561924035657
3028.3286655749457 -13.733548828344247
3189.7702154663216 -13.723946315526689
3359.818286283781 -13.717576368541074
3538.9316954909877 -13.71427155153312
3727.593720314938 -13.713872633315273
3926.3134017068355 -13.716226150438086
4135.626917817706 -13.721181996976174
4356.099030694608 -13.728591117141885
4588.324610100844 -13.738303383975323
4832.930238571752 -13.750165754603199
5090.575902036681 -13.764020777887394
5361.956770568817 -13.779705560187361
5647.805074067552 -13.797051213866535
5948.892077934331 -13.815882871382247
6266.030164072656 -13.836020260180792
6600.075022827095 -13.857278841168288
6951.927961775606 -13.879471463300924
7322.538337604534 -13.902410452515937
7712.906117627992 -13.925910051825984
8124.0845778629655 -13.949789062989934
8557.183144940002 -13.973873571591033
9013.37038951743 -13.997999600683839
9493.87717927582 -14.022015575319779
10000.0 -14.045784466781557
10533.104453709382 -14.069185537227742
11094.628943275218 -14.09211562283
11686.088553466498 -14.114489922992068
12309.079138896019 -14.136242305711278
12965.281629896688 -14.157325148131347
13656.466567946096 -14.177708775576942
14384.498882876629 -14.19738055275393
15151.342924760515 -14.2163437063152
15959.06776404731 -14.234615953780196
16809.852774253653 -14.252228008857555
17705.99351226898 -14.269222020417638
18649.907912142942 -14.28565001175385
19644.142809066267 -14.301572344634902
20691.3808111479 -14.317056245647077
21794.447537529835 -14.332174410592518
22956.319242369096 -14.347003687373686
24180.13084525718 -14.361623840528516
25469.184389745402 -14.376116383796699
26826.957952797275 -14.390563464629807
28257.115029208268 -14.405046784712853
29763.51441631313 -14.4196465364049
31350.220625651124 -14.434440334210715
33021.51484968176 -14.44950213316224
34781.90651314134 -14.464901113212239
36636.14544020716 -14.480700535330014
38589.23467029899 -14.496956569476247
40646.44395709628 -14.513717108700568
42813.32398719396 -14.531020591274949
45095.721356761445 -14.548894871244968
47499.79434661403 -14.567356173152818
50032.029538259994 -14.586408192078933
52699.259315756564 -14.606041389471315
55508.680300598106 -14.62623254758276
58467.87276937589 -14.646944640039054
61584.82110660255 -14.668127063593994
64867.935347885075 -14.689716267215962
68326.07387157406 -14.711636794747537
71968.56730011514 -14.733802731401742
75805.24367559262 -14.756119523398395
79846.45497739078 -14.778486111959477
84103.10505352604 -14.800797302271677
88586.67904100832 -14.82294626980102
93309.27435461663 -14.844827095296457
98283.63332770011 -14.866337217171466
103523.17759307378 -14.8873796984616
109042.04429677526 -14.907865213248716
114855.12424239368 -14.92771368684302
120978.10206889013 -14.946855537457875
127427.49857031321 -14.965232500126204
134220.7152716012 -14.98279803766435
141376.08138073614 -14.999517360335467
148912.90324394088 -15.015367100647929
156851.5164373548 -15.030334695109575
165213.34063573685 -15.044417538252823
174020.9374062485 -15.05762196928336
183298.07108324338 -15.069962155725767
193069.77288832495 -15.081458928193953
203362.40846866704 -15.092138614500627
214203.74903583832 -15.102031912422875
225623.04629706353 -15.111172831047197
237651.11138110727 -15.119597720725217
250320.39797173254 -15.127344405538288
263665.08987303555 -15.134451423812294
277721.1932429355 -15.140957378094202
292526.6337436642 -15.146900389900587
308121.35887140024 -15.152317653760669
324547.44574113254 -15.157245081121566
341849.21461759275 -15.161717024888837
360073.348498562 -15.165766073799078
379269.0190732246 -15.169422906957955
399488.019395417 -15.172716198357678
420784.9036297398 -15.175672562679104
443217.13424760854 -15.178316533506846
466845.2370703785 -15.180670567336055
491732.9645779016 -15.182755066119233
517947.46792312124 -15.18458841330946
545559.4781168514 -15.1861870182581
574643.4968715974 -15.18756536500273
605277.9976193343 -15.18873606189331
637545.6372456506 -15.189709889262225
671533.4791115135 -15.190495842713164
707333.2279644439 -15.191101169928832
745041.4773728917 -15.191531399321702
784759.9703514606 -15.19179035910369
826595.8738801812 -15.191880185413568
870662.0680585118 -15.191801318460993
917077.4506742931 -15.19155248552419
965967.2580093823 -15.19113066987735
1017463.4027476063 -15.190531064596517
1071704.8298967092 -15.189747010240735
1128837.8916846884 -15.188769915323812
1189016.74244199 -15.187589158402018
1252403.7545350718 -15.18619197055173
1319169.9564735717 -15.184563296843102
1389495.494373136 -15.182685635318187
1463570.1180190798 -15.18053885175836
1541593.6928422702 -15.17809996847943
1623776.739188721 -15.17534292506907
1710341.0003378377 -15.17223830890645
1801520.0408020238 -15.168753053053791
1897559.8765218505 -15.164850098883793
1998719.6386572486 -15.160488020659857
2105272.272765707 -15.155620609032365
2217505.2752539297 -15.150196410247798
2335721.4690901213 -15.144158217664929
2460239.8208697727 -15.13744251205142
2591396.3014396573 -15.12997884698892
2729544.792402007 -15.121689175654696
2875058.040944877 -15.112487115262859
3028328.6655749455 -15.102277145538629
3189770.215466318 -15.090953737790736
3359818.286283781 -15.078400411530843
3538931.6954909842 -15.064488716122735
3727593.720314938 -15.049077135705463
3926313.4017068394 -15.03200991671476
4135626.917817706 -15.013115818711984
4356099.030694608 -14.992206791026597
4588324.61010084 -14.969076580033763
4832930.238571752 -14.943499274714574
5090575.902036676 -14.915227801692328
5361956.770568817 -14.883992385171855
5647805.074067546 -14.849498992311148
5948892.077934331 -14.811427790548278
6266030.164072656 -14.76943165040353
6600075.022827089 -14.723134735242178
6951927.961775606 -14.672131228491757
7322538.337604526 -14.615984258684103
7712906.117627992 -14.55422509341862
8124084.5778629575 -14.486352684427198
8557183.144940002 -14.411833657285095
9013370.38951742 -14.330102849979273
9493877.17927582 -14.240564514200855
10000000.0 -14.142594300495263
10533104.45370936 -14.035542152519238
11094628.943275219 -13.918736234998864
11686088.553466497 -13.791488013278638
12309079.138896018 -13.653098588096274
12965281.629896663 -13.502866365989128
13656466.567946097 -13.34009611250313
14384498.882876629 -13.164109391469195
15151342.924760515 -12.97425633917911
15959067.76404731 -12.769928658285751
16809852.774253618 -12.55057364493771
17705993.51226898 -12.315708987220459
18649907.912142944 -12.06493799803491
19644142.809066266 -11.797964876414465
20691380.811147902 -11.51460953394847
21794447.537529834 -11.214821483312832
22956319.242369097 -10.898692269014026
24180130.84525718 -10.566465930034013
25469184.3897454 -10.218547021621065
26826957.95279722 -9.855505788208323
28257115.02920827 -9.47808016774285
29763514.41631313 -9.087174413967043
31350220.62565112 -8.683854239909857
33021514.849681754 -8.269338505169568
34781906.51314127 -7.84498758352278
36636145.44020716 -7.412288649832775
38589234.67029899 -6.972838211528185
40646443.95709628 -6.528322278098897
42813323.98719387 -6.080494612311639
45095721.35676145 -5.631153541161398
47499794.346614026 -5.18211782598338
50032029.53825999 -4.735202103032213
52699259.31575657 -4.292192410546956
55508680.300597996 -3.8548223174554455
58467872.7693759 -3.424750161920376
61584821.10660254 -3.003537893284214
64867935.34788508 -2.5926319855519884
68326073.87157391 -2.1933468511975707
71968567.30011514 -1.8068511280640718
75805243.67559262 -1.4341571376317876
79846454.97739078 -1.0761137209988432
84103105.05352604 -0.7334025519269233
88586679.04100814 -0.4065379097498645
93309274.35461664 -0.09586977559705656
98283633.32770011 0.19840999874830137
103523177.59307377 0.4762588010204679
109042044.29677527 0.7377720803079547
114855124.24239345 0.9831703690859883
120978102.06889038 1.2127850220745953
127427498.57031322 1.4270431890297217
134220715.2716012 1.626452513508281
141376081.38073614 1.8115860034213582
148912903.24394056 1.983067457227107
156851516.43735445 2.141557757885928
165213340.63573685 2.2877422710114232
174020937.40624848 2.4223195091558907
183298071.08324376 2.545991154966324
193069772.88832456 2.659453474989093
203362408.46866703 2.7633901049468
214203749.0358383 2.858466146925819
225623046.2970626 2.945323489304962
237651111.38110778 3.024577239955481
250320397.97173202 3.0968131518960655
263665089.87303555 3.1625859159215275
277721193.2429355 3.2224181959394373
292526633.74366355 3.2768002879587432
308121358.87140083 3.326190291963622
324547445.74113256 3.371014695939698
341849214.6175927 3.4116692823223733
360073348.49856204 3.448520278406559
379269019.0732238 3.481905683387744
399488019.39541787 3.5121367150221685
420784903.6297398 3.539499328607898
443217134.24760854 3.564255769583651
466845237.07037944 3.586646128718849
491732964.5779006 3.6068898755443763
517947467.9231202 3.625187351286274
545559478.1168514 3.641721207478696
574643496.8715974 3.656657780333605
605277997.6193355 3.67014839427065
637545637.2456493 3.6823305907213615
671533479.1115135 3.693329280352346
707333227.9644439 3.7032578185984697
745041477.3728887 3.712219005625397
784759970.3514622 3.7203060128272085
826595873.8801795 3.727603238719132
870662068.0585117 3.7341870973721427
917077450.674293 3.7401267431631946
965967258.0093802 3.745484735481676
1017463402.7476043 3.750317647302785
1071704829.8967092 3.7546766214395477
1128837891.6846883 3.7586078782259813
1189016742.44199 3.7621531782894047
1252403754.5350692 3.765350243916608
1319169956.473569 3.7682331422267894
1389495494.373136 3.770832633445211
1463570118.0190797 3.773176487055248
1541593692.8422735 3.775289768625098
1623776739.1887176 3.7771950999113564
1710341000.337838 3.7789128945330046
1801520040.802024 3.7804615713386864
1897559876.5218503 3.781857747663262
1998719638.6572526 3.7831164141256584
2105272272.7657027 3.784251092696622
2217505275.2539296 3.7852739797003707
2335721469.0901213 3.7861960749983097
2460239820.8697777 3.7870272987505675
2591396301.439652 3.7877765969049775
2729544792.402002 3.7884520364969787
2875058040.944877 3.7890608916156614
3028328665.5749454 3.789609721102685
3189770215.466325 3.7901044386887217
3359818286.2837744 3.790550376208341
3538931695.4909844 3.7909523407928116
3727593720.314938 3.791314666344649
3926313401.7068396 3.791641259999273
4135626917.8176975 3.791935644152521
4356099030.694599 3.792200994193057
4588324610.100841 3.792440172730378
4832930238.571753 3.7926557602550055
5090575902.036687 3.7928500830195193
5361956770.568806 3.793025237989647
5647805074.067546 3.793183115466043
5948892077.934331 3.7933254193454236
6266030164.072656 3.793453685621986
6600075022.827075 3.7935692987817227
6951927961.775591 3.7936735068598084
7322538337.6045265 3.7937674348188803
7712906117.627993 3.793852096636778
8124084577.862974 3.7939284063854775
8557183144.939984 3.7939971878664047
9013370389.51742 3.794059183781516
9493877179.27582 3.794115063475399
10000000000.0 3.7941654302743792
