10.0 -19.15877322155574
10.53310445370937 -19.158773208958625
11.094628943275218 -19.15877311552849
11.686088553466515 -19.158773232166972
12.309079138896024 -19.15877323272791
12.965281629896682 -19.15877307889742
13.65646656794611 -19.15877319046888
14.38449888287663 -19.158772741513886
15.15134292476053 -19.15877317815086
15.95906776404731 -19.15877300686896
16.80985277425364 -19.158773074494345
17.70599351226899 -19.15877329571432
18.64990791214297 -19.15877325565353
19.644142809066278 -19.158773237814057
20.6913808111479 -19.158772929268622
21.794447537529855 -19.158773122757683
22.956319242369098 -19.158773194298725
24.180130845257207 -19.158772972919706
25.4691843897454 -19.158773056701648
26.826957952797258 -19.158773107066196
28.257115029208283 -19.15877308121673
29.76351441631318 -19.15877306706658
31.350220625651154 -19.158773055740962
33.02151484968176 -19.158773152448873
34.7819065131413 -19.158773068455265
36.63614544020716 -19.158773110147493
38.58923467029903 -19.158773045302016
40.646443957096295 -19.158773107364038
42.81332398719393 -19.15877306868014
45.095721356761466 -19.158773121629352
47.499794346614124 -19.15877312039457
50.03202953826004 -19.158773077276305
52.699259315756564 -19.15877309278168
55.50868030059805 -19.15877310153566
58.467872769375894 -19.15877310236587
61.58482110660264 -19.158773103723355
64.86793534788511 -19.158773095612467
68.32607387157402 -19.158773088107935
71.96856730011521 -19.158773098214702
75.8052436755926 -19.15877308628071
79.84645497739086 -19.158773092661523
84.10310505352605 -19.158773098812468
88.58667904100822 -19.15877308798815
93.30927435461668 -19.158773096259605
98.28363332770026 -19.15877310417207
103.52317759307378 -19.158773096747513
109.04204429677526 -19.15877309476426
114.8551242423938 -19.158773101793763
120.97810206889012 -19.15877310449255
127.42749857031335 -19.158773096064955
134.2207152716012 -19.158773093274913
141.37608138073614 -19.158773102060163
148.91290324394086 -19.158773099327625
156.85151643735477 -19.158773103121018
165.213340635737 -19.158773100517244
174.0209374062485 -19.158773098874548
183.29807108324357 -19.158773098832942
193.06977288832496 -19.158773098848766
203.36240846866724 -19.158773098741413
214.2037490358383 -19.158773100447203
225.62304629706352 -19.15877310124879
237.65111138110728 -19.158773099052887
250.32039797173255 -19.158773099892098
263.6650898730358 -19.15877309956104
277.7211932429355 -19.158773098973374
292.5266337436645 -19.15877310017253
308.1213588714002 -19.158773100029588
324.54744574113323 -19.15877310000662
341.84921461759274 -19.15877309961462
360.073348498562 -19.158773100061797
379.26901907322497 -19.1587730994391
399.48801939541704 -19.158773099788387
420.78490362974026 -19.158773100134145
443.21713424760856 -19.158773100158
466.84523707037897 -19.158773100216735
491.73296457790156 -19.158773099870217
517.9474679231213 -19.158773099864007
545.5594781168514 -19.158773099869258
574.6434968715973 -19.158773099828636
605.2779976193349 -19.15877309994133
637.5456372456507 -19.158773099908913
671.5334791115142 -19.158773099945513
707.3332279644438 -19.15877309994855
745.0414773728917 -19.158773100042218
784.7599703514607 -19.15877309991432
826.5958738801812 -19.158773099921632
870.6620680585127 -19.158773099927892
917.0774506742931 -19.15877310004667
965.9672580093833 -19.15877309998226
1017.4634027476063 -19.158773100020813
1071.7048298967104 -19.15877309993685
1128.8378916846884 -19.1587730999616
1189.01674244199 -19.158773099975274
1252.4037545350732 -19.15877309997234
1319.1699564735716 -19.158773099962364
1389.4954943731375 -19.15877309997076
1463.5701180190797 -19.158773099968457
1541.5936928422718 -19.15877310001616
1623.776739188721 -19.158773099981534
1710.3410003378397 -19.158773099981545
1801.520040802024 -19.15877309995382
1897.5598765218504 -19.158773099953393
1998.7196386572507 -19.158773099970553
2105.272272765707 -19.15877309996439
2217.505275253932 -19.158773099966044
2335.7214690901214 -19.158773099968073
2460.239820869775 -19.158773099961294
2591.3963014396572 -19.158773099960783
2729.5447924020073 -19.158773099952672
2875.0580409448803 -19.158773099948057
3028.3286655749457 -19.158773099935864
3189.7702154663216 -19.158773099946252
3359.818286283781 -19.15877309993616
3538.9316954909877 -19.158773099934642
3727.593720314938 -19.158773099927316
3926.3134017068355 -19.158773099914875
4135.626917817706 -19.158773099909535
4356.099030694608 -19.15877309990766
4588.324610100844 -19.158773099890162
4832.930238571752 -19.158773099886474
5090.575902036681 -19.15877309987141
5361.956770568817 -19.158773099858166
5647.805074067552 -19.158773099851466
5948.892077934331 -19.15877309983425
6266.030164072656 -19.158773099818745
6600.075022827095 -19.158773099797862
6951.927961775606 -19.158773099780102
7322.538337604534 -19.158773099756342
7712.906117627992 -19.158773099728272
8124.0845778629655 -19.158773099703545
8557.183144940002 -19.15877309967103
9013.37038951743 -19.158773099633724
9493.87717927582 -19.15877309958975
10000.0 -19.15877309955811
10533.104453709382 -19.15877309950948
11094.628943275218 -19.158773099457125
11686.088553466498 -19.158773099397443
12309.079138896019 -19.158773099340266
12965.281629896688 -19.158773099267744
13656.466567946096 -19.158773099188725
14384.498882876629 -19.15877309909931
15151.342924760515 -19.158773099007345
15959.06776404731 -19.158773098894674
16809.852774253653 -19.158773098778717
17705.99351226898 -19.158773098645817
18649.907912142942 -19.158773098502817
19644.142809066267 -19.158773098339466
20691.3808111479 -19.158773098158882
21794.447537529835 -19.15877309796277
22956.319242369096 -19.158773097740603
24180.13084525718 -19.15877309750303
25469.184389745402 -19.158773097224454
26826.957952797275 -19.1587730969255
28257.115029208268 -19.158773096600935
29763.51441631313 -19.15877309623304
31350.220625651124 -19.15877309582815
33021.51484968176 -19.158773095382887
34781.90651314134 -19.158773094887493
36636.14544020716 -19.158773094339136
38589.23467029899 -19.158773093733654
40646.44395709628 -19.158773093064738
42813.32398719396 -19.158773092335203
45095.721356761445 -19.158773091525006
47499.79434661403 -19.158773090615288
50032.029538259994 -19.158773089636213
52699.259315756564 -19.158773088546045
55508.680300598106 -19.1587730873586
58467.87276937589 -19.15877308603023
61584.82110660255 -19.158773084602046
64867.935347885075 -19.158773083012417
68326.07387157406 -19.158773081285037
71968.56730011514 -19.158773079398674
75805.24367559262 -19.158773077324433
79846.45497739078 -19.158773075068318
84103.10505352604 -19.158773072617027
88586.67904100832 -19.15877306994853
93309.27435461663 -19.15877306705475
98283.63332770011 -19.15877306393563
103523.17759307378 -19.15877306057664
109042.04429677526 -19.158773056951954
114855.12424239368 -19.15877305308171
120978.10206889013 -19.15877304893503
127427.49857031321 -19.15877304454493
134220.7152716012 -19.158773039885396
141376.08138073614 -19.15877303497479
148912.90324394088 -19.158773029809048
156851.5164373548 -19.158773024441377
165213.34063573685 -19.158773018879458
174020.9374062485 -19.158773013142927
183298.07108324338 -19.158773007271872
193069.77288832495 -19.158773001320327
203362.40846866704 -19.15877299532526
214203.74903583832 -19.158772989346318
225623.04629706353 -19.158772983450678
237651.11138110727 -19.158772977683956
250320.39797173254 -19.158772972124257
263665.08987303555 -19.158772966832142
277721.1932429355 -19.158772961870422
292526.6337436642 -19.158772957282036
308121.35887140024 -19.15877295313839
324547.44574113254 -19.158772949477157
341849.21461759275 -19.15877294632575
360073.348498562 -19.158772943713885
379269.0190732246 -19.15877294164954
399488.019395417 -19.158772940144015
420784.9036297398 -19.158772939180967
443217.13424760854 -19.15877293874392
466845.2370703785 -19.158772938810237
491732.9645779016 -19.15877293933803
517947.46792312124 -19.158772940292106
545559.4781168514 -19.158772941635355
574643.4968715974 -19.158772943320766
605277.9976193343 -19.158772945299724
637545.6372456506 -19.15877294753464
671533.4791115135 -19.15877294998895
707333.2279644439 -19.158772952620712
745041.4773728917 -19.15877295540622
784759.9703514606 -19.158772958313207
826595.8738801812 -19.15877296131837
870662.0680585118 -19.15877296440588
917077.4506742931 -19.158772967567405
965967.2580093823 -19.15877297079101
1017463.4027476063 -19.158772974068896
1071704.8298967092 -19.15877297739622
1128837.8916846884 -19.158772980774735
1189016.74244199 -19.15877298420493
1252403.7545350718 -19.15877298769758
1319169.9564735717 -19.158772991242706
1389495.494373136 -19.15877299484125
1463570.1180190798 -19.158772998504944
1541593.6928422702 -19.158773002222645
1623776.739188721 -19.15877300598918
1710341.0003378377 -19.15877300980547
1801520.0408020238 -19.158773013665332
1897559.8765218505 -19.158773017547496
1998719.6386572486 -19.15877302144284
2105272.272765707 -19.158773025343017
2217505.2752539297 -19.158773029228932
2335721.4690901213 -19.158773033090963
2460239.8208697727 -19.158773036904897
2591396.3014396573 -19.158773040645908
2729544.792402007 -19.158773044307708
2875058.040944877 -19.15877304788072
3028328.6655749455 -19.158773051339782
3189770.215466318 -19.15877305467789
3359818.286283781 -19.15877305787757
3538931.6954909842 -19.158773060948675
3727593.720314938 -19.158773063865183
3926313.4017068394 -19.158773066630296
4135626.917817706 -19.158773069240322
4356099.030694608 -19.158773071698445
4588324.61010084 -19.158773074000454
4832930.238571752 -19.158773076161758
5090575.902036676 -19.158773078172
5361956.770568817 -19.158773080038678
5647805.074067546 -19.158773081757584
5948892.077934331 -19.15877308335378
6266030.164072656 -19.15877308482668
6600075.022827089 -19.158773086183224
6951927.961775606 -19.158773087435176
7322538.337604526 -19.158773088596888
7712906.117627992 -19.158773089630387
8124084.5778629575 -19.15877309057312
8557183.144940002 -19.15877309146385
9013370.38951742 -19.15877309224965
9493877.17927582 -19.15877309298295
10000000.0 -19.158773093651057
10533104.45370936 -19.158773094248094
11094628.943275219 -19.1587730947905
11686088.553466497 -19.158773095291053
12309079.138896018 -19.158773095734126
12965281.629896663 -19.158773096152228
13656466.567946097 -19.15877309652608
14384498.882876629 -19.158773096858276
15151342.924760515 -19.15877309714647
15959067.76404731 -19.158773097422028
16809852.774253618 -19.158773097692258
17705993.51226898 -19.158773097903325
18649907.912142944 -19.158773098122175
19644142.809066266 -19.158773098283074
20691380.811147902 -19.15877309846753
21794447.537529834 -19.158773098605646
22956319.242369097 -19.158773098741623
24180130.84525718 -19.15877309885787
25469184.3897454 -19.158773098978443
26826957.95279722 -19.158773099067268
28257115.02920827 -19.158773099179744
29763514.41631313 -19.15877309924074
31350220.62565112 -19.158773099304135
33021514.849681754 -19.158773099386238
34781906.51314127 -19.158773099451103
36636145.44020716 -19.15877309946585
38589234.67029899 -19.158773099555848
40646443.95709628 -19.158773099592892
42813323.98719387 -19.158773099615235
45095721.35676145 -19.158773099646773
47499794.346614026 -19.15877309970665
50032029.53825999 -19.15877309972541
52699259.31575657 -19.15877309976058
55508680.300597996 -19.158773099763515
58467872.7693759 -19.158773099783318
61584821.10660254 -19.158773099836107
64867935.34788508 -19.158773099813274
68326073.87157391 -19.15877309988386
71968567.30011514 -19.158773099853626
75805243.67559262 -19.158773099854056
79846454.97739078 -19.158773099873326
84103105.05352604 -19.1587730998847
88586679.04100814 -19.158773099897594
93309274.35461664 -19.158773099932638
98283633.32770011 -19.158773099947403
103523177.59307377 -19.158773099913333
109042044.29677527 -19.158773099908625
114855124.24239345 -19.15877309997352
120978102.06889038 -19.158773099952274
127427498.57031322 -19.15877309994133
134220715.2716012 -19.158773099952327
141376081.38073614 -19.15877309991179
148912903.24394056 -19.158773100039614
156851516.43735445 -19.158773099994757
165213340.63573685 -19.158773099969647
174020937.40624848 -19.158773099965387
183298071.08324376 -19.15877310005027
193069772.88832456 -19.15877310010009
203362408.46866703 -19.158773100099474
214203749.0358383 -19.15877310001761
225623046.2970626 -19.15877309998442
237651111.38110778 -19.15877309994928
250320397.97173202 -19.158773099845753
263665089.87303555 -19.158773100071983
277721193.2429355 -19.158773100024508
292526633.74366355 -19.158773100068558
308121358.87140083 -19.158773100002595
324547445.74113256 -19.15877310017828
341849214.6175927 -19.158773100099825
360073348.49856204 -19.158773100050883
379269019.0732238 -19.158773099909745
399488019.39541787 -19.15877310001952
420784903.6297398 -19.158773100194942
443217134.24760854 -19.158773099851068
466845237.07037944 -19.15877310000595
491732964.5779006 -19.158773100061904
517947467.9231202 -19.158773100276342
545559478.1168514 -19.158773099922488
574643496.8715974 -19.158773100260404
605277997.6193355 -19.158773100006876
637545637.2456493 -19.158773100037198
671533479.1115135 -19.158773100255893
707333227.9644439 -19.158773099796168
745041477.3728887 -19.15877309996954
784759970.3514622 -19.158773099738198
826595873.8801795 -19.15877310008512
870662068.0585117 -19.158773100514818
917077450.674293 -19.15877309995768
965967258.0093802 -19.158773100374184
1017463402.7476043 -19.158773099658973
1071704829.8967092 -19.158773100180007
1128837891.6846883 -19.158773100212855
1189016742.44199 -19.158773099679046
1252403754.5350692 -19.15877309983449
1319169956.473569 -19.158773100472146
1389495494.373136 -19.158773100081696
1463570118.0190797 -19.15877309994184
1541593692.8422735 -19.158773099905293
1623776739.1887176 -19.158773099799664
1710341000.337838 -19.158773100217783
1801520040.802024 -19.15877309904656
1897559876.5218503 -19.15877309905499
1998719638.6572526 -19.15877309938627
2105272272.7657027 -19.1587731000701
2217505275.2539296 -19.158773099885494
2335721469.0901213 -19.15877309863059
2460239820.8697777 -19.158773100455264
2591396301.439652 -19.158773099602918
2729544792.402002 -19.158773099991045
2875058040.944877 -19.15877309982514
3028328665.5749454 -19.158773099529835
3189770215.466325 -19.158773099896113
3359818286.2837744 -19.1587731016603
3538931695.4909844 -19.158773099050123
3727593720.314938 -19.158773100213335
3926313401.7068396 -19.158773101210762
4135626917.8176975 -19.158773101400996
4356099030.694599 -19.158773099795294
4588324610.100841 -19.158773101923845
4832930238.571753 -19.1587731014531
5090575902.036687 -19.158773100662543
5361956770.568806 -19.15877309925139
5647805074.067546 -19.15877309849063
5948892077.934331 -19.15877310040965
6266030164.072656 -19.158773103529878
6600075022.827075 -19.15877310147009
6951927961.775591 -19.158773100495537
7322538337.6045265 -19.158773097763856
7712906117.627993 -19.15877309734462
8124084577.862974 -19.158773093642154
8557183144.939984 -19.15877309549791
9013370389.51742 -19.1587730984093
9493877179.27582 -19.158773101233017
10000000000.0 -19.158773099559053
