10.0 -34.519681751455806
10.53310445370937 -34.358280651550665
11.094628943275218 -34.18598030590846
11.686088553466515 -34.00251357309994
12.309079138896024 -33.80766581894862
12.965281629896682 -33.6012793678972
13.65646656794611 -33.38325689047277
14.38449888287663 -33.15356357750523
15.15134292476053 -32.91222800842154
15.95906776404731 -32.65934167509963
16.80985277425364 -32.395057187301994
17.70599351226899 -32.119585240473576
18.64990791214297 -31.833190483645776
19.644142809066278 -31.536186466771753
20.6913808111479 -31.22892987402556
21.794447537529855 -30.911814271222045
22.956319242369098 -30.585263594146454
24.180130845257207 -30.249725593134514
25.4691843897454 -29.905665434392034
26.826957952797258 -29.55355962208568
28.257115029208283 -29.19389038015959
29.76351441631318 -28.82714059196023
31.350220625651154 -28.453789365903983
33.02151484968176 -28.074308261224232
34.7819065131413 -27.689158182195147
36.63614544020716 -27.298786925887303
38.58923467029903 -26.903627351610343
40.646443957096295 -26.504096126043844
42.81332398719393 -26.100592993012455
45.095721356761466 -25.69350050903155
47.499794346614124 -25.283184188211756
50.03202953826004 -24.869992999446076
52.699259315756564 -24.454260162837986
55.50868030059805 -24.036304198036127
58.467872769375894 -23.61643018061635
61.58482110660264 -23.194931169850783
64.86793534788511 -22.77208977650117
68.32607387157402 -22.34817984438748
71.96856730011521 -21.9234682245623
75.8052436755926 -21.49821662625861
79.84645497739086 -21.07268353109678
84.10310505352605 -20.64712616172804
88.58667904100822 -20.221802497885314
93.30927435461668 -19.79697333449273
98.28363332770026 -19.372904378397088
103.52317759307378 -18.94986837953343
109.04204429677526 -18.528147292941636
114.8551242423938 -18.108034466548762
120.97810206889012 -17.689836847176228
127.42749857031335 -17.273877195290673
134.2207152716012 -16.86049629434061
141.37608138073614 -16.450055136183853
148.91290324394086 -16.042937058433093
156.85151643735477 -15.63954980216711
165.213340635737 -15.240327451034686
174.0209374062485 -14.845732203574897
183.29807108324357 -14.456255920609669
193.06977288832496 -14.072421379285885
203.36240846866724 -13.694783153855063
214.2037490358383 -13.323928032833695
225.62304629706352 -12.960474871239928
237.65111138110728 -12.60507376821458
250.32039797173255 -12.258404453433014
263.6650898730358 -11.921173763023539
277.7211932429355 -11.594112087852356
292.5266337436645 -11.277968685399696
308.1213588714002 -10.973505762819482
324.54744574113323 -10.681491264350411
341.84921461759274 -10.402690332186923
360.073348498562 -10.137855455600109
379.26901907322497 -9.88771538042594
399.48801939541704 -9.652962916134438
420.78490362974026 -9.43424184972951
443.21713424760856 -9.232133250867351
466.84523707037897 -9.047141524800876
491.73296457790156 -8.879680635296705
517.9474679231213 -8.73006096986833
545.5594781168514 -8.598477351327322
574.6434968715973 -8.484998704738185
605.2779976193349 -8.389559866506595
637.5456372456507 -8.31195596913004
671.5334791115142 -8.251839753846381
707.3332279644438 -8.208722057559338
745.0414773728917 -8.18197559574602
784.7599703514607 -8.170842029279527
826.5958738801812 -8.174442166901581
870.6620680585127 -8.191789027333993
917.0774506742931 -8.22180337219324
965.9672580093833 -8.263331228886639
1017.4634027476063 -8.315162856593767
1071.7048298967104 -8.376052568111652
1128.8378916846884 -8.44473880797617
1189.01674244199 -8.519963898851914
1252.4037545350732 -8.600492903544485
1319.1699564735716 -8.685131103874834
1389.4954943731375 -8.772739668758101
1463.5701180190797 -8.86224916686677
1541.5936928422718 -8.952670671811736
1623.776739188721 -9.043104305544796
1710.3410003378397 -9.132745164314809
1801.520040802024 -9.22088666728784
1897.5598765218504 -9.306921456367206
1998.7196386572507 -9.390340052500294
2105.272272765707 -9.470727536028777
2217.505275253932 -9.54775856373442
2335.7214690901214 -9.62119106164527
2460.239820869775 -9.69085894112035
2591.3963014396572 -9.756664177017578
2729.5447924020073 -9.818568563393852
2875.0580409448803 -9.87658542793666
3028.3286655749457 -9.93077154372896
3189.7702154663216 -9.981219430869718
3359.818286283781 -10.028050193189596
3538.9316954909877 -10.071406990231717
3727.593720314938 -10.111449203772402
3926.3134017068355 -10.148347322764558
4135.626917817706 -10.18227854155031
4356.099030694608 -10.213423043577867
4588.324610100844 -10.24196092645054
4832.930238571752 -10.268069713231165
5090.575902036681 -10.291922388704242
5361.956770568817 -10.31368589712966
5647.805074067552 -10.33352003850802
5948.892077934331 -10.35157670334409
6266.030164072656 -10.367999390154965
6600.075022827095 -10.382922955160147
6951.927961775606 -10.396473549198115
7322.538337604534 -10.408768702599113
7712.906117627992 -10.419917524278189
8124.0845778629655 -10.430020986380217
8557.183144940002 -10.439172270638
9013.37038951743 -10.44745715666609
9493.87717927582 -10.45495443629809
10000.0 -10.461736341027649
10533.104453709382 -10.467868972583215
11094.628943275218 -10.473412728771441
11686.088553466498 -10.47842271875044
12309.079138896019 -10.482949163468557
12965.281629896688 -10.487037778148181
13656.466567946096 -10.490730134946563
14384.498882876629 -10.494064004550669
15151.342924760515 -10.49707367621398
15959.06776404731 -10.499790256206829
16809.852774253653 -10.502241944995285
17705.99351226898 -10.504454293859506
18649.907912142942 -10.506450441634659
19644.142809066267 -10.508251332669552
20691.3808111479 -10.509875916944404
21794.447537529835 -10.511341333479844
22956.319242369096 -10.512663078119608
24180.13084525718 -10.513855156764468
25469.184389745402 -10.514930225141512
26826.957952797275 -10.515899716129866
28257.115029208268 -10.516773955613468
29763.51441631313 -10.517562267789957
31350.220625651124 -10.518273070839857
33021.51484968176 -10.518913963720157
34781.90651314134 -10.51949180489789
36636.14544020716 -10.520012783711305
38589.23467029899 -10.520482484983324
40646.44395709628 -10.52090594756792
42813.32398719396 -10.521287717277952
45095.721356761445 -10.521631894818338
47499.79434661403 -10.521942179089098
50032.029538259994 -10.522221906364432
52699.259315756564 -10.522474085652131
55508.680300598106 -10.52270143072101
58467.87276937589 -10.522906388944156
61584.82110660255 -10.523091167417487
64867.935347885075 -10.52325775649651
68326.07387157406 -10.523407951077129
71968.56730011514 -10.523543369792401
75805.24367559262 -10.523665472348283
79846.45497739078 -10.523775575158636
84103.10505352604 -10.523874865479408
88586.67904100832 -10.523964414126699
93309.27435461663 -10.524045186993076
98283.63332770011 -10.524118055432625
103523.17759307378 -10.524183805608644
109042.04429677526 -10.524243146959954
114855.12424239368 -10.524296719836649
120978.10206889013 -10.524345102393593
127427.49857031321 -10.524388816802436
134220.7152716012 -10.524428334889686
141376.08138073614 -10.52446408321589
148912.90324394088 -10.524496447676144
156851.5164373548 -10.524525777643056
165213.34063573685 -10.524552389763183
174020.9374062485 -10.524576571337425
183298.07108324338 -10.524598583443325
193069.77288832495 -10.524618663745066
203362.40846866704 -10.524637029056066
214203.74903583832 -10.524653877669671
225623.04629706353 -10.5246693915203
237651.11138110727 -10.524683738124484
250320.39797173254 -10.524697072400478
263665.08987303555 -10.524709538337104
277721.1932429355 -10.524721270550936
292526.6337436642 -10.524732395736791
308121.35887140024 -10.524743034028825
324547.44574113254 -10.524753300317167
341849.21461759275 -10.524763305459569
360073.348498562 -10.524773157513698
379269.0190732246 -10.524782962866784
399488.019395417 -10.524792827410625
420784.9036297398 -10.524802857672535
443217.13424760854 -10.524813161970702
466845.2370703785 -10.524823851580315
491732.9645779016 -10.524835041940303
517947.46792312124 -10.524846853879684
545559.4781168514 -10.52485941495598
574643.4968715974 -10.524872860799714
605277.9976193343 -10.524887336593787
637545.6372456506 -10.524902998634058
671533.4791115135 -10.524920016007378
707333.2279644439 -10.524938572427532
745041.4773728917 -10.524958868208486
784759.9703514606 -10.524981122405508
826595.8738801812 -10.525005575188406
870662.0680585118 -10.52503249041191
917077.4506742931 -10.52506215844301
965967.2580093823 -10.525094899277782
1017463.4027476063 -10.525131065946132
1071704.8298967092 -10.525171048283145
1128837.8916846884 -10.525215277073944
1189016.74244199 -10.525264228611242
1252403.7545350718 -10.52531842970221
1319169.9564735717 -10.525378463197647
1389495.494373136 -10.525444974051837
1463570.1180190798 -10.525518675980281
1541593.6928422702 -10.525600358711014
1623776.739188721 -10.525690895956126
1710341.0003378377 -10.525791254047487
1801520.0408020238 -10.525902501261461
1897559.8765218505 -10.526025817921596
1998719.6386572486 -10.526162507093431
2105272.272765707 -10.526314005951683
2217505.2752539297 -10.526481897527312
2335721.4690901213 -10.526667922757142
2460239.8208697727 -10.52687399231479
2591396.3014396573 -10.527102197786835
2729544.792402007 -10.527354821375551
2875058.040944877 -10.52763434292837
3028328.6655749455 -10.527943442730107
3189770.215466318 -10.528284997742524
3359818.286283781 -10.52866206798809
3538931.6954909842 -10.529077868709184
3727593.720314938 -10.529535721980363
3926313.4017068394 -10.530038979298645
4135626.917817706 -10.530590903050793
4356099.030694608 -10.531194490838367
4588324.61010084 -10.531852220049984
4832930.238571752 -10.532565681995097
5090575.902036676 -10.533335063613048
5361956.770568817 -10.534158419097142
5647805.074067546 -10.535030652924831
5948892.077934331 -10.535942106840967
6266030.164072656 -10.536876604673202
6600075.022827089 -10.537808755664852
6951927.961775606 -10.538700245686295
7322538.337604526 -10.539494748869991
7712906.117627992 -10.540110962737826
8124084.5778629575 -10.540433096125811
8557183.144940002 -10.540297909476852
9013370.38951742 -10.539477105581874
9493877.17927582 -10.537653479119413
10000000.0 -10.53438874352876
10533104.45370936 -10.529080355334191
11094628.943275219 -10.52090397284869
11686088.553466497 -10.508737481431446
12309079.138896018 -10.491061959628107
12965281.629896663 -10.465834882568835
13656466.567946097 -10.430331883457523
14384498.882876629 -10.380956563177941
15151342.924760515 -10.313024734967069
15959067.76404731 -10.220542149181735
16809852.774253618 -10.096015002259442
17705993.51226898 -9.930360266348975
18649907.912142944 -9.713012561071189
19644142.809066266 -9.432340715063543
20691380.811147902 -9.076464113551747
21794447.537529834 -8.63446891652773
22956319.242369097 -8.097865308982206
24180130.84525718 -7.461954352637903
25469184.3897454 -6.726695895639098
26826957.95279722 -5.8967789017038355
28257115.02920827 -4.980869368230003
29763514.41631313 -3.990299221929418
31350220.62565112 -2.9376008931839697
33021514.849681754 -1.8352406754224364
34781906.51314127 -0.6947385028258586
36636145.44020716 0.4738047637241969
38589234.67029899 1.6618534426262568
40646443.95709628 2.862369543195387
42813323.98719387 4.0696325663211415
45095721.35676145 5.279018594870365
47499794.346614026 6.486782062992838
50032029.53825999 7.689862055607106
52699259.31575657 8.88572121790104
55508680.300597996 10.072217675213773
58467872.7693759 11.247506699574002
61584821.10660254 12.40996754914592
64867935.34788508 13.558150816915118
68326073.87157391 14.69074208730686
71968567.30011514 15.806538333691725
75805243.67559262 16.904434115542244
79846454.97739078 17.983415183631337
84103105.05352604 19.042557528659927
88586679.04100814 20.081030261263926
93309274.35461664 21.098100964420276
98283633.32770011 22.093142368444326
103523177.59307377 23.065639369594003
109042044.29677527 24.01519555716046
114855124.24239345 24.94153856818383
120978102.06889038 25.84452371886892
127427498.57031322 26.724135528625354
134220715.2716012 27.58048688962421
141376081.38073614 28.413815792440104
148912903.24394056 29.224479665900944
156851516.43735445 30.01294750407107
165213340.63573685 30.779790080592836
174020937.40624848 31.525668607632277
183298071.08324376 32.25132227461397
193069772.88832456 32.957555080765346
203362408.46866703 33.64522243874622
214203749.0358383 34.3152179057516
225623046.2970626 34.96846043064473
237651111.38110778 35.605882393403895
250320397.97173202 36.22841866570471
263665089.87303555 36.836996848927946
277721193.2429355 37.43252878396805
292526633.74366355 38.01590335949057
308121358.87140083 38.587980607055286
324547445.74113256 39.14958702387392
341849214.6175927 39.701512042739296
360073348.49856204 40.2445055388715
379269019.0732238 40.77927625721322
399488019.39541787 41.306491045637195
420784903.6297398 41.82677475971653
443217134.24760854 42.3407107379192
466845237.07037944 42.84884172971249
491732964.5779006 43.35167118226468
517947467.9231202 43.8496647982057
545559478.1168514 44.3432522909768
574643496.8715974 44.832829268981854
605277997.6193355 45.31875919687138
637545637.2456493 45.8013753899753
671533479.1115135 46.280983001212554
707333227.9644439 46.757860979739554
745041477.3728887 47.232263970405015
784759970.3514622 47.7044241454369
826595873.8801795 48.17455294742564
870662068.0585117 48.642842748641485
917077450.674293 49.10946840930536
965967258.0093802 49.57458874266298
1017463402.7476043 50.038347878845684
1071704829.8967092 50.50087653442924
1128837891.6846883 50.96229318807381
1189016742.44199 51.42270517200798
1252403754.5350692 51.88220966451733
1319169956.473569 52.340894617625544
1389495494.373136 52.798839603221296
1463570118.0190797 53.25611657133529
1541593692.8422735 53.71279058181811
1623776739.1887176 54.16892042302042
1710341000.337838 54.62455922288453
1801520040.802024 55.07975496195939
1897559876.5218503 55.53455098292911
1998719638.6572526 55.9889864182
2105272272.7657027 56.44309659059435
2217505275.2539296 56.8969133943322
2335721469.0901213 57.350465604479794
2460239820.8697777 57.80377920242423
2591396301.439652 58.256877615527216
2729544792.402002 58.7097819878786
2875058040.944877 59.16251138941377
3028328665.5749454 59.61508302802049
3189770215.466325 60.06751241981078
3359818286.2837744 60.51981356245058
3538931695.4909844 60.97199907548051
3727593720.314938 61.4240803476314
3926313401.7068396 61.87606764331046
4135626917.8176975 62.32797021860718
4356099030.694599 62.77979638477474
4588324610.100841 63.23155371625509
4832930238.571753 63.68324898909904
5090575902.036687 64.13488829021263
5361956770.568806 64.58647717966669
5647805074.067546 65.03802055866785
5948892077.934331 65.48952296683464
6266030164.072656 65.94098843075076
6600075022.827075 66.39242058680966
6951927961.775591 66.84382275726063
7322538337.6045265 67.29519785591091
7712906117.627993 67.74654855926767
8124084577.862974 68.19787722032328
8557183144.939984 68.64918620505324
9013370389.51742 69.10047721274086
9493877179.27582 69.55175207787354
10000000000.0 70.00301252619826
