10.0 18.813036402649825
10.53310445370937 18.356367620753705
11.094628943275218 17.89909076671108
11.686088553466515 17.441137223114772
12.309079138896024 16.982463321281113
12.965281629896682 16.522964171620146
13.65646656794611 16.062560481700608
14.38449888287663 15.601168312870929
15.15134292476053 15.138643021036833
15.95906776404731 14.674907998602214
16.80985277425364 14.209799045805372
17.70599351226899 13.743199149593035
18.64990791214297 13.274943058326208
19.644142809066278 12.804870598070796
20.6913808111479 12.332762077651093
21.794447537529855 11.858431310476309
22.956319242369098 11.381643107781699
24.180130845257207 10.902121263450892
25.4691843897454 10.419629692152501
26.826957952797258 9.93384752501009
28.257115029208283 9.444475792296672
29.76351441631318 8.951118638031911
31.350220625651154 8.453402343014353
33.02151484968176 7.950910264383201
34.7819065131413 7.443187514272271
36.63614544020716 6.929735720750896
38.58923467029903 6.410043449818115
40.646443957096295 5.883518548650752
42.81332398719393 5.349589405679137
45.095721356761466 4.8075637937931965
47.499794346614124 4.25678030246088
50.03202953826004 3.6965034277256943
52.699259315756564 3.125969238157138
55.50868030059805 2.544360362370251
58.467872769375894 1.9508421092468453
61.58482110660264 1.344532425262364
64.86793534788511 0.7245165165487819
68.32607387157402 0.08985478525337438
71.96856730011521 -0.5604132438866558
75.8052436755926 -1.2272568380185476
79.84645497739086 -1.911689951259188
84.10310505352605 -2.6147063960686023
88.58667904100822 -3.3372994165889676
93.30927435461668 -4.080466230318905
98.28363332770026 -4.845194956428378
103.52317759307378 -5.632434662065471
109.04204429677526 -6.443065932989253
114.8551242423938 -7.277907122685047
120.97810206889012 -8.137654204657652
127.42749857031335 -9.02279579698659
134.2207152716012 -9.933524744363284
141.37608138073614 -10.869592011621972
148.91290324394086 -11.830023898979842
156.85151643735477 -12.812816081096315
165.213340635737 -13.814373911811046
174.0209374062485 -14.828776535707425
183.29807108324357 -15.84680720711793
193.06977288832496 -16.85476301128653
203.36240846866724 -17.833245054472155
214.2037490358383 -18.75654743937276
225.62304629706352 -19.59346224336576
237.65111138110728 -20.310745351969572
250.32039797173255 -20.87942434778975
263.6650898730358 -21.2825542889327
277.7211932429355 -21.52050448123113
292.5266337436645 -21.61061404095794
308.1213588714002 -21.581565809884246
324.54744574113323 -21.465627602423375
341.84921461759274 -21.29257931205734
360.073348498562 -21.086573776949184
379.26901907322497 -20.865481304392098
399.48801939541704 -20.641631184895928
420.78490362974026 -20.423034001107197
443.21713424760856 -20.214569625844465
466.84523707037897 -20.018934483772618
491.73296457790156 -19.83738139830254
517.9474679231213 -19.67022891620417
545.5594781168514 -19.517211180750582
574.6434968715973 -19.377711321077214
605.2779976193349 -19.250923791267397
637.5456372456507 -19.13594832851155
671.5334791115142 -19.031859222458515
707.3332279644438 -18.937741853801622
745.0414773728917 -18.852721464417602
784.7599703514607 -18.775971188607734
826.5958738801812 -18.706722641189916
870.6620680585127 -18.644266624208118
917.0774506742931 -18.587952778634303
965.9672580093833 -18.537187882793823
1017.4634027476063 -18.491431799076885
1071.7048298967104 -18.450194601012623
1128.8378916846884 -18.413032965887876
1189.01674244199 -18.37954589329093
1252.4037545350732 -18.34937073098836
1319.1699564735716 -18.322180286543674
1389.4954943731375 -18.297679699572903
1463.5701180190797 -18.27560260486045
1541.5936928422718 -18.255709450428792
1623.776739188721 -18.237783927048014
1710.3410003378397 -18.221630996864544
1801.520040802024 -18.20707538986161
1897.5598765218504 -18.19395887802715
1998.7196386572507 -18.182139068384487
2105.272272765707 -18.171487379648383
2217.505275253932 -18.16188856434003
2335.7214690901214 -18.153238173532312
2460.239820869775 -18.14544248842197
2591.3963014396572 -18.13841693587491
2729.5447924020073 -18.13208535850357
2875.0580409448803 -18.12637920892506
3028.3286655749457 -18.121236570713
3189.7702154663216 -18.116601801637803
3359.818286283781 -18.112424675205794
3538.9316954909877 -18.10865996779217
3727.593720314938 -18.105267004430075
3926.3134017068355 -18.102208993021847
4135.626917817706 -18.099452818215138
4356.099030694608 -18.096968752034158
4588.324610100844 -18.09472987697817
4832.930238571752 -18.092711978519326
5090.575902036681 -18.090893278849244
5361.956770568817 -18.089254048850268
5647.805074067552 -18.087776610847133
5948.892077934331 -18.08644498166919
6266.030164072656 -18.085244757115838
6600.075022827095 -18.084162993033452
6951.927961775606 -18.08318797101058
7322.538337604534 -18.082309172080148
7712.906117627992 -18.081517086774486
8124.0845778629655 -18.080803171681442
8557.183144940002 -18.08015968919365
9013.37038951743 -18.07957971381728
9493.87717927582 -18.07905696145605
10000.0 -18.078585795312552
10533.104453709382 -18.078161116349865
11094.628943275218 -18.07777834186854
11686.088553466498 -18.077433335635977
12309.079138896019 -18.077122371906235
12965.281629896688 -18.07684208899172
13656.466567946096 -18.07658946207489
14384.498882876629 -18.07636176092146
15151.342924760515 -18.076156526782444
15959.06776404731 -18.075971542254038
16809.852774253653 -18.07580480960409
17705.99351226898 -18.07565452833761
18649.907912142942 -18.075519074061468
19644.142809066267 -18.075396984454898
20691.3808111479 -18.07528694073109
21794.447537529835 -18.07518775485046
22956.319242369096 -18.07509835487634
24180.13084525718 -18.075017775816505
25469.184389745402 -18.07494514696502
26826.957952797275 -18.07487968387003
28257.115029208268 -18.074820679678602
29763.51441631313 -18.074767496913196
31350.220625651124 -18.074719561555092
33021.51484968176 -18.074676355585368
34781.90651314134 -18.074637412944707
36636.14544020716 -18.074602312083087
38589.23467029899 -18.074570674291746
40646.44395709628 -18.07454215822727
42813.32398719396 -18.07451645567759
45095.721356761445 -18.074493288870613
47499.79434661403 -18.074472407809683
50032.029538259994 -18.074453587053302
52699.259315756564 -18.07443662323792
55508.680300598106 -18.074421333101892
58467.87276937589 -18.07440755148673
61584.82110660255 -18.074395129621028
64867.935347885075 -18.07438393324409
68326.07387157406 -18.074373841633925
71968.56730011514 -18.074364745690286
75805.24367559262 -18.0743565471954
79846.45497739078 -18.074349157594643
84103.10505352604 -18.07434249704626
88586.67904100832 -18.0743364936315
93309.27435461663 -18.074331082564147
98283.63332770011 -18.074326205352463
103523.17759307378 -18.074321809343818
109042.04429677526 -18.0743178470815
114855.12424239368 -18.07431427573079
120978.10206889013 -18.07431105674267
127427.49857031321 -18.074308155335356
134220.7152716012 -18.074305540211142
141376.08138073614 -18.074303183090418
148912.90324394088 -18.074301058525656
156851.5164373548 -18.074299143598314
165213.34063573685 -18.07429741758584
174020.9374062485 -18.074295861863416
183298.07108324338 -18.074294459645852
193069.77288832495 -18.07429319577465
203362.40846866704 -18.074292056593407
214203.74903583832 -18.0742910298108
225623.04629706353 -18.07429010432597
237651.11138110727 -18.07428927015947
250320.39797173254 -18.074288518298616
263665.08987303555 -18.074287840615362
277721.1932429355 -18.07428722978971
292526.6337436642 -18.07428667923452
308121.35887140024 -18.074286182994225
324547.44574113254 -18.074285735718945
341849.21461759275 -18.074285332572003
360073.348498562 -18.074284969202008
379269.0190732246 -18.07428464168007
399488.019395417 -18.074284346474624
420784.9036297398 -18.074284080395056
443217.13424760854 -18.074283840566324
466845.2370703785 -18.07428362440018
491732.9645779016 -18.074283429561483
517947.46792312124 -18.07428325394705
545559.4781168514 -18.074283095657318
574643.4968715974 -18.07428295298758
605277.9976193343 -18.07428282439282
637545.6372456506 -18.074282708485903
671533.4791115135 -18.074282604013632
707333.2279644439 -18.074282509850054
745041.4773728917 -18.074282424976282
784759.9703514606 -18.074282348476867
826595.8738801812 -18.074282279524787
870662.0680585118 -18.074282217375966
917077.4506742931 -18.07428216135897
965967.2580093823 -18.074282110868488
1017463.4027476063 -18.074282065359814
1071704.8298967092 -18.074282024341013
1128837.8916846884 -18.074281987369062
1189016.74244199 -18.07428195404507
1252403.7545350718 -18.074281924008563
1319169.9564735717 -18.074281896936416
1389495.494373136 -18.074281872534456
1463570.1180190798 -18.07428185054027
1541593.6928422702 -18.0742818307166
1623776.739188721 -18.074281812848334
1710341.0003378377 -18.074281796742785
1801520.0408020238 -18.074281782226443
1897559.8765218505 -18.07428176914232
1998719.6386572486 -18.074281757349755
2105272.272765707 -18.074281746719905
2217505.2752539297 -18.074281737139074
2335721.4690901213 -18.074281728503585
2460239.8208697727 -18.07428172071981
2591396.3014396573 -18.074281713704224
2729544.792402007 -18.074281707380848
2875058.040944877 -18.074281701681507
3028328.6655749455 -18.074281696544297
3189770.215466318 -18.074281691913818
3359818.286283781 -18.074281687740474
3538931.6954909842 -18.07428168397856
3727593.720314938 -18.07428168058824
3926313.4017068394 -18.074281677531726
4135626.917817706 -18.074281674777115
4356099.030694608 -18.0742816722941
4588324.61010084 -18.07428167005673
4832930.238571752 -18.074281668039703
5090575.902036676 -18.07428166622194
5361956.770568817 -18.074281664582916
5647805.074067546 -18.074281663106113
5948892.077934331 -18.074281661775025
6266030.164072656 -18.074281660574897
6600075.022827089 -18.074281659493682
6951927.961775606 -18.074281658518267
7322538.337604526 -18.074281657639975
7712906.117627992 -18.07428165684766
8124084.5778629575 -18.074281656134175
8557183.144940002 -18.07428165549069
9013370.38951742 -18.074281654910884
9493877.17927582 -18.074281654387992
10000000.0 -18.074281653917225
10533104.45370936 -18.0742816534927
11094628.943275219 -18.074281653109825
11686088.553466497 -18.074281652764792
12309079.138896018 -18.074281652453585
12965281.629896663 -18.074281652173788
13656466.567946097 -18.074281651921392
14384498.882876629 -18.074281651693326
15151342.924760515 -18.074281651488043
15959067.76404731 -18.074281651302986
16809852.774253618 -18.074281651135642
17705993.51226898 -18.074281650986816
18649907.912142944 -18.074281650850047
19644142.809066266 -18.074281650729066
20691380.811147902 -18.074281650617927
21794447.537529834 -18.074281650519332
22956319.242369097 -18.07428165043086
24180130.84525718 -18.07428165034955
25469184.3897454 -18.07428165027688
26826957.95279722 -18.074281650211372
28257115.02920827 -18.074281650153107
29763514.41631313 -18.074281650099245
31350220.62565112 -18.074281650051034
33021514.849681754 -18.07428165000716
34781906.51314127 -18.07428164996855
36636145.44020716 -18.074281649934317
38589234.67029899 -18.074281649902172
40646443.95709628 -18.07428164987299
42813323.98719387 -18.074281649847368
45095721.35676145 -18.07428164982509
47499794.346614026 -18.074281649803027
50032029.53825999 -18.07428164978489
52699259.31575657 -18.074281649767723
55508680.300597996 -18.074281649752344
58467872.7693759 -18.074281649738236
61584821.10660254 -18.07428164972645
64867935.34788508 -18.07428164971528
68326073.87157391 -18.07428164970589
71968567.30011514 -18.074281649695315
75805243.67559262 -18.074281649688558
79846454.97739078 -18.074281649679712
84103105.05352604 -18.07428164967464
88586679.04100814 -18.07428164966845
93309274.35461664 -18.074281649663014
98283633.32770011 -18.074281649657017
103523177.59307377 -18.074281649652043
109042044.29677527 -18.074281649651162
114855124.24239345 -18.074281649646416
120978102.06889038 -18.074281649640028
127427498.57031322 -18.074281649638888
134220715.2716012 -18.074281649638557
141376081.38073614 -18.074281649633605
148912903.24394056 -18.07428164963278
156851516.43735445 -18.074281649630308
165213340.63573685 -18.07428164962551
174020937.40624848 -18.074281649630525
183298071.08324376 -18.074281649626943
193069772.88832456 -18.07428164961972
203362408.46866703 -18.074281649615596
214203749.0358383 -18.07428164962139
225623046.2970626 -18.074281649620435
237651111.38110778 -18.07428164961584
250320397.97173202 -18.07428164961882
263665089.87303555 -18.07428164961626
277721193.2429355 -18.074281649611482
292526633.74366355 -18.07428164962309
308121358.87140083 -18.074281649616097
324547445.74113256 -18.074281649603545
341849214.6175927 -18.074281649617387
360073348.49856204 -18.074281649603684
379269019.0732238 -18.074281649614278
399488019.39541787 -18.074281649627693
420784903.6297398 -18.074281649609816
443217134.24760854 -18.074281649632447
466845237.07037944 -18.074281649609222
491732964.5779006 -18.074281649619703
517947467.9231202 -18.07428164962414
545559478.1168514 -18.074281649607332
574643496.8715974 -18.07428164961501
605277997.6193355 -18.074281649628983
637545637.2456493 -18.07428164961078
671533479.1115135 -18.074281649604277
707333227.9644439 -18.074281649609503
745041477.3728887 -18.074281649600824
784759970.3514622 -18.07428164960019
826595873.8801795 -18.074281649625874
870662068.0585117 -18.074281649643922
917077450.674293 -18.07428164964192
965967258.0093802 -18.074281649671303
1017463402.7476043 -18.07428164975309
1071704829.8967092 -18.0742816496395
1128837891.6846883 -18.074281649577365
1189016742.44199 -18.074281649577156
1252403754.5350692 -18.074281649756315
1319169956.473569 -18.074281649412594
1389495494.373136 -18.074281649590027
1463570118.0190797 -18.07428164950329
1541593692.8422735 -18.074281649467036
1623776739.1887176 -18.07428165002443
1710341000.337838 -18.07428164970719
1801520040.802024 -18.074281649715736
1897559876.5218503 -18.07428165034977
1998719638.6572526 -18.07428164914142
2105272272.7657027 -18.074281649125762
2217505275.2539296 -18.07428165009916
2335721469.0901213 -18.074281650475488
2460239820.8697777 -18.07428165041592
2591396301.439652 -18.074281649863867
2729544792.402002 -18.074281649847112
2875058040.944877 -18.07428164874568
3028328665.5749454 -18.0742816500263
3189770215.466325 -18.074281652835158
3359818286.2837744 -18.074281648479406
3538931695.4909844 -18.07428165159528
3727593720.314938 -18.074281654378826
3926313401.7068396 -18.074281647358113
4135626917.8176975 -18.07428164886088
4356099030.694599 -18.074281647866773
4588324610.100841 -18.07428164394001
4832930238.571753 -18.074281655215493
5090575902.036687 -18.07428164781364
5361956770.568806 -18.07428164450033
5647805074.067546 -18.074281653565528
5948892077.934331 -18.07428164112018
6266030164.072656 -18.07428166019751
6600075022.827075 -18.07428164278232
6951927961.775591 -18.074281648085044
7322538337.6045265 -18.07428164938176
7712906117.627993 -18.074281670432434
8124084577.862974 -18.07428165727481
8557183144.939984 -18.074281639438873
9013370389.51742 -18.07428165052011
9493877179.27582 -18.074281668412038
10000000000.0 -18.074281605851283
