10.0 18.685722603205534
10.53310445370937 17.830176774659588
11.094628943275218 16.99740870567212
11.686088553466515 16.18988731013282
12.309079138896024 15.310393771709379
12.965281629896682 14.473962959843206
13.65646656794611 13.652797554688615
14.38449888287663 12.85405431836268
15.15134292476053 12.027153054387936
15.95906776404731 11.225420285548896
16.80985277425364 10.430659443890349
17.70599351226899 9.643360725257569
18.64990791214297 8.87013063549777
19.644142809066278 8.101208044888269
20.6913808111479 7.343096595763987
21.794447537529855 6.607319196549428
22.956319242369098 5.880499189259542
24.180130845257207 5.166534311573383
25.4691843897454 4.463670884466061
26.826957952797258 3.7786474231169893
28.257115029208283 3.106239697705806
29.76351441631318 2.4485606715061294
31.350220625651154 1.8120868582592922
33.02151484968176 1.186972515838506
34.7819065131413 0.5810619594387294
36.63614544020716 -0.00788027138219974
38.58923467029903 -0.5780303330614057
40.646443957096295 -1.1307335484024519
42.81332398719393 -1.6638329389077176
45.095721356761466 -2.1800943346663386
47.499794346614124 -2.6778010572399897
50.03202953826004 -3.1556699368216585
52.699259315756564 -3.6161591898375454
55.50868030059805 -4.057118861188133
58.467872769375894 -4.479360103976411
61.58482110660264 -4.88282745601407
64.86793534788511 -5.267928888457456
68.32607387157402 -5.63447423679024
71.96856730011521 -5.9827874619405215
75.8052436755926 -6.312917438102827
79.84645497739086 -6.625405218917843
84.10310505352605 -6.920421074158599
88.58667904100822 -7.198434244678551
93.30927435461668 -7.4599903421512455
98.28363332770026 -7.705284079451401
103.52317759307378 -7.934769266405946
109.04204429677526 -8.149334856180609
114.8551242423938 -8.349281318868728
120.97810206889012 -8.535212380930048
127.42749857031335 -8.707984030694249
134.2207152716012 -8.868004056544152
141.37608138073614 -9.01609549225083
148.91290324394086 -9.152709380556141
156.85151643735477 -9.278625156956794
165.213340635737 -9.394484297541382
174.0209374062485 -9.500962114998519
183.29807108324357 -9.598539689621976
193.06977288832496 -9.688032082114132
203.36240846866724 -9.769724937232217
214.2037490358383 -9.844494455612274
225.62304629706352 -9.912658262650467
237.65111138110728 -9.974878796340068
250.32039797173255 -10.031486856674638
263.6650898730358 -10.082988308327913
277.7211932429355 -10.129862052142933
292.5266337436645 -10.172419715433627
308.1213588714002 -10.211044128592665
324.54744574113323 -10.246099789375606
341.84921461759274 -10.277863815469724
360.073348498562 -10.306637274537291
379.26901907322497 -10.332717444906397
399.48801939541704 -10.3563376820002
420.78490362974026 -10.377696306906007
443.21713424760856 -10.39703071941824
466.84523707037897 -10.414501976334966
491.73296457790156 -10.430307538250027
517.9474679231213 -10.444580636763162
545.5594781168514 -10.457482209205363
574.6434968715973 -10.469140772380577
605.2779976193349 -10.479662539999762
637.5456372456507 -10.489175376290392
671.5334791115142 -10.497749627253786
707.3332279644438 -10.50549296502316
745.0414773728917 -10.512485651487886
784.7599703514607 -10.518793303263488
826.5958738801812 -10.52448840173182
870.6620680585127 -10.52962257436194
917.0774506742931 -10.534259270118614
965.9672580093833 -10.538436279108694
1017.4634027476063 -10.542210332019666
1071.7048298967104 -10.545610576911438
1128.8378916846884 -10.548680587554758
1189.01674244199 -10.551449650062306
1252.4037545350732 -10.553945676979195
1319.1699564735716 -10.556197083680907
1389.4954943731375 -10.558230853691317
1463.5701180190797 -10.560064249045656
1541.5936928422718 -10.561717697065431
1623.776739188721 -10.563210052141205
1710.3410003378397 -10.564558600966807
1801.520040802024 -10.565775857893689
1897.5598765218504 -10.566873056640905
1998.7196386572507 -10.567867006184903
2105.272272765707 -10.568764468435358
2217.505275253932 -10.569575885093009
2335.7214690901214 -10.570310782284732
2460.239820869775 -10.570975824532558
2591.3963014396572 -10.5715788013603
2729.5447924020073 -10.572127008258125
2875.0580409448803 -10.572625045620114
3028.3286655749457 -10.57307950745107
3189.7702154663216 -10.573494163950105
3359.818286283781 -10.573873992044883
3538.9316954909877 -10.574223049354545
3727.593720314938 -10.574545768278023
3926.3134017068355 -10.574844294919544
4135.626917817706 -10.575122452967987
4356.099030694608 -10.575383696194411
4588.324610100844 -10.575630081176952
4832.930238571752 -10.575864911836517
5090.575902036681 -10.576090146192747
5361.956770568817 -10.57630861578517
5647.805074067552 -10.576522490209666
5948.892077934331 -10.576733987127584
6266.030164072656 -10.576945354857601
6600.075022827095 -10.57715895720573
6951.927961775606 -10.577377015046965
7322.538337604534 -10.577601816142838
7712.906117627992 -10.57783556112774
8124.0845778629655 -10.578080944355214
8557.183144940002 -10.578340260010698
9013.37038951743 -10.578616307444753
9493.87717927582 -10.578911767175223
10000.0 -10.579229723768604
10533.104453709382 -10.579573287400525
11094.628943275218 -10.5799458275444
11686.088553466498 -10.58035098518584
12309.079138896019 -10.58079268716595
12965.281629896688 -10.581275000064103
13656.466567946096 -10.581802507302045
14384.498882876629 -10.582379979200613
15151.342924760515 -10.58301255461414
15959.06776404731 -10.583705769130564
16809.852774253653 -10.584465518732067
17705.99351226898 -10.585298086860245
18649.907912142942 -10.586210129885622
19644.142809066267 -10.587208702696518
20691.3808111479 -10.588301208826088
21794.447537529835 -10.589495358566936
22956.319242369096 -10.59079922122675
24180.13084525718 -10.592221033551434
25469.184389745402 -10.593769248332475
26826.957952797275 -10.595452347901357
28257.115029208268 -10.597278785194153
29763.51441631313 -10.599256815220588
31350.220625651124 -10.601394326449254
33021.51484968176 -10.603698691147356
34781.90651314134 -10.606176489841335
36636.14544020716 -10.60883334178202
38589.23467029899 -10.6116736077743
40646.44395709628 -10.614700160351218
42813.32398719396 -10.617914111391237
45095.721356761445 -10.62131456568654
47499.79434661403 -10.624898390232403
50032.029538259994 -10.628660016412937
52699.259315756564 -10.632591303097879
55508.680300598106 -10.636681438350763
58467.87276937589 -10.640916942159723
61584.82110660255 -10.645281738340442
64867.935347885075 -10.649757315494481
68326.07387157406 -10.6543229889696
71968.56730011514 -10.658956239334538
75805.24367559262 -10.663633132403286
79846.45497739078 -10.668328805814639
84103.10505352604 -10.673017984236337
88586.67904100832 -10.677675523915708
93309.27435461663 -10.682276946591575
98283.63332770011 -10.686798946686103
103523.17759307378 -10.69121983835508
109042.04429677526 -10.695519944264289
114855.12424239368 -10.699681895022824
120978.10206889013 -10.703690837987565
127427.49857031321 -10.70753455939873
134220.7152716012 -10.711203516445224
141376.08138073614 -10.71469078672515
148912.90324394088 -10.71799195394222
156851.5164373548 -10.72110493352634
165213.34063573685 -10.724029758238448
174020.9374062485 -10.72676833567867
183298.07108324338 -10.729324191334559
193069.77288832495 -10.731702205425155
203362.40846866704 -10.733908357749073
214203.74903583832 -10.735949484302708
225623.04629706353 -10.737833052281829
237651.11138110727 -10.739566957343724
250320.39797173254 -10.741159342939671
263665.08987303555 -10.742618446252683
277721.1932429355 -10.743952466110375
292526.6337436642 -10.745169454372721
308121.35887140024 -10.746277227795218
324547.44574113254 -10.747283298486842
341849.21461759275 -10.748194821367195
360073.348498562 -10.749018555191213
379269.0190732246 -10.749760836057972
399488.019395417 -10.75042756044054
420784.9036297398 -10.751024176607757
443217.13424760854 -10.751555681707055
466845.2370703785 -10.752026624498384
491732.9645779016 -10.752441110752011
517947.46792312124 -10.752802811135904
545559.4781168514 -10.753114970721075
574643.4968715974 -10.753380418599326
605277.9976193343 -10.753601577538781
637545.6372456506 -10.753780472711533
671533.4791115135 -10.753918739268208
707333.2279644439 -10.754017628183234
745041.4773728917 -10.754078009879569
784759.9703514606 -10.754100375810031
826595.8738801812 -10.754084837081471
870662.0680585118 -10.754031120346486
917077.4506742931 -10.753938560562421
965967.2580093823 -10.75380609021539
1017463.4027476063 -10.75363222498839
1071704.8298967092 -10.753415045543493
1128837.8916846884 -10.753152174998323
1189016.74244199 -10.752840751978308
1252403.7545350718 -10.752477398763904
1319169.9564735717 -10.752058184220175
1389495.494373136 -10.751578581060212
1463570.1180190798 -10.751033416963525
1541593.6928422702 -10.750416819042306
1623776.739188721 -10.74972215105518
1710341.0003378377 -10.748941942740348
1801520.0408020238 -10.748067810533215
1897559.8765218505 -10.747090368817865
1998719.6386572486 -10.74599913097499
2105272.272765707 -10.74478239909549
2217505.2752539297 -10.743427141417303
2335721.4690901213 -10.741918856237032
2460239.8208697727 -10.740241421078498
2591396.3014396573 -10.73837692573083
2729544.792402007 -10.736305487623241
2875058.040944877 -10.734005047931479
3028328.6655749455 -10.731451146674225
3189770.215466318 -10.728616674921856
3359818.286283781 -10.72547160211215
3538931.6954909842 -10.72198267638106
3727593.720314938 -10.718113095681634
3926313.4017068394 -10.713822147361494
4135626.917817706 -10.709064813842845
4356099.030694608 -10.703791341967383
4588324.61010084 -10.697946773602421
4832930.238571752 -10.691470435117981
5090575.902036676 -10.684295383536169
5361956.770568817 -10.676347807306325
5647805.074067546 -10.667546380033151
5948892.077934331 -10.657801565923922
6266030.164072656 -10.647014876360261
6600075.022827089 -10.635078077850205
6951927.961775606 -10.621872352663422
7322538.337604526 -10.607267414809925
7712906.117627992 -10.591120585739336
8124084.5778629575 -10.573275836132478
8557183.144940002 -10.553562802660624
9013370.38951742 -10.531795791546104
9493877.17927582 -10.50777278405062
10000000.0 -10.48127446309386
10533104.45370936 -10.452063284537578
11094628.943275219 -10.419882621508007
11686088.553466497 -10.384456015588322
12309079.138896018 -10.345486573994814
12965281.629896663 -10.302656557641772
13656466.567946097 -10.255627210236087
14384498.882876629 -10.204038883326124
15151342.924760515 -10.147511515906206
15959067.76404731 -10.085645529225399
16809852.774253618 -10.018023197208844
17705993.51226898 -9.94421054971151
18649907.912142944 -9.863759858875682
19644142.809066266 -9.776212747664744
20691380.811147902 -9.681103943645462
21794447.537529834 -9.577965679879327
22956319.242369097 -9.466332718845408
24180130.84525718 -9.345747944911833
25469184.3897454 -9.215768437375115
26826957.95279722 -9.075971901204273
28257115.02920827 -8.925963298681449
29763514.41631313 -8.765381494831443
31350220.62565112 -8.5939057060275
33021514.849681754 -8.411261527044617
34781906.51314127 -8.217226309858896
36636145.44020716 -8.011633679037537
38589234.67029899 -7.794376994277684
40646443.95709628 -7.565411609474369
42813323.98719387 -7.324755827766298
45095721.35676145 -7.072490509376081
47499794.346614026 -6.808757350048406
50032029.53825999 -6.533755907269545
52699259.31575657 -6.2477395050556765
55508680.300597996 -5.951010192023989
58467872.7693759 -5.6439129588132015
61584821.10660254 -5.326829438406521
64867935.34788508 -5.000171316533636
68326073.87157391 -4.664373669958174
71968567.30011514 -4.319888430602671
75805243.67559262 -3.9671781456617423
79846454.97739078 -3.606710171029514
84103105.05352604 -3.238951400615698
88586679.04100814 -2.864363599772375
93309274.35461664 -2.4833993791624924
98283633.32770011 -2.0964988175533215
103523177.59307377 -1.7040867186697717
109042044.29677527 -1.3065704691886924
114855124.24239345 -0.9043384517157121
120978102.06889038 -0.49775895795058633
127427498.57031322 -0.08717954255950283
134220715.2716012 0.32707324312554514
141376081.38073614 0.7446937971564962
148912903.24394056 1.1653971496395308
156851516.43735445 1.5889184339688516
165213340.63573685 2.015012194001003
174020937.40624848 2.4434515686243046
183298071.08324376 2.8740273897330084
193069772.88832456 3.3065472242603304
203362408.46866703 3.740834385764314
214203749.0358383 4.176726936521988
225623046.2970626 4.614076696909669
237651111.38110778 5.0527482752122745
250320397.97173202 5.492618127884519
263665089.87303555 5.9335736577620555
277721193.2429355 6.375512355128804
292526633.74366355 6.8183409853012735
308121358.87140083 7.261974824306096
324547445.74113256 7.706336943261519
341849214.6175927 8.151357541667895
360073348.49856204 8.59697332789448
379269019.0732238 9.043126946023373
399488019.39541787 9.489766446569766
420784903.6297398 9.936844799454112
443217134.24760854 10.384319446525021
466845237.07037944 10.832151891174131
491732964.5779006 11.280307323110172
517947467.9231202 11.728754275350408
545559478.1168514 12.177464311068707
574643496.8715974 12.626411738509871
605277997.6193355 13.075573351509956
637545637.2456493 13.524928193141182
671533479.1115135 13.974457341628428
707333227.9644439 14.42414371523898
745041477.3728887 14.873971896103031
784759970.3514622 15.32392796984291
826595873.8801795 15.773999380579749
870662068.0585117 16.2241747993951
917077450.674293 16.67444400597406
965967258.0093802 17.124797780302035
1017463402.7476043 17.575227805937516
1071704829.8967092 18.025726582189844
1128837891.6846883 18.476287343312872
1189016742.44199 18.926903988869523
1252403754.5350692 19.377571016763454
1319169956.473569 19.82828346565593
1389495494.373136 20.27903686224495
1463570118.0190797 20.729827172931795
1541593692.8422735 21.18065076087543
1623776739.1887176 21.631504346815383
1710341000.337838 22.08238497462583
1801520040.802024 22.53328997903008
1897559876.5218503 22.984216957345645
1998719638.6572526 23.435163742470895
2105272272.7657027 23.886128384065803
2217505275.2539296 24.337109119116963
2335721469.0901213 24.788104361470896
2460239820.8697777 25.2391126812619
2591396301.439652 25.690132788328363
2729544792.402002 26.141163520367247
2875058040.944877 26.592203830091886
3028328665.5749454 27.0432527711162
3189770215.466325 27.49430949359177
3359818286.2837744 27.945373230442783
3538931695.4909844 28.396443288555556
3727593720.314938 28.847519045178885
3926313401.7068396 29.29859993742828
4135626917.8176975 29.749685461158954
4356099030.694599 30.200775153677792
4588324610.100841 30.651868611534532
4832930238.571753 31.102965456413486
5090575902.036687 31.55406535853927
5361956770.568806 32.00516801566371
5647805074.067546 32.456273153360506
5948892077.934331 32.907380531330354
6266030164.072656 33.358489926222305
6600075022.827075 33.809601137821176
6951927961.775591 34.26071398471115
7322538337.6045265 34.711828305935434
7712906117.627993 35.16294397134371
8124084577.862974 35.61406082630051
8557183144.939984 36.06517876832486
9013370389.51742 36.5162976872498
9493877179.27582 36.96741747695502
10000000000.0 37.41853805990684
10.0 18.685722603205534
10.53310445370937 17.830176774659588
11.094628943275218 16.99740870567212
11.686088553466515 16.18988731013282
12.309079138896024 15.310393771709379
12.965281629896682 14.473962959843206
13.65646656794611 13.652797554688615
14.38449888287663 12.85405431836268
15.15134292476053 12.027153054387936
15.95906776404731 11.225420285548896
16.80985277425364 10.430659443890349
17.70599351226899 9.643360725257569
18.64990791214297 8.87013063549777
19.644142809066278 8.101208044888269
20.6913808111479 7.343096595763987
21.794447537529855 6.607319196549428
22.956319242369098 5.880499189259542
24.180130845257207 5.166534311573383
25.4691843897454 4.463670884466061
26.826957952797258 3.7786474231169893
28.257115029208283 3.106239697705806
29.76351441631318 2.4485606715061294
31.350220625651154 1.8120868582592922
33.02151484968176 1.186972515838506
34.7819065131413 0.5810619594387294
36.63614544020716 -0.00788027138219974
38.58923467029903 -0.5780303330614057
40.646443957096295 -1.1307335484024519
42.81332398719393 -1.6638329389077176
45.095721356761466 -2.1800943346663386
47.499794346614124 -2.6778010572399897
50.03202953826004 -3.1556699368216585
52.699259315756564 -3.6161591898375454
55.50868030059805 -4.057118861188133
58.467872769375894 -4.479360103976411
61.58482110660264 -4.88282745601407
64.86793534788511 -5.267928888457456
68.32607387157402 -5.63447423679024
71.96856730011521 -5.9827874619405215
75.8052436755926 -6.312917438102827
79.84645497739086 -6.625405218917843
84.10310505352605 -6.920421074158599
88.58667904100822 -7.198434244678551
93.30927435461668 -7.4599903421512455
98.28363332770026 -7.705284079451401
103.52317759307378 -7.934769266405946
109.04204429677526 -8.149334856180609
114.8551242423938 -8.349281318868728
120.97810206889012 -8.535212380930048
127.42749857031335 -8.707984030694249
134.2207152716012 -8.868004056544152
141.37608138073614 -9.01609549225083
148.91290324394086 -9.152709380556141
156.85151643735477 -9.278625156956794
165.213340635737 -9.394484297541382
174.0209374062485 -9.500962114998519
183.29807108324357 -9.598539689621976
193.06977288832496 -9.688032082114132
203.36240846866724 -9.769724937232217
214.2037490358383 -9.844494455612274
225.62304629706352 -9.912658262650467
237.65111138110728 -9.974878796340068
250.32039797173255 -10.031486856674638
263.6650898730358 -10.082988308327913
277.7211932429355 -10.129862052142933
292.5266337436645 -10.172419715433627
308.1213588714002 -10.211044128592665
324.54744574113323 -10.246099789375606
341.84921461759274 -10.277863815469724
360.073348498562 -10.306637274537291
379.26901907322497 -10.332717444906397
399.48801939541704 -10.3563376820002
420.78490362974026 -10.377696306906007
443.21713424760856 -10.39703071941824
466.84523707037897 -10.414501976334966
491.73296457790156 -10.430307538250027
517.9474679231213 -10.444580636763162
545.5594781168514 -10.457482209205363
574.6434968715973 -10.469140772380577
605.2779976193349 -10.479662539999762
637.5456372456507 -10.489175376290392
671.5334791115142 -10.497749627253786
707.3332279644438 -10.50549296502316
745.0414773728917 -10.512485651487886
784.7599703514607 -10.518793303263488
826.5958738801812 -10.52448840173182
870.6620680585127 -10.52962257436194
917.0774506742931 -10.534259270118614
965.9672580093833 -10.538436279108694
1017.4634027476063 -10.542210332019666
1071.7048298967104 -10.545610576911438
1128.8378916846884 -10.548680587554758
1189.01674244199 -10.551449650062306
1252.4037545350732 -10.553945676979195
1319.1699564735716 -10.556197083680907
1389.4954943731375 -10.558230853691317
1463.5701180190797 -10.560064249045656
1541.5936928422718 -10.561717697065431
1623.776739188721 -10.563210052141205
1710.3410003378397 -10.564558600966807
1801.520040802024 -10.565775857893689
1897.5598765218504 -10.566873056640905
1998.7196386572507 -10.567867006184903
2105.272272765707 -10.568764468435358
2217.505275253932 -10.569575885093009
2335.7214690901214 -10.570310782284732
2460.239820869775 -10.570975824532558
2591.3963014396572 -10.5715788013603
2729.5447924020073 -10.572127008258125
2875.0580409448803 -10.572625045620114
3028.3286655749457 -10.57307950745107
3189.7702154663216 -10.573494163950105
3359.818286283781 -10.573873992044883
3538.9316954909877 -10.574223049354545
3727.593720314938 -10.574545768278023
3926.3134017068355 -10.574844294919544
4135.626917817706 -10.575122452967987
4356.099030694608 -10.575383696194411
4588.324610100844 -10.575630081176952
4832.930238571752 -10.575864911836517
5090.575902036681 -10.576090146192747
5361.956770568817 -10.57630861578517
5647.805074067552 -10.576522490209666
5948.892077934331 -10.576733987127584
6266.030164072656 -10.576945354857601
6600.075022827095 -10.57715895720573
6951.927961775606 -10.577377015046965
7322.538337604534 -10.577601816142838
7712.906117627992 -10.57783556112774
8124.0845778629655 -10.578080944355214
8557.183144940002 -10.578340260010698
9013.37038951743 -10.578616307444753
9493.87717927582 -10.578911767175223
10000.0 -10.579229723768604
10533.104453709382 -10.579573287400525
11094.628943275218 -10.5799458275444
11686.088553466498 -10.58035098518584
12309.079138896019 -10.58079268716595
12965.281629896688 -10.581275000064103
13656.466567946096 -10.581802507302045
14384.498882876629 -10.582379979200613
15151.342924760515 -10.58301255461414
15959.06776404731 -10.583705769130564
16809.852774253653 -10.584465518732067
17705.99351226898 -10.585298086860245
18649.907912142942 -10.586210129885622
19644.142809066267 -10.587208702696518
20691.3808111479 -10.588301208826088
21794.447537529835 -10.589495358566936
22956.319242369096 -10.59079922122675
24180.13084525718 -10.592221033551434
25469.184389745402 -10.593769248332475
26826.957952797275 -10.595452347901357
28257.115029208268 -10.597278785194153
29763.51441631313 -10.599256815220588
31350.220625651124 -10.601394326449254
33021.51484968176 -10.603698691147356
34781.90651314134 -10.606176489841335
36636.14544020716 -10.60883334178202
38589.23467029899 -10.6116736077743
40646.44395709628 -10.614700160351218
42813.32398719396 -10.617914111391237
45095.721356761445 -10.62131456568654
47499.79434661403 -10.624898390232403
50032.029538259994 -10.628660016412937
52699.259315756564 -10.632591303097879
55508.680300598106 -10.636681438350763
58467.87276937589 -10.640916942159723
61584.82110660255 -10.645281738340442
64867.935347885075 -10.649757315494481
68326.07387157406 -10.6543229889696
71968.56730011514 -10.658956239334538
75805.24367559262 -10.663633132403286
79846.45497739078 -10.668328805814639
84103.10505352604 -10.673017984236337
88586.67904100832 -10.677675523915708
93309.27435461663 -10.682276946591575
98283.63332770011 -10.686798946686103
103523.17759307378 -10.69121983835508
109042.04429677526 -10.695519944264289
114855.12424239368 -10.699681895022824
120978.10206889013 -10.703690837987565
127427.49857031321 -10.70753455939873
134220.7152716012 -10.711203516445224
141376.08138073614 -10.71469078672515
148912.90324394088 -10.71799195394222
156851.5164373548 -10.72110493352634
165213.34063573685 -10.724029758238448
174020.9374062485 -10.72676833567867
183298.07108324338 -10.729324191334559
193069.77288832495 -10.731702205425155
203362.40846866704 -10.733908357749073
214203.74903583832 -10.735949484302708
225623.04629706353 -10.737833052281829
237651.11138110727 -10.739566957343724
250320.39797173254 -10.741159342939671
263665.08987303555 -10.742618446252683
277721.1932429355 -10.743952466110375
292526.6337436642 -10.745169454372721
308121.35887140024 -10.746277227795218
324547.44574113254 -10.747283298486842
341849.21461759275 -10.748194821367195
360073.348498562 -10.749018555191213
379269.0190732246 -10.749760836057972
399488.019395417 -10.75042756044054
420784.9036297398 -10.751024176607757
443217.13424760854 -10.751555681707055
466845.2370703785 -10.752026624498384
491732.9645779016 -10.752441110752011
517947.46792312124 -10.752802811135904
545559.4781168514 -10.753114970721075
574643.4968715974 -10.753380418599326
605277.9976193343 -10.753601577538781
637545.6372456506 -10.753780472711533
671533.4791115135 -10.753918739268208
707333.2279644439 -10.754017628183234
745041.4773728917 -10.754078009879569
784759.9703514606 -10.754100375810031
826595.8738801812 -10.754084837081471
870662.0680585118 -10.754031120346486
917077.4506742931 -10.753938560562421
965967.2580093823 -10.75380609021539
1017463.4027476063 -10.75363222498839
1071704.8298967092 -10.753415045543493
1128837.8916846884 -10.753152174998323
1189016.74244199 -10.752840751978308
1252403.7545350718 -10.752477398763904
1319169.9564735717 -10.752058184220175
1389495.494373136 -10.751578581060212
1463570.1180190798 -10.751033416963525
1541593.6928422702 -10.750416819042306
1623776.739188721 -10.74972215105518
1710341.0003378377 -10.748941942740348
1801520.0408020238 -10.748067810533215
1897559.8765218505 -10.747090368817865
1998719.6386572486 -10.74599913097499
2105272.272765707 -10.74478239909549
2217505.2752539297 -10.743427141417303
2335721.4690901213 -10.741918856237032
2460239.8208697727 -10.740241421078498
2591396.3014396573 -10.73837692573083
2729544.792402007 -10.736305487623241
2875058.040944877 -10.734005047931479
3028328.6655749455 -10.731451146674225
3189770.215466318 -10.728616674921856
3359818.286283781 -10.72547160211215
3538931.6954909842 -10.72198267638106
3727593.720314938 -10.718113095681634
3926313.4017068394 -10.713822147361494
4135626.917817706 -10.709064813842845
4356099.030694608 -10.703791341967383
4588324.61010084 -10.697946773602421
4832930.238571752 -10.691470435117981
5090575.902036676 -10.684295383536169
5361956.770568817 -10.676347807306325
5647805.074067546 -10.667546380033151
5948892.077934331 -10.657801565923922
6266030.164072656 -10.647014876360261
6600075.022827089 -10.635078077850205
6951927.961775606 -10.621872352663422
7322538.337604526 -10.607267414809925
7712906.117627992 -10.591120585739336
8124084.5778629575 -10.573275836132478
8557183.144940002 -10.553562802660624
9013370.38951742 -10.531795791546104
9493877.17927582 -10.50777278405062
10000000.0 -10.48127446309386
10533104.45370936 -10.452063284537578
11094628.943275219 -10.419882621508007
11686088.553466497 -10.384456015588322
12309079.138896018 -10.345486573994814
12965281.629896663 -10.302656557641772
13656466.567946097 -10.255627210236087
14384498.882876629 -10.204038883326124
15151342.924760515 -10.147511515906206
15959067.76404731 -10.085645529225399
16809852.774253618 -10.018023197208844
17705993.51226898 -9.94421054971151
18649907.912142944 -9.863759858875682
19644142.809066266 -9.776212747664744
20691380.811147902 -9.681103943645462
21794447.537529834 -9.577965679879327
22956319.242369097 -9.466332718845408
24180130.84525718 -9.345747944911833
25469184.3897454 -9.215768437375115
26826957.95279722 -9.075971901204273
28257115.02920827 -8.925963298681449
29763514.41631313 -8.765381494831443
31350220.62565112 -8.5939057060275
33021514.849681754 -8.411261527044617
34781906.51314127 -8.217226309858896
36636145.44020716 -8.011633679037537
38589234.67029899 -7.794376994277684
40646443.95709628 -7.565411609474369
42813323.98719387 -7.324755827766298
45095721.35676145 -7.072490509376081
47499794.346614026 -6.808757350048406
50032029.53825999 -6.533755907269545
52699259.31575657 -6.2477395050556765
55508680.300597996 -5.951010192023989
58467872.7693759 -5.6439129588132015
61584821.10660254 -5.326829438406521
64867935.34788508 -5.000171316533636
68326073.87157391 -4.664373669958174
71968567.30011514 -4.319888430602671
75805243.67559262 -3.9671781456617423
79846454.97739078 -3.606710171029514
84103105.05352604 -3.238951400615698
88586679.04100814 -2.864363599772375
93309274.35461664 -2.4833993791624924
98283633.32770011 -2.0964988175533215
103523177.59307377 -1.7040867186697717
109042044.29677527 -1.3065704691886924
114855124.24239345 -0.9043384517157121
120978102.06889038 -0.49775895795058633
127427498.57031322 -0.08717954255950283
134220715.2716012 0.32707324312554514
141376081.38073614 0.7446937971564962
148912903.24394056 1.1653971496395308
156851516.43735445 1.5889184339688516
165213340.63573685 2.015012194001003
174020937.40624848 2.4434515686243046
183298071.08324376 2.8740273897330084
193069772.88832456 3.3065472242603304
203362408.46866703 3.740834385764314
214203749.0358383 4.176726936521988
225623046.2970626 4.614076696909669
237651111.38110778 5.0527482752122745
250320397.97173202 5.492618127884519
263665089.87303555 5.9335736577620555
277721193.2429355 6.375512355128804
292526633.74366355 6.8183409853012735
308121358.87140083 7.261974824306096
324547445.74113256 7.706336943261519
341849214.6175927 8.151357541667895
360073348.49856204 8.59697332789448
379269019.0732238 9.043126946023373
399488019.39541787 9.489766446569766
420784903.6297398 9.936844799454112
443217134.24760854 10.384319446525021
466845237.07037944 10.832151891174131
491732964.5779006 11.280307323110172
517947467.9231202 11.728754275350408
545559478.1168514 12.177464311068707
574643496.8715974 12.626411738509871
605277997.6193355 13.075573351509956
637545637.2456493 13.524928193141182
671533479.1115135 13.974457341628428
707333227.9644439 14.42414371523898
745041477.3728887 14.873971896103031
784759970.3514622 15.32392796984291
826595873.8801795 15.773999380579749
870662068.0585117 16.2241747993951
917077450.674293 16.67444400597406
965967258.0093802 17.124797780302035
1017463402.7476043 17.575227805937516
1071704829.8967092 18.025726582189844
1128837891.6846883 18.476287343312872
1189016742.44199 18.926903988869523
1252403754.5350692 19.377571016763454
1319169956.473569 19.82828346565593
1389495494.373136 20.27903686224495
1463570118.0190797 20.729827172931795
1541593692.8422735 21.18065076087543
1623776739.1887176 21.631504346815383
1710341000.337838 22.08238497462583
1801520040.802024 22.53328997903008
1897559876.5218503 22.984216957345645
1998719638.6572526 23.435163742470895
2105272272.7657027 23.886128384065803
2217505275.2539296 24.337109119116963
2335721469.0901213 24.788104361470896
2460239820.8697777 25.2391126812619
2591396301.439652 25.690132788328363
2729544792.402002 26.141163520367247
2875058040.944877 26.592203830091886
3028328665.5749454 27.0432527711162
3189770215.466325 27.49430949359177
3359818286.2837744 27.945373230442783
3538931695.4909844 28.396443288555556
3727593720.314938 28.847519045178885
3926313401.7068396 29.29859993742828
4135626917.8176975 29.749685461158954
4356099030.694599 30.200775153677792
4588324610.100841 30.651868611534532
4832930238.571753 31.102965456413486
5090575902.036687 31.55406535853927
5361956770.568806 32.00516801566371
5647805074.067546 32.456273153360506
5948892077.934331 32.907380531330354
6266030164.072656 33.358489926222305
6600075022.827075 33.809601137821176
6951927961.775591 34.26071398471115
7322538337.6045265 34.711828305935434
7712906117.627993 35.16294397134371
8124084577.862974 35.61406082630051
8557183144.939984 36.06517876832486
9013370389.51742 36.5162976872498
9493877179.27582 36.96741747695502
10000000000.0 37.41853805990684
