10.0 -21.583489925066644
10.53310445370937 -21.58347515095558
11.094628943275218 -21.583458760309608
11.686088553466515 -21.583440576327504
12.309079138896024 -21.583420402905023
12.965281629896682 -21.583398022500305
13.65646656794611 -21.58337319382944
14.38449888287663 -21.583345649247722
15.15134292476053 -21.58331509191372
15.95906776404731 -21.583281192583023
16.80985277425364 -21.58324358609699
17.70599351226899 -21.583201867491454
18.64990791214297 -21.583155587649742
19.644142809066278 -21.58310424852592
20.6913808111479 -21.583047297848243
21.794447537529855 -21.58298412327251
22.956319242369098 -21.582914045799125
24.180130845257207 -21.582836312691676
25.4691843897454 -21.582750089458465
26.826957952797258 -21.582654451043144
28.257115029208283 -21.582548372221165
29.76351441631318 -21.582430716628163
31.350220625651154 -21.582300225114565
33.02151484968176 -21.582155502535826
34.7819065131413 -21.58199500326548
36.63614544020716 -21.581817015348772
38.58923467029903 -21.58161964281874
40.646443957096295 -21.581400786439758
42.81332398719393 -21.581158122360463
45.095721356761466 -21.580889078712055
47.499794346614124 -21.580590810003205
50.03202953826004 -21.58026016881649
52.699259315756564 -21.57989367502963
55.50868030059805 -21.579487482161404
58.467872769375894 -21.579037340340825
61.58482110660264 -21.57853855635755
64.86793534788511 -21.57798595002939
68.32607387157402 -21.577373806851426
71.96856730011521 -21.576695826897208
75.8052436755926 -21.575945069812143
79.84645497739086 -21.575113895524936
84.10310505352605 -21.574193901128645
88.58667904100822 -21.57317585361236
93.30927435461668 -21.572049618799657
98.28363332770026 -21.570804086632354
103.52317759307378 -21.56942709363478
109.04204429677526 -21.567905342722675
114.8551242423938 -21.566224321758657
120.97810206889012 -21.564368221950446
127.42749857031335 -21.562319857604066
134.2207152716012 -21.560060589624413
141.37608138073614 -21.557570255006514
148.91290324394086 -21.554827105973175
156.85151643735477 -21.55180776201167
165.213340635737 -21.54848718006024
174.0209374062485 -21.5448386477511
183.29807108324357 -21.540833806347102
193.06977288832496 -21.536442710190485
203.36240846866724 -21.53163393065811
214.2037490358383 -21.526374713325886
225.62304629706352 -21.520631197319
237.65111138110728 -21.514368706491716
250.32039797173255 -21.507552121053024
263.6650898730358 -21.500146338732364
277.7211932429355 -21.492116831900454
292.5266337436645 -21.48343030530799
308.1213588714002 -21.47405545569952
324.54744574113323 -21.463963829808726
341.84921461759274 -21.453130771465005
360.073348498562 -21.44153644205521
379.26901907322497 -21.429166890072917
399.48801939541704 -21.416015137892654
420.78490362974026 -21.402082245001125
443.21713424760856 -21.387378299178085
466.84523707037897 -21.371923281264266
491.73296457790156 -21.355747745724894
517.9474679231213 -21.33889325853002
545.5594781168514 -21.321412539416208
574.6434968715973 -21.303369264287962
605.2779976193349 -21.28483749743893
637.5456372456507 -21.265900743242216
671.5334791115142 -21.246650627529093
707.3332279644438 -21.227185243518434
745.0414773728917 -21.207607219704407
784.7599703514607 -21.1880215869064
826.5958738801812 -21.168533537484958
870.6620680585127 -21.149246176934362
917.0774506742931 -21.130258369586915
965.9672580093833 -21.111662772674606
1017.4634027476063 -21.093544138068467
1071.7048298967104 -21.075977943128407
1128.8378916846884 -21.059029387900754
1189.01674244199 -21.04275277303738
1252.4037545350732 -21.027191250458074
1319.1699564735716 -21.012376919148043
1389.4954943731375 -20.998331223825318
1463.5701180190797 -20.985065604054224
1541.5936928422718 -20.97258233592931
1623.776739188721 -20.960875508544543
1710.3410003378397 -20.949932079727116
1801.520040802024 -20.939732961859857
1897.5598765218504 -20.93025409594503
1998.7196386572507 -20.921467480266998
2105.272272765707 -20.9133421289038
2217.505275253932 -20.905844942839945
2335.7214690901214 -20.89894148341549
2460.239820869775 -20.89259664439325
2591.3963014396572 -20.88677522263314
2729.5447924020073 -20.881442392091884
2875.0580409448803 -20.876564087058696
3028.3286655749457 -20.87210730360996
3189.7702154663216 -20.868040327842415
3359.818286283781 -20.864332900436715
3538.9316954909877 -20.860956326748443
3727.593720314938 -20.857883540967848
3926.3134017068355 -20.85508913257646
4135.626917817706 -20.852549342088516
4356.099030694608 -20.850242032611842
4588.324610100844 -20.84814664248123
4832.930238571752 -20.846244124226068
5090.575902036681 -20.844516872923474
5361.956770568817 -20.842948648228226
5647.805074067552 -20.84152449185343
5948.892077934331 -20.840230643233625
6266.030164072656 -20.839054454739422
6600.075022827095 -20.83798430785273
6951.927961775606 -20.837009531082934
7322.538337604534 -20.83612032065362
7712.906117627992 -20.835307663980913
8124.0845778629655 -20.834563266558483
8557.183144940002 -20.83387948232908
9013.37038951743 -20.833249247221197
9493.87717927582 -20.832666016349823
10000.0 -20.832123704098862
10533.104453709382 -20.831616627476045
11094.628943275218 -20.831139452008145
11686.088553466498 -20.830687140031692
12309.079138896019 -20.830254901261874
12965.281629896688 -20.829838145118018
13656.466567946096 -20.829432434283408
14384.498882876629 -20.829033439652047
15151.342924760515 -20.828636895712055
15959.06776404731 -20.828238556379013
16809.852774253653 -20.82783415074355
17705.99351226898 -20.82741933814877
18649.907912142942 -20.826989662670485
19644.142809066267 -20.826540505814542
20691.3808111479 -20.826067037737573
21794.447537529835 -20.825564165877076
22956.319242369096 -20.825026481012262
24180.13084525718 -20.824448199528707
25469.184389745402 -20.82382310224976
26826.957952797275 -20.82314446818557
28257.115029208268 -20.822405003354408
29763.51441631313 -20.82159676347601
31350.220625651124 -20.82071107001161
33021.51484968176 -20.819738418568253
34781.90651314134 -20.818668378953955
36636.14544020716 -20.81748948568017
38589.23467029899 -20.816189117975306
40646.44395709628 -20.814753368413218
42813.32398719396 -20.813166898482205
45095.721356761445 -20.811412780115106
47499.79434661403 -20.80947232166396
50032.029538259994 -20.807324876916923
52699.259315756564 -20.80494763534345
55508.680300598106 -20.802315392028277
58467.87276937589 -20.79940029544474
61584.82110660255 -20.796171571250998
64867.935347885075 -20.79259521987483
68326.07387157406 -20.788633686341296
71968.56730011514 -20.78424549968291
75805.24367559262 -20.779384880518602
79846.45497739078 -20.77400131428778
84103.10505352604 -20.768039088609022
88586.67904100832 -20.76143679293724
93309.27435461663 -20.754126779053838
98283.63332770011 -20.746034581649294
103523.17759307378 -20.7370782984776
109042.04429677526 -20.727167930300237
114855.12424239368 -20.716204682371462
120978.10206889013 -20.704080229789312
127427.49857031321 -20.69067595096802
134220.7152716012 -20.67586213570133
141376.08138073614 -20.65949717598389
148912.90324394088 -20.641426751630604
156851.5164373548 -20.621483025226702
165213.34063573685 -20.599483866014886
174020.9374062485 -20.575232126119776
183298.07108324338 -20.548514998742746
193069.77288832495 -20.51910349379485
203362.40846866704 -20.48675207308271
214203.74903583832 -20.451198494700687
225623.04629706353 -20.412163923984817
237651.11138110727 -20.36935337551279
250320.39797173254 -20.32245655913134
263665.08987303555 -20.271149207963166
277721.1932429355 -20.215094972452935
292526.6337436642 -20.153947965685614
308121.35887140024 -20.08735604446082
324547.44574113254 -20.01496490431656
341849.21461759275 -19.93642305360058
360073.348498562 -19.851387712986124
379269.0190732246 -19.75953165750426
399488.019395417 -19.660550980600217
420784.9036297398 -19.554173712679606
443217.13424760854 -19.440169168839464
466845.2370703785 -19.318357837399816
491732.9645779016 -19.188621550124697
517947.46792312124 -19.050913606260174
545559.4781168514 -18.90526845591234
574643.4968715974 -18.751810494344184
605277.9976193343 -18.590761482825368
637545.6372456506 -18.42244609996819
671533.4791115135 -18.247295148986588
707333.2279644439 -18.065846001789183
745041.4773728917 -17.87873995480129
784759.9703514606 -17.686716299631456
826595.8738801812 -17.490603069517768
870662.0680585118 -17.291304598898062
917077.4506742931 -17.089786217094435
965967.2580093823 -16.887056570844248
1017463.4027476063 -16.684148221689785
1071704.8298967092 -16.482097276116264
1128837.8916846884 -16.281922871781966
1189016.74244199 -16.084607351749852
1252403.7545350718 -15.891077913584358
1319169.9564735717 -15.702190422297281
1389495.494373136 -15.518715937847379
1463570.1180190798 -15.341330339349037
1541593.6928422702 -15.170607246874887
1623776.739188721 -15.00701426086186
1710341.0003378377 -14.850912373670484
1801520.0408020238 -14.702558268768719
1897559.8765218505 -14.562109116424903
1998719.6386572486 -14.429629406432749
2105272.272765707 -14.305099325410955
2217505.2752539297 -14.188424186901257
2335721.4690901213 -14.079444451279851
2460239.8208697727 -13.977945920622224
2591396.3014396573 -13.883669757032651
2729544.792402007 -13.796322041420595
2875058.040944877 -13.715582660270382
3028328.6655749455 -13.641113374433623
3189770.215466318 -13.572564983217557
3359818.286283781 -13.509583548098863
3538931.6954909842 -13.451815681754809
3727593.720314938 -13.398912939203107
3926313.4017068394 -13.350535370795505
4135626.917817706 -13.30635431187889
4356099.030694608 -13.26605449122767
4588324.61010084 -13.229335544693399
4832930.238571752 -13.195913017963202
5090575.902036676 -13.165518939381066
5361956.770568817 -13.13790203723286
5647805.074067546 -13.112827669321765
5948892.077934331 -13.090077524243739
6266030.164072656 -13.069449147070781
6600075.022827089 -13.050755333866285
6951927.961775606 -13.033823432649514
7322538.337604526 -13.018494582659052
7712906.117627992 -13.004622917143546
8124084.5778629575 -12.992074750504823
8557183.144940002 -12.980727766242321
9013370.38951742 -12.970470218424046
9493877.17927582 -12.961200155754044
10000000.0 -12.952824676096741
10533104.45370936 -12.9452592153757
11094628.943275219 -12.938426874733334
11686088.553466497 -12.932257787395681
12309079.138896018 -12.926688525889796
12965281.629896663 -12.921661549563002
13656466.567946097 -12.917124692017556
14384498.882876629 -12.913030686182346
15151342.924760515 -12.909336726545362
15959067.76404731 -12.906004066351645
16809852.774253618 -12.902997647345138
17705993.51226898 -12.90028576084222
18649907.912142944 -12.897839737409715
19644142.809066266 -12.895633663619051
20691380.811147902 -12.893644123484012
21794447.537529834 -12.891849963330843
22956319.242369097 -12.89023207722803
24180130.84525718 -12.888773212461054
25469184.3897454 -12.887457792498207
26826957.95279722 -12.88627175657281
28257115.02920827 -12.885202413970324
29763514.41631313 -12.884238312158466
31350220.62565112 -12.883369117190142
33021514.849681754 -12.882585505305734
34781906.51314127 -12.881879065351502
36636145.44020716 -12.881242209782059
38589234.67029899 -12.880668094839054
40646443.95709628 -12.880150547751319
42813323.98719387 -12.879684001668299
45095721.35676145 -12.879263436278247
47499794.346614026 -12.878884324294805
50032029.53825999 -12.878542583532324
52699259.31575657 -12.878234533025672
55508680.300597996 -12.877956853805518
58467872.7693759 -12.877706553477864
61584821.10660254 -12.877480934077568
64867935.34788508 -12.877277563310557
68326073.87157391 -12.8770942480372
71968567.30011514 -12.876929011510104
75805243.67559262 -12.87678007147923
79846454.97739078 -12.87664582121468
84103105.05352604 -12.87652481214089
88586679.04100814 -12.876415738959961
93309274.35461664 -12.876317424502275
98283633.32770011 -12.876228807890275
103523177.59307377 -12.876148932545881
109042044.29677527 -12.876076936432224
114855124.24239345 -12.876012042569858
120978102.06889038 -12.875953550269525
127427498.57031322 -12.875900828284072
134220715.2716012 -12.875853307326617
141376081.38073614 -12.875810474387377
148912903.24394056 -12.875771867106305
156851516.43735445 -12.87573706854243
165213340.63573685 -12.875705703091338
174020937.40624848 -12.875677432018009
183298071.08324376 -12.87565194999564
193069772.88832456 -12.875628981976103
203362408.46866703 -12.875608279941249
214203749.0358383 -12.875589620308663
225623046.2970626 -12.875572801731499
237651111.38110778 -12.875557642302741
250320397.97173202 -12.87554397849545
263665089.87303555 -12.875531662944894
277721193.2429355 -12.875520562228262
292526633.74366355 -12.875510556898295
308121358.87140083 -12.87550153853861
324547445.74113256 -12.875493409992629
341849214.6175927 -12.875486083593886
360073348.49856204 -12.87547947966467
379269019.0732238 -12.875473527470279
399488019.39541787 -12.875468162692918
420784903.6297398 -12.875463327068271
443217134.24760854 -12.875458968510847
466845237.07037944 -12.875455039995789
491732964.5779006 -12.875451499051193
517947467.9231202 -12.875448307439521
545559478.1168514 -12.875445430849046
574643496.8715974 -12.875442837913951
605277997.6193355 -12.87544050081575
637545637.2456493 -12.875438394398543
671533479.1115135 -12.87543649582721
707333227.9644439 -12.87543478459572
745041477.3728887 -12.875433242209729
784759970.3514622 -12.875431851511001
826595873.8801795 -12.875430598862161
870662068.0585117 -12.875429468906383
917077450.674293 -12.875428451184215
965967258.0093802 -12.875427533569962
1017463402.7476043 -12.875426706527515
1071704829.8967092 -12.875425961117868
1128837891.6846883 -12.875425289412155
1189016742.44199 -12.875424683403375
1252403754.5350692 -12.875424137454086
1319169956.473569 -12.87542364504673
1389495494.373136 -12.875423201910685
1463570118.0190797 -12.875422802914898
1541593692.8422735 -12.875422442022437
1623776739.1887176 -12.87542211743029
1710341000.337838 -12.87542182465588
1801520040.802024 -12.875421560976008
1897559876.5218503 -12.875421322774883
1998719638.6572526 -12.8754211087192
2105272272.7657027 -12.875420915314484
2217505275.2539296 -12.875420741098775
2335721469.0901213 -12.875420584806497
2460239820.8697777 -12.875420443060603
2591396301.439652 -12.875420315938648
2729544792.402002 -12.875420200535551
2875058040.944877 -12.875420096750986
3028328665.5749454 -12.875420004370417
3189770215.466325 -12.875419920057459
3359818286.2837744 -12.875419843835719
3538931695.4909844 -12.875419775852377
3727593720.314938 -12.875419713450658
3926313401.7068396 -12.875419657999386
4135626917.8176975 -12.875419608466881
4356099030.694599 -12.875419561346044
4588324610.100841 -12.875419522884233
4832930238.571753 -12.875419485254227
5090575902.036687 -12.875419453283868
5361956770.568806 -12.875419421922519
5647805074.067546 -12.875419395024071
5948892077.934331 -12.875419373256625
6266030164.072656 -12.875419347794491
6600075022.827075 -12.875419331375838
6951927961.775591 -12.875419313184251
7322538337.6045265 -12.87541929720586
7712906117.627993 -12.875419283695837
8124084577.862974 -12.875419269283693
8557183144.939984 -12.87541925624188
9013370389.51742 -12.87541924757737
9493877179.27582 -12.875419237964767
10000000000.0 -12.875419228318775
