10.0 -283.49871529474996
10.53310445370937 -281.1170425284467
11.094628943275218 -286.0275451283132
11.686088553466515 -289.84383544584097
12.309079138896024 -285.707230467774
12.965281629896682 -283.7451896455356
13.65646656794611 -283.4321372293534
14.38449888287663 -298.4472155115509
15.15134292476053 -288.9718642572275
15.95906776404731 -273.98634530175394
16.80985277425364 -271.3177446951312
17.70599351226899 -280.1569519416352
18.64990791214297 -281.0293171318622
19.644142809066278 -274.7263129017496
20.6913808111479 -269.6817991021028
21.794447537529855 -264.2487970103522
22.956319242369098 -270.802036227552
24.180130845257207 -266.51684475326186
25.4691843897454 -280.62140968764635
26.826957952797258 -279.25474624319907
28.257115029208283 -274.7291747832836
29.76351441631318 -282.44443571863303
31.350220625651154 -290.70133802830475
33.02151484968176 -294.14329518701913
34.7819065131413 -318.8285060165966
36.63614544020716 -300.8269980107198
38.58923467029903 -284.679927206246
40.646443957096295 -294.7540345802025
42.81332398719393 -307.7253792164536
45.095721356761466 -299.8871379412498
47.499794346614124 -293.53707214391954
50.03202953826004 -294.5844943247654
52.699259315756564 -290.19562738475594
55.50868030059805 -290.16389510029876
58.467872769375894 -290.4585668026155
61.58482110660264 -289.12120966654606
64.86793534788511 -299.0917954038201
68.32607387157402 -288.1634928350129
71.96856730011521 -305.3695817283214
75.8052436755926 -296.0423147802077
79.84645497739086 -302.13342299538743
84.10310505352605 -306.08149544718026
88.58667904100822 -289.5825019936675
93.30927435461668 -294.80807037595986
98.28363332770026 -294.09738138551586
103.52317759307378 -291.61173315296514
109.04204429677526 -293.38563640486177
114.8551242423938 -292.6320492865123
120.97810206889012 -289.87590597065275
127.42749857031335 -287.4931169328944
134.2207152716012 -292.79260504878465
141.37608138073614 -294.5816108822655
148.91290324394086 -289.53011109906646
156.85151643735477 -288.99516223702625
165.213340635737 -294.36057677091276
174.0209374062485 -300.5184704395074
183.29807108324357 -286.53665827562475
193.06977288832496 -287.7024560012508
203.36240846866724 -301.9317619674721
214.2037490358383 -297.1327988797277
225.62304629706352 -291.63324345208275
237.65111138110728 -292.5693319937868
250.32039797173255 -287.6804345026127
263.6650898730358 -293.80262840104353
277.7211932429355 -296.42007811978993
292.5266337436645 -296.42007811978993
308.1213588714002 -306.7873061900373
324.54744574113323 -283.27571174349947
341.84921461759274 -292.6969305111342
360.073348498562 -288.69368986233656
379.26901907322497 -289.01858587459265
399.48801939541704 -281.9948567065422
420.78490362974026 -293.66354113422824
443.21713424760856 -283.69601657036696
466.84523707037897 -279.33977578124154
491.73296457790156 -294.9420619241119
517.9474679231213 -299.79760614667714
545.5594781168514 -296.539070352787
574.6434968715973 -281.9948567065422
605.2779976193349 -292.96395683662274
637.5456372456507 -295.21344967991195
671.5334791115142 -305.65524817650106
707.3332279644438 -296.7321486798048
745.0414773728917 -302.0966700695369
784.7599703514607 -303.1241068502149
826.5958738801812 -294.4154831496649
870.6620680585127 -287.194042004324
917.0774506742931 -300.111875408189
965.9672580093833 -289.1499636792186
1017.4634027476063 -288.9475745356506
1071.7048298967104 -284.859234237716
1128.8378916846884 -290.7726979238139
1189.01674244199 -297.0505955772608
1252.4037545350732 -296.39083258961676
1319.1699564735716 -292.7545866138241
1389.4954943731375 -291.9317619674721
1463.5701180190797 -290.1430988363676
1541.5936928422718 -288.88404052188446
1623.776739188721 -300.06089553390063
1710.3410003378397 -295.91116205419246
1801.520040802024 -295.97425679326255
1897.5598765218504 -286.1692346902553
1998.7196386572507 -289.47284066714155
2105.272272765707 -293.7770062333975
2217.505275253932 -291.4575154681907
2335.7214690901214 -289.379036916439
2460.239820869775 -300.7667062767577
2591.3963014396572 -289.379036916439
2729.5447924020073 -290.79232844440367
2875.0580409448803 -290.9227570100635
3028.3286655749457 -288.11575211507596
3189.7702154663216 -294.7461063634781
3359.818286283781 -295.82843679453254
3538.9316954909877 -294.7461063634781
3727.593720314938 -286.14272629776815
3926.3134017068355 -285.6126435388031
4135.626917817706 -288.41736697605626
4356.099030694608 -287.3541071724536
4588.324610100844 -288.11575211507596
4832.930238571752 -295.0093957507016
5090.575902036681 -292.42661559827127
5361.956770568817 -288.22819709707255
5647.805074067552 -288.47727061294813
5948.892077934331 -282.76519827088094
6266.030164072656 -283.50470969848845
6600.075022827095 -283.15893473361547
6951.927961775606 -289.1972972271531
7322.538337604534 -279.3864671061368
7712.906117627992 -278.1688006380776
8124.0845778629655 -284.040295620621
8557.183144940002 -282.8181368378927
9013.37038951743 -281.48757056958794
9493.87717927582 -285.34797842331125
10000.0 -289.1972972271531
10533.104453709382 -276.2987770310739
11094.628943275218 -276.7324728639571
11686.088553466498 -276.880262184273
12309.079138896019 -276.880262184273
12965.281629896688 -278.874941881663
13656.466567946096 -277.3751158150722
14384.498882876629 -294.7461063634781
15151.342924760515 -290.14863477697565
15959.06776404731 -273.8699622276332
16809.852774253653 -282.39676706277663
17705.99351226898 -278.0196957073414
18649.907912142942 -301.0299956639812
19644.142809066267 -279.694606580279
20691.3808111479 -272.4326100020097
21794.447537529835 -271.1133055901817
22956.319242369096 -275.0093957507016
24180.13084525718 -273.3658671928572
25469.184389745402 -281.53609559753204
26826.957952797275 -282.90086209755265
28257.115029208268 -277.3751158150722
29763.51441631313 -282.90086209755265
31350.220625651124 -271.56547301385046
33021.51484968176 -282.4566706996685
34781.90651314134 -274.3648158584324
36636.14544020716 -276.3170785533918
38589.23467029899 -280.385415771712
40646.44395709628 -267.64543072793515
42813.32398719396 -282.7049065369188
45095.721356761445 -277.76663705469366
47499.79434661403 -281.99909579406176
50032.029538259994 -272.7049065369188
52699.259315756564 -271.48757056958794
55508.680300598106 -271.48757056958794
58467.87276937589 -269.14352270398405
61584.82110660255 -271.56547301385046
64867.935347885075 -267.7421236604358
68326.07387157406 -270.1663973572337
71968.56730011514 -274.32753713323996
75805.24367559262 -269.24598224864366
79846.45497739078 -271.3358365404414
84103.10505352604 -272.15382266062386
88586.67904100832 -273.6660306412148
93309.27435461663 -274.5463955541719
98283.63332770011 -265.3999337933633
103523.17759307378 -267.9315656168205
109042.04429677526 -272.06473348908565
114855.12424239368 -273.8699622276332
120978.10206889013 -272.7049065369188
127427.49857031321 -276.5429324649304
134220.7152716012 -281.99909579406176
141376.08138073614 -289.89056214091283
148912.90324394088 -277.15609740059386
156851.5164373548 -284.49787052622776
165213.34063573685 -266.7227967853484
174020.9374062485 -273.8699622276332
183298.07108324338 -271.65983458933306
193069.77288832495 -268.0234974475621
203362.40846866704 -270.07394395078404
214203.74903583832 -273.4238862800041
225623.04629706353 -271.1791005947174
237651.11138110727 -287.1828782345984
250320.39797173254 -270.7514052222254
263665.08987303555 -275.69529382768326
277721.1932429355 -271.14858830412
292526.6337436642 -279.3200486436182
308121.35887140024 -279.15302625440796
324547.44574113254 -287.30778198848253
341849.21461759275 -262.4875047253714
360073.348498562 -271.1717328310083
379269.0190732246 -271.0799543443072
399488.019395417 -268.5154386096915
420784.9036297398 -291.4575154681907
443217.13424760854 -274.27848008010085
466845.2370703785 -270.48492740758144
491732.9645779016 -274.14798810205417
517947.46792312124 -270.5774842576212
545559.4781168514 -259.86103435197094
574643.4968715974 -257.03446367104044
605277.9976193343 -261.48261018942725
637545.6372456506 -269.00272849475357
671533.4791115135 -265.81777561881677
707333.2279644439 -281.5318922153784
745041.4773728917 -258.2648421811298
784759.9703514606 -262.7846697542093
826595.8738801812 -269.84383221832667
870662.0680585118 -270.24643301604146
917077.4506742931 -272.7084864882768
965967.2580093823 -274.35925290416907
1017463.4027476063 -270.9848664794069
1071704.8298967092 -291.6601287836013
1128837.8916846884 -283.0709240649712
1189016.74244199 -268.06020994360654
1252403.7545350718 -283.45869061804376
1319169.9564735717 -289.76783074698034
1389495.494373136 -277.438998485634
1463570.1180190798 -276.81287917057836
1541593.6928422702 -276.5074409852589
1623776.739188721 -292.50199816719714
1710341.0003378377 -280.8037468842851
1801520.0408020238 -272.97645155308084
1897559.8765218505 -285.5821485640275
1998719.6386572486 -279.29253615678255
2105272.272765707 -299.05807953349404
2217505.2752539297 -270.8124713774724
2335721.4690901213 -270.6786354663668
2460239.8208697727 -279.22395039109
2591396.3014396573 -270.4771677858679
2729544.792402007 -278.71366151096834
2875058.040944877 -270.7467822810412
3028328.6655749455 -276.35267826121253
3189770.215466318 -278.69519183771934
3359818.286283781 -286.8642827790253
3538931.6954909842 -273.3621380455578
3727593.720314938 -289.53528644536436
3926313.4017068394 -299.38494680167844
4135626.917817706 -289.55357633603376
4356099.030694608 -269.3470614653088
4588324.61010084 -274.69327368937525
4832930.238571752 -278.747733881974
5090575.902036676 -279.7592505382495
5361956.770568817 -281.23350451157484
5647805.074067546 -272.49550635119004
5948892.077934331 -279.7278591423605
6266030.164072656 -299.3868472205393
6600075.022827089 -305.76223573234546
6951927.961775606 -299.29722195708837
7322538.337604526 -316.61440222156097
7712906.117627992 -310.2674239953533
8124084.5778629575 -304.4515547751771
8557183.144940002 -306.3354486153105
9013370.38951742 -309.5096397714713
9493877.17927582 -300.9680023084659
10000000.0 -307.8921817785161
10533104.45370936 -304.9498866806532
11094628.943275219 -307.64208979531406
11686088.553466497 -302.15261520850214
12309079.138896018 -297.37077793963505
12965281.629896663 -295.5307083398444
13656466.567946097 -299.22676535002915
14384498.882876629 -304.6668803859716
15151342.924760515 -303.97357295094935
15959067.76404731 -317.52961084124354
16809852.774253618 -315.56236324296583
17705993.51226898 -308.1259106506382
18649907.912142944 -306.00972204316605
19644142.809066266 -302.16000055782933
20691380.811147902 -299.5291631751801
21794447.537529834 -315.20250963428066
22956319.242369097 -299.92992711416093
24180130.84525718 -309.5468680011267
25469184.3897454 -317.35564776870444
26826957.95279722 -313.0259322720812
28257115.02920827 -302.1864210262275
29763514.41631313 -306.85560216355185
31350220.62565112 -303.5287702163835
33021514.849681754 -329.174461235677
34781906.51314127 -319.06932636415183
36636145.44020716 -307.0209049923732
38589234.67029899 -330.5507119796528
40646443.95709628 -303.4622605737578
42813323.98719387 -302.18358555876114
45095721.35676145 -307.03546211651593
47499794.346614026 -293.94844012599975
50032029.53825999 -313.06011775222896
52699259.31575657 -302.18965961791434
55508680.300597996 -303.5287551809769
58467872.7693759 -296.1689927635641
61584821.10660254 -293.9863268428607
64867935.34788508 -285.46690438873503
68326073.87157391 -287.9651708985915
71968567.30011514 -284.94035886259803
75805243.67559262 -300.0033829263908
79846454.97739078 -338.31343408321266
84103105.05352604 -297.5079477542027
88586679.04100814 -290.1485427295609
93309274.35461664 -307.05052930968753
98283633.32770011 -293.07117892355234
103523177.59307377 -288.988791695669
109042044.29677527 -290.1486026362311
114855124.24239345 -297.50817002267263
120978102.06889038 -293.0710747186459
127427498.57031322 -295.0093925796716
134220715.2716012 -301.0297305997546
141376081.38073614 -349.1947949702182
148912903.24394056 -301.0299829798753
156851516.43735445 -359.2977945366163
165213340.63573685 -363.73476952894345
174020937.40624848 -359.2977945366163
183298071.08324376 -301.0299643420725
193069772.88832456 -307.05055183019465
203362408.46866703 -307.0503926360109
214203749.0358383 -301.02983387969266
225623046.2970626 -307.0505828931549
237651111.38110778 -290.14863471226073
250320397.97173202 -307.050584640453
263665089.87303555 -292.24333916668985
277721193.2429355 -299.09179337436063
292526633.74366355 -289.8438300827395
308121358.87140083 -292.6474038717567
324547445.74113256 -293.51672331305724
341849214.6175927 -294.48281697423926
360073348.49856204 -293.29110072582785
379269019.0732238 -309.54891007410663
399488019.39541787 -292.85671794848395
420784903.6297398 -301.02998869803224
443217134.24760854 -323.1735058821853
466845237.07037944 -302.3068739281449
491732964.5779006 -292.0481439359745
517947467.9231202 -286.27223389969964
545559478.1168514 -308.8540791068683
574643496.8715974 -295.71595391775855
605277997.6193355 -293.74836083518073
637545637.2456493 -300.00693173875896
671533479.1115135 -296.8129257671487
707333227.9644439 -313.0711954086356
745041477.3728887 -288.59089916555575
784759970.3514622 -297.50816573820475
826595873.8801795 -290.79232522527883
870662068.0585117 -301.0299891722547
917077450.674293 -303.52877031195146
965967258.0093802 -290.96099167037846
1017463402.7476043 -297.50816966154434
1071704829.8967092 -311.13299507364536
1128837891.6846883 -304.28453098091234
1189016742.44199 -286.83611781993136
1252403754.5350692 -296.48511932679963
1319169956.473569 -291.30847364659553
1389495494.373136 -300.00692946222665
1463570118.0190797 -286.6268087865664
1541593692.8422735 -292.243339836948
1623776739.1887176 -290.3051410823497
1710341000.337838 -292.0481449564976
1801520040.802024 -319.09179509414906
1897559876.5218503 -306.02754479459884
1998719638.6572526 -286.62680919469744
2105272272.7657027 -287.27050312452184
2217505275.2539296 -286.1245951342756
2335721469.0901213 -315.5699475850406
2460239820.8697777 -288.46221674531614
2591396301.439652 -306.0275445268508
2729544792.402002 -295.28516141271484
2875058040.944877 -287.8459380565062
3028328665.5749454 -311.1329951992327
3189770215.466325 -280.2021418682989
3359818286.2837744 -285.9315673864821
3538931695.4909844 -284.85565060750525
3727593720.314938 -280.81551827706016
3926313401.7068396 -283.8984383351155
4135626917.8176975 -280.2021418964002
4356099030.694599 -289.4057985079553
4588324610.100841 -297.8778385397045
4832930238.571753 -283.10498433352836
5090575902.036687 -293.0711954588832
5361956770.568806 -279.91096751849176
5647805074.067546 -289.2645615261295
5948892077.934331 -285.74273631319596
6266030164.072656 -284.8556508001059
6600075022.827075 -281.53285634965704
6951927961.775591 -283.52877039120904
7322538337.6045265 -275.0638528949313
7712906117.627993 -276.38914235419
8124084577.862974 -285.3769606034373
8557183144.939984 -276.8464000223671
9013370389.51742 -277.1535951318647
9493877179.27582 -288.8541281681338
10000000000.0 -282.0666284133025
10.0 -19.73150019359874
10.53310445370937 -19.744078916178797
11.094628943275218 -19.756502066088228
11.686088553466515 -19.76872648738401
12.309079138896024 -19.780715772906085
12.965281629896682 -19.792440981725836
13.65646656794611 -19.803881150614206
14.38449888287663 -19.815023564074366
15.15134292476053 -19.82586383729803
15.95906776404731 -19.836405812204745
16.80985277425364 -19.846661314878375
17.70599351226899 -19.85664981417639
18.64990791214297 -19.866397992975628
19.644142809066278 -19.875939299915153
20.6913808111479 -19.88531348971601
21.794447537529855 -19.894566188983635
22.956319242369098 -19.90374849769057
24.180130845257207 -19.912916652126786
25.4691843897454 -19.922131757927918
26.826957952797258 -19.93145958690959
28.257115029208283 -19.940970443081078
29.76351441631318 -19.950739103795655
31.350220625651154 -19.96084482238183
33.02151484968176 -19.971371358287797
34.7819065131413 -19.982407075158736
36.63614544020716 -19.99404503210775
38.58923467029903 -20.006383101161155
40.646443957096295 -20.019524045410982
42.81332398719393 -20.03357558202152
45.095721356761466 -20.04865036641723
47.499794346614124 -20.06486588697896
50.03202953826004 -20.08234425182701
52.699259315756564 -20.101211812792464
55.50868030059805 -20.121598612025302
58.467872769375894 -20.1436376083287
61.58482110660264 -20.16746365177648
64.86793534788511 -20.193212175634294
68.32607387157402 -20.221017570503
71.96856730011521 -20.251011229789192
75.8052436755926 -20.283319237309918
79.84645497739086 -20.318059712502073
84.10310505352605 -20.35533981416094
88.58667904100822 -20.395252450602086
93.30927435461668 -20.437872746479652
98.28363332770026 -20.483254359380012
103.52317759307378 -20.531425752415963
109.04204429677526 -20.582386572292005
114.8551242423938 -20.63610428811634
120.97810206889012 -20.692511279332514
127.42749857031335 -20.751502569422662
134.2207152716012 -20.812934383885043
141.37608138073614 -20.87662371795546
148.91290324394086 -20.942349051232092
156.85151643735477 -21.009852301380178
165.213340635737 -21.078842056720255
174.0209374062485 -21.148998051156237
183.29807108324357 -21.21997676650563
193.06977288832496 -21.29141798441543
203.36240846866724 -21.36295203883083
214.2037490358383 -21.434207469862315
225.62304629706352 -21.50481875914611
237.65111138110728 -21.574433810757036
250.32039797173255 -21.64272086617499
263.6650898730358 -21.70937458171265
277.7211932429355 -21.774121052860266
292.5266337436645 -21.836721638515833
308.1213588714002 -21.896975515093736
324.54744574113323 -21.954720961198486
341.84921461759274 -22.009835447259164
360.073348498562 -22.06223463714661
379.26901907322497 -22.111870478573593
399.48801939541704 -22.158728550759342
420.78490362974026 -22.20282487385818
443.21713424760856 -22.24420236011827
466.84523707037897 -22.28292708343515
491.73296457790156 -22.31908451680814
517.9474679231213 -22.352775866720677
545.5594781168514 -22.38411459601331
574.6434968715973 -22.413223208279657
605.2779976193349 -22.44023034442053
637.5456372456507 -22.465268201087017
671.5334791115142 -22.488470288825788
707.3332279644438 -22.509969517666132
745.0414773728917 -22.529896584588922
784.7599703514607 -22.54837864636181
826.5958738801812 -22.565538239673245
870.6620680585127 -22.581492422853042
917.0774506742931 -22.596352106016777
965.9672580093833 -22.610221543619925
1017.4634027476063 -22.623197957727193
1071.7048298967104 -22.635371286996655
1128.8378916846884 -22.646824024965145
1189.01674244199 -22.65763115247935
1252.4037545350732 -22.667860147985706
1319.1699564735716 -22.677571076360397
1389.4954943731375 -22.68681675243907
1463.5701180190797 -22.695642980307916
1541.5936928422718 -22.704088868178054
1623.776739188721 -22.712187223132823
1710.3410003378397 -22.719965016817383
1801.520040802024 -22.727443919517945
1897.5598765218504 -22.73464090159774
1998.7196386572507 -22.741568872256188
2105.272272765707 -22.748237356650435
2217.505275253932 -22.754653183040794
2335.7214690901214 -22.76082116319713
2460.239820869775 -22.766744739422276
2591.3963014396572 -22.772426589668644
2729.5447924020073 -22.77786915983715
2875.0580409448803 -22.78307512595337
3028.3286655749457 -22.788047763161828
3189.7702154663216 -22.79279122760765
3359.818286283781 -22.797310742426088
3538.9316954909877 -22.801612711381974
3727.593720314938 -22.8057047357491
3926.3134017068355 -22.809595586948138
4135.626917817706 -22.813295097630004
4356.099030694608 -22.81681403039691
4588.324610100844 -22.820163897766975
4832.930238571752 -22.82335676404437
5090.575902036681 -22.826405031857625
5361.956770568817 -22.82932121743223
5647.805074067552 -22.832117728378662
5948.892077934331 -22.834806637484238
6266.030164072656 -22.837399469479955
6600.075022827095 -22.839906986005317
6951.927961775606 -22.8423389974013
7322.538337604534 -22.844704172250193
7712.906117627992 -22.847009878044346
8124.0845778629655 -22.849262037103525
8557.183144940002 -22.85146500986159
9013.37038951743 -22.85362151129496
9493.87717927582 -22.85573255826588
10000.0 -22.857797462939114
10533.104453709382 -22.859813868899806
11094.628943275218 -22.861777836089786
11686.088553466498 -22.863683972094606
12309.079138896019 -22.865525619183636
12965.281629896688 -22.86729507880556
13656.466567946096 -22.868983883526063
14384.498882876629 -22.870583095470526
15151.342924760515 -22.872083630752837
15959.06776404731 -22.873476591313597
16809.852774253653 -22.874753598279753
17705.99351226898 -22.875907102389334
18649.907912142942 -22.87693067878303
19644.142809066267 -22.877819272650704
20691.3808111479 -22.878569402686146
21794.447537529835 -22.879179312759845
22956.319242369096 -22.879649057975403
24180.13084525718 -22.87998053814299
25469.184389745402 -22.880177463856874
26826.957952797275 -22.880245269858893
28257.115029208268 -22.880190973921664
29763.51441631313 -22.88002298780206
31350.220625651124 -22.87975089811994
33021.51484968176 -22.879385210994165
34781.90651314134 -22.87893708703443
36636.14544020716 -22.878418068702068
38589.23467029899 -22.87783980871339
40646.44395709628 -22.877213820345027
42813.32398719396 -22.87655124768103
45095.721356761445 -22.87586266544388
47499.79434661403 -22.87515791711234
50032.029538259994 -22.874445989916637
52699.259315756564 -22.87373492466623
55508.680300598106 -22.873031772903477
58467.87276937589 -22.872342574054308
61584.82110660255 -22.87167237606345
64867.935347885075 -22.87102527413215
68326.07387157406 -22.87040446205546
71968.56730011514 -22.869812319652336
75805.24367559262 -22.869250484214003
79846.45497739078 -22.86871994246131
84103.10505352604 -22.86822111909845
88586.67904100832 -22.867753961369367
93309.27435461663 -22.8673180243452
98283.63332770011 -22.86691254307673
103523.17759307378 -22.86653650721831
109042.04429677526 -22.866188712422236
114855.12424239368 -22.86586782467555
120978.10206889013 -22.865572417160177
127427.49857031321 -22.86530101390401
134220.7152716012 -22.865052120196793
141376.08138073614 -22.864824248735506
148912.90324394088 -22.864615932716106
156851.5164373548 -22.864425754695823
165213.34063573685 -22.864252353193987
174020.9374062485 -22.864094418459437
183298.07108324338 -22.863950720670445
193069.77288832495 -22.86382009268719
203362.40846866704 -22.863701450023378
214203.74903583832 -22.863593760601955
225623.04629706353 -22.863496087521263
237651.11138110727 -22.863407559643424
250320.39797173254 -22.8633273571607
263665.08987303555 -22.86325473253801
277721.1932429355 -22.86318900086846
292526.6337436642 -22.863129527752648
308121.35887140024 -22.86307575010882
324547.44574113254 -22.863027115304526
341849.21461759275 -22.862983182611572
360073.348498562 -22.862943465317844
379269.0190732246 -22.862907602669043
399488.019395417 -22.862875199545133
420784.9036297398 -22.862845953102116
443217.13424760854 -22.86281953199557
466845.2370703785 -22.862795699463327
491732.9645779016 -22.862774178341375
517947.46792312124 -22.86275476007596
545559.4781168514 -22.862737242896728
574643.4968715974 -22.862721422346368
605277.9976193343 -22.862707168377625
637545.6372456506 -22.862694315364948
671533.4791115135 -22.862682710005107
707333.2279644439 -22.86267224984398
745041.4773728917 -22.862662813638565
784759.9703514606 -22.862654299832638
826595.8738801812 -22.862646622535898
870662.0680585118 -22.86263971622684
917077.4506742931 -22.862633460155642
965967.2580093823 -22.862627832108053
1017463.4027476063 -22.862622759555947
1071704.8298967092 -22.862618200662467
1128837.8916846884 -22.86261405435496
1189016.74244199 -22.86261034741001
1252403.7545350718 -22.862607005242733
1319169.9564735717 -22.862603975940683
1389495.494373136 -22.862601253993226
1463570.1180190798 -22.862598767081906
1541593.6928422702 -22.862596634834297
1623776.739188721 -22.862594594009614
1710341.0003378377 -22.86259277847791
1801520.0408020238 -22.8625911735028
1897559.8765218505 -22.862589676813535
1998719.6386572486 -22.86258830410608
2105272.272765707 -22.862587149944844
2217505.2752539297 -22.86258616308929
2335721.4690901213 -22.862585161432683
2460239.8208697727 -22.86258433557174
2591396.3014396573 -22.862583536962898
2729544.792402007 -22.862582847137443
2875058.040944877 -22.862582048384166
3028328.6655749455 -22.862581476720113
3189770.215466318 -22.862581024522793
3359818.286283781 -22.86258049432021
3538931.6954909842 -22.862580321757807
3727593.720314938 -22.862580001373374
3926313.4017068394 -22.862579468403492
4135626.917817706 -22.862579230687686
4356099.030694608 -22.862578815487286
4588324.61010084 -22.862578730653105
4832930.238571752 -22.862578597925403
5090575.902036676 -22.862578250159263
5361956.770568817 -22.862578432345213
5647805.074067546 -22.862578327322947
5948892.077934331 -22.862577709747768
6266030.164072656 -22.862577415674558
6600075.022827089 -22.862577101592972
6951927.961775606 -22.86257732813274
7322538.337604526 -22.862577272380598
7712906.117627992 -22.862577007459322
8124084.5778629575 -22.862577138291446
8557183.144940002 -22.862577138346953
9013370.38951742 -22.862576752872812
9493877.17927582 -22.86257686075734
10000000.0 -22.862576676745444
10533104.45370936 -22.862576585003552
11094628.943275219 -22.86257696627116
11686088.553466497 -22.86257673100152
12309079.138896018 -22.86257622525483
12965281.629896663 -22.862576341864134
13656466.567946097 -22.862575734491788
14384498.882876629 -22.86257655939092
15151342.924760515 -22.862577499839073
15959067.76404731 -22.862575723375656
16809852.774253618 -22.86257597637058
17705993.51226898 -22.862577922024524
18649907.912142944 -22.862576240980005
19644142.809066266 -22.862576181324116
20691380.811147902 -22.862575647401393
21794447.537529834 -22.862579803176132
22956319.242369097 -22.862577714353968
24180130.84525718 -22.862577093190104
25469184.3897454 -22.862577046529605
26826957.95279722 -22.86257505844254
28257115.02920827 -22.862577209726673
29763514.41631313 -22.86256843320578
31350220.62565112 -22.862571751322847
33021514.849681754 -22.86258291341387
34781906.51314127 -22.862571500784433
36636145.44020716 -22.86257647484053
38589234.67029899 -22.86258101329894
40646443.95709628 -22.86257071262152
42813323.98719387 -22.862567009402742
45095721.35676145 -22.862593877726873
47499794.346614026 -22.862589127732903
50032029.53825999 -22.86259075171339
52699259.31575657 -22.862626432271536
55508680.300597996 -22.862597137627247
58467872.7693759 -22.862592697542716
61584821.10660254 -22.86256922973901
64867935.34788508 -22.862643922393563
68326073.87157391 -22.862676505438696
71968567.30011514 -22.862702601043516
75805243.67559262 -22.862400075793424
79846454.97739078 -22.86268049445969
84103105.05352604 -22.862668278042413
88586679.04100814 -22.86248776797251
93309274.35461664 -22.862609280157958
98283633.32770011 -22.862859234779215
103523177.59307377 -22.862478016925046
109042044.29677527 -22.862836112443507
114855124.24239345 -22.863123780931026
120978102.06889038 -22.862706984388907
127427498.57031322 -22.86274654630843
134220715.2716012 -22.862472725835268
141376081.38073614 -22.86277598185475
148912903.24394056 -22.86266536668459
156851516.43735445 -22.86224277673538
165213340.63573685 -22.862999680576785
174020937.40624848 -22.862253554697247
183298071.08324376 -22.86318899609016
193069772.88832456 -22.86309206502965
203362408.46866703 -22.862513511508528
214203749.0358383 -22.860613002993336
225623046.2970626 -22.862613725759722
237651111.38110778 -22.864007438274164
250320397.97173202 -22.86253278033794
263665089.87303555 -22.86730541345795
277721193.2429355 -22.860658256198796
292526633.74366355 -22.86131920651244
308121358.87140083 -22.863007617512068
324547445.74113256 -22.86215536702507
341849214.6175927 -22.861732508797687
360073348.49856204 -22.861755309534413
379269019.0732238 -22.863654910723664
399488019.39541787 -22.863100304811013
420784903.6297398 -22.86053367190949
443217134.24760854 -22.862976375666197
466845237.07037944 -22.86359490095728
491732964.5779006 -22.861583822598707
517947467.9231202 -22.862136990244686
545559478.1168514 -22.862255711819472
574643496.8715974 -22.86248901477018
605277997.6193355 -22.862514609039483
637545637.2456493 -22.863149629601224
671533479.1115135 -22.860409702495144
707333227.9644439 -22.86153703694606
745041477.3728887 -22.86568023238455
784759970.3514622 -22.865050316077863
826595873.8801795 -22.864207179509258
870662068.0585117 -22.86074867144793
917077450.674293 -22.86081685172507
965967258.0093802 -22.860857532510735
1017463402.7476043 -22.86451481972382
1071704829.8967092 -22.86441689252415
1128837891.6846883 -22.86172596373302
1189016742.44199 -22.8624209345918
1252403754.5350692 -22.85935020043479
1319169956.473569 -22.863370409629006
1389495494.373136 -22.863583190743483
1463570118.0190797 -22.860641141011442
1541593692.8422735 -22.864908399536176
1623776739.1887176 -22.864424816633623
1710341000.337838 -22.857849002466693
1801520040.802024 -22.85679911239552
1897559876.5218503 -22.862852064216032
1998719638.6572526 -22.85234828399431
2105272272.7657027 -22.86224841987243
2217505275.2539296 -22.853623289579925
2335721469.0901213 -22.877941354491583
2460239820.8697777 -22.868358033474433
2591396301.439652 -22.842939190477733
2729544792.402002 -22.86107227155859
2875058040.944877 -22.827983051114344
3028328665.5749454 -22.837108134324396
3189770215.466325 -22.861694896074223
3359818286.2837744 -22.84983289293056
3538931695.4909844 -22.87563323379817
3727593720.314938 -22.86287907310578
3926313401.7068396 -22.824799845025865
4135626917.8176975 -22.900867573971336
4356099030.694599 -22.830191762059876
4588324610.100841 -22.8990534231831
4832930238.571753 -22.829089873740305
5090575902.036687 -22.89042781000415
5361956770.568806 -22.893574256983445
5647805074.067546 -22.88423127926975
5948892077.934331 -22.878174626822346
6266030164.072656 -22.905655314043596
6600075022.827075 -22.79870465160656
6951927961.775591 -22.811930161650483
7322538337.6045265 -23.01068288345735
7712906117.627993 -22.89268697961358
8124084577.862974 -22.92626892964912
8557183144.939984 -22.95097933300901
9013370389.51742 -22.7725148454737
9493877179.27582 -22.80449347125338
10000000000.0 -22.760779370100813
10.0 -19.73150019359874
10.53310445370937 -19.744078916178797
11.094628943275218 -19.756502066088228
11.686088553466515 -19.76872648738401
12.309079138896024 -19.780715772906085
12.965281629896682 -19.792440981725836
13.65646656794611 -19.803881150614206
14.38449888287663 -19.815023564074366
15.15134292476053 -19.82586383729803
15.95906776404731 -19.836405812204745
16.80985277425364 -19.846661314878375
17.70599351226899 -19.85664981417639
18.64990791214297 -19.866397992975628
19.644142809066278 -19.875939299915153
20.6913808111479 -19.88531348971601
21.794447537529855 -19.894566188983635
22.956319242369098 -19.90374849769057
24.180130845257207 -19.912916652126786
25.4691843897454 -19.922131757927918
26.826957952797258 -19.93145958690959
28.257115029208283 -19.940970443081078
29.76351441631318 -19.950739103795655
31.350220625651154 -19.96084482238183
33.02151484968176 -19.971371358287797
34.7819065131413 -19.982407075158736
36.63614544020716 -19.99404503210775
38.58923467029903 -20.006383101161155
40.646443957096295 -20.019524045410982
42.81332398719393 -20.03357558202152
45.095721356761466 -20.04865036641723
47.499794346614124 -20.06486588697896
50.03202953826004 -20.08234425182701
52.699259315756564 -20.101211812792464
55.50868030059805 -20.121598612025302
58.467872769375894 -20.1436376083287
61.58482110660264 -20.16746365177648
64.86793534788511 -20.193212175634294
68.32607387157402 -20.221017570503
71.96856730011521 -20.251011229789192
75.8052436755926 -20.283319237309918
79.84645497739086 -20.318059712502073
84.10310505352605 -20.35533981416094
88.58667904100822 -20.395252450602086
93.30927435461668 -20.437872746479652
98.28363332770026 -20.483254359380012
103.52317759307378 -20.531425752415963
109.04204429677526 -20.582386572292005
114.8551242423938 -20.63610428811634
120.97810206889012 -20.692511279332514
127.42749857031335 -20.751502569422662
134.2207152716012 -20.812934383885043
141.37608138073614 -20.87662371795546
148.91290324394086 -20.942349051232092
156.85151643735477 -21.009852301380178
165.213340635737 -21.078842056720255
174.0209374062485 -21.148998051156237
183.29807108324357 -21.21997676650563
193.06977288832496 -21.29141798441543
203.36240846866724 -21.36295203883083
214.2037490358383 -21.434207469862315
225.62304629706352 -21.50481875914611
237.65111138110728 -21.574433810757036
250.32039797173255 -21.64272086617499
263.6650898730358 -21.70937458171265
277.7211932429355 -21.774121052860266
292.5266337436645 -21.836721638515833
308.1213588714002 -21.896975515093736
324.54744574113323 -21.954720961198486
341.84921461759274 -22.009835447259164
360.073348498562 -22.06223463714661
379.26901907322497 -22.111870478573593
399.48801939541704 -22.158728550759342
420.78490362974026 -22.20282487385818
443.21713424760856 -22.24420236011827
466.84523707037897 -22.28292708343515
491.73296457790156 -22.31908451680814
517.9474679231213 -22.352775866720677
545.5594781168514 -22.38411459601331
574.6434968715973 -22.413223208279657
605.2779976193349 -22.44023034442053
637.5456372456507 -22.465268201087017
671.5334791115142 -22.488470288825788
707.3332279644438 -22.509969517666132
745.0414773728917 -22.529896584588922
784.7599703514607 -22.54837864636181
826.5958738801812 -22.565538239673245
870.6620680585127 -22.581492422853042
917.0774506742931 -22.596352106016777
965.9672580093833 -22.610221543619925
1017.4634027476063 -22.623197957727193
1071.7048298967104 -22.635371286996655
1128.8378916846884 -22.646824024965145
1189.01674244199 -22.65763115247935
1252.4037545350732 -22.667860147985706
1319.1699564735716 -22.677571076360397
1389.4954943731375 -22.68681675243907
1463.5701180190797 -22.695642980307916
1541.5936928422718 -22.704088868178054
1623.776739188721 -22.712187223132823
1710.3410003378397 -22.719965016817383
1801.520040802024 -22.727443919517945
1897.5598765218504 -22.73464090159774
1998.7196386572507 -22.741568872256188
2105.272272765707 -22.748237356650435
2217.505275253932 -22.754653183040794
2335.7214690901214 -22.76082116319713
2460.239820869775 -22.766744739422276
2591.3963014396572 -22.772426589668644
2729.5447924020073 -22.77786915983715
2875.0580409448803 -22.78307512595337
3028.3286655749457 -22.788047763161828
3189.7702154663216 -22.79279122760765
3359.818286283781 -22.797310742426088
3538.9316954909877 -22.801612711381974
3727.593720314938 -22.8057047357491
3926.3134017068355 -22.809595586948138
4135.626917817706 -22.813295097630004
4356.099030694608 -22.81681403039691
4588.324610100844 -22.820163897766975
4832.930238571752 -22.82335676404437
5090.575902036681 -22.826405031857625
5361.956770568817 -22.82932121743223
5647.805074067552 -22.832117728378662
5948.892077934331 -22.834806637484238
6266.030164072656 -22.837399469479955
6600.075022827095 -22.839906986005317
6951.927961775606 -22.8423389974013
7322.538337604534 -22.844704172250193
7712.906117627992 -22.847009878044346
8124.0845778629655 -22.849262037103525
8557.183144940002 -22.85146500986159
9013.37038951743 -22.85362151129496
9493.87717927582 -22.85573255826588
10000.0 -22.857797462939114
10533.104453709382 -22.859813868899806
11094.628943275218 -22.861777836089786
11686.088553466498 -22.863683972094606
12309.079138896019 -22.865525619183636
12965.281629896688 -22.86729507880556
13656.466567946096 -22.868983883526063
14384.498882876629 -22.870583095470526
15151.342924760515 -22.872083630752837
15959.06776404731 -22.873476591313597
16809.852774253653 -22.874753598279753
17705.99351226898 -22.875907102389334
18649.907912142942 -22.87693067878303
19644.142809066267 -22.877819272650704
20691.3808111479 -22.878569402686146
21794.447537529835 -22.879179312759845
22956.319242369096 -22.879649057975403
24180.13084525718 -22.87998053814299
25469.184389745402 -22.880177463856874
26826.957952797275 -22.880245269858893
28257.115029208268 -22.880190973921664
29763.51441631313 -22.88002298780206
31350.220625651124 -22.87975089811994
33021.51484968176 -22.879385210994165
34781.90651314134 -22.87893708703443
36636.14544020716 -22.878418068702068
38589.23467029899 -22.87783980871339
40646.44395709628 -22.877213820345027
42813.32398719396 -22.87655124768103
45095.721356761445 -22.87586266544388
47499.79434661403 -22.87515791711234
50032.029538259994 -22.874445989916637
52699.259315756564 -22.87373492466623
55508.680300598106 -22.873031772903477
58467.87276937589 -22.872342574054308
61584.82110660255 -22.87167237606345
64867.935347885075 -22.87102527413215
68326.07387157406 -22.87040446205546
71968.56730011514 -22.869812319652336
75805.24367559262 -22.869250484214003
79846.45497739078 -22.86871994246131
84103.10505352604 -22.86822111909845
88586.67904100832 -22.867753961369367
93309.27435461663 -22.8673180243452
98283.63332770011 -22.86691254307673
103523.17759307378 -22.86653650721831
109042.04429677526 -22.866188712422236
114855.12424239368 -22.86586782467555
120978.10206889013 -22.865572417160177
127427.49857031321 -22.86530101390401
134220.7152716012 -22.865052120196793
141376.08138073614 -22.864824248735506
148912.90324394088 -22.864615932716106
156851.5164373548 -22.864425754695823
165213.34063573685 -22.864252353193987
174020.9374062485 -22.864094418459437
183298.07108324338 -22.863950720670445
193069.77288832495 -22.86382009268719
203362.40846866704 -22.863701450023378
214203.74903583832 -22.863593760601955
225623.04629706353 -22.863496087521263
237651.11138110727 -22.863407559643424
250320.39797173254 -22.8633273571607
263665.08987303555 -22.86325473253801
277721.1932429355 -22.86318900086846
292526.6337436642 -22.863129527752648
308121.35887140024 -22.86307575010882
324547.44574113254 -22.863027115304526
341849.21461759275 -22.862983182611572
360073.348498562 -22.862943465317844
379269.0190732246 -22.862907602669043
399488.019395417 -22.862875199545133
420784.9036297398 -22.862845953102116
443217.13424760854 -22.86281953199557
466845.2370703785 -22.862795699463327
491732.9645779016 -22.862774178341375
517947.46792312124 -22.86275476007596
545559.4781168514 -22.862737242896728
574643.4968715974 -22.862721422346368
605277.9976193343 -22.862707168377625
637545.6372456506 -22.862694315364948
671533.4791115135 -22.862682710005107
707333.2279644439 -22.86267224984398
745041.4773728917 -22.862662813638565
784759.9703514606 -22.862654299832638
826595.8738801812 -22.862646622535898
870662.0680585118 -22.86263971622684
917077.4506742931 -22.862633460155642
965967.2580093823 -22.862627832108053
1017463.4027476063 -22.862622759555947
1071704.8298967092 -22.862618200662467
1128837.8916846884 -22.86261405435496
1189016.74244199 -22.86261034741001
1252403.7545350718 -22.862607005242733
1319169.9564735717 -22.862603975940683
1389495.494373136 -22.862601253993226
1463570.1180190798 -22.862598767081906
1541593.6928422702 -22.862596634834297
1623776.739188721 -22.862594594009614
1710341.0003378377 -22.86259277847791
1801520.0408020238 -22.8625911735028
1897559.8765218505 -22.862589676813535
1998719.6386572486 -22.86258830410608
2105272.272765707 -22.862587149944844
2217505.2752539297 -22.86258616308929
2335721.4690901213 -22.862585161432683
2460239.8208697727 -22.86258433557174
2591396.3014396573 -22.862583536962898
2729544.792402007 -22.862582847137443
2875058.040944877 -22.862582048384166
3028328.6655749455 -22.862581476720113
3189770.215466318 -22.862581024522793
3359818.286283781 -22.86258049432021
3538931.6954909842 -22.862580321757807
3727593.720314938 -22.862580001373374
3926313.4017068394 -22.862579468403492
4135626.917817706 -22.862579230687686
4356099.030694608 -22.862578815487286
4588324.61010084 -22.862578730653105
4832930.238571752 -22.862578597925403
5090575.902036676 -22.862578250159263
5361956.770568817 -22.862578432345213
5647805.074067546 -22.862578327322947
5948892.077934331 -22.862577709747768
6266030.164072656 -22.862577415674558
6600075.022827089 -22.862577101592972
6951927.961775606 -22.86257732813274
7322538.337604526 -22.862577272380598
7712906.117627992 -22.862577007459322
8124084.5778629575 -22.862577138291446
8557183.144940002 -22.862577138346953
9013370.38951742 -22.862576752872812
9493877.17927582 -22.86257686075734
10000000.0 -22.862576676745444
10533104.45370936 -22.862576585003552
11094628.943275219 -22.86257696627116
11686088.553466497 -22.86257673100152
12309079.138896018 -22.86257622525483
12965281.629896663 -22.862576341864134
13656466.567946097 -22.862575734491788
14384498.882876629 -22.86257655939092
15151342.924760515 -22.862577499839073
15959067.76404731 -22.862575723375656
16809852.774253618 -22.86257597637058
17705993.51226898 -22.862577922024524
18649907.912142944 -22.862576240980005
19644142.809066266 -22.862576181324116
20691380.811147902 -22.862575647401393
21794447.537529834 -22.862579803176132
22956319.242369097 -22.862577714353968
24180130.84525718 -22.862577093190104
25469184.3897454 -22.862577046529605
26826957.95279722 -22.86257505844254
28257115.02920827 -22.862577209726673
29763514.41631313 -22.86256843320578
31350220.62565112 -22.862571751322847
33021514.849681754 -22.86258291341387
34781906.51314127 -22.862571500784433
36636145.44020716 -22.86257647484053
38589234.67029899 -22.86258101329894
40646443.95709628 -22.86257071262152
42813323.98719387 -22.862567009402742
45095721.35676145 -22.862593877726873
47499794.346614026 -22.862589127732903
50032029.53825999 -22.86259075171339
52699259.31575657 -22.862626432271536
55508680.300597996 -22.862597137627247
58467872.7693759 -22.862592697542716
61584821.10660254 -22.86256922973901
64867935.34788508 -22.862643922393563
68326073.87157391 -22.862676505438696
71968567.30011514 -22.862702601043516
75805243.67559262 -22.862400075793424
79846454.97739078 -22.86268049445969
84103105.05352604 -22.862668278042413
88586679.04100814 -22.86248776797251
93309274.35461664 -22.862609280157958
98283633.32770011 -22.862859234779215
103523177.59307377 -22.862478016925046
109042044.29677527 -22.862836112443507
114855124.24239345 -22.863123780931026
120978102.06889038 -22.862706984388907
127427498.57031322 -22.86274654630843
134220715.2716012 -22.862472725835268
141376081.38073614 -22.86277598185475
148912903.24394056 -22.86266536668459
156851516.43735445 -22.86224277673538
165213340.63573685 -22.862999680576785
174020937.40624848 -22.862253554697247
183298071.08324376 -22.86318899609016
193069772.88832456 -22.86309206502965
203362408.46866703 -22.862513511508528
214203749.0358383 -22.860613002993336
225623046.2970626 -22.862613725759722
237651111.38110778 -22.864007438274164
250320397.97173202 -22.86253278033794
263665089.87303555 -22.86730541345795
277721193.2429355 -22.860658256198796
292526633.74366355 -22.86131920651244
308121358.87140083 -22.863007617512068
324547445.74113256 -22.86215536702507
341849214.6175927 -22.861732508797687
360073348.49856204 -22.861755309534413
379269019.0732238 -22.863654910723664
399488019.39541787 -22.863100304811013
420784903.6297398 -22.86053367190949
443217134.24760854 -22.862976375666197
466845237.07037944 -22.86359490095728
491732964.5779006 -22.861583822598707
517947467.9231202 -22.862136990244686
545559478.1168514 -22.862255711819472
574643496.8715974 -22.86248901477018
605277997.6193355 -22.862514609039483
637545637.2456493 -22.863149629601224
671533479.1115135 -22.860409702495144
707333227.9644439 -22.86153703694606
745041477.3728887 -22.86568023238455
784759970.3514622 -22.865050316077863
826595873.8801795 -22.864207179509258
870662068.0585117 -22.86074867144793
917077450.674293 -22.86081685172507
965967258.0093802 -22.860857532510735
1017463402.7476043 -22.86451481972382
1071704829.8967092 -22.86441689252415
1128837891.6846883 -22.86172596373302
1189016742.44199 -22.8624209345918
1252403754.5350692 -22.85935020043479
1319169956.473569 -22.863370409629006
1389495494.373136 -22.863583190743483
1463570118.0190797 -22.860641141011442
1541593692.8422735 -22.864908399536176
1623776739.1887176 -22.864424816633623
1710341000.337838 -22.857849002466693
1801520040.802024 -22.85679911239552
1897559876.5218503 -22.862852064216032
1998719638.6572526 -22.85234828399431
2105272272.7657027 -22.86224841987243
2217505275.2539296 -22.853623289579925
2335721469.0901213 -22.877941354491583
2460239820.8697777 -22.868358033474433
2591396301.439652 -22.842939190477733
2729544792.402002 -22.86107227155859
2875058040.944877 -22.827983051114344
3028328665.5749454 -22.837108134324396
3189770215.466325 -22.861694896074223
3359818286.2837744 -22.84983289293056
3538931695.4909844 -22.87563323379817
3727593720.314938 -22.86287907310578
3926313401.7068396 -22.824799845025865
4135626917.8176975 -22.900867573971336
4356099030.694599 -22.830191762059876
4588324610.100841 -22.8990534231831
4832930238.571753 -22.829089873740305
5090575902.036687 -22.89042781000415
5361956770.568806 -22.893574256983445
5647805074.067546 -22.88423127926975
5948892077.934331 -22.878174626822346
6266030164.072656 -22.905655314043596
6600075022.827075 -22.79870465160656
6951927961.775591 -22.811930161650483
7322538337.6045265 -23.01068288345735
7712906117.627993 -22.89268697961358
8124084577.862974 -22.92626892964912
8557183144.939984 -22.95097933300901
9013370389.51742 -22.7725148454737
9493877179.27582 -22.80449347125338
10000000000.0 -22.760779370100813
