10.0 -190.77258397097677
10.53310445370937 -189.21128353167194
11.094628943275218 -191.82456086264602
11.686088553466515 -190.06151482952112
12.309079138896024 -191.48027895622405
12.965281629896682 -191.29647667449532
13.65646656794611 -190.65108317788614
14.38449888287663 -190.35737290573738
15.15134292476053 -191.8388412899547
15.95906776404731 -191.6665443226498
16.80985277425364 -191.7713498312149
17.70599351226899 -191.4827913721629
18.64990791214297 -191.23479638867872
19.644142809066278 -191.8997341351619
20.6913808111479 -191.7297312047396
21.794447537529855 -191.844026383542
22.956319242369098 -191.21093547411238
24.180130845257207 -191.3799312179455
25.4691843897454 -191.87371839695285
26.826957952797258 -191.13373765281546
28.257115029208283 -191.74047115822165
29.76351441631318 -191.67946842432156
31.350220625651154 -191.8206109409007
33.02151484968176 -191.92230452964665
34.7819065131413 -191.6356163707091
36.63614544020716 -191.90454601211576
38.58923467029903 -191.93457235493398
40.646443957096295 -191.6170331425783
42.81332398719393 -191.7926976701837
45.095721356761466 -191.52734483247175
47.499794346614124 -191.65145836053338
50.03202953826004 -191.77490208921856
52.699259315756564 -191.6537207808733
55.50868030059805 -191.88375103033508
58.467872769375894 -191.75983497896033
61.58482110660264 -191.93100511092314
64.86793534788511 -191.66178589882617
68.32607387157402 -191.48269705215696
71.96856730011521 -191.841438351906
75.8052436755926 -191.73010825137683
79.84645497739086 -191.86448580022758
84.10310505352605 -191.82894547295533
88.58667904100822 -191.84515245980322
93.30927435461668 -191.73334441479298
98.28363332770026 -191.74725859811457
103.52317759307378 -191.76590841341624
109.04204429677526 -191.84470810666912
114.8551242423938 -191.6452408132042
120.97810206889012 -191.71157441066714
127.42749857031335 -191.71094849268536
134.2207152716012 -191.62195078974332
141.37608138073614 -191.54709745545108
148.91290324394086 -191.7766005218392
156.85151643735477 -191.70698467138894
165.213340635737 -191.7558751501337
174.0209374062485 -191.41751221322812
183.29807108324357 -191.5782048466049
193.06977288832496 -191.61125491528296
203.36240846866724 -191.52945044843057
214.2037490358383 -191.72786514986402
225.62304629706352 -191.3957773472886
237.65111138110728 -191.33873926517506
250.32039797173255 -191.3979429784683
263.6650898730358 -191.3419309349395
277.7211932429355 -191.24512980893826
292.5266337436645 -191.30307967134837
308.1213588714002 -191.09309811424086
324.54744574113323 -191.15383949276432
341.84921461759274 -191.05810949880862
360.073348498562 -190.97248990053447
379.26901907322497 -190.9420610148703
399.48801939541704 -190.86856922807524
420.78490362974026 -190.60218969813275
443.21713424760856 -190.5484202480326
466.84523707037897 -190.63305317634564
491.73296457790156 -190.45320778532903
517.9474679231213 -190.19724398434494
545.5594781168514 -190.17416744352676
574.6434968715973 -189.88233635233973
605.2779976193349 -189.6298096878593
637.5456372456507 -189.63394253623005
671.5334791115142 -189.40773312150853
707.3332279644438 -189.24461030593886
745.0414773728917 -189.04380287928097
784.7599703514607 -188.7592600929495
826.5958738801812 -188.61145452952118
870.6620680585127 -188.29122419504526
917.0774506742931 -188.04992399964092
965.9672580093833 -187.8211137839741
1017.4634027476063 -187.4917210798573
1071.7048298967104 -187.19971944835066
1128.8378916846884 -186.89993774245244
1189.01674244199 -186.62182192262236
1252.4037545350732 -186.25526121117136
1319.1699564735716 -185.95298921643263
1389.4954943731375 -185.6153471531207
1463.5701180190797 -185.266249389921
1541.5936928422718 -184.9067946953257
1623.776739188721 -184.55722040142686
1710.3410003378397 -184.17828493110255
1801.520040802024 -183.79454046043253
1897.5598765218504 -183.4033432187091
1998.7196386572507 -183.016825309809
2105.272272765707 -182.6341297779627
2217.505275253932 -182.2246955059595
2335.7214690901214 -181.82999001424892
2460.239820869775 -181.4203627937275
2591.3963014396572 -181.00903391249918
2729.5447924020073 -180.59260761511626
2875.0580409448803 -180.17526388573646
3028.3286655749457 -179.75111665261326
3189.7702154663216 -179.32668470646124
3359.818286283781 -178.8992420917846
3538.9316954909877 -178.47073011592227
3727.593720314938 -178.03934590414792
3926.3134017068355 -177.60521044137573
4135.626917817706 -177.17101227432187
4356.099030694608 -176.73464174221695
4588.324610100844 -176.2962572470789
4832.930238571752 -175.8575090899593
5090.575902036681 -175.41780185601664
5361.956770568817 -174.975985304223
5647.805074067552 -174.53353908561752
5948.892077934331 -174.0907350512088
6266.030164072656 -173.6466096023764
6600.075022827095 -173.20208562957302
6951.927961775606 -172.75676965251455
7322.538337604534 -172.31070070778824
7712.906117627992 -171.86444412946292
8124.0845778629655 -171.41774214030283
8557.183144940002 -170.97070120853977
9013.37038951743 -170.52296740101497
9493.87717927582 -170.07491871329947
10000.0 -169.62669074194739
10533.104453709382 -169.1781755307093
11094.628943275218 -168.72938591913157
11686.088553466498 -168.28034392505987
12309.079138896019 -167.83103927805405
12965.281629896688 -167.38169899286106
13656.466567946096 -166.9320772837957
14384.498882876629 -166.48234221177609
15151.342924760515 -166.03245804136566
15959.06776404731 -165.58248351029198
16809.852774253653 -165.13236016540216
17705.99351226898 -164.682144437613
18649.907912142942 -164.2318425907822
19644.142809066267 -163.781472732891
20691.3808111479 -163.33102282959427
21794.447537529835 -162.88047929939896
22956.319242369096 -162.42990406852218
24180.13084525718 -161.97927763874662
25469.184389745402 -161.5285858214025
26826.957952797275 -161.0778488636999
28257.115029208268 -160.62709716210148
29763.51441631313 -160.17629013964336
31350.220625651124 -159.72545593964992
33021.51484968176 -159.2745915844385
34781.90651314134 -158.82369350014832
36636.14544020716 -158.372797848989
38589.23467029899 -157.92184435301098
40646.44395709628 -157.47089200133505
42813.32398719396 -157.0199190729638
45095.721356761445 -156.5689329167932
47499.79434661403 -156.1179369477777
50032.029538259994 -155.66692244985975
52699.259315756564 -155.21589930303531
55508.680300598106 -154.7648637358955
58467.87276937589 -154.31382237131876
61584.82110660255 -153.86277374617234
64867.935347885075 -153.4117010215186
68326.07387157406 -152.96064582603645
71968.56730011514 -152.509570272871
75805.24367559262 -152.05849338563044
79846.45497739078 -151.60740769821285
84103.10505352604 -151.1563248684419
88586.67904100832 -150.705230961992
93309.27435461663 -150.25413975892457
98283.63332770011 -149.80304079052334
103523.17759307378 -149.35193714567217
109042.04429677526 -148.90083097923704
114855.12424239368 -148.4497300552695
120978.10206889013 -147.9986189292396
127427.49857031321 -147.5475115160334
134220.7152716012 -147.0963987332295
141376.08138073614 -146.64528408740046
148912.90324394088 -146.19416926716522
156851.5164373548 -145.74305567454354
165213.34063573685 -145.29193611246222
174020.9374062485 -144.84081760998245
183298.07108324338 -144.38969691995422
193069.77288832495 -143.9385799900456
203362.40846866704 -143.48745678845145
214203.74903583832 -143.03633489713152
225623.04629706353 -142.58521317442418
237651.11138110727 -142.13409215870197
250320.39797173254 -141.68296703830603
263665.08987303555 -141.23184304939616
277721.1932429355 -140.78071910079677
292526.6337436642 -140.32959534435687
308121.35887140024 -139.8784713904058
324547.44574113254 -139.42734510272365
341849.21461759275 -138.97622059904197
360073.348498562 -138.5250946843735
379269.0190732246 -138.073969123248
399488.019395417 -137.62284268509796
420784.9036297398 -137.17171638340358
443217.13424760854 -136.72058999484807
466845.2370703785 -136.26946426421878
491732.9645779016 -135.81833699885112
517947.46792312124 -135.3672105799639
545559.4781168514 -134.91608366426246
574643.4968715974 -134.46495606217533
605277.9976193343 -134.01382959635035
637545.6372456506 -133.56270269995338
671533.4791115135 -133.1115756471591
707333.2279644439 -132.6604482008392
745041.4773728917 -132.20932106818668
784759.9703514606 -131.75819346506646
826595.8738801812 -131.30706618248854
870662.0680585118 -130.85593893505998
917077.4506742931 -130.40481134603058
965967.2580093823 -129.95368398121624
1017463.4027476063 -129.5025564312023
1071704.8298967092 -129.0514290630477
1128837.8916846884 -128.6003011743661
1189016.74244199 -128.14917379215515
1252403.7545350718 -127.69804564273814
1319169.9564735717 -127.24691852463948
1389495.494373136 -126.79579052385282
1463570.1180190798 -126.3446630985468
1541593.6928422702 -125.89353533789408
1623776.739188721 -125.44240746760188
1710341.0003378377 -124.99127938269937
1801520.0408020238 -124.54015156484215
1897559.8765218505 -124.08902498641706
1998719.6386572486 -123.63789624381448
2105272.272765707 -123.18676893257626
2217505.2752539297 -122.73564129711085
2335721.4690901213 -122.28451368384633
2460239.8208697727 -121.83338569540436
2591396.3014396573 -121.38225837840716
2729544.792402007 -120.93113096950275
2875058.040944877 -120.48000262643903
3028328.6655749455 -120.02887513984481
3189770.215466318 -119.57774623004514
3359818.286283781 -119.12661879436561
3538931.6954909842 -118.67549078048434
3727593.720314938 -118.22436399957708
3926313.4017068394 -117.773234086873
4135626.917817706 -117.32210775223248
4356099.030694608 -116.87098191898602
4588324.61010084 -116.41985130171575
4832930.238571752 -115.96872680408539
5090575.902036676 -115.51759695319544
5361956.770568817 -115.06646911687878
5647805.074067546 -114.6153405694988
5948892.077934331 -114.16421202824887
6266030.164072656 -113.71308702597585
6600075.022827089 -113.26196097805834
6951927.961775606 -112.81083217599627
7322538.337604526 -112.35969901388808
7712906.117627992 -111.90857534292164
8124084.5778629575 -111.45744774831849
8557183.144940002 -111.00631834905757
9013370.38951742 -110.55518713907107
9493877.17927582 -110.10407515032705
10000000.0 -109.65293618077175
10533104.45370936 -109.20180880219371
11094628.943275219 -108.7506788198136
11686088.553466497 -108.29955390014176
12309079.138896018 -107.84841842316521
12965281.629896663 -107.3972968294259
13656466.567946097 -106.94617025442292
14384498.882876629 -106.49504287571192
15151342.924760515 -106.04390696041223
15959067.76404731 -105.59277569359469
16809852.774253618 -105.1416530529106
17705993.51226898 -104.69053089497524
18649907.912142944 -104.2394110348848
19644142.809066266 -103.78826636379668
20691380.811147902 -103.3371531052345
21794447.537529834 -102.88600465677133
22956319.242369097 -102.43487933176239
24180130.84525718 -101.98377026156365
25469184.3897454 -101.53264087982201
26826957.95279722 -101.08152943292828
28257115.02920827 -100.63037497338725
29763514.41631313 -100.17920094075669
31350220.62565112 -99.72809767788925
33021514.849681754 -99.27699816420014
34781906.51314127 -98.82588400625012
36636145.44020716 -98.37472769112904
38589234.67029899 -97.92355371788771
40646443.95709628 -97.47248643138701
42813323.98719387 -97.02130828850089
45095721.35676145 -96.57023296765233
47499794.346614026 -96.11914883147277
50032029.53825999 -95.6679518572396
52699259.31575657 -95.21686998854148
55508680.300597996 -94.76568285150154
58467872.7693759 -94.31458649980924
61584821.10660254 -93.86349766377418
64867935.34788508 -93.41224052997379
68326073.87157391 -92.96126400451755
71968567.30011514 -92.51007102857835
75805243.67559262 -92.05896213597917
79846454.97739078 -91.60788680724613
84103105.05352604 -91.15674593855927
88586679.04100814 -90.70557643942499
93309274.35461664 -90.25434961358084
98283633.32770011 -89.8033702501123
103523177.59307377 -89.35212767786226
109042044.29677527 -88.9011173364662
114855124.24239345 -88.44995272136222
120978102.06889038 -87.99869258051788
127427498.57031322 -87.54769834430846
134220715.2716012 -87.0965391765229
141376081.38073614 -86.64543917450318
148912903.24394056 -86.19420505969892
156851516.43735445 -85.74307698221739
165213340.63573685 -85.29211168379342
174020937.40624848 -84.84080149848076
183298071.08324376 -84.38989227848222
193069772.88832456 -83.93861122161043
203362408.46866703 -83.48738147370199
214203749.0358383 -83.03640642814003
225623046.2970626 -82.58529541686252
237651111.38110778 -82.13415217069006
250320397.97173202 -81.68302983289438
263665089.87303555 -81.23186782637573
277721193.2429355 -80.7810272027543
292526633.74366355 -80.32922655136879
308121358.87140083 -79.87844594671579
324547445.74113256 -79.4274512607945
341849214.6175927 -78.9761378724124
360073348.49856204 -78.52481581246576
379269019.0732238 -78.07424654292254
399488019.39541787 -77.6231216967182
420784903.6297398 -77.17174934201537
443217134.24760854 -76.72064316548418
466845237.07037944 -76.269759225178
491732964.5779006 -75.81797598692896
517947467.9231202 -75.36715352045623
545559478.1168514 -74.91637174246618
574643496.8715974 -74.46436083366883
605277997.6193355 -74.01382369394449
637545637.2456493 -73.563145833738
671533479.1115135 -73.11146654438329
707333227.9644439 -72.66025586661313
745041477.3728887 -72.2090873393835
784759970.3514622 -71.75873227991435
826595873.8801795 -71.30704114469057
870662068.0585117 -70.85536454132273
917077450.674293 -70.40491803189087
965967258.0093802 -69.95403080622867
1017463402.7476043 -69.50327895743126
1071704829.8967092 -69.05305101082442
1128837891.6846883 -68.59979572796244
1189016742.44199 -68.14802179429233
1252403754.5350692 -67.6982391866192
1319169956.473569 -67.24803830673278
1389495494.373136 -66.79607726317667
1463570118.0190797 -66.34519357627505
1541593692.8422735 -65.89475476526083
1623776739.1887176 -65.44272512662818
1710341000.337838 -64.99064792927713
1801520040.802024 -64.5416312029908
1897559876.5218503 -64.08621903073853
1998719638.6572526 -63.635964380188256
2105272272.7657027 -63.18828918382566
2217505275.2539296 -62.73807389848901
2335721469.0901213 -62.28365852381518
2460239820.8697777 -61.834854513535724
2591396301.439652 -61.38291364973226
2729544792.402002 -60.93227707808631
2875058040.944877 -60.47847919386275
3028328665.5749454 -60.027654906206145
3189770215.466325 -59.57735760718129
3359818286.2837744 -59.12471130965196
3538931695.4909844 -58.67440461544267
3727593720.314938 -58.22715623941275
3926313401.7068396 -57.77005708737215
4135626917.8176975 -57.31997188608669
4356099030.694599 -56.870985594505115
4588324610.100841 -56.418058396936786
4832930238.571753 -55.96533824326663
5090575902.036687 -55.51486422462634
5361956770.568806 -55.074507110580996
5647805074.067546 -54.610607239346095
5948892077.934331 -54.16058522873023
6266030164.072656 -53.710085879226384
6600075022.827075 -53.26737289950032
6951927961.775591 -52.810394235736176
7322538337.6045265 -52.355856406369895
7712906117.627993 -51.91198661128582
8124084577.862974 -51.46195219931555
8557183144.939984 -51.006685246383
9013370389.51742 -50.5526263873941
9493877179.27582 -50.10481562689564
10000000000.0 -49.65064952830379
10.0 -9.933743730029011
10.53310445370937 -21.32981251467371
11.094628943275218 -12.771581002901943
11.686088553466515 -15.743979569940286
12.309079138896024 -24.003946314872614
12.965281629896682 -15.925563029537848
13.65646656794611 -8.164316441496322
14.38449888287663 -20.325135157405512
15.15134292476053 -15.291802694842039
15.95906776404731 -13.596066169486772
16.80985277425364 -10.896690547789202
17.70599351226899 24.54656122734353
18.64990791214297 -5.669254858474714
19.644142809066278 -21.886539830400167
20.6913808111479 -16.485777937704594
21.794447537529855 8.281099153887343
22.956319242369098 -9.450315560120938
24.180130845257207 -11.103187695802237
25.4691843897454 -20.882674445198212
26.826957952797258 8.429634902870745
28.257115029208283 -21.06954447576845
29.76351441631318 -7.0848317032598365
31.350220625651154 -15.35212596644107
33.02151484968176 -15.94233425985246
34.7819065131413 -26.058273385684316
36.63614544020716 -15.925039861150891
38.58923467029903 6.949727258977289
40.646443957096295 -25.588695848078522
42.81332398719393 -23.181840939888218
45.095721356761466 -20.408042833178687
47.499794346614124 -13.32559888722743
50.03202953826004 -19.24651074557384
52.699259315756564 -20.734796431307053
55.50868030059805 -20.511649661779803
58.467872769375894 -27.95825043640134
61.58482110660264 -15.679593679556252
64.86793534788511 -16.05353643151748
68.32607387157402 -15.6721722537163
71.96856730011521 2.372693982152464
75.8052436755926 -14.58198143364687
79.84645497739086 -16.186275498739437
84.10310505352605 -19.385281489887415
88.58667904100822 -14.61894228184784
93.30927435461668 -23.337000205561363
98.28363332770026 -13.85889225776804
103.52317759307378 -22.708419148493316
109.04204429677526 -16.608147497622415
114.8551242423938 -18.068277519586808
120.97810206889012 -34.22645651821297
127.42749857031335 -11.844677061412657
134.2207152716012 -25.861796746359836
141.37608138073614 -18.655168127404778
148.91290324394086 -18.598252287810723
156.85151643735477 -18.24345217895737
165.213340635737 -12.435599574442728
174.0209374062485 -17.612859306998065
183.29807108324357 -15.229943569651958
193.06977288832496 -15.838855073722337
203.36240846866724 -8.357893504459925
214.2037490358383 -18.46764033992783
225.62304629706352 -7.552433589610622
237.65111138110728 -16.735321585214482
250.32039797173255 -16.070530849756885
263.6650898730358 -20.294426113504027
277.7211932429355 -15.768475304972442
292.5266337436645 -12.894602503231518
308.1213588714002 0.7568586786457471
324.54744574113323 -20.226647294000834
341.84921461759274 -18.57311209651939
360.073348498562 -8.914299731630576
379.26901907322497 -12.586334952703353
399.48801939541704 -10.037230869648875
420.78490362974026 -19.163050718350235
443.21713424760856 -15.677995634865901
466.84523707037897 -12.11530998287131
491.73296457790156 -12.488019246239068
517.9474679231213 -24.461306408228772
545.5594781168514 -15.025705056895438
574.6434968715973 -14.562904465011034
605.2779976193349 -10.325009149939273
637.5456372456507 -15.139853067972023
671.5334791115142 -6.998174474453457
707.3332279644438 -18.406906803876645
745.0414773728917 -21.135297596869535
784.7599703514607 -12.826237552715451
826.5958738801812 -30.099192001317164
870.6620680585127 -15.49712689273618
917.0774506742931 -18.702209925822796
965.9672580093833 -12.976281315893418
1017.4634027476063 -30.935269936727167
1071.7048298967104 -13.395453610055199
1128.8378916846884 1.6376993062974394
1189.01674244199 -18.154884926764456
1252.4037545350732 -16.953021044210182
1319.1699564735716 -28.136347996024536
1389.4954943731375 -20.993427966994425
1463.5701180190797 -14.580923932184213
1541.5936928422718 -8.163639005297604
1623.776739188721 -19.212985656646637
1710.3410003378397 -12.873315107598948
1801.520040802024 -17.339297751522302
1897.5598765218504 -6.853625280895748
1998.7196386572507 -10.599727850244589
2105.272272765707 -9.054843109711033
2217.505275253932 -6.917209564835835
2335.7214690901214 -6.018499749863127
2460.239820869775 -15.94112356802233
2591.3963014396572 -12.640385173100334
2729.5447924020073 -15.559344491998214
2875.0580409448803 -16.613222163695504
3028.3286655749457 -15.814958924339773
3189.7702154663216 -16.68119148829033
3359.818286283781 -15.840812372926285
3538.9316954909877 -20.516117037105683
3727.593720314938 -4.274250537828925
3926.3134017068355 -25.17061215976165
4135.626917817706 -21.800238340478334
4356.099030694608 -30.891018764934653
4588.324610100844 -17.838306855396045
4832.930238571752 -18.154568540451894
5090.575902036681 -22.177261631608772
5361.956770568817 -12.540840924384742
5647.805074067552 -6.1529095866333785
5948.892077934331 -34.55002093285424
6266.030164072656 -15.725181153442222
6600.075022827095 -15.909595534522477
6951.927961775606 -20.81787682825169
7322.538337604534 -27.380453704128094
7712.906117627992 -31.531570070687263
8124.0845778629655 -23.342663876279946
8557.183144940002 -27.867191783832602
9013.37038951743 -32.13541146054744
9493.87717927582 -34.10780283419428
10000.0 -33.69870456414145
10533.104453709382 -34.60747628255839
11094.628943275218 -37.96961419802563
11686.088553466498 -37.478509049093134
12309.079138896019 -32.7954873838138
12965.281629896688 -13.736723405630348
13656.466567946096 -24.06127741211417
14384.498882876629 -56.4065354852928
15151.342924760515 -37.41479161482446
15959.06776404731 -26.950449041291918
16809.852774253653 -41.78722095782342
17705.99351226898 -35.76593088037217
18649.907912142942 -37.91807639050462
19644.142809066267 -21.201746604894687
20691.3808111479 -42.656080181354206
21794.447537529835 -23.498356417657607
22956.319242369096 -34.914172176605575
24180.13084525718 -39.49834027010495
25469.184389745402 -26.565090746069014
26826.957952797275 -42.92224438474415
28257.115029208268 -19.154937551628123
29763.51441631313 -20.838558530325912
31350.220625651124 -35.28569272912489
33021.51484968176 -32.32849747050513
34781.90651314134 -29.419320695173887
36636.14544020716 -36.55044644872659
38589.23467029899 -17.04347104317832
40646.44395709628 -26.375314739968047
42813.32398719396 -25.970761740950028
45095.721356761445 -30.787462408935852
47499.79434661403 -34.875858412964234
50032.029538259994 -45.0480020044015
52699.259315756564 -55.44072226405617
55508.680300598106 -38.62063815471811
58467.87276937589 -17.146052495483072
61584.82110660255 -56.45068691300541
64867.935347885075 -30.7541553883041
68326.07387157406 -39.46800444944688
71968.56730011514 -42.158580554925216
75805.24367559262 -45.25617246947494
79846.45497739078 -42.06926245084823
84103.10505352604 -34.474818516365254
88586.67904100832 -32.26945401055067
93309.27435461663 -15.426097527132692
98283.63332770011 -52.95680843706329
103523.17759307378 -45.28668854128853
109042.04429677526 -33.860758805965
114855.12424239368 -45.330517693261626
120978.10206889013 -54.12601911380551
127427.49857031321 -50.56659990451294
134220.7152716012 -45.62229466983307
141376.08138073614 -47.72400760532311
148912.90324394088 -19.850693105089398
156851.5164373548 -51.34173737829441
165213.34063573685 -51.64445062369873
174020.9374062485 -58.22506081375809
183298.07108324338 -51.50421777748487
193069.77288832495 -39.62292224055657
203362.40846866704 -52.079249600767874
214203.74903583832 -62.98592842205481
225623.04629706353 -46.608907087668015
237651.11138110727 -55.7541823670503
250320.39797173254 -53.92481353273986
263665.08987303555 -55.353845786956825
277721.1932429355 -41.77069638151021
292526.6337436642 -60.90482209176439
308121.35887140024 -51.13210165068989
324547.44574113254 -58.85104027843145
341849.21461759275 -62.970609579946455
360073.348498562 -63.92441315398331
379269.0190732246 -57.303061863384876
399488.019395417 -60.74366414287299
420784.9036297398 -52.570542854884195
443217.13424760854 -67.5041268811646
466845.2370703785 -70.88833718040013
491732.9645779016 -48.748772202332056
517947.46792312124 -60.05642078771867
545559.4781168514 -51.83575339988564
574643.4968715974 -65.91532867644852
605277.9976193343 -64.63380181628908
637545.6372456506 -47.56543821396096
671533.4791115135 -62.139219921875785
707333.2279644439 -69.98948599471773
745041.4773728917 -71.02005251481022
784759.9703514606 -66.92550185444178
826595.8738801812 -50.92532257166776
870662.0680585118 -70.22748643929097
917077.4506742931 -80.75820874799179
965967.2580093823 -63.76279485248199
1017463.4027476063 -65.417329810205
1071704.8298967092 -54.767856689453424
1128837.8916846884 -69.16514763697515
1189016.74244199 -77.04806005716196
1252403.7545350718 -82.39341195851189
1319169.9564735717 -72.59221585023523
1389495.494373136 -66.54090383328943
1463570.1180190798 -60.408773028213176
1541593.6928422702 -72.67496554401492
1623776.739188721 -83.8199284073964
1710341.0003378377 -57.871891068416225
1801520.0408020238 -71.93331064383595
1897559.8765218505 -59.284911720700045
1998719.6386572486 -62.96505780138204
2105272.272765707 -57.99089379289076
2217505.2752539297 -78.26730067612162
2335721.4690901213 -67.3170900771038
2460239.8208697727 -59.03614008581847
2591396.3014396573 -54.49318033753144
2729544.792402007 -65.25073817161739
2875058.040944877 -86.36779899487476
3028328.6655749455 -74.10226343953897
3189770.215466318 -68.89615089800928
3359818.286283781 -80.58734881802968
3538931.6954909842 -86.26382775665763
3727593.720314938 -75.43251037074681
3926313.4017068394 -63.71442476585682
4135626.917817706 -83.77085313940853
4356099.030694608 -89.14430491057101
4588324.61010084 -83.91733476272225
4832930.238571752 -75.35541547138362
5090575.902036676 -76.7277339942248
5361956.770568817 -109.72200914128723
5647805.074067546 -76.32006202995665
5948892.077934331 -74.18859398160697
6266030.164072656 -83.96444012504327
6600075.022827089 -81.59473122417441
6951927.961775606 -84.9617407395063
7322538.337604526 -83.98589752659213
7712906.117627992 -87.1655722840005
8124084.5778629575 -96.764463081729
8557183.144940002 -69.78733442702362
9013370.38951742 -79.55576617960497
9493877.17927582 -96.10094689242229
10000000.0 -112.72358317467973
10533104.45370936 -77.20482905928289
11094628.943275219 -90.39436784262784
11686088.553466497 -81.18168147414193
12309079.138896018 -83.80210586810512
12965281.629896663 -92.27406962740793
13656466.567946097 -72.56193400995316
14384498.882876629 -68.98139751152377
15151342.924760515 -86.76625093283667
15959067.76404731 -90.96041384449055
16809852.774253618 -72.73874531138685
17705993.51226898 -105.07729215048238
18649907.912142944 -91.42853474816413
19644142.809066266 -94.77139348058702
20691380.811147902 -116.25296189190243
21794447.537529834 -65.13032437612966
22956319.242369097 -88.83943005109418
24180130.84525718 -104.89260368908452
25469184.3897454 -104.17184393678232
26826957.95279722 -121.05970814364684
28257115.02920827 -95.08357493061952
29763514.41631313 -97.89234452879315
31350220.62565112 -93.85023994405424
33021514.849681754 -90.54887446318608
34781906.51314127 -125.27765724655856
36636145.44020716 -80.9570497845746
38589234.67029899 -100.79089864199693
40646443.95709628 -87.29506441919831
42813323.98719387 -126.85476931573022
45095721.35676145 -96.55709449178912
47499794.346614026 -107.29552426252926
50032029.53825999 -78.40965394598639
52699259.31575657 -103.87499052873778
55508680.300597996 -109.95624327587679
58467872.7693759 -128.92508059583693
61584821.10660254 -71.4007244398543
64867935.34788508 -104.53376453810344
68326073.87157391 -99.8650398355905
71968567.30011514 -104.83066013158444
75805243.67559262 -111.74557119322542
79846454.97739078 -107.04999643314869
84103105.05352604 -90.37884712378076
88586679.04100814 -103.27431384754739
93309274.35461664 -104.78389631545619
98283633.32770011 -97.56049546911898
103523177.59307377 -80.4044855925768
109042044.29677527 -48.18067435841285
114855124.24239345 -113.18734492288829
120978102.06889038 -110.10755293571651
127427498.57031322 -107.82353164300966
134220715.2716012 -115.02536685606351
141376081.38073614 -109.66270793508023
148912903.24394056 -108.49233527028801
156851516.43735445 -102.10406481358093
165213340.63573685 -138.98769933597515
174020937.40624848 -139.67747322986466
183298071.08324376 -82.82448902179507
193069772.88832456 -113.27219370219821
203362408.46866703 -119.79764818699023
214203749.0358383 -108.0747408376525
225623046.2970626 -113.47564250515865
237651111.38110778 -120.69789252314959
250320397.97173202 -108.32648451307011
263665089.87303555 -111.92727609847421
277721193.2429355 -143.73667785680908
292526633.74366355 -119.59151462733105
308121358.87140083 -144.6186342071684
324547445.74113256 -121.2576090181052
341849214.6175927 -123.15909097312405
360073348.49856204 -117.46490013617169
379269019.0732238 -117.17104028066589
399488019.39541787 -126.62822240633812
420784903.6297398 -126.22062741199858
443217134.24760854 -118.17468770853922
466845237.07037944 -121.77203210368204
491732964.5779006 -118.54330593793685
517947467.9231202 -108.98214353384587
545559478.1168514 -133.73060835908828
574643496.8715974 -116.9564868211473
605277997.6193355 -139.24454220433995
637545637.2456493 -114.495495652045
671533479.1115135 -125.57755171406653
707333227.9644439 -121.61082339234633
745041477.3728887 -131.87581071532438
784759970.3514622 -152.75949201481757
826595873.8801795 -135.86378080359597
870662068.0585117 -153.6612857862404
917077450.674293 -132.9653597059725
965967258.0093802 -154.56025098412852
1017463402.7476043 -111.4084776341977
1071704829.8967092 -123.64578030103425
1128837891.6846883 -128.48081112826043
1189016742.44199 -156.3695434496024
1252403754.5350692 -107.54556503602711
1319169956.473569 -139.7984361290672
1389495494.373136 -157.72171539883817
1463570118.0190797 -114.71682057149809
1541593692.8422735 -117.98219522597142
1623776739.1887176 -131.98798662450423
1710341000.337838 -88.50302469108226
1801520040.802024 -114.04659173980485
1897559876.5218503 -93.82676059871037
1998719638.6572526 -160.8808070334356
2105272272.7657027 -122.04834621764407
2217505275.2539296 -125.49363000869326
2335721469.0901213 -97.34769895491802
2460239820.8697777 -133.24387824272205
2591396301.439652 -137.23232885914064
2729544792.402002 -133.99290658893688
2875058040.944877 -138.23355034433013
3028328665.5749454 -115.07805340071847
3189770215.466325 -136.5915394087593
3359818286.2837744 -165.3894165733331
3538931695.4909844 -165.84319051049795
3727593720.314938 -126.65173519801796
3926313401.7068396 -133.83861781538417
4135626917.8176975 -167.19658091305894
4356099030.694599 -146.5099065945147
4588324610.100841 -138.68351499117534
4832930238.571753 -148.40346663532435
5090575902.036687 -169.00110957463102
5361956770.568806 -134.50229371988087
5647805074.067546 -136.66749825777313
5948892077.934331 -137.26686704855865
6266030164.072656 -156.49271010890862
6600075022.827075 -151.55576828478354
6951927961.775591 -108.2968065836428
7322538337.6045265 -148.77499977117395
7712906117.627993 -142.8039465981988
8124084577.862974 -173.06124047787392
8557183144.939984 -132.26400591255526
9013370389.51742 -144.96387992564652
9493877179.27582 -157.25914077377058
10000000000.0 -174.8657739123178
