10.0 -319.15598428328417
10.53310445370937 -302.26740168887255
11.094628943275218 -290.57326766528894
11.686088553466515 -289.42576996521456
12.309079138896024 -285.90173331386825
12.965281629896682 -313.0711748131613
13.65646656794611 -290.34470232853374
14.38449888287663 -323.6177759138564
15.15134292476053 -294.9670187164761
15.95906776404731 -308.8535394332506
16.80985277425364 -287.80214252979056
17.70599351226899 -290.13043441320025
18.64990791214297 -293.2302115304209
19.644142809066278 -305.5566068655445
20.6913808111479 -330.98266382837335
21.794447537529855 -314.84202389168615
22.956319242369098 -294.00294466521706
24.180130845257207 -295.42129711891045
25.4691843897454 -299.79827885308435
26.826957952797258 -306.3021948515511
28.257115029208283 -293.6622953429725
29.76351441631318 -302.59098529968
31.350220625651154 -290.75543642339613
33.02151484968176 -290.84852166934536
34.7819065131413 -297.00564304861155
36.63614544020716 -297.276714108388
38.58923467029903 -296.34266288176593
40.646443957096295 -298.0617253636718
42.81332398719393 -290.2857764251295
45.095721356761466 -293.7570740903285
47.499794346614124 -287.9351145322443
50.03202953826004 -297.96601235291826
52.699259315756564 -310.415823151327
55.50868030059805 -289.697152250043
58.467872769375894 -293.09741010051033
61.58482110660264 -311.930236802575
64.86793534788511 -293.0626987590432
68.32607387157402 -299.6391860042792
71.96856730011521 -287.5929749215396
75.8052436755926 -305.4281849901199
79.84645497739086 -299.6557619463301
84.10310505352605 -303.06228237107723
88.58667904100822 -293.9666698670052
93.30927435461668 -309.4715730772406
98.28363332770026 -289.04508201586765
103.52317759307378 -315.4327789082372
109.04204429677526 -311.34990363345537
114.8551242423938 -290.1840994266786
120.97810206889012 -291.0925677085101
127.42749857031335 -297.7122991065597
134.2207152716012 -287.36330144985106
141.37608138073614 -289.7770922023625
148.91290324394086 -311.22575240252814
156.85151643735477 -290.09370368854
165.213340635737 -286.25101444208104
174.0209374062485 -283.86731975939585
183.29807108324357 -300.6333101373011
193.06977288832496 -283.15623942108425
203.36240846866724 -282.6891467126438
214.2037490358383 -275.2692240962889
225.62304629706352 -285.93152259331197
237.65111138110728 -282.2012526073846
250.32039797173255 -284.0771597318943
263.6650898730358 -293.6127876061716
277.7211932429355 -291.9744999328259
292.5266337436645 -303.950141494107
308.1213588714002 -294.62419278537203
324.54744574113323 -305.2931770993389
341.84921461759274 -298.9200826670858
360.073348498562 -311.98356702879056
379.26901907322497 -317.89361924259634
399.48801939541704 -308.6211773403678
420.78490362974026 -306.98885123533285
443.21713424760856 -307.115654558409
466.84523707037897 -310.15559037782697
491.73296457790156 -311.27854628601415
517.9474679231213 -303.87473997955476
545.5594781168514 -312.16941262006145
574.6434968715973 -319.2141096741169
605.2779976193349 -309.00737401259437
637.5456372456507 -312.5436775994677
671.5334791115142 -328.22569484013763
707.3332279644438 -316.8086892701637
745.0414773728917 -335.3476775408354
784.7599703514607 -321.5232363093964
826.5958738801812 -327.58111494786846
870.6620680585127 -311.1275699394564
917.0774506742931 -314.99854136134076
965.9672580093833 -327.34788066204214
1017.4634027476063 -343.1741950569386
1071.7048298967104 -329.1947949702182
1128.8378916846884 -321.471577902989
1189.01674244199 -324.14329518701913
1252.4037545350732 -309.99356170731096
1319.1699564735716 -330.16389510029876
1389.4954943731375 -325.1123953170997
1463.5701180190797 -317.6596950772098
1541.5936928422718 -315.4217324595362
1623.776739188721 -324.14329518701913
1710.3410003378397 -331.1329952303793
1801.520040802024 -325.1123953170997
1897.5598765218504 -321.59057013598607
1998.7196386572507 -324.14329518701913
2105.272272765707 -318.8285060165966
2217.505275253932 -319.0917954038201
2335.7214690901214 -325.1123953170997
2460.239820869775 -inf
2591.3963014396572 -325.1123953170997
2729.5447924020073 -inf
2875.0580409448803 -315.56997022270644
3028.3286655749457 -325.1123953170997
3189.7702154663216 -325.1123953170997
3359.818286283781 -322.1020953604599
3538.9316954909877 -inf
3727.593720314938 -319.0917954038201
3926.3134017068355 -325.1123953170997
4135.626917817706 -318.1226952737395
4356.099030694608 -325.1123953170997
4588.324610100844 -325.1123953170997
4832.930238571752 -319.0917954038201
5090.575902036681 -318.1226952737395
5361.956770568817 -316.08149544718026
5647.805074067552 -inf
5948.892077934331 -inf
6266.030164072656 -319.0917954038201
6600.075022827095 -inf
6951.927961775606 -325.1123953170997
7322.538337604534 -inf
7712.906117627992 -313.07119549054045
8124.0845778629655 -313.07119549054045
8557.183144940002 -325.1123953170997
9013.37038951743 -325.1123953170997
9493.87717927582 -312.80790610331695
10000.0 -313.07119549054045
10533.104453709382 -inf
11094.628943275218 -315.56997022270644
11686.088553466498 -313.07119549054045
12309.079138896019 -312.80790610331695
12965.281629896688 -306.7873061900373
13656.466567946096 -inf
14384.498882876629 -306.7873061900373
15151.342924760515 -315.56997022270644
15959.06776404731 -306.98326175067115
16809.852774253653 -306.98326175067115
17705.99351226898 -306.7873061900373
18649.907912142942 -inf
19644.142809066267 -inf
20691.3808111479 -301.01306408378673
21794.447537529835 -inf
22956.319242369096 -307.0505955772608
24180.13084525718 -inf
25469.184389745402 -306.98326175067115
26826.957952797275 -319.0917954038201
28257.115029208268 -325.1123953170997
29763.51441631313 -301.0299956639812
31350.220625651124 -300.8799365777316
33021.51484968176 -295.005156663182
34781.90651314134 -301.01306408378673
36636.14544020716 -inf
38589.23467029899 -325.1123953170997
40646.44395709628 -301.01306408378673
42813.32398719396 -325.1123953170997
45095.721356761445 -301.01306408378673
47499.79434661403 -301.0299956639812
50032.029538259994 -325.1123953170997
52699.259315756564 -325.1123953170997
55508.680300598106 -inf
58467.87276937589 -319.0917954038201
61584.82110660255 -294.9924641705071
64867.935347885075 -294.9924641705071
68326.07387157406 -295.005156663182
71968.56730011514 -295.005156663182
75805.24367559262 -295.005156663182
79846.45497739078 -295.005156663182
84103.10505352604 -325.1123953170997
88586.67904100832 -325.1123953170997
93309.27435461663 -295.005156663182
98283.63332770011 -288.98455674990237
103523.17759307378 -319.0917954038201
109042.04429677526 -288.98773567756825
114855.12424239368 -288.98879583742195
120978.10206889013 -325.1123953170997
127427.49857031321 -325.1123953170997
134220.7152716012 -325.1123953170997
141376.08138073614 -288.9718642572275
148912.90324394088 -319.0917954038201
156851.5164373548 -288.98455674990237
165213.34063573685 -313.07119549054045
174020.9374062485 -313.07119549054045
183298.07108324338 -288.9792637025451
193069.77288832495 -282.95126434394786
203362.40846866704 -325.1123953170997
214203.74903583832 -315.56997022270644
225623.04629706353 -313.07119549054045
237651.11138110727 -302.8335282709629
250320.39797173254 -307.0505955772608
263665.08987303555 -inf
277721.1932429355 -282.91655005495716
292526.6337436642 -315.56997022270644
308121.35887140024 -315.56997022270644
324547.44574113254 -282.8831506511689
341849.21461759275 -282.96581092830047
360073.348498562 -282.95522676460445
379269.0190732246 -282.5038139973883
399488.019395417 -305.1123953170997
420784.9036297398 -276.94223161088604
443217.13424760854 -282.8922578153861
466845.2370703785 -282.8181368378927
491732.9645779016 -276.8529438850612
517947.46792312124 -276.92848663931863
545559.4781168514 -291.67043815838537
574643.4968715974 -276.8883605528496
605277.9976193343 -270.9249919506961
637545.6372456506 -296.1692346902553
671533.4791115135 -276.9030282532925
707333.2279644439 -303.5287703961472
745041.4773728917 -293.6317699625453
784759.9703514606 -290.5453196766751
826595.8738801812 -276.9355354154619
870662.0680585118 -289.05692081126017
917077.4506742931 -301.8850352724002
965967.2580093823 -307.6111700492657
1017463.4027476063 -276.88437479081074
1071704.8298967092 -276.85780956673574
1128837.8916846884 -317.15359514365895
1189016.74244199 -270.92639972582157
1252403.7545350718 -296.3257414404944
1319169.9564735717 -276.7550933661623
1389495.494373136 -276.8095889151358
1463570.1180190798 -270.90498058115145
1541593.6928422702 -270.8882001267658
1623776.739188721 -290.5453196766751
1710341.0003378377 -276.493408724964
1801520.0408020238 -276.4573137142499
1897559.8765218505 -291.48757056958794
1998719.6386572486 -289.33489300159135
2105272.272765707 -276.9095923620646
2217505.2752539297 -291.0465677547264
2335721.4690901213 -276.55254229157066
2460239.8208697727 -291.3084737165294
2591396.3014396573 -276.9095923620646
2729544.792402007 -317.15359514365895
2875058.040944877 -285.9315674706778
3028328.6655749455 -285.742736346021
3189770.215466318 -275.5534862911957
3359818.286283781 -273.40107166228614
3538931.6954909842 -282.88776689769645
3727593.720314938 -276.9261780533408
3926313.4017068394 -282.9301922753442
4135626.917817706 -282.92697462237095
4356099.030694608 -290.38446527156685
4588324.61010084 -282.2520993120178
4832930.238571752 -292.9632948528063
5090575.902036676 -282.88776689769645
5361956.770568817 -282.90086209755265
5647805.074067546 -282.6196777863687
5948892.077934331 -312.0481450415928
6266030.164072656 -282.7359527407078
6600075.022827089 -302.1898346035349
6951927.961775606 -297.15359514365895
7322538.337604526 -282.96283152416567
7712906.117627992 -288.8941437116205
8124084.5778629575 -288.78579818416057
8557183.144940002 -287.4022193086303
9013370.38951742 -288.0196957073414
9493877.17927582 -282.9467779666204
10000000.0 -300.00694521503357
10533104.45370936 -288.85078874169506
11094628.943275219 -310.3051415272148
11686088.553466497 -288.85078874169506
12309079.138896018 -331.1329952303793
12965281.629896663 -313.07119549054045
13656466.567946097 -288.98853077319535
14384498.882876629 -311.1329952303793
15151342.924760515 -294.88295922023065
15959067.76404731 -294.4379668893359
16809852.774253618 -303.89843851002746
17705993.51226898 -285.4050921350875
18649907.912142944 -294.88295922023065
19644142.809066266 -313.07119549054045
20691380.811147902 -294.040295620621
21794447.537529834 -294.9924641705071
22956319.242369097 -313.07119549054045
24180130.84525718 -304.48422603206717
25469184.3897454 -294.9998636158247
26826957.95279722 -294.88295922023065
28257115.02920827 -313.6317699625453
29763514.41631313 -294.9046404351641
31350220.62565112 -300.9919920151831
33021514.849681754 -309.5493703094268
34781906.51314127 -300.9626618373915
36636145.44020716 -294.9964265911637
38589234.67029899 -321.59057013598607
40646443.95709628 -300.9252403484437
42813323.98719387 -325.1123953170997
45095721.35676145 -318.06874495487244
47499794.346614026 -300.97834979479603
50032029.53825999 -306.7833163461012
52699259.31575657 -320.2516343433738
55508680.300597996 -300.97834979479603
58467872.7693759 -301.01306408378673
61584821.10660254 -306.7873061900373
64867935.34788508 -319.0917954038201
68326073.87157391 -297.47016683406946
71968567.30011514 -295.00277399352717
75805243.67559262 -306.56554027689987
79846454.97739078 -323.1741950569386
84103105.05352604 -306.7873061900373
88586679.04100814 -306.84759792399944
93309274.35461664 -300.8799365777316
98283633.32770011 -312.80790610331695
103523177.59307377 -312.80790610331695
109042044.29677527 -331.1329952303793
114855124.24239345 -312.92113640429085
120978102.06889038 -312.1020953604599
127427498.57031322 -312.66653194460815
134220715.2716012 -335.2153948834978
141376081.38073614 -313.0038616639508
148912903.24394056 -320.8953280108018
156851516.43735445 -317.5364187233169
165213340.63573685 -319.05983951011416
174020937.40624848 -316.956591894136
183298071.08324376 -318.1226952737395
193069772.88832456 -309.45797578517835
203362408.46866703 -319.0244615772304
214203749.0358383 -323.1741950569386
225623046.2970626 -308.14310069022486
237651111.38110778 -315.1123953170997
250320397.97173202 -321.471577902989
263665089.87303555 -310.9626618373915
277721193.2429355 -308.7212673626788
292526633.74366355 -330.16389510029876
308121358.87140083 -322.1020953604599
324547445.74113256 -331.1329952303793
341849214.6175927 -318.1226952737395
360073348.49856204 -339.65236987582495
379269019.0732238 -325.0076400015622
399488019.39541787 -329.76155047129566
420784903.6297398 -330.421621533259
443217134.24760854 -334.0014380764256
466845237.07037944 -330.37239649003
491732964.5779006 -326.78306710251775
517947467.9231202 -321.0773697158043
545559478.1168514 -318.8744024909808
574643496.8715974 -324.7362606428694
605277997.6193355 -367.2565947100571
637545637.2456493 -325.09546373690523
671533479.1115135 -330.86970584315577
707333227.9644439 -333.6317699625453
745041477.3728887 -315.62307239298786
784759970.3514622 -317.41078155488066
826595873.8801795 -323.3064777142761
870662068.0585117 -316.6228107088248
917077450.674293 -317.859405886516
965967258.0093802 -325.1123953170997
1017463402.7476043 -314.6008700926259
1071704829.8967092 -322.1020953604599
1128837891.6846883 -311.6758480897807
1189016742.44199 -328.1226952737395
1252403754.5350692 -328.1226952737395
1319169956.473569 -319.99356170731096
1389495494.373136 -313.8902365343714
1463570118.0190797 -310.16389510029876
1541593692.8422735 -316.98326175067115
1623776739.1887176 -331.1329952303793
1710341000.337838 -301.1942260809672
1801520040.802024 -308.6287952072904
1897559876.5218503 -309.43037807642975
1998719638.6572526 -315.4509779897094
2105272272.7657027 -310.9626618373915
2217505275.2539296 -301.54735639815965
2335721469.0901213 -318.8285060165966
2460239820.8697777 -308.1226952737395
2591396301.439652 -305.0691815792733
2729544792.402002 -313.0038616639508
2875058040.944877 -304.204526037607
3028328665.5749454 -315.56997022270644
3189770215.466325 -318.8285060165966
3359818286.2837744 -309.43037807642975
3538931695.4909844 -313.07119549054045
3727593720.314938 -318.8285060165966
3926313401.7068396 -319.0917954038201
4135626917.8176975 -301.01306408378673
4356099030.694599 -303.49871529474996
4588324610.100841 -298.25497793107706
4832930238.571753 -inf
5090575902.036687 -307.03366399706636
5361956770.568806 -inf
5647805074.067546 -318.8285060165966
5948892077.934331 -318.1226952737395
6266030164.072656 -298.25497793107706
6600075022.827075 -313.0038616639508
6951927961.775591 -301.01306408378673
7322538337.6045265 -290.7887161801253
7712906117.627993 -301.0257565764616
8124084577.862974 -inf
8557183144.939984 -299.0809515908979
9013370389.51742 -297.5062859331226
9493877179.27582 -287.4931169328944
10000000000.0 -301.0257565764616
10.0 -319.15598428328417
10.53310445370937 -302.26740168887255
11.094628943275218 -290.57326766528894
11.686088553466515 -289.42576996521456
12.309079138896024 -285.90173331386825
12.965281629896682 -313.0711748131613
13.65646656794611 -290.34470232853374
14.38449888287663 -323.6177759138564
15.15134292476053 -294.9670187164761
15.95906776404731 -308.8535394332506
16.80985277425364 -287.80214252979056
17.70599351226899 -290.13043441320025
18.64990791214297 -293.2302115304209
19.644142809066278 -305.5566068655445
20.6913808111479 -330.98266382837335
21.794447537529855 -314.84202389168615
22.956319242369098 -294.00294466521706
24.180130845257207 -295.42129711891045
25.4691843897454 -299.79827885308435
26.826957952797258 -306.3021948515511
28.257115029208283 -293.6622953429725
29.76351441631318 -302.59098529968
31.350220625651154 -290.75543642339613
33.02151484968176 -290.84852166934536
34.7819065131413 -297.00564304861155
36.63614544020716 -297.276714108388
38.58923467029903 -296.34266288176593
40.646443957096295 -298.0617253636718
42.81332398719393 -290.2857764251295
45.095721356761466 -293.7570740903285
47.499794346614124 -287.9351145322443
50.03202953826004 -297.96601235291826
52.699259315756564 -310.415823151327
55.50868030059805 -289.697152250043
58.467872769375894 -293.09741010051033
61.58482110660264 -311.930236802575
64.86793534788511 -293.0626987590432
68.32607387157402 -299.6391860042792
71.96856730011521 -287.5929749215396
75.8052436755926 -305.4281849901199
79.84645497739086 -299.6557619463301
84.10310505352605 -303.06228237107723
88.58667904100822 -293.9666698670052
93.30927435461668 -309.4715730772406
98.28363332770026 -289.04508201586765
103.52317759307378 -315.4327789082372
109.04204429677526 -311.34990363345537
114.8551242423938 -290.1840994266786
120.97810206889012 -291.0925677085101
127.42749857031335 -297.7122991065597
134.2207152716012 -287.36330144985106
141.37608138073614 -289.7770922023625
148.91290324394086 -311.22575240252814
156.85151643735477 -290.09370368854
165.213340635737 -286.25101444208104
174.0209374062485 -283.86731975939585
183.29807108324357 -300.6333101373011
193.06977288832496 -283.15623942108425
203.36240846866724 -282.6891467126438
214.2037490358383 -275.2692240962889
225.62304629706352 -285.93152259331197
237.65111138110728 -282.2012526073846
250.32039797173255 -284.0771597318943
263.6650898730358 -293.6127876061716
277.7211932429355 -291.9744999328259
292.5266337436645 -303.950141494107
308.1213588714002 -294.62419278537203
324.54744574113323 -305.2931770993389
341.84921461759274 -298.9200826670858
360.073348498562 -311.98356702879056
379.26901907322497 -317.89361924259634
399.48801939541704 -308.6211773403678
420.78490362974026 -306.98885123533285
443.21713424760856 -307.115654558409
466.84523707037897 -310.15559037782697
491.73296457790156 -311.27854628601415
517.9474679231213 -303.87473997955476
545.5594781168514 -312.16941262006145
574.6434968715973 -319.2141096741169
605.2779976193349 -309.00737401259437
637.5456372456507 -312.5436775994677
671.5334791115142 -328.22569484013763
707.3332279644438 -316.8086892701637
745.0414773728917 -335.3476775408354
784.7599703514607 -321.5232363093964
826.5958738801812 -327.58111494786846
870.6620680585127 -311.1275699394564
917.0774506742931 -314.99854136134076
965.9672580093833 -327.34788066204214
1017.4634027476063 -343.1741950569386
1071.7048298967104 -329.1947949702182
1128.8378916846884 -321.471577902989
1189.01674244199 -324.14329518701913
1252.4037545350732 -309.99356170731096
1319.1699564735716 -330.16389510029876
1389.4954943731375 -325.1123953170997
1463.5701180190797 -317.6596950772098
1541.5936928422718 -315.4217324595362
1623.776739188721 -324.14329518701913
1710.3410003378397 -331.1329952303793
1801.520040802024 -325.1123953170997
1897.5598765218504 -321.59057013598607
1998.7196386572507 -324.14329518701913
2105.272272765707 -318.8285060165966
2217.505275253932 -319.0917954038201
2335.7214690901214 -325.1123953170997
2460.239820869775 -inf
2591.3963014396572 -325.1123953170997
2729.5447924020073 -inf
2875.0580409448803 -315.56997022270644
3028.3286655749457 -325.1123953170997
3189.7702154663216 -325.1123953170997
3359.818286283781 -322.1020953604599
3538.9316954909877 -inf
3727.593720314938 -319.0917954038201
3926.3134017068355 -325.1123953170997
4135.626917817706 -318.1226952737395
4356.099030694608 -325.1123953170997
4588.324610100844 -325.1123953170997
4832.930238571752 -319.0917954038201
5090.575902036681 -318.1226952737395
5361.956770568817 -316.08149544718026
5647.805074067552 -inf
5948.892077934331 -inf
6266.030164072656 -319.0917954038201
6600.075022827095 -inf
6951.927961775606 -325.1123953170997
7322.538337604534 -inf
7712.906117627992 -313.07119549054045
8124.0845778629655 -313.07119549054045
8557.183144940002 -325.1123953170997
9013.37038951743 -325.1123953170997
9493.87717927582 -312.80790610331695
10000.0 -313.07119549054045
10533.104453709382 -inf
11094.628943275218 -315.56997022270644
11686.088553466498 -313.07119549054045
12309.079138896019 -312.80790610331695
12965.281629896688 -306.7873061900373
13656.466567946096 -inf
14384.498882876629 -306.7873061900373
15151.342924760515 -315.56997022270644
15959.06776404731 -306.98326175067115
16809.852774253653 -306.98326175067115
17705.99351226898 -306.7873061900373
18649.907912142942 -inf
19644.142809066267 -inf
20691.3808111479 -301.01306408378673
21794.447537529835 -inf
22956.319242369096 -307.0505955772608
24180.13084525718 -inf
25469.184389745402 -306.98326175067115
26826.957952797275 -319.0917954038201
28257.115029208268 -325.1123953170997
29763.51441631313 -301.0299956639812
31350.220625651124 -300.8799365777316
33021.51484968176 -295.005156663182
34781.90651314134 -301.01306408378673
36636.14544020716 -inf
38589.23467029899 -325.1123953170997
40646.44395709628 -301.01306408378673
42813.32398719396 -325.1123953170997
45095.721356761445 -301.01306408378673
47499.79434661403 -301.0299956639812
50032.029538259994 -325.1123953170997
52699.259315756564 -325.1123953170997
55508.680300598106 -inf
58467.87276937589 -319.0917954038201
61584.82110660255 -294.9924641705071
64867.935347885075 -294.9924641705071
68326.07387157406 -295.005156663182
71968.56730011514 -295.005156663182
75805.24367559262 -295.005156663182
79846.45497739078 -295.005156663182
84103.10505352604 -325.1123953170997
88586.67904100832 -325.1123953170997
93309.27435461663 -295.005156663182
98283.63332770011 -288.98455674990237
103523.17759307378 -319.0917954038201
109042.04429677526 -288.98773567756825
114855.12424239368 -288.98879583742195
120978.10206889013 -325.1123953170997
127427.49857031321 -325.1123953170997
134220.7152716012 -325.1123953170997
141376.08138073614 -288.9718642572275
148912.90324394088 -319.0917954038201
156851.5164373548 -288.98455674990237
165213.34063573685 -313.07119549054045
174020.9374062485 -313.07119549054045
183298.07108324338 -288.9792637025451
193069.77288832495 -282.95126434394786
203362.40846866704 -325.1123953170997
214203.74903583832 -315.56997022270644
225623.04629706353 -313.07119549054045
237651.11138110727 -302.8335282709629
250320.39797173254 -307.0505955772608
263665.08987303555 -inf
277721.1932429355 -282.91655005495716
292526.6337436642 -315.56997022270644
308121.35887140024 -315.56997022270644
324547.44574113254 -282.8831506511689
341849.21461759275 -282.96581092830047
360073.348498562 -282.95522676460445
379269.0190732246 -282.5038139973883
399488.019395417 -305.1123953170997
420784.9036297398 -276.94223161088604
443217.13424760854 -282.8922578153861
466845.2370703785 -282.8181368378927
491732.9645779016 -276.8529438850612
517947.46792312124 -276.92848663931863
545559.4781168514 -291.67043815838537
574643.4968715974 -276.8883605528496
605277.9976193343 -270.9249919506961
637545.6372456506 -296.1692346902553
671533.4791115135 -276.9030282532925
707333.2279644439 -303.5287703961472
745041.4773728917 -293.6317699625453
784759.9703514606 -290.5453196766751
826595.8738801812 -276.9355354154619
870662.0680585118 -289.05692081126017
917077.4506742931 -301.8850352724002
965967.2580093823 -307.6111700492657
1017463.4027476063 -276.88437479081074
1071704.8298967092 -276.85780956673574
1128837.8916846884 -317.15359514365895
1189016.74244199 -270.92639972582157
1252403.7545350718 -296.3257414404944
1319169.9564735717 -276.7550933661623
1389495.494373136 -276.8095889151358
1463570.1180190798 -270.90498058115145
1541593.6928422702 -270.8882001267658
1623776.739188721 -290.5453196766751
1710341.0003378377 -276.493408724964
1801520.0408020238 -276.4573137142499
1897559.8765218505 -291.48757056958794
1998719.6386572486 -289.33489300159135
2105272.272765707 -276.9095923620646
2217505.2752539297 -291.0465677547264
2335721.4690901213 -276.55254229157066
2460239.8208697727 -291.3084737165294
2591396.3014396573 -276.9095923620646
2729544.792402007 -317.15359514365895
2875058.040944877 -285.9315674706778
3028328.6655749455 -285.742736346021
3189770.215466318 -275.5534862911957
3359818.286283781 -273.40107166228614
3538931.6954909842 -282.88776689769645
3727593.720314938 -276.9261780533408
3926313.4017068394 -282.9301922753442
4135626.917817706 -282.92697462237095
4356099.030694608 -290.38446527156685
4588324.61010084 -282.2520993120178
4832930.238571752 -292.9632948528063
5090575.902036676 -282.88776689769645
5361956.770568817 -282.90086209755265
5647805.074067546 -282.6196777863687
5948892.077934331 -312.0481450415928
6266030.164072656 -282.7359527407078
6600075.022827089 -302.1898346035349
6951927.961775606 -297.15359514365895
7322538.337604526 -282.96283152416567
7712906.117627992 -288.8941437116205
8124084.5778629575 -288.78579818416057
8557183.144940002 -287.4022193086303
9013370.38951742 -288.0196957073414
9493877.17927582 -282.9467779666204
10000000.0 -300.00694521503357
10533104.45370936 -288.85078874169506
11094628.943275219 -310.3051415272148
11686088.553466497 -288.85078874169506
12309079.138896018 -331.1329952303793
12965281.629896663 -313.07119549054045
13656466.567946097 -288.98853077319535
14384498.882876629 -311.1329952303793
15151342.924760515 -294.88295922023065
15959067.76404731 -294.4379668893359
16809852.774253618 -303.89843851002746
17705993.51226898 -285.4050921350875
18649907.912142944 -294.88295922023065
19644142.809066266 -313.07119549054045
20691380.811147902 -294.040295620621
21794447.537529834 -294.9924641705071
22956319.242369097 -313.07119549054045
24180130.84525718 -304.48422603206717
25469184.3897454 -294.9998636158247
26826957.95279722 -294.88295922023065
28257115.02920827 -313.6317699625453
29763514.41631313 -294.9046404351641
31350220.62565112 -300.9919920151831
33021514.849681754 -309.5493703094268
34781906.51314127 -300.9626618373915
36636145.44020716 -294.9964265911637
38589234.67029899 -321.59057013598607
40646443.95709628 -300.9252403484437
42813323.98719387 -325.1123953170997
45095721.35676145 -318.06874495487244
47499794.346614026 -300.97834979479603
50032029.53825999 -306.7833163461012
52699259.31575657 -320.2516343433738
55508680.300597996 -300.97834979479603
58467872.7693759 -301.01306408378673
61584821.10660254 -306.7873061900373
64867935.34788508 -319.0917954038201
68326073.87157391 -297.47016683406946
71968567.30011514 -295.00277399352717
75805243.67559262 -306.56554027689987
79846454.97739078 -323.1741950569386
84103105.05352604 -306.7873061900373
88586679.04100814 -306.84759792399944
93309274.35461664 -300.8799365777316
98283633.32770011 -312.80790610331695
103523177.59307377 -312.80790610331695
109042044.29677527 -331.1329952303793
114855124.24239345 -312.92113640429085
120978102.06889038 -312.1020953604599
127427498.57031322 -312.66653194460815
134220715.2716012 -335.2153948834978
141376081.38073614 -313.0038616639508
148912903.24394056 -320.8953280108018
156851516.43735445 -317.5364187233169
165213340.63573685 -319.05983951011416
174020937.40624848 -316.956591894136
183298071.08324376 -318.1226952737395
193069772.88832456 -309.45797578517835
203362408.46866703 -319.0244615772304
214203749.0358383 -323.1741950569386
225623046.2970626 -308.14310069022486
237651111.38110778 -315.1123953170997
250320397.97173202 -321.471577902989
263665089.87303555 -310.9626618373915
277721193.2429355 -308.7212673626788
292526633.74366355 -330.16389510029876
308121358.87140083 -322.1020953604599
324547445.74113256 -331.1329952303793
341849214.6175927 -318.1226952737395
360073348.49856204 -339.65236987582495
379269019.0732238 -325.0076400015622
399488019.39541787 -329.76155047129566
420784903.6297398 -330.421621533259
443217134.24760854 -334.0014380764256
466845237.07037944 -330.37239649003
491732964.5779006 -326.78306710251775
517947467.9231202 -321.0773697158043
545559478.1168514 -318.8744024909808
574643496.8715974 -324.7362606428694
605277997.6193355 -367.2565947100571
637545637.2456493 -325.09546373690523
671533479.1115135 -330.86970584315577
707333227.9644439 -333.6317699625453
745041477.3728887 -315.62307239298786
784759970.3514622 -317.41078155488066
826595873.8801795 -323.3064777142761
870662068.0585117 -316.6228107088248
917077450.674293 -317.859405886516
965967258.0093802 -325.1123953170997
1017463402.7476043 -314.6008700926259
1071704829.8967092 -322.1020953604599
1128837891.6846883 -311.6758480897807
1189016742.44199 -328.1226952737395
1252403754.5350692 -328.1226952737395
1319169956.473569 -319.99356170731096
1389495494.373136 -313.8902365343714
1463570118.0190797 -310.16389510029876
1541593692.8422735 -316.98326175067115
1623776739.1887176 -331.1329952303793
1710341000.337838 -301.1942260809672
1801520040.802024 -308.6287952072904
1897559876.5218503 -309.43037807642975
1998719638.6572526 -315.4509779897094
2105272272.7657027 -310.9626618373915
2217505275.2539296 -301.54735639815965
2335721469.0901213 -318.8285060165966
2460239820.8697777 -308.1226952737395
2591396301.439652 -305.0691815792733
2729544792.402002 -313.0038616639508
2875058040.944877 -304.204526037607
3028328665.5749454 -315.56997022270644
3189770215.466325 -318.8285060165966
3359818286.2837744 -309.43037807642975
3538931695.4909844 -313.07119549054045
3727593720.314938 -318.8285060165966
3926313401.7068396 -319.0917954038201
4135626917.8176975 -301.01306408378673
4356099030.694599 -303.49871529474996
4588324610.100841 -298.25497793107706
4832930238.571753 -inf
5090575902.036687 -307.03366399706636
5361956770.568806 -inf
5647805074.067546 -318.8285060165966
5948892077.934331 -318.1226952737395
6266030164.072656 -298.25497793107706
6600075022.827075 -313.0038616639508
6951927961.775591 -301.01306408378673
7322538337.6045265 -290.7887161801253
7712906117.627993 -301.0257565764616
8124084577.862974 -inf
8557183144.939984 -299.0809515908979
9013370389.51742 -297.5062859331226
9493877179.27582 -287.4931169328944
10000000000.0 -301.0257565764616
