10.0 -22.922560713564323
10.53310445370937 -22.922560713560483
11.094628943275218 -22.92256071356452
11.686088553466515 -22.922560713561776
12.309079138896024 -22.92256071356008
12.965281629896682 -22.922560713555416
13.65646656794611 -22.922560713561126
14.38449888287663 -22.922560713562966
15.15134292476053 -22.922560713566863
15.95906776404731 -22.922560713568053
16.80985277425364 -22.922560713568103
17.70599351226899 -22.92256071356322
18.64990791214297 -22.922560713561918
19.644142809066278 -22.922560713563858
20.6913808111479 -22.922560713564167
21.794447537529855 -22.922560713562167
22.956319242369098 -22.922560713565492
24.180130845257207 -22.922560713563396
25.4691843897454 -22.92256071356212
26.826957952797258 -22.922560713565446
28.257115029208283 -22.922560713564465
29.76351441631318 -22.922560713563843
31.350220625651154 -22.92256071356615
33.02151484968176 -22.922560713562795
34.7819065131413 -22.92256071356317
36.63614544020716 -22.922560713564877
38.58923467029903 -22.922560713563634
40.646443957096295 -22.922560713564106
42.81332398719393 -22.922560713562827
45.095721356761466 -22.922560713566142
47.499794346614124 -22.92256071356666
50.03202953826004 -22.92256071356563
52.699259315756564 -22.92256071356496
55.50868030059805 -22.922560713561833
58.467872769375894 -22.922560713564955
61.58482110660264 -22.922560713564536
64.86793534788511 -22.92256071356411
68.32607387157402 -22.92256071356512
71.96856730011521 -22.922560713563634
75.8052436755926 -22.922560713566643
79.84645497739086 -22.92256071356432
84.10310505352605 -22.92256071356509
88.58667904100822 -22.92256071356514
93.30927435461668 -22.922560713565016
98.28363332770026 -22.922560713565932
103.52317759307378 -22.922560713564483
109.04204429677526 -22.922560713563406
114.8551242423938 -22.92256071356521
120.97810206889012 -22.92256071356466
127.42749857031335 -22.922560713562696
134.2207152716012 -22.922560713564923
141.37608138073614 -22.92256071356459
148.91290324394086 -22.92256071356504
156.85151643735477 -22.922560713564913
165.213340635737 -22.92256071356715
174.0209374062485 -22.922560713565474
183.29807108324357 -22.922560713565645
193.06977288832496 -22.922560713563016
203.36240846866724 -22.922560713565886
214.2037490358383 -22.92256071356494
225.62304629706352 -22.92256071356597
237.65111138110728 -22.922560713563126
250.32039797173255 -22.92256071356522
263.6650898730358 -22.922560713565844
277.7211932429355 -22.922560713567574
292.5266337436645 -22.922560713566252
308.1213588714002 -22.9225607135648
324.54744574113323 -22.922560713564366
341.84921461759274 -22.922560713562813
360.073348498562 -22.922560713565915
379.26901907322497 -22.92256071356303
399.48801939541704 -22.92256071356124
420.78490362974026 -22.922560713561655
443.21713424760856 -22.922560713565083
466.84523707037897 -22.92256071356656
491.73296457790156 -22.92256071356538
517.9474679231213 -22.922560713566238
545.5594781168514 -22.922560713563954
574.6434968715973 -22.922560713565762
605.2779976193349 -22.922560713565026
637.5456372456507 -22.92256071356642
671.5334791115142 -22.92256071356644
707.3332279644438 -22.92256071356727
745.0414773728917 -22.92256071356674
784.7599703514607 -22.922560713564927
826.5958738801812 -22.922560713564707
870.6620680585127 -22.922560713564053
917.0774506742931 -22.92256071356519
965.9672580093833 -22.92256071356354
1017.4634027476063 -22.92256071356572
1071.7048298967104 -22.922560713562916
1128.8378916846884 -22.92256071356459
1189.01674244199 -22.922560713565694
1252.4037545350732 -22.922560713565314
1319.1699564735716 -22.922560713564014
1389.4954943731375 -22.92256071356499
1463.5701180190797 -22.922560713564444
1541.5936928422718 -22.922560713564792
1623.776739188721 -22.922560713564746
1710.3410003378397 -22.92256071356572
1801.520040802024 -22.922560713563783
1897.5598765218504 -22.9225607135654
1998.7196386572507 -22.922560713564213
2105.272272765707 -22.92256071356391
2217.505275253932 -22.922560713563268
2335.7214690901214 -22.922560713565794
2460.239820869775 -22.922560713564785
2591.3963014396572 -22.922560713564156
2729.5447924020073 -22.922560713563445
2875.0580409448803 -22.922560713565225
3028.3286655749457 -22.922560713564167
3189.7702154663216 -22.922560713564945
3359.818286283781 -22.92256071356428
3538.9316954909877 -22.922560713564657
3727.593720314938 -22.922560713564337
3926.3134017068355 -22.92256071356465
4135.626917817706 -22.92256071356408
4356.099030694608 -22.922560713564593
4588.324610100844 -22.922560713564636
4832.930238571752 -22.922560713564245
5090.575902036681 -22.922560713564565
5361.956770568817 -22.922560713565055
5647.805074067552 -22.92256071356496
5948.892077934331 -22.922560713564238
6266.030164072656 -22.922560713564653
6600.075022827095 -22.92256071356476
6951.927961775606 -22.922560713564625
7322.538337604534 -22.92256071356482
7712.906117627992 -22.922560713564618
8124.0845778629655 -22.92256071356464
8557.183144940002 -22.922560713564806
9013.37038951743 -22.922560713564614
9493.87717927582 -22.922560713564973
10000.0 -22.922560713565083
10533.104453709382 -22.92256071356452
11094.628943275218 -22.922560713565066
11686.088553466498 -22.922560713564238
12309.079138896019 -22.922560713564565
12965.281629896688 -22.9225607135646
13656.466567946096 -22.922560713564877
14384.498882876629 -22.922560713564856
15151.342924760515 -22.922560713565492
15959.06776404731 -22.922560713564415
16809.852774253653 -22.922560713564778
17705.99351226898 -22.92256071356496
18649.907912142942 -22.922560713564252
19644.142809066267 -22.92256071356437
20691.3808111479 -22.92256071356433
21794.447537529835 -22.922560713564586
22956.319242369096 -22.922560713564767
24180.13084525718 -22.9225607135656
25469.184389745402 -22.922560713564746
26826.957952797275 -22.922560713564426
28257.115029208268 -22.922560713564657
29763.51441631313 -22.92256071356529
31350.220625651124 -22.92256071356459
33021.51484968176 -22.922560713564888
34781.90651314134 -22.922560713565296
36636.14544020716 -22.922560713565254
38589.23467029899 -22.92256071356435
40646.44395709628 -22.92256071356501
42813.32398719396 -22.92256071356426
45095.721356761445 -22.92256071356477
47499.79434661403 -22.922560713564593
50032.029538259994 -22.922560713565083
52699.259315756564 -22.922560713564447
55508.680300598106 -22.922560713564817
58467.87276937589 -22.92256071356491
61584.82110660255 -22.92256071356453
64867.935347885075 -22.922560713564604
68326.07387157406 -22.922560713564337
71968.56730011514 -22.922560713564536
75805.24367559262 -22.9225607135648
79846.45497739078 -22.922560713564316
84103.10505352604 -22.92256071356593
88586.67904100832 -22.922560713564884
93309.27435461663 -22.922560713564273
98283.63332770011 -22.922560713565193
103523.17759307378 -22.922560713564263
109042.04429677526 -22.922560713564643
114855.12424239368 -22.922560713564874
120978.10206889013 -22.92256071356463
127427.49857031321 -22.922560713564852
134220.7152716012 -22.922560713564888
141376.08138073614 -22.922560713564806
148912.90324394088 -22.922560713564515
156851.5164373548 -22.922560713564415
165213.34063573685 -22.92256071356538
174020.9374062485 -22.922560713564227
183298.07108324338 -22.92256071356469
193069.77288832495 -22.92256071356464
203362.40846866704 -22.922560713564437
214203.74903583832 -22.922560713564806
225623.04629706353 -22.92256071356487
237651.11138110727 -22.92256071356467
250320.39797173254 -22.92256071356476
263665.08987303555 -22.922560713565076
277721.1932429355 -22.922560713564785
292526.6337436642 -22.922560713565026
308121.35887140024 -22.922560713564874
324547.44574113254 -22.92256071356476
341849.21461759275 -22.922560713564696
360073.348498562 -22.92256071356484
379269.0190732246 -22.922560713564955
399488.019395417 -22.922560713564803
420784.9036297398 -22.92256071356498
443217.13424760854 -22.922560713564856
466845.2370703785 -22.922560713564792
491732.9645779016 -22.922560713564735
517947.46792312124 -22.92256071356501
545559.4781168514 -22.922560713564817
574643.4968715974 -22.922560713565062
605277.9976193343 -22.922560713564657
637545.6372456506 -22.922560713564696
671533.4791115135 -22.92256071356455
707333.2279644439 -22.922560713564426
745041.4773728917 -22.922560713564902
784759.9703514606 -22.92256071356463
826595.8738801812 -22.92256071356463
870662.0680585118 -22.922560713564955
917077.4506742931 -22.92256071356455
965967.2580093823 -22.922560713565225
1017463.4027476063 -22.922560713564685
1071704.8298967092 -22.92256071356401
1128837.8916846884 -22.922560713565034
1189016.74244199 -22.92256071356471
1252403.7545350718 -22.922560713564657
1319169.9564735717 -22.922560713564412
1389495.494373136 -22.922560713564764
1463570.1180190798 -22.92256071356541
1541593.6928422702 -22.92256071356455
1623776.739188721 -22.922560713564494
1710341.0003378377 -22.922560713565304
1801520.0408020238 -22.92256071356471
1897559.8765218505 -22.922560713564252
1998719.6386572486 -22.922560713564685
2105272.272765707 -22.922560713565115
2217505.2752539297 -22.922560713564167
2335721.4690901213 -22.922560713564902
2460239.8208697727 -22.92256071356393
2591396.3014396573 -22.922560713564465
2729544.792402007 -22.922560713564902
2875058.040944877 -22.922560713563875
3028328.6655749455 -22.922560713565193
3189770.215466318 -22.922560713564227
3359818.286283781 -22.922560713565332
3538931.6954909842 -22.922560713563954
3727593.720314938 -22.922560713565115
3926313.4017068394 -22.922560713568892
4135626.917817706 -22.922560713566142
4356099.030694608 -22.922560713566437
4588324.61010084 -22.92256071356984
4832930.238571752 -22.922560713568217
5090575.902036676 -22.922560713565115
5361956.770568817 -22.92256071356379
5647805.074067546 -22.922560713573027
5948892.077934331 -22.922560713569084
6266030.164072656 -22.922560713568277
6600075.022827089 -22.922560713567435
6951927.961775606 -22.922560713563115
7322538.337604526 -22.922560713575027
7712906.117627992 -22.922560713571567
8124084.5778629575 -22.922560713569382
8557183.144940002 -22.92256071356949
9013370.38951742 -22.922560713563904
9493877.17927582 -22.922560713563414
10000000.0 -22.92256071356096
10533104.45370936 -22.922560713576456
11094628.943275219 -22.922560713568515
11686088.553466497 -22.92256071357138
12309079.138896018 -22.92256071355866
12965281.629896663 -22.922560713568707
13656466.567946097 -22.922560713579585
14384498.882876629 -22.922560713558934
15151342.924760515 -22.922560713573837
15959067.76404731 -22.922560713558177
16809852.774253618 -22.92256071353663
17705993.51226898 -22.92256071362738
18649907.912142944 -22.92256071354376
19644142.809066266 -22.92256071353649
20691380.811147902 -22.922560713584556
21794447.537529834 -22.922560713506684
22956319.242369097 -22.92256071357365
24180130.84525718 -22.922560713545835
25469184.3897454 -22.92256071355029
26826957.95279722 -22.92256071356863
28257115.02920827 -22.92256071355134
29763514.41631313 -22.922560713529528
31350220.62565112 -22.92256071361105
33021514.849681754 -22.92256071337792
34781906.51314127 -22.922560713793896
36636145.44020716 -22.922560713258786
38589234.67029899 -22.922560713900552
40646443.95709628 -22.922560713633185
42813323.98719387 -22.922560713387394
45095721.35676145 -22.9225607130873
47499794.346614026 -22.922560713131233
50032029.53825999 -22.922560713501042
52699259.31575657 -22.92256071385249
55508680.300597996 -22.922560714691087
58467872.7693759 -22.922560712675022
61584821.10660254 -22.92256071437229
64867935.34788508 -22.922560713826567
68326073.87157391 -22.92256071396803
71968567.30011514 -22.92256071259175
75805243.67559262 -22.92256071484929
79846454.97739078 -22.92256071012282
84103105.05352604 -22.922560713125293
88586679.04100814 -22.922560711972125
93309274.35461664 -22.92256071830301
98283633.32770011 -22.922560716425405
103523177.59307377 -22.922560715585423
109042044.29677527 -22.92256073139912
114855124.24239345 -22.922560713012103
120978102.06889038 -22.92256072176602
127427498.57031322 -22.92256070469334
134220715.2716012 -22.922560708398766
141376081.38073614 -22.92256067377252
148912903.24394056 -22.922560700633095
156851516.43735445 -22.922560768310877
165213340.63573685 -22.922560847336495
174020937.40624848 -22.922560851427605
183298071.08324376 -22.92256079059991
193069772.88832456 -22.922560898075094
203362408.46866703 -22.922560723084757
214203749.0358383 -22.922560727996995
225623046.2970626 -22.92256066810184
237651111.38110778 -22.92256098585363
250320397.97173202 -22.92256083266568
263665089.87303555 -22.922560869171804
277721193.2429355 -22.922560983693696
292526633.74366355 -22.922560962350083
308121358.87140083 -22.922561113551208
324547445.74113256 -22.922560355722247
341849214.6175927 -22.922561339978003
360073348.49856204 -22.92256129728008
379269019.0732238 -22.922560901452186
399488019.39541787 -22.92256164191191
420784903.6297398 -22.922560663074776
443217134.24760854 -22.92256182286456
466845237.07037944 -22.922560759446622
491732964.5779006 -22.92256196256988
517947467.9231202 -22.922561004867017
545559478.1168514 -22.92255988566238
574643496.8715974 -22.922561703860467
605277997.6193355 -22.92255937608661
637545637.2456493 -22.922560579522077
671533479.1115135 -22.92256215172347
707333227.9644439 -22.92255988078994
745041477.3728887 -22.922561203445863
784759970.3514622 -22.92256142001208
826595873.8801795 -22.92255992580198
870662068.0585117 -22.9225620187432
917077450.674293 -22.92255941760198
965967258.0093802 -22.922560967927218
1017463402.7476043 -22.922561441846266
1071704829.8967092 -22.922560878665834
1128837891.6846883 -22.922562468086966
1189016742.44199 -22.922560386451394
1252403754.5350692 -22.922564396191426
1319169956.473569 -22.922558774024782
1389495494.373136 -22.922561864884926
1463570118.0190797 -22.922560739745172
1541593692.8422735 -22.922558737477935
1623776739.1887176 -22.92255991524349
1710341000.337838 -22.922563696350018
1801520040.802024 -22.922561419132034
1897559876.5218503 -22.92256124316325
1998719638.6572526 -22.922561724327668
2105272272.7657027 -22.922563807274962
2217505275.2539296 -22.922562307341458
2335721469.0901213 -22.922555884720474
2460239820.8697777 -22.922558320328136
2591396301.439652 -22.922562395597247
2729544792.402002 -22.922563939949256
2875058040.944877 -22.922558820655947
3028328665.5749454 -22.92256878198922
3189770215.466325 -22.922567135031727
3359818286.2837744 -22.922559591387053
3538931695.4909844 -22.92256486949608
3727593720.314938 -22.92256297424665
3926313401.7068396 -22.922553296413422
4135626917.8176975 -22.92256307755842
4356099030.694599 -22.922565867564412
4588324610.100841 -22.92256185869967
4832930238.571753 -22.922558800903715
5090575902.036687 -22.92256199924457
5361956770.568806 -22.922559021954957
5647805074.067546 -22.92255355334187
5948892077.934331 -22.922566099154054
6266030164.072656 -22.922569004612633
6600075022.827075 -22.922560829345997
6951927961.775591 -22.92257178865969
7322538337.6045265 -22.922562820310887
7712906117.627993 -22.922564154598653
8124084577.862974 -22.92255883478475
8557183144.939984 -22.92256645388806
9013370389.51742 -22.922567022264424
9493877179.27582 -22.922573394000775
10000000000.0 -22.92255798865439
10.0 -22.922560713564323
10.53310445370937 -22.922560713560483
11.094628943275218 -22.92256071356452
11.686088553466515 -22.922560713561776
12.309079138896024 -22.92256071356008
12.965281629896682 -22.922560713555416
13.65646656794611 -22.922560713561126
14.38449888287663 -22.922560713562966
15.15134292476053 -22.922560713566863
15.95906776404731 -22.922560713568053
16.80985277425364 -22.922560713568103
17.70599351226899 -22.92256071356322
18.64990791214297 -22.922560713561918
19.644142809066278 -22.922560713563858
20.6913808111479 -22.922560713564167
21.794447537529855 -22.922560713562167
22.956319242369098 -22.922560713565492
24.180130845257207 -22.922560713563396
25.4691843897454 -22.92256071356212
26.826957952797258 -22.922560713565446
28.257115029208283 -22.922560713564465
29.76351441631318 -22.922560713563843
31.350220625651154 -22.92256071356615
33.02151484968176 -22.922560713562795
34.7819065131413 -22.92256071356317
36.63614544020716 -22.922560713564877
38.58923467029903 -22.922560713563634
40.646443957096295 -22.922560713564106
42.81332398719393 -22.922560713562827
45.095721356761466 -22.922560713566142
47.499794346614124 -22.92256071356666
50.03202953826004 -22.92256071356563
52.699259315756564 -22.92256071356496
55.50868030059805 -22.922560713561833
58.467872769375894 -22.922560713564955
61.58482110660264 -22.922560713564536
64.86793534788511 -22.92256071356411
68.32607387157402 -22.92256071356512
71.96856730011521 -22.922560713563634
75.8052436755926 -22.922560713566643
79.84645497739086 -22.92256071356432
84.10310505352605 -22.92256071356509
88.58667904100822 -22.92256071356514
93.30927435461668 -22.922560713565016
98.28363332770026 -22.922560713565932
103.52317759307378 -22.922560713564483
109.04204429677526 -22.922560713563406
114.8551242423938 -22.92256071356521
120.97810206889012 -22.92256071356466
127.42749857031335 -22.922560713562696
134.2207152716012 -22.922560713564923
141.37608138073614 -22.92256071356459
148.91290324394086 -22.92256071356504
156.85151643735477 -22.922560713564913
165.213340635737 -22.92256071356715
174.0209374062485 -22.922560713565474
183.29807108324357 -22.922560713565645
193.06977288832496 -22.922560713563016
203.36240846866724 -22.922560713565886
214.2037490358383 -22.92256071356494
225.62304629706352 -22.92256071356597
237.65111138110728 -22.922560713563126
250.32039797173255 -22.92256071356522
263.6650898730358 -22.922560713565844
277.7211932429355 -22.922560713567574
292.5266337436645 -22.922560713566252
308.1213588714002 -22.9225607135648
324.54744574113323 -22.922560713564366
341.84921461759274 -22.922560713562813
360.073348498562 -22.922560713565915
379.26901907322497 -22.92256071356303
399.48801939541704 -22.92256071356124
420.78490362974026 -22.922560713561655
443.21713424760856 -22.922560713565083
466.84523707037897 -22.92256071356656
491.73296457790156 -22.92256071356538
517.9474679231213 -22.922560713566238
545.5594781168514 -22.922560713563954
574.6434968715973 -22.922560713565762
605.2779976193349 -22.922560713565026
637.5456372456507 -22.92256071356642
671.5334791115142 -22.92256071356644
707.3332279644438 -22.92256071356727
745.0414773728917 -22.92256071356674
784.7599703514607 -22.922560713564927
826.5958738801812 -22.922560713564707
870.6620680585127 -22.922560713564053
917.0774506742931 -22.92256071356519
965.9672580093833 -22.92256071356354
1017.4634027476063 -22.92256071356572
1071.7048298967104 -22.922560713562916
1128.8378916846884 -22.92256071356459
1189.01674244199 -22.922560713565694
1252.4037545350732 -22.922560713565314
1319.1699564735716 -22.922560713564014
1389.4954943731375 -22.92256071356499
1463.5701180190797 -22.922560713564444
1541.5936928422718 -22.922560713564792
1623.776739188721 -22.922560713564746
1710.3410003378397 -22.92256071356572
1801.520040802024 -22.922560713563783
1897.5598765218504 -22.9225607135654
1998.7196386572507 -22.922560713564213
2105.272272765707 -22.92256071356391
2217.505275253932 -22.922560713563268
2335.7214690901214 -22.922560713565794
2460.239820869775 -22.922560713564785
2591.3963014396572 -22.922560713564156
2729.5447924020073 -22.922560713563445
2875.0580409448803 -22.922560713565225
3028.3286655749457 -22.922560713564167
3189.7702154663216 -22.922560713564945
3359.818286283781 -22.92256071356428
3538.9316954909877 -22.922560713564657
3727.593720314938 -22.922560713564337
3926.3134017068355 -22.92256071356465
4135.626917817706 -22.92256071356408
4356.099030694608 -22.922560713564593
4588.324610100844 -22.922560713564636
4832.930238571752 -22.922560713564245
5090.575902036681 -22.922560713564565
5361.956770568817 -22.922560713565055
5647.805074067552 -22.92256071356496
5948.892077934331 -22.922560713564238
6266.030164072656 -22.922560713564653
6600.075022827095 -22.92256071356476
6951.927961775606 -22.922560713564625
7322.538337604534 -22.92256071356482
7712.906117627992 -22.922560713564618
8124.0845778629655 -22.92256071356464
8557.183144940002 -22.922560713564806
9013.37038951743 -22.922560713564614
9493.87717927582 -22.922560713564973
10000.0 -22.922560713565083
10533.104453709382 -22.92256071356452
11094.628943275218 -22.922560713565066
11686.088553466498 -22.922560713564238
12309.079138896019 -22.922560713564565
12965.281629896688 -22.9225607135646
13656.466567946096 -22.922560713564877
14384.498882876629 -22.922560713564856
15151.342924760515 -22.922560713565492
15959.06776404731 -22.922560713564415
16809.852774253653 -22.922560713564778
17705.99351226898 -22.92256071356496
18649.907912142942 -22.922560713564252
19644.142809066267 -22.92256071356437
20691.3808111479 -22.92256071356433
21794.447537529835 -22.922560713564586
22956.319242369096 -22.922560713564767
24180.13084525718 -22.9225607135656
25469.184389745402 -22.922560713564746
26826.957952797275 -22.922560713564426
28257.115029208268 -22.922560713564657
29763.51441631313 -22.92256071356529
31350.220625651124 -22.92256071356459
33021.51484968176 -22.922560713564888
34781.90651314134 -22.922560713565296
36636.14544020716 -22.922560713565254
38589.23467029899 -22.92256071356435
40646.44395709628 -22.92256071356501
42813.32398719396 -22.92256071356426
45095.721356761445 -22.92256071356477
47499.79434661403 -22.922560713564593
50032.029538259994 -22.922560713565083
52699.259315756564 -22.922560713564447
55508.680300598106 -22.922560713564817
58467.87276937589 -22.92256071356491
61584.82110660255 -22.92256071356453
64867.935347885075 -22.922560713564604
68326.07387157406 -22.922560713564337
71968.56730011514 -22.922560713564536
75805.24367559262 -22.9225607135648
79846.45497739078 -22.922560713564316
84103.10505352604 -22.92256071356593
88586.67904100832 -22.922560713564884
93309.27435461663 -22.922560713564273
98283.63332770011 -22.922560713565193
103523.17759307378 -22.922560713564263
109042.04429677526 -22.922560713564643
114855.12424239368 -22.922560713564874
120978.10206889013 -22.92256071356463
127427.49857031321 -22.922560713564852
134220.7152716012 -22.922560713564888
141376.08138073614 -22.922560713564806
148912.90324394088 -22.922560713564515
156851.5164373548 -22.922560713564415
165213.34063573685 -22.92256071356538
174020.9374062485 -22.922560713564227
183298.07108324338 -22.92256071356469
193069.77288832495 -22.92256071356464
203362.40846866704 -22.922560713564437
214203.74903583832 -22.922560713564806
225623.04629706353 -22.92256071356487
237651.11138110727 -22.92256071356467
250320.39797173254 -22.92256071356476
263665.08987303555 -22.922560713565076
277721.1932429355 -22.922560713564785
292526.6337436642 -22.922560713565026
308121.35887140024 -22.922560713564874
324547.44574113254 -22.92256071356476
341849.21461759275 -22.922560713564696
360073.348498562 -22.92256071356484
379269.0190732246 -22.922560713564955
399488.019395417 -22.922560713564803
420784.9036297398 -22.92256071356498
443217.13424760854 -22.922560713564856
466845.2370703785 -22.922560713564792
491732.9645779016 -22.922560713564735
517947.46792312124 -22.92256071356501
545559.4781168514 -22.922560713564817
574643.4968715974 -22.922560713565062
605277.9976193343 -22.922560713564657
637545.6372456506 -22.922560713564696
671533.4791115135 -22.92256071356455
707333.2279644439 -22.922560713564426
745041.4773728917 -22.922560713564902
784759.9703514606 -22.92256071356463
826595.8738801812 -22.92256071356463
870662.0680585118 -22.922560713564955
917077.4506742931 -22.92256071356455
965967.2580093823 -22.922560713565225
1017463.4027476063 -22.922560713564685
1071704.8298967092 -22.92256071356401
1128837.8916846884 -22.922560713565034
1189016.74244199 -22.92256071356471
1252403.7545350718 -22.922560713564657
1319169.9564735717 -22.922560713564412
1389495.494373136 -22.922560713564764
1463570.1180190798 -22.92256071356541
1541593.6928422702 -22.92256071356455
1623776.739188721 -22.922560713564494
1710341.0003378377 -22.922560713565304
1801520.0408020238 -22.92256071356471
1897559.8765218505 -22.922560713564252
1998719.6386572486 -22.922560713564685
2105272.272765707 -22.922560713565115
2217505.2752539297 -22.922560713564167
2335721.4690901213 -22.922560713564902
2460239.8208697727 -22.92256071356393
2591396.3014396573 -22.922560713564465
2729544.792402007 -22.922560713564902
2875058.040944877 -22.922560713563875
3028328.6655749455 -22.922560713565193
3189770.215466318 -22.922560713564227
3359818.286283781 -22.922560713565332
3538931.6954909842 -22.922560713563954
3727593.720314938 -22.922560713565115
3926313.4017068394 -22.922560713568892
4135626.917817706 -22.922560713566142
4356099.030694608 -22.922560713566437
4588324.61010084 -22.92256071356984
4832930.238571752 -22.922560713568217
5090575.902036676 -22.922560713565115
5361956.770568817 -22.92256071356379
5647805.074067546 -22.922560713573027
5948892.077934331 -22.922560713569084
6266030.164072656 -22.922560713568277
6600075.022827089 -22.922560713567435
6951927.961775606 -22.922560713563115
7322538.337604526 -22.922560713575027
7712906.117627992 -22.922560713571567
8124084.5778629575 -22.922560713569382
8557183.144940002 -22.92256071356949
9013370.38951742 -22.922560713563904
9493877.17927582 -22.922560713563414
10000000.0 -22.92256071356096
10533104.45370936 -22.922560713576456
11094628.943275219 -22.922560713568515
11686088.553466497 -22.92256071357138
12309079.138896018 -22.92256071355866
12965281.629896663 -22.922560713568707
13656466.567946097 -22.922560713579585
14384498.882876629 -22.922560713558934
15151342.924760515 -22.922560713573837
15959067.76404731 -22.922560713558177
16809852.774253618 -22.92256071353663
17705993.51226898 -22.92256071362738
18649907.912142944 -22.92256071354376
19644142.809066266 -22.92256071353649
20691380.811147902 -22.922560713584556
21794447.537529834 -22.922560713506684
22956319.242369097 -22.92256071357365
24180130.84525718 -22.922560713545835
25469184.3897454 -22.92256071355029
26826957.95279722 -22.92256071356863
28257115.02920827 -22.92256071355134
29763514.41631313 -22.922560713529528
31350220.62565112 -22.92256071361105
33021514.849681754 -22.92256071337792
34781906.51314127 -22.922560713793896
36636145.44020716 -22.922560713258786
38589234.67029899 -22.922560713900552
40646443.95709628 -22.922560713633185
42813323.98719387 -22.922560713387394
45095721.35676145 -22.9225607130873
47499794.346614026 -22.922560713131233
50032029.53825999 -22.922560713501042
52699259.31575657 -22.92256071385249
55508680.300597996 -22.922560714691087
58467872.7693759 -22.922560712675022
61584821.10660254 -22.92256071437229
64867935.34788508 -22.922560713826567
68326073.87157391 -22.92256071396803
71968567.30011514 -22.92256071259175
75805243.67559262 -22.92256071484929
79846454.97739078 -22.92256071012282
84103105.05352604 -22.922560713125293
88586679.04100814 -22.922560711972125
93309274.35461664 -22.92256071830301
98283633.32770011 -22.922560716425405
103523177.59307377 -22.922560715585423
109042044.29677527 -22.92256073139912
114855124.24239345 -22.922560713012103
120978102.06889038 -22.92256072176602
127427498.57031322 -22.92256070469334
134220715.2716012 -22.922560708398766
141376081.38073614 -22.92256067377252
148912903.24394056 -22.922560700633095
156851516.43735445 -22.922560768310877
165213340.63573685 -22.922560847336495
174020937.40624848 -22.922560851427605
183298071.08324376 -22.92256079059991
193069772.88832456 -22.922560898075094
203362408.46866703 -22.922560723084757
214203749.0358383 -22.922560727996995
225623046.2970626 -22.92256066810184
237651111.38110778 -22.92256098585363
250320397.97173202 -22.92256083266568
263665089.87303555 -22.922560869171804
277721193.2429355 -22.922560983693696
292526633.74366355 -22.922560962350083
308121358.87140083 -22.922561113551208
324547445.74113256 -22.922560355722247
341849214.6175927 -22.922561339978003
360073348.49856204 -22.92256129728008
379269019.0732238 -22.922560901452186
399488019.39541787 -22.92256164191191
420784903.6297398 -22.922560663074776
443217134.24760854 -22.92256182286456
466845237.07037944 -22.922560759446622
491732964.5779006 -22.92256196256988
517947467.9231202 -22.922561004867017
545559478.1168514 -22.92255988566238
574643496.8715974 -22.922561703860467
605277997.6193355 -22.92255937608661
637545637.2456493 -22.922560579522077
671533479.1115135 -22.92256215172347
707333227.9644439 -22.92255988078994
745041477.3728887 -22.922561203445863
784759970.3514622 -22.92256142001208
826595873.8801795 -22.92255992580198
870662068.0585117 -22.9225620187432
917077450.674293 -22.92255941760198
965967258.0093802 -22.922560967927218
1017463402.7476043 -22.922561441846266
1071704829.8967092 -22.922560878665834
1128837891.6846883 -22.922562468086966
1189016742.44199 -22.922560386451394
1252403754.5350692 -22.922564396191426
1319169956.473569 -22.922558774024782
1389495494.373136 -22.922561864884926
1463570118.0190797 -22.922560739745172
1541593692.8422735 -22.922558737477935
1623776739.1887176 -22.92255991524349
1710341000.337838 -22.922563696350018
1801520040.802024 -22.922561419132034
1897559876.5218503 -22.92256124316325
1998719638.6572526 -22.922561724327668
2105272272.7657027 -22.922563807274962
2217505275.2539296 -22.922562307341458
2335721469.0901213 -22.922555884720474
2460239820.8697777 -22.922558320328136
2591396301.439652 -22.922562395597247
2729544792.402002 -22.922563939949256
2875058040.944877 -22.922558820655947
3028328665.5749454 -22.92256878198922
3189770215.466325 -22.922567135031727
3359818286.2837744 -22.922559591387053
3538931695.4909844 -22.92256486949608
3727593720.314938 -22.92256297424665
3926313401.7068396 -22.922553296413422
4135626917.8176975 -22.92256307755842
4356099030.694599 -22.922565867564412
4588324610.100841 -22.92256185869967
4832930238.571753 -22.922558800903715
5090575902.036687 -22.92256199924457
5361956770.568806 -22.922559021954957
5647805074.067546 -22.92255355334187
5948892077.934331 -22.922566099154054
6266030164.072656 -22.922569004612633
6600075022.827075 -22.922560829345997
6951927961.775591 -22.92257178865969
7322538337.6045265 -22.922562820310887
7712906117.627993 -22.922564154598653
8124084577.862974 -22.92255883478475
8557183144.939984 -22.92256645388806
9013370389.51742 -22.922567022264424
9493877179.27582 -22.922573394000775
10000000000.0 -22.92255798865439
