10.0 -26.979132088243958
10.53310445370937 -27.17454740596649
11.094628943275218 -27.36746771497359
11.686088553466515 -27.556493645034994
12.309079138896024 -27.740173549068338
12.965281629896682 -27.917016694701946
13.65646656794611 -28.085507879244762
14.38449888287663 -28.24412345501713
15.15134292476053 -28.391348698373136
15.95906776404731 -28.525696398127582
16.80985277425364 -28.64572642195718
17.70599351226899 -28.750065917303985
18.64990791214297 -28.83742967018417
19.644142809066278 -28.906640036266804
20.6913808111479 -28.956645745513665
21.794447537529855 -28.986538842576216
22.956319242369098 -28.995569008640594
24.180130845257207 -28.983154574634785
25.4691843897454 -28.948889658030804
26.826957952797258 -28.89254704244115
28.257115029208283 -28.81407664073521
29.76351441631318 -28.713599631473002
31.350220625651154 -28.591398599244876
33.02151484968176 -28.447904221241874
34.7819065131413 -28.283679204087946
36.63614544020716 -28.099400271492847
38.58923467029903 -27.8958390373163
40.646443957096295 -27.673842563996665
42.81332398719393 -27.434314327353665
45.095721356761466 -27.178196185398956
47.499794346614124 -26.906451815252318
50.03202953826004 -26.620051934689485
52.699259315756564 -26.319961490893814
55.50868030059805 -26.00712888182828
58.467872769375894 -25.682477175671057
61.58482110660264 -25.346897223132267
64.86793534788511 -25.001242503599983
68.32607387157402 -24.646325518602517
71.96856730011521 -24.282915528746308
75.8052436755926 -23.911737432757477
79.84645497739086 -23.533471592214976
84.10310505352605 -23.14875442433822
88.58667904100822 -22.75817960021248
93.30927435461668 -22.362299708833632
98.28363332770026 -21.961628264903922
103.52317759307378 -21.556641961483543
109.04204429677526 -21.14778308232478
114.8551242423938 -20.73546200850647
120.97810206889012 -20.320059764939828
127.42749857031335 -19.90193056744634
134.2207152716012 -19.48140433731407
141.37608138073614 -19.058789162395616
148.91290324394086 -18.634373688180787
156.85151643735477 -18.208429426768987
165.213340635737 -17.781212978921545
174.0209374062485 -17.352968162946635
183.29807108324357 -16.923928048907683
193.06977288832496 -16.494316897284993
203.36240846866724 -16.064351999723087
214.2037490358383 -15.634245420361385
225.62304629706352 -15.204205635408602
237.65111138110728 -14.77443906472281
250.32039797173255 -14.345151489139774
263.6650898730358 -13.916549342345379
277.7211932429355 -13.488840864072607
292.5266337436645 -13.062237095914927
308.1213588714002 -12.636952698211338
324.54744574113323 -12.213206560281655
341.84921461759274 -11.791222173423439
360.073348498562 -11.371227728716129
379.26901907322497 -10.95345590109094
399.48801939541704 -10.538143274642664
420.78490362974026 -10.12552936338144
443.21713424760856 -9.71585518306475
466.84523707037897 -9.309361328640085
491.73296457790156 -8.906285522608002
517.9474679231213 -8.506859603618263
545.5594781168514 -8.111305945454943
574.6434968715973 -7.719833310456825
605.2779976193349 -7.332632169879404
637.5456372456507 -6.949869552829022
671.5334791115142 -6.571683519297116
707.3332279644438 -6.19817739146831
745.0414773728917 -5.829413914553243
784.7599703514607 -5.465409556787053
826.5958738801812 -5.106129189083539
870.6620680585127 -4.751481407744444
917.0774506742931 -4.401314776406852
965.9672580093833 -4.055415255715661
1017.4634027476063 -3.7135050699856222
1071.7048298967104 -3.3752432158372114
1128.8378916846884 -3.0402277589433786
1189.01674244199 -2.707999987443543
1252.4037545350732 -2.3780504029827063
1319.1699564735716 -2.049826433647095
1389.4954943731375 -1.7227416598579868
1463.5701180190797 -1.3961862555450555
1541.5936928422718 -1.0695382757573684
1623.776739188721 -0.7421753694050919
1710.3410003378397 -0.4134864696691964
1801.520040802024 -0.0828830147348916
1897.5598765218504 0.2501907190809497
1998.7196386572507 0.5862485392484432
2105.272272765707 0.9257548035340148
2217.505275253932 1.26911863832861
2335.7214690901214 1.616690017425566
2460.239820869775 1.968757715179158
2591.3963014396572 2.3255490631341162
2729.5447924020073 2.687231359240749
2875.0580409448803 3.0539147237739117
3028.3286655749457 3.4256561528707277
3189.7702154663216 3.8024645011907197
3359.818286283781 4.184306120575973
3538.9316954909877 4.571110895697966
3727.593720314938 4.962778437167464
3926.3134017068355 5.359184232066872
4135.626917817706 5.7601855809360885
4356.099030694608 6.165627196500772
4588.324610100844 6.575346369493868
4832.930238571752 6.989177649285612
5090.575902036681 7.406957008908261
5361.956770568817 7.828525493953976
5647.805074067552 8.25373236987594
5948.892077934331 8.682437802655066
6266.030164072656 9.114515105556046
6600.075022827095 9.549852604046967
6951.927961775606 9.988355155696025
7322.538337604534 10.42994538171246
7712.906117627992 10.874564631636014
8124.0845778629655 11.322173742877172
8557.183144940002 11.772753598835695
9013.37038951743 12.22630552422939
9493.87717927582 12.68285152232844
10000.0 13.14243436448458
10533.104453709382 13.605117528866524
11094.628943275218 14.07098497277866
11686.088553466498 14.54014072047656
12309.079138896019 15.012708245783603
12965.281629896688 15.488829607279818
13656.466567946096 15.96866428250151
14384.498882876629 16.452387685376596
15151.342924760515 16.940189284088255
15959.06776404731 17.432270277978972
16809.852774253653 17.92884079783121
17705.99351226898 18.43011655457474
18649.907912142942 18.936314927106604
19644.142809066267 19.44765045464427
20691.3808111479 19.96432974000776
21794.447537529835 20.486545782055863
22956.319242369096 21.014471797929957
24180.13084525718 21.548254644540584
25469.184389745402 22.08800792457618
26826.957952797275 22.633805009039296
28257.115029208268 23.185672155270826
29763.51441631313 23.743581957226326
31350.220625651124 24.30744741289406
33021.51484968176 24.877116924479353
34781.90651314134 25.452370428524745
36636.14544020716 26.032917046146956
38589.23467029899 26.618394351630812
40646.44395709628 27.208369554276366
42813.32398719396 27.802342621991727
45095.721356761445 28.399751401219415
47499.79434661403 28.9999787026037
50032.029538259994 29.602361123894653
52699.259315756564 30.206199439763477
55508.680300598106 30.810770248300024
58467.87276937589 31.415338398609542
61584.82110660255 32.0191698905576
64867.935347885075 32.62154475021282
68326.07387157406 33.22176941758117
71968.56730011514 33.81918826449666
75805.24367559262 34.41319387837074
79846.45497739078 35.00323572996972
84103.10505352604 35.58882707550179
88586.67904100832 36.16954993822517
93309.27435461663 36.74505807208581
98283.63332770011 37.315077982153696
103523.17759307378 37.87940814966373
109042.04429677526 38.43791651683403
114855.12424239368 38.99053668514659
120978.10206889013 39.537262870635566
127427.49857031321 40.07814406198357
134220.7152716012 40.61327758753917
141376.08138073614 41.14280238369698
148912.90324394088 41.66689223691888
156851.5164373548 42.1857491172141
165213.34063573685 42.699596911964306
174020.9374062485 43.20867554048054
183298.07108324338 43.7132356598375
193069.77288832495 44.213533944212145
203362.40846866704 44.70982896561195
214203.74903583832 45.20237772379631
225623.04629706353 45.69143276368444
237651.11138110727 46.17723979077073
250320.39797173254 46.660035893136765
263665.08987303555 47.140048128943135
277721.1932429355 47.61749256321125
292526.6337436642 48.09257361048449
308121.35887140024 48.56548370983504
324547.44574113254 49.03640319991685
341849.21461759275 49.50550042590657
360073.348498562 49.972931932153095
379269.0190732246 50.438842899267755
399488.019395417 50.90336749648793
420784.9036297398 51.366629499366105
443217.13424760854 51.82874275385478
466845.2370703785 52.28981177454709
491732.9645779016 52.749932384114295
517947.46792312124 53.20919220540283
545559.4781168514 53.66767132565988
574643.4968715974 54.125442800872534
605277.9976193343 54.582573187034825
637545.6372456506 55.0391230971796
671533.4791115135 55.4951476162191
707333.2279644439 55.950696825655484
745041.4773728917 56.40581614080033
784759.9703514606 56.860546837132944
826595.8738801812 57.31492628092625
870662.0680585118 57.76898833719273
917077.4506742931 58.2227636898247
965967.2580093823 58.67628010583882
1017463.4027476063 59.129562689782205
1071704.8298967092 59.582634204881415
1128837.8916846884 60.03551515481311
1189016.74244199 60.48822414755821
1252403.7545350718 60.94077792858844
1319169.9564735717 61.39319169524805
1389495.494373136 61.84547911005815
1463570.1180190798 62.29765255277978
1541593.6928422702 62.749723185662916
1623776.739188721 63.201701097337164
1710341.0003378377 63.653595364163905
1801520.0408020238 64.10541419078734
1897559.8765218505 64.5571649977571
1998719.6386572486 65.00885447988361
2105272.272765707 65.46048863580657
2217505.2752539297 65.91207291671294
2335721.4690901213 66.36361224070941
2460239.8208697727 66.8151110041394
2591396.3014396573 67.26657321939237
2729544.792402007 67.71800248103001
2875058.040944877 68.16940202372423
3028328.6655749455 68.6207747915034
3189770.215466318 69.07212340211936
3359818.286283781 69.52345026108635
3538931.6954909842 69.97475747858876
3727593.720314938 70.42604701274145
3926313.4017068394 70.87732058967708
4135626.917817706 71.32857980688769
4356099.030694608 71.77982605635984
4588324.61010084 72.23106063684766
4832930.238571752 72.68228467490678
5090575.902036676 73.13349922847615
5361956.770568817 73.58470523178988
5647805.074067546 74.03590351667694
5948892.077934331 74.4870948420932
6266030.164072656 74.93827991591587
6600075.022827089 75.38945934002749
6951927.961775606 75.84063367602529
7322538.337604526 76.29180343233409
7712906.117627992 76.74296903673917
8124084.5778629575 77.19413091120285
8557183.144940002 77.6452894207919
9013370.38951742 78.09644492817561
9493877.17927582 78.54759767133397
10000000.0 78.998747982299
10533104.45370936 79.44989604775152
11094628.943275219 79.90104213649103
11686088.553466497 80.35218644695499
12309079.138896018 80.80332909247437
12965281.629896663 81.25447029578751
13656466.567946097 81.70561014144624
14384498.882876629 82.15674882324494
15151342.924760515 82.60788644608068
15959067.76404731 83.05902308287446
16809852.774253618 83.51015887309205
17705993.51226898 83.96129383834266
18649907.912142944 84.41242813616698
19644142.809066266 84.86356180204906
20691380.811147902 85.31469485844903
21794447.537529834 85.76582738987041
22956319.242369097 86.21695946883996
24180130.84525718 86.66809116964346
25469184.3897454 87.11922247491869
26826957.95279722 87.5703533916181
28257115.02920827 88.02148401794298
29763514.41631313 88.47261438423229
31350220.62565112 88.92374454728689
33021514.849681754 89.37487442741472
34781906.51314127 89.82600404106452
36636145.44020716 90.27713352072635
38589234.67029899 90.72826288885976
40646443.95709628 91.17939212528935
42813323.98719387 91.63052119870386
45095721.35676145 92.08164996887015
47499794.346614026 92.53277886230366
50032029.53825999 92.98390752100087
52699259.31575657 93.43503602900371
55508680.300597996 93.88616461840454
58467872.7693759 94.33729314690868
61584821.10660254 94.78842138581946
64867935.34788508 95.2395498446007
68326073.87157391 95.69067831325405
71968567.30011514 96.14180652643937
75805243.67559262 96.59293495186282
79846454.97739078 97.04406299295337
84103105.05352604 97.49519083675146
88586679.04100814 97.94631936265874
93309274.35461664 98.397447318264
98283633.32770011 98.84857540711062
103523177.59307377 99.29970348487043
109042044.29677527 99.75083172404725
114855124.24239345 100.20195931248702
120978102.06889038 100.65308696759443
127427498.57031322 101.10421544393817
134220715.2716012 101.55534345997961
141376081.38073614 102.00647184422397
148912903.24394056 102.4575996084387
156851516.43735445 102.90872752555376
165213340.63573685 103.35985448282655
174020937.40624848 103.81098307338773
183298071.08324376 104.26210975328247
193069772.88832456 104.71323888657794
203362408.46866703 105.16436723731752
214203749.0358383 105.6154951219399
225623046.2970626 106.06662182604657
237651111.38110778 106.51775097559377
250320397.97173202 106.9688782474301
263665089.87303555 107.42000611399098
277721193.2429355 107.87113310881735
292526633.74366355 108.32226159256837
308121358.87140083 108.77338997788748
324547445.74113256 109.22451664293918
341849214.6175927 109.6756441025332
360073348.49856204 110.12677279009554
379269019.0732238 110.57790001210057
399488019.39541787 111.02902996839914
420784903.6297398 111.48015625996172
443217134.24760854 111.93128224053794
466845237.07037944 112.3824130916766
491732964.5779006 112.83353937858587
517947467.9231202 113.28466661306827
545559478.1168514 113.73579573518457
574643496.8715974 114.18692276421497
605277997.6193355 114.63805132009998
637545637.2456493 115.08917889502959
671533479.1115135 115.54030478222711
707333227.9644439 115.9914351632684
745041477.3728887 116.44256155898526
784759970.3514622 116.89368710492884
826595873.8801795 117.34481821946446
870662068.0585117 117.79594437905016
917077450.674293 118.24707664152223
965967258.0093802 118.69820446719531
1017463402.7476043 119.14933547346409
1071704829.8967092 119.60045609170433
1128837891.6846883 120.05158492924743
1189016742.44199 120.50270960177365
1252403754.5350692 120.95384530903743
1319169956.473569 121.40496707498711
1389495494.373136 121.85609803972456
1463570118.0190797 122.30722754880487
1541593692.8422735 122.75834996543293
1623776739.1887176 123.20947645469381
1710341000.337838 123.6606085591655
1801520040.802024 124.11173971942776
1897559876.5218503 124.56286433050664
1998719638.6572526 125.01399232627156
2105272272.7657027 125.46511951731547
2217505275.2539296 125.91624947143617
2335721469.0901213 126.36738540448233
2460239820.8697777 126.81850645588096
2591396301.439652 127.26963092554638
2729544792.402002 127.72075972384513
2875058040.944877 128.17188082618503
3028328665.5749454 128.62300999910818
3189770215.466325 129.07415242905665
3359818286.2837744 129.5252638902266
3538931695.4909844 129.97640876982533
3727593720.314938 130.42752732859861
3926313401.7068396 130.878640923727
4135626917.8176975 131.32977360255694
4356099030.694599 131.7809226683872
4588324610.100841 132.23202945835834
4832930238.571753 132.68317043209476
5090575902.036687 133.1343015332497
5361956770.568806 133.58540801813177
5647805074.067546 134.03655684372583
5948892077.934331 134.48769094909073
6266030164.072656 134.938812942454
6600075022.827075 135.38995057838736
6951927961.775591 135.8410814503259
7322538337.6045265 136.29217265289125
7712906117.627993 -2.5736434712410987
8124084577.862974 -2.5672012749661266
8557183144.939984 -2.5600656702178117
9013370389.51742 -2.5521624668348104
9493877179.27582 -2.543410716170319
10000000000.0 -2.533722161216912
