10.0 -21.57871407789681
10.53310445370937 -21.578218676406262
11.094628943275218 -21.577678453959592
11.686088553466515 -21.577090214568052
12.309079138896024 -21.5764514318748
12.965281629896682 -21.575759519721696
13.65646656794611 -21.575011843157455
14.38449888287663 -21.57420651952432
15.15134292476053 -21.57334309235268
15.95906776404731 -21.572420380334385
16.80985277425364 -21.571439104852715
17.70599351226899 -21.57040110216314
18.64990791214297 -21.5693103531922
19.644142809066278 -21.568172860097
20.6913808111479 -21.56699703783626
21.794447537529855 -21.56579301618525
22.956319242369098 -21.56457891727517
24.180130845257207 -21.563372007643554
25.4691843897454 -21.562197143226136
26.826957952797258 -21.56108554059613
28.257115029208283 -21.560073821058054
29.76351441631318 -21.55920614858089
31.350220625651154 -21.558535526598316
33.02151484968176 -21.55812369865577
34.7819065131413 -21.55804177334872
36.63614544020716 -21.558372169712555
38.58923467029903 -21.559208524148342
40.646443957096295 -21.5606548190485
42.81332398719393 -21.56282996867731
45.095721356761466 -21.56586129073468
47.499794346614124 -21.56989466056278
50.03202953826004 -21.575082054692864
52.699259315756564 -21.581593469795344
55.50868030059805 -21.589609111483963
58.467872769375894 -21.5993221844968
61.58482110660264 -21.61094037720504
64.86793534788511 -21.62468031862065
68.32607387157402 -21.640772973459683
71.96856730011521 -21.659462685604307
75.8052436755926 -21.681001804577953
79.84645497739086 -21.705659558277887
84.10310505352605 -21.733715306917844
88.58667904100822 -21.765458875715282
93.30927435461668 -21.801194850086546
98.28363332770026 -21.8412362961108
103.52317759307378 -21.885908014337815
109.04204429677526 -21.935544729545775
114.8551242423938 -21.99048702406365
120.97810206889012 -22.05108271791483
127.42749857031335 -22.117681973382304
134.2207152716012 -22.19063376023317
141.37608138073614 -22.27028303576259
148.91290324394086 -22.356964438861855
156.85151643735477 -22.450997616525477
165.213340635737 -22.55268091448228
174.0209374062485 -22.662284019827737
183.29807108324357 -22.780041697623812
193.06977288832496 -22.906145351877107
203.36240846866724 -23.040736425306086
214.2037490358383 -23.183898591676808
225.62304629706352 -23.33565110775861
237.65111138110728 -23.49594275157013
250.32039797173255 -23.664646336596277
263.6650898730358 -23.84155524861216
277.7211932429355 -24.026380632730667
292.5266337436645 -24.218750259318355
308.1213588714002 -24.418209171248776
324.54744574113323 -24.624221804452674
341.84921461759274 -24.836176679533782
360.073348498562 -25.053390904184813
379.26901907322497 -25.275118090717534
399.48801939541704 -25.500556096842857
420.78490362974026 -25.7288569937538
443.21713424760856 -25.959136923869714
466.84523707037897 -26.190487739328717
491.73296457790156 -26.42198836079485
517.9474679231213 -26.652716711137884
545.5594781168514 -26.881761530145923
574.6434968715973 -27.1082341539458
605.2779976193349 -27.331279775186278
637.5456372456507 -27.55008777907649
671.5334791115142 -27.763902167155674
707.3332279644438 -27.9720293691286
745.0414773728917 -28.17384608144792
784.7599703514607 -28.368805163625424
826.5958738801812 -28.556439917416412
870.6620680585127 -28.73636671280861
917.0774506742931 -28.908286061197785
965.9672580093833 -29.07198203720389
1017.4634027476063 -29.22731985431282
1071.7048298967104 -29.37424223261845
1128.8378916846884 -29.512764531377247
1189.01674244199 -29.642968668939886
1252.4037545350732 -29.76499636203521
1319.1699564735716 -29.87904182280416
1389.4954943731375 -29.98534411338114
1463.5701180190797 -30.084179540629613
1541.5936928422718 -30.175854116489123
1623.776739188721 -30.26069643515357
1710.3410003378397 -30.33905095296864
1801.520040802024 -30.411271992089553
1897.5598765218504 -30.477718215555562
1998.7196386572507 -30.53874794695284
2105.272272765707 -30.59471505673805
2217.505275253932 -30.645965703731754
2335.7214690901214 -30.692835567260886
2460.239820869775 -30.73564765633456
2591.3963014396572 -30.77471082398865
2729.5447924020073 -30.81031870148392
2875.0580409448803 -30.842748793769807
3028.3286655749457 -30.872262351543903
3189.7702154663216 -30.899104283349654
3359.818286283781 -30.92350323872249
3538.9316954909877 -30.945672105567084
3727.593720314938 -30.96580853681462
3926.3134017068355 -30.984095557960035
4135.626917817706 -31.000702292815202
4356.099030694608 -31.015784800753366
4588.324610100844 -31.029486759773064
4832.930238571752 -31.04194048211102
5090.575902036681 -31.053267534216758
5361.956770568817 -31.063579740772326
5647.805074067552 -31.072979777164043
5948.892077934331 -31.08156209475371
6266.030164072656 -31.089413570960236
6600.075022827095 -31.096614250155206
6951.927961775606 -31.10323802522521
7322.538337604534 -31.109353233047482
7712.906117627992 -31.115023282309874
8124.0845778629655 -31.120307187965295
8557.183144940002 -31.12526026285194
9013.37038951743 -31.129934430882887
9493.87717927582 -31.13437888518746
10000.0 -31.138640532587655
10533.104453709382 -31.14276433405047
11094.628943275218 -31.146793929563742
11686.088553466498 -31.150771961115588
12309.079138896019 -31.154740501730984
12965.281629896688 -31.158741459044986
13656.466567946096 -31.16281711796937
14384.498882876629 -31.16701034981384
15151.342924760515 -31.171365161639738
15959.06776404731 -31.17592716833329
16809.852774253653 -31.18074378300191
17705.99351226898 -31.18586498408268
18649.907912142942 -31.191343514899792
19644.142809066267 -31.197235459242552
20691.3808111479 -31.20360069281578
21794.447537529835 -31.210503367288787
22956.319242369096 -31.21801244728224
24180.13084525718 -31.226202217944753
25469.184389745402 -31.235152806562425
26826.957952797275 -31.244950710867467
28257.115029208268 -31.255689390916768
29763.51441631313 -31.267469728722045
31350.220625651124 -31.280400604537803
33021.51484968176 -31.294599343366777
34781.90651314134 -31.310192179855626
36636.14544020716 -31.32731463758192
38589.23467029899 -31.346111826746935
40646.44395709628 -31.36673859773716
42813.32398719396 -31.389359622834945
45095.721356761445 -31.41414922516909
47499.79434661403 -31.4412910391031
50032.029538259994 -31.47097735867195
52699.259315756564 -31.5034082127646
55508.680300598106 -31.53879008480154
58467.87276937589 -31.577334186475838
61584.82110660255 -31.619254317041555
64867.935347885075 -31.664764188524167
68326.07387157406 -31.714074258592802
71968.56730011514 -31.767387995020727
75805.24367559262 -31.8248976180227
79846.45497739078 -31.88677930706733
84103.10505352604 -31.95318796935629
88586.67904100832 -32.024251635330444
93309.27435461663 -32.10006560619061
98283.63332770011 -32.18068654652972
103523.17759307378 -32.26612669205138
109042.04429677526 -32.35634844185369
114855.12424239368 -32.45125956641675
120978.10206889013 -32.55070932718543
127427.49857031321 -32.65448576275966
134220.7152716012 -32.762314398293654
141376.08138073614 -32.87385858524395
148912.90324394088 -32.988721620357516
156851.5164373548 -33.10645072057343
165213.34063573685 -33.22654284052267
174020.9374062485 -33.348452231526736
183298.07108324338 -33.471599520390825
193069.77288832495 -33.5953820452245
203362.40846866704 -33.71918505852654
214203.74903583832 -33.8423934039892
225623.04629706353 -33.96440319176709
237651.11138110727 -34.084633056871915
250320.39797173254 -34.20253457637586
263665.08987303555 -34.31760140305356
277721.1932429355 -34.429377006121996
292526.6337436642 -34.53746054307483
308121.35887140024 -34.64151099044549
324547.44574113254 -34.74124941153109
341849.21461759275 -34.83645936798746
360073.348498562 -34.92698576146998
379269.0190732246 -35.01273219848755
399488.019395417 -35.093657192056526
420784.9036297398 -35.16976940432803
443217.13424760854 -35.24112227445797
466845.2370703785 -35.30780824769765
491732.9645779016 -35.36995285533983
517947.46792312124 -35.42770885645969
545559.4781168514 -35.481250604164856
574643.4968715974 -35.53076877394608
605277.9976193343 -35.57646553870025
637545.6372456506 -35.618550259829426
671533.4791115135 -35.65723571908655
707333.2279644439 -35.692734881226926
745041.4773728917 -35.725258202249975
784759.9703514606 -35.755011421480916
826595.8738801812 -35.78219381525568
870662.0680585118 -35.80699686145833
917077.4506742931 -35.82960326706377
965967.2580093823 -35.850186304692464
1017463.4027476063 -35.868909416992636
1071704.8298967092 -35.8859260411105
1128837.8916846884 -35.90137961378265
1189016.74244199 -35.915403719182414
1252403.7545350718 -35.92812234908611
1319169.9564735717 -35.93965024871983
1389495.494373136 -35.95009332122303
1463570.1180190798 -35.959549075914886
1541593.6928422702 -35.96810710125406
1623776.739188721 -35.97584954880709
1710341.0003378377 -35.98285162229984
1801520.0408020238 -35.98918205700075
1897559.8765218505 -35.994903589653575
1998719.6386572486 -36.00007340954578
2105272.272765707 -36.00474359093261
2217505.2752539297 -36.008961502206816
2335721.4690901213 -36.01277019213742
2460239.8208697727 -36.01620875153366
2591396.3014396573 -36.019312651141774
2729544.792402007 -36.022114055390205
2875058.040944877 -36.0246421132438
3028328.6655749455 -36.02692322665788
3189770.215466318 -36.02898129784067
3359818.286283781 -36.030837956517196
3538931.6954909842 -36.03251276828325
3727593.720314938 -36.03402342531688
3926313.4017068394 -36.035385920635726
4135626.917817706 -36.03661470723096
4356099.030694608 -36.037722842778685
4588324.61010084 -36.03872212179531
4832930.238571752 -36.039623195490776
5090575.902036676 -36.04043568079804
5361956.770568817 -36.041168259318425
5647805.074067546 -36.04182876709221
5948892.077934331 -36.04242427596579
6266030.164072656 -36.042961167327455
6600075.022827089 -36.043445198866976
6951927.961775606 -36.04388156501412
7322538.337604526 -36.04427495160925
7712906.117627992 -36.044629585344026
8124084.5778629575 -36.044949278487174
8557183.144940002 -36.045237469259284
9013370.38951742 -36.04549725838119
9493877.17927582 -36.04573144202495
10000000.0 -36.04594254161084
10533104.45370936 -36.04613283070938
11094628.943275219 -36.046304359316785
11686088.553466497 -36.046458975773426
12309079.138896018 -36.04659834654881
12965281.629896663 -36.04672397409847
13656466.567946097 -36.04683721296046
14384498.882876629 -36.04693928429423
15151342.924760515 -36.04703128899527
15959067.76404731 -36.04711421950852
16809852.774253618 -36.04718897051156
17705993.51226898 -36.04725634851563
18649907.912142944 -36.04731708056236
19644142.809066266 -36.047371822030364
20691380.811147902 -36.04742116369983
21794447.537529834 -36.047465638114865
22956319.242369097 -36.04750572531635
24180130.84525718 -36.047541858019166
25469184.3897454 -36.047574426263644
26826957.95279722 -36.04760378163955
28257115.02920827 -36.04763024106223
29763514.41631313 -36.04765409018946
31350220.62565112 -36.04767558650652
33021514.849681754 -36.047694962115585
34781906.51314127 -36.04771242621482
36636145.44020716 -36.04772816737052
38589234.67029899 -36.04774235555462
40646443.95709628 -36.047755143965965
42813323.98719387 -36.04776667069986
45095721.35676145 -36.047777060223616
47499794.346614026 -36.04778642472717
50032029.53825999 -36.04779486533873
52699259.31575657 -36.04780247319688
55508680.300597996 -36.04780933046614
58467872.7693759 -36.047815511187444
61584821.10660254 -36.04782108212723
64867935.34788508 -36.04782610342566
68326073.87157391 -36.04783062931587
71968567.30011514 -36.047834708690054
75805243.67559262 -36.0478383855705
79846454.97739078 -36.04784169969146
84103105.05352604 -36.04784468685462
88586679.04100814 -36.047847379271204
93309274.35461664 -36.04784980605428
98283633.32770011 -36.047851993403064
103523177.59307377 -36.04785396496876
109042044.29677527 -36.047855741999825
114855124.24239345 -36.04785734367126
120978102.06889038 -36.04785878736208
127427498.57031322 -36.0478600885959
134220715.2716012 -36.0478612614566
141376081.38073614 -36.047862318586084
148912903.24394056 -36.047863271438445
156851516.43735445 -36.04786413029507
165213340.63573685 -36.0478649043652
174020937.40624848 -36.047865602125555
183298071.08324376 -36.04786623095232
193069772.88832456 -36.04786679781896
203362408.46866703 -36.04786730862887
214203749.0358383 -36.0478677692022
225623046.2970626 -36.047868184325964
237651111.38110778 -36.047868558354004
250320397.97173202 -36.04786889557995
263665089.87303555 -36.04786919949039
277721193.2429355 -36.04786947343573
292526633.74366355 -36.04786972028604
308121358.87140083 -36.04786994303221
324547445.74113256 -36.04787014352172
341849214.6175927 -36.04787032419081
360073348.49856204 -36.0478704873797
379269019.0732238 -36.04787063430848
399488019.39541787 -36.04787076672981
420784903.6297398 -36.0478708861371
443217134.24760854 -36.0478709934105
466845237.07037944 -36.047871090718424
491732964.5779006 -36.04787117746282
517947467.9231202 -36.0478712567819
545559478.1168514 -36.047871326999996
574643496.8715974 -36.04787139123441
605277997.6193355 -36.04787144926435
637545637.2456493 -36.047871501292164
671533479.1115135 -36.04787154829178
707333227.9644439 -36.04787159036459
745041477.3728887 -36.04787162895327
784759970.3514622 -36.047871663026115
826595873.8801795 -36.04787169456314
870662068.0585117 -36.0478717218807
917077450.674293 -36.04787174563859
965967258.0093802 -36.04787176968278
1017463402.7476043 -36.04787178994615
1071704829.8967092 -36.04787180850016
1128837891.6846883 -36.047871823377236
1189016742.44199 -36.04787183937705
1252403754.5350692 -36.0478718511895
1319169956.473569 -36.04787186570298
1389495494.373136 -36.047871872591855
1463570118.0190797 -36.04787188560081
1541593692.8422735 -36.04787189367854
1623776739.1887176 -36.047871902783854
1710341000.337838 -36.04787190803235
1801520040.802024 -36.0478719201607
1897559876.5218503 -36.04787191826557
1998719638.6572526 -36.0478719259297
2105272272.7657027 -36.0478719289715
2217505275.2539296 -36.0478719398501
2335721469.0901213 -36.047871946652904
2460239820.8697777 -36.047871944585935
2591396301.439652 -36.047871949099886
2729544792.402002 -36.047871953983275
2875058040.944877 -36.04787195022878
3028328665.5749454 -36.04787195363299
3189770215.466325 -36.04787196874196
3359818286.2837744 -36.04787195248998
3538931695.4909844 -36.04787195742433
3727593720.314938 -36.04787197290006
3926313401.7068396 -36.04787196693334
4135626917.8176975 -36.04787198787144
4356099030.694599 -36.04787199177161
4588324610.100841 -36.04787196101845
4832930238.571753 -36.04787196283514
5090575902.036687 -36.047871950488336
5361956770.568806 -36.04787194710163
5647805074.067546 -36.04787197641127
5948892077.934331 -36.04787194236583
6266030164.072656 -36.047871982584255
6600075022.827075 -36.04787201117895
6951927961.775591 -36.04787199688808
7322538337.6045265 -36.047871997626785
7712906117.627993 -36.047871925582356
8124084577.862974 -36.047871956565544
8557183144.939984 -36.04787182347282
9013370389.51742 -36.047871969511164
9493877179.27582 -36.04787197551696
10000000000.0 -36.04787200591603
10.0 10.346845262375975
10.53310445370937 10.34668440495241
11.094628943275218 10.346505943552097
11.686088553466515 10.346307951800203
12.309079138896024 10.34608829315349
12.965281629896682 10.34584459717803
13.65646656794611 10.34557423434446
14.38449888287663 10.345274287670465
15.15134292476053 10.344941521360996
15.95906776404731 10.3445723457593
16.80985277425364 10.344162779383874
17.70599351226899 10.343708405483094
18.64990791214297 10.34320432516757
19.644142809066278 10.342645104277404
20.6913808111479 10.342024715973757
21.794447537529855 10.3413364751305
22.956319242369098 10.340572967561359
24.180130845257207 10.339725970692474
25.4691843897454 10.338786365322365
26.826957952797258 10.337744038786257
28.257115029208283 10.336587777229214
29.76351441631318 10.33530514608933
31.350220625651154 10.333882358019972
33.02151484968176 10.332304127474131
34.7819065131413 10.330553508060829
36.63614544020716 10.328611715075546
38.58923467029903 10.32645792625546
40.646443957096295 10.324069064831038
42.81332398719393 10.321419557192472
45.095721356761466 10.318481066654801
47.499794346614124 10.315222199755745
50.03202953826004 10.311608181219178
52.699259315756564 10.307600496752393
55.50868030059805 10.303156498991413
58.467872769375894 10.29822897408126
61.58482110660264 10.292765665086328
64.86793534788511 10.286708748126845
68.32607387157402 10.279994258195282
71.96856730011521 10.272551459414665
75.8052436755926 10.264302156280703
79.84645497739086 10.255159941075227
84.10310505352605 10.245029373287384
88.58667904100822 10.233805086067205
93.30927435461668 10.22137081717097
98.28363332770026 10.207598357790237
103.52317759307378 10.19234641970071
109.04204429677526 10.175459413988827
114.8551242423938 10.156766142923955
120.97810206889012 10.136078404063845
127.42749857031335 10.113189507158765
134.2207152716012 10.087872709083417
141.37608138073614 10.059879572343487
148.91290324394086 10.028938259698208
156.85151643735477 9.994751776037157
165.213340635737 9.956996180963149
174.0209374062485 9.91531879543139
183.29807108324357 9.869336436429618
193.06977288832496 9.81863372007189
203.36240846866724 9.762761484679789
214.2037490358383 9.701235391659335
225.62304629706352 9.63353477801251
237.65111138110728 9.55910183997357
250.32039797173255 9.477341243710274
263.6650898730358 9.387620266696617
277.7211932429355 9.289269583529869
292.5266337436645 9.181584819120504
308.1213588714002 9.063828993599387
324.54744574113323 8.935235984629106
341.84921461759274 8.795015125232956
360.073348498562 8.64235704131043
379.26901907322497 8.476440809370807
399.48801939541704 8.2964424836009
420.78490362974026 8.101544996293994
443.21713424760856 7.890949384480996
466.84523707037897 7.663887233713251
491.73296457790156 7.419634160701997
517.9474679231213 7.157524088420995
545.5594781168514 6.876963995601544
574.6434968715973 6.577448764812342
605.2779976193349 6.258575702781952
637.5456372456507 5.920058279850381
671.5334791115142 5.561738629727218
707.3332279644438 5.183598372843755
745.0414773728917 4.785767376303534
784.7599703514607 4.368530137751349
826.5958738801812 3.9323295774774114
870.6620680585127 3.4777681314323656
917.0774506742931 3.005606154163459
965.9672580093833 2.516757750449499
1017.4634027476063 2.012284253657083
1071.7048298967104 1.4933856457156713
1128.8378916846884 0.9613902684189296
1189.01674244199 0.4177431989100929
1252.4037545350732 -0.13600633614330915
1319.1699564735716 -0.6982181596677068
1389.4954943731375 -1.2671746496765988
1463.5701180190797 -1.8410943004976215
1541.5936928422718 -2.418145148519485
1623.776739188721 -2.996457930678997
1710.3410003378397 -3.5741388972313652
1801.520040802024 -4.149282241925406
1897.5598765218504 -4.7199821445834775
1998.7196386572507 -5.284344434433262
2105.272272765707 -5.840497889415159
2217.505275253932 -6.3866051752826305
2335.7214690901214 -6.920873417772714
2460.239820869775 -7.44156437592587
2591.3963014396572 -7.947004169919549
2729.5447924020073 -8.435592494996168
2875.0580409448803 -8.905811240891333
3028.3286655749457 -9.35623243313917
3189.7702154663216 -9.785525410728136
3359.818286283781 -10.192463165211521
3538.9316954909877 -10.575927780989485
3727.593720314938 -10.934914934248335
3926.3134017068355 -11.268537428568226
4135.626917817706 -11.57602776566261
4356.099030694608 -11.85673976650051
4588.324610100844 -12.11014927582611
4832.930238571752 -12.335853990596098
5090.575902036681 -12.533572462418377
5361.956770568817 -12.703142323871388
5647.805074067552 -12.844517788271908
5948.892077934331 -12.957766466052636
6266.030164072656 -13.043065532776595
6600.075022827095 -13.100697275630615
6951.927961775606 -13.131044035929268
7322.538337604534 -13.134582559181583
7712.906117627992 -13.111877762843559
8124.0845778629655 -13.06357593468481
8557.183144940002 -12.990397385075456
9013.37038951743 -12.893128592110031
9493.87717927582 -12.772613899336026
10000.0 -12.62974684935617
10533.104453709382 -12.465461260313281
11094.628943275218 -12.280722173809199
11686.088553466498 -12.076516818350578
12309.079138896019 -11.853845741385795
12965.281629896688 -11.613714263206958
13656.466567946096 -11.357124397760332
14384.498882876629 -11.085067369260749
15151.342924760515 -10.798516831269824
15959.06776404731 -10.498422868034613
16809.852774253653 -10.185706829299592
17705.99351226898 -9.861257021013687
18649.907912142942 -9.525925247368974
19644.142809066267 -9.180524176047797
20691.3808111479 -8.825825479037633
21794.447537529835 -8.462558686346405
22956.319242369096 -8.09141067991472
24180.13084525718 -7.713025748865895
25469.184389745402 -7.328006125285192
26826.957952797275 -6.936912920787007
28257.115029208268 -6.5402673876891235
29763.51441631313 -6.13855243405585
31350.220625651124 -5.732214328437774
33021.51484968176 -5.321664537434499
34781.90651314134 -4.907281646676483
36636.14544020716 -4.48941332317284
38589.23467029899 -4.068378284052626
40646.44395709628 -3.644468243128118
42813.32398719396 -3.217949812625923
45095.721356761445 -2.7890663425948112
47499.79434661403 -2.358039684972683
50032.029538259994 -1.9250718731493128
52699.259315756564 -1.4903467110942055
55508.680300598106 -1.0540312687371562
58467.87276937589 -0.6162772824497681
61584.82110660255 -0.17722246121879667
64867.935347885075 0.2630082996474301
68326.07387157406 0.7043017943375383
71968.56730011514 1.1465554683169008
75805.24367559262 1.5896764618897135
79846.45497739078 2.033580731116623
84103.10505352604 2.478192241484252
88586.67904100832 2.9234422295863842
93309.27435461663 3.3692685282160046
98283.63332770011 3.815614950280042
103523.17759307378 4.262430727146325
109042.04429677526 4.7096699971892155
114855.12424239368 5.1572913405549246
120978.10206889013 5.605257356328219
127427.49857031321 6.053534278583728
134220.7152716012 6.502091627987346
141376.08138073614 6.9509018958796
148912.90324394088 7.399940257977901
156851.5164373548 7.849184315065147
165213.34063573685 8.298613858235163
174020.9374062485 8.74821065645225
183298.07108324338 9.197958264407681
193069.77288832495 9.647841848752064
203362.40846866704 10.097848031038128
214203.74903583832 10.547964745783784
225623.04629706353 10.998181112236914
237651.11138110727 11.44848731855674
250320.39797173254 11.89887451720153
263665.08987303555 12.349334730514261
277721.1932429355 12.799860765449777
292526.6337436642 13.250446136640676
308121.35887140024 13.701084996940107
324547.44574113254 14.151772074777751
341849.21461759275 14.602502617609758
360073.348498562 15.053272340919959
379269.0190732246 15.50407738220141
399488.019395417 15.954914259459287
420784.9036297398 16.405779833779103
443217.13424760854 16.856671275562803
466845.2370703785 17.307586034086412
491732.9645779016 17.758521810045746
517947.46792312124 18.209476530795246
545559.4781168514 18.66044832802563
574643.4968715974 19.111435517638423
605277.9976193343 19.56243658159917
637545.6372456506 20.013450151570453
671533.4791115135 20.464474994165588
707333.2279644439 20.915509997645223
745041.4773728917 21.366554159933102
784759.9703514606 21.81760657780352
826595.8738801812 22.268666437142496
870662.0680585118 22.71973300416079
917077.4506742931 23.170805617476837
965967.2580093823 23.621883680987573
1017463.4027476063 24.072966657423937
1071704.8298967092 24.524054062560296
1128837.8916846884 24.975145459989424
1189016.74244199 25.426240456402866
1252403.7545350718 25.877338697353416
1319169.9564735717 26.328439863426013
1389495.494373136 26.779543666795398
1463570.1180190798 27.230649848112485
1541593.6928422702 27.681758173699915
1623776.739188721 28.13286843304516
1710341.0003378377 28.583980436499775
1801520.0408020238 29.035094013271507
1897559.8765218505 29.486209009545654
1998719.6386572486 29.937325286828017
2105272.272765707 30.388442720478047
2217505.2752539297 30.83956119833433
2335721.4690901213 31.290680619507132
2460239.8208697727 31.74180089329527
2591396.3014396573 32.19292193820601
2729544.792402007 32.644043681080255
2875058.040944877 33.095166056283304
3028328.6655749455 33.54628900503982
3189770.215466318 33.997412474714146
3359818.286283781 34.448536418345284
3538931.6954909842 34.899660794104186
3727593.720314938 35.350785564749515
3926313.4017068394 35.80191069736366
4135626.917817706 36.25303616295736
4356099.030694608 36.70416193607404
4588324.61010084 37.15528799461935
4832930.238571752 37.60641431959149
5090575.902036676 38.0575408948346
5361956.770568817 38.50866770692488
5647805.074067546 38.959794744996984
5948892.077934331 39.41092200055276
6266030.164072656 39.862049467440755
6600075.022827089 40.31317714213796
6951927.961775606 40.76430502277294
7322538.337604526 41.21543311012071
7712906.117627992 41.66656140710907
8124084.5778629575 42.117689918765755
8557183.144940002 42.5688186527897
9013370.38951742 43.01994761890684
9493877.17927582 43.47107682943501
10000000.0 43.92220629930148
10533104.45370936 44.37333604678341
11094628.943275219 44.824466092192246
11686088.553466497 45.2755964597138
12309079.138896018 45.72672717728294
12965281.629896663 46.17785827550626
13656466.567946097 46.628989790533915
14384498.882876629 47.08012176122267
15151342.924760515 47.531254233507944
15959067.76404731 47.98238725708765
16809852.774253618 48.43352088680116
17705993.51226898 48.88465518744524
18649907.912142944 49.33579022938866
19644142.809066266 49.78692608898271
20691380.811147902 50.23806285388468
21794447.537529834 50.6892006205695
22956319.242369097 51.14033949485892
24180130.84525718 51.591479597777514
25469184.3897454 52.042621060728735
26826957.95279722 52.49376402842679
28257115.02920827 52.94490867632733
29763514.41631313 53.39605517580331
31350220.62565112 53.847203723335504
33021514.849681754 54.29835455332082
34781906.51314127 54.749507903993546
36636145.44020716 55.20066405817238
38589234.67029899 55.65182330666052
40646443.95709628 56.10298601704816
42813323.98719387 56.554152525297155
45095721.35676145 57.00532327409302
47499794.346614026 57.456498816642195
50032029.53825999 57.90767937899909
52699259.31575657 58.358865915097056
55508680.300597996 58.810058710306656
58467872.7693759 59.26125873494698
61584821.10660254 59.71246659492969
64867935.34788508 60.163683176906524
68326073.87157391 60.61490944758706
71968567.30011514 61.066146376811766
75805243.67559262 61.51739542757947
79846454.97739078 61.96865776389215
84103105.05352604 62.41993511674856
88586679.04100814 62.87122734363005
93309274.35461664 63.3225377218023
98283633.32770011 63.773869594776436
103523177.59307377 64.22522247762642
109042044.29677527 64.67660117793667
114855124.24239345 65.12800425668806
120978102.06889038 65.57943832707772
127427498.57031322 66.03090770092908
134220715.2716012 66.48241277865145
141376081.38073614 66.93396064755783
148912903.24394056 67.38554548987027
156851516.43735445 67.83719269235118
165213340.63573685 68.28889459292213
174020937.40624848 68.74065146971023
183298071.08324376 69.1924700421446
193069772.88832456 69.64437354680737
203362408.46866703 70.09636921104523
214203749.0358383 70.54842933869053
225623046.2970626 71.00060727780455
237651111.38110778 71.4529084044797
250320397.97173202 71.90529649981573
263665089.87303555 72.35781567057387
277721193.2429355 72.81053659103557
292526633.74366355 73.26341986361386
308121358.87140083 73.7164372318751
324547445.74113256 74.169597251787
341849214.6175927 74.6230974972815
360073348.49856204 75.07671744439742
379269019.0732238 75.53082600254585
399488019.39541787 75.9849002014661
420784903.6297398 76.43945941242207
443217134.24760854 76.8940878458229
466845237.07037944 77.35025869910908
491732964.5779006 77.80501934821852
517947467.9231202 78.2613956357066
545559478.1168514 78.71786356594505
574643496.8715974 79.17495700901245
605277997.6193355 79.63137967226069
637545637.2456493 80.09096865106835
671533479.1115135 80.54968940944696
707333227.9644439 81.0079950094051
745041477.3728887 81.47030796381489
784759970.3514622 81.92779720451529
826595873.8801795 82.3921262689392
870662068.0585117 82.85538119448924
917077450.674293 83.31140006920329
965967258.0093802 83.77967132299455
1017463402.7476043 84.24742684710475
1071704829.8967092 84.70701131238899
1128837891.6846883 85.18676251031292
1189016742.44199 85.63864464496697
1252403754.5350692 86.11062445976941
1319169956.473569 86.56979387270357
1389495494.373136 87.04075037874193
1463570118.0190797 87.5003380992075
1541593692.8422735 87.96012390443046
1623776739.1887176 88.50370759426951
1710341000.337838 88.9011716018838
1801520040.802024 89.41322663624938
1897559876.5218503 89.759548091787
1998719638.6572526 90.23067596295203
2105272272.7657027 90.91711380208744
2217505275.2539296 91.24165313902711
2335721469.0901213 91.68917462233411
2460239820.8697777 92.3344633670029
2591396301.439652 92.36582307873441
2729544792.402002 92.87333833620437
2875058040.944877 93.6721646482291
3028328665.5749454 94.4072070867515
3189770215.466325 94.71777444047419
3359818286.2837744 94.84898506974659
3538931695.4909844 95.14757001888036
3727593720.314938 95.5189556050702
3926313401.7068396 96.50049537012444
4135626917.8176975 96.56534632599252
4356099030.694599 96.73554721734237
4588324610.100841 98.26498386019603
4832930238.571753 98.30587911563761
5090575902.036687 99.54525276450282
5361956770.568806 96.65787542530893
5647805074.067546 99.32996556085462
5948892077.934331 95.1653826018695
6266030164.072656 100.42421776939307
6600075022.827075 102.07385679574243
6951927961.775591 104.3908110730181
7322538337.6045265 100.55472061285616
7712906117.627993 106.86140134900613
8124084577.862974 98.76575653124696
8557183144.939984 110.10705383303849
9013370389.51742 106.78322139761585
9493877179.27582 107.92100060880607
10000000000.0 107.96804546465836
10.0 10.346845262375975
10.53310445370937 10.34668440495241
11.094628943275218 10.346505943552097
11.686088553466515 10.346307951800203
12.309079138896024 10.34608829315349
12.965281629896682 10.34584459717803
13.65646656794611 10.34557423434446
14.38449888287663 10.345274287670465
15.15134292476053 10.344941521360996
15.95906776404731 10.3445723457593
16.80985277425364 10.344162779383874
17.70599351226899 10.343708405483094
18.64990791214297 10.34320432516757
19.644142809066278 10.342645104277404
20.6913808111479 10.342024715973757
21.794447537529855 10.3413364751305
22.956319242369098 10.340572967561359
24.180130845257207 10.339725970692474
25.4691843897454 10.338786365322365
26.826957952797258 10.337744038786257
28.257115029208283 10.336587777229214
29.76351441631318 10.33530514608933
31.350220625651154 10.333882358019972
33.02151484968176 10.332304127474131
34.7819065131413 10.330553508060829
36.63614544020716 10.328611715075546
38.58923467029903 10.32645792625546
40.646443957096295 10.324069064831038
42.81332398719393 10.321419557192472
45.095721356761466 10.318481066654801
47.499794346614124 10.315222199755745
50.03202953826004 10.311608181219178
52.699259315756564 10.307600496752393
55.50868030059805 10.303156498991413
58.467872769375894 10.29822897408126
61.58482110660264 10.292765665086328
64.86793534788511 10.286708748126845
68.32607387157402 10.279994258195282
71.96856730011521 10.272551459414665
75.8052436755926 10.264302156280703
79.84645497739086 10.255159941075227
84.10310505352605 10.245029373287384
88.58667904100822 10.233805086067205
93.30927435461668 10.22137081717097
98.28363332770026 10.207598357790237
103.52317759307378 10.19234641970071
109.04204429677526 10.175459413988827
114.8551242423938 10.156766142923955
120.97810206889012 10.136078404063845
127.42749857031335 10.113189507158765
134.2207152716012 10.087872709083417
141.37608138073614 10.059879572343487
148.91290324394086 10.028938259698208
156.85151643735477 9.994751776037157
165.213340635737 9.956996180963149
174.0209374062485 9.91531879543139
183.29807108324357 9.869336436429618
193.06977288832496 9.81863372007189
203.36240846866724 9.762761484679789
214.2037490358383 9.701235391659335
225.62304629706352 9.63353477801251
237.65111138110728 9.55910183997357
250.32039797173255 9.477341243710274
263.6650898730358 9.387620266696617
277.7211932429355 9.289269583529869
292.5266337436645 9.181584819120504
308.1213588714002 9.063828993599387
324.54744574113323 8.935235984629106
341.84921461759274 8.795015125232956
360.073348498562 8.64235704131043
379.26901907322497 8.476440809370807
399.48801939541704 8.2964424836009
420.78490362974026 8.101544996293994
443.21713424760856 7.890949384480996
466.84523707037897 7.663887233713251
491.73296457790156 7.419634160701997
517.9474679231213 7.157524088420995
545.5594781168514 6.876963995601544
574.6434968715973 6.577448764812342
605.2779976193349 6.258575702781952
637.5456372456507 5.920058279850381
671.5334791115142 5.561738629727218
707.3332279644438 5.183598372843755
745.0414773728917 4.785767376303534
784.7599703514607 4.368530137751349
826.5958738801812 3.9323295774774114
870.6620680585127 3.4777681314323656
917.0774506742931 3.005606154163459
965.9672580093833 2.516757750449499
1017.4634027476063 2.012284253657083
1071.7048298967104 1.4933856457156713
1128.8378916846884 0.9613902684189296
1189.01674244199 0.4177431989100929
1252.4037545350732 -0.13600633614330915
1319.1699564735716 -0.6982181596677068
1389.4954943731375 -1.2671746496765988
1463.5701180190797 -1.8410943004976215
1541.5936928422718 -2.418145148519485
1623.776739188721 -2.996457930678997
1710.3410003378397 -3.5741388972313652
1801.520040802024 -4.149282241925406
1897.5598765218504 -4.7199821445834775
1998.7196386572507 -5.284344434433262
2105.272272765707 -5.840497889415159
2217.505275253932 -6.3866051752826305
2335.7214690901214 -6.920873417772714
2460.239820869775 -7.44156437592587
2591.3963014396572 -7.947004169919549
2729.5447924020073 -8.435592494996168
2875.0580409448803 -8.905811240891333
3028.3286655749457 -9.35623243313917
3189.7702154663216 -9.785525410728136
3359.818286283781 -10.192463165211521
3538.9316954909877 -10.575927780989485
3727.593720314938 -10.934914934248335
3926.3134017068355 -11.268537428568226
4135.626917817706 -11.57602776566261
4356.099030694608 -11.85673976650051
4588.324610100844 -12.11014927582611
4832.930238571752 -12.335853990596098
5090.575902036681 -12.533572462418377
5361.956770568817 -12.703142323871388
5647.805074067552 -12.844517788271908
5948.892077934331 -12.957766466052636
6266.030164072656 -13.043065532776595
6600.075022827095 -13.100697275630615
6951.927961775606 -13.131044035929268
7322.538337604534 -13.134582559181583
7712.906117627992 -13.111877762843559
8124.0845778629655 -13.06357593468481
8557.183144940002 -12.990397385075456
9013.37038951743 -12.893128592110031
9493.87717927582 -12.772613899336026
10000.0 -12.62974684935617
10533.104453709382 -12.465461260313281
11094.628943275218 -12.280722173809199
11686.088553466498 -12.076516818350578
12309.079138896019 -11.853845741385795
12965.281629896688 -11.613714263206958
13656.466567946096 -11.357124397760332
14384.498882876629 -11.085067369260749
15151.342924760515 -10.798516831269824
15959.06776404731 -10.498422868034613
16809.852774253653 -10.185706829299592
17705.99351226898 -9.861257021013687
18649.907912142942 -9.525925247368974
19644.142809066267 -9.180524176047797
20691.3808111479 -8.825825479037633
21794.447537529835 -8.462558686346405
22956.319242369096 -8.09141067991472
24180.13084525718 -7.713025748865895
25469.184389745402 -7.328006125285192
26826.957952797275 -6.936912920787007
28257.115029208268 -6.5402673876891235
29763.51441631313 -6.13855243405585
31350.220625651124 -5.732214328437774
33021.51484968176 -5.321664537434499
34781.90651314134 -4.907281646676483
36636.14544020716 -4.48941332317284
38589.23467029899 -4.068378284052626
40646.44395709628 -3.644468243128118
42813.32398719396 -3.217949812625923
45095.721356761445 -2.7890663425948112
47499.79434661403 -2.358039684972683
50032.029538259994 -1.9250718731493128
52699.259315756564 -1.4903467110942055
55508.680300598106 -1.0540312687371562
58467.87276937589 -0.6162772824497681
61584.82110660255 -0.17722246121879667
64867.935347885075 0.2630082996474301
68326.07387157406 0.7043017943375383
71968.56730011514 1.1465554683169008
75805.24367559262 1.5896764618897135
79846.45497739078 2.033580731116623
84103.10505352604 2.478192241484252
88586.67904100832 2.9234422295863842
93309.27435461663 3.3692685282160046
98283.63332770011 3.815614950280042
103523.17759307378 4.262430727146325
109042.04429677526 4.7096699971892155
114855.12424239368 5.1572913405549246
120978.10206889013 5.605257356328219
127427.49857031321 6.053534278583728
134220.7152716012 6.502091627987346
141376.08138073614 6.9509018958796
148912.90324394088 7.399940257977901
156851.5164373548 7.849184315065147
165213.34063573685 8.298613858235163
174020.9374062485 8.74821065645225
183298.07108324338 9.197958264407681
193069.77288832495 9.647841848752064
203362.40846866704 10.097848031038128
214203.74903583832 10.547964745783784
225623.04629706353 10.998181112236914
237651.11138110727 11.44848731855674
250320.39797173254 11.89887451720153
263665.08987303555 12.349334730514261
277721.1932429355 12.799860765449777
292526.6337436642 13.250446136640676
308121.35887140024 13.701084996940107
324547.44574113254 14.151772074777751
341849.21461759275 14.602502617609758
360073.348498562 15.053272340919959
379269.0190732246 15.50407738220141
399488.019395417 15.954914259459287
420784.9036297398 16.405779833779103
443217.13424760854 16.856671275562803
466845.2370703785 17.307586034086412
491732.9645779016 17.758521810045746
517947.46792312124 18.209476530795246
545559.4781168514 18.66044832802563
574643.4968715974 19.111435517638423
605277.9976193343 19.56243658159917
637545.6372456506 20.013450151570453
671533.4791115135 20.464474994165588
707333.2279644439 20.915509997645223
745041.4773728917 21.366554159933102
784759.9703514606 21.81760657780352
826595.8738801812 22.268666437142496
870662.0680585118 22.71973300416079
917077.4506742931 23.170805617476837
965967.2580093823 23.621883680987573
1017463.4027476063 24.072966657423937
1071704.8298967092 24.524054062560296
1128837.8916846884 24.975145459989424
1189016.74244199 25.426240456402866
1252403.7545350718 25.877338697353416
1319169.9564735717 26.328439863426013
1389495.494373136 26.779543666795398
1463570.1180190798 27.230649848112485
1541593.6928422702 27.681758173699915
1623776.739188721 28.13286843304516
1710341.0003378377 28.583980436499775
1801520.0408020238 29.035094013271507
1897559.8765218505 29.486209009545654
1998719.6386572486 29.937325286828017
2105272.272765707 30.388442720478047
2217505.2752539297 30.83956119833433
2335721.4690901213 31.290680619507132
2460239.8208697727 31.74180089329527
2591396.3014396573 32.19292193820601
2729544.792402007 32.644043681080255
2875058.040944877 33.095166056283304
3028328.6655749455 33.54628900503982
3189770.215466318 33.997412474714146
3359818.286283781 34.448536418345284
3538931.6954909842 34.899660794104186
3727593.720314938 35.350785564749515
3926313.4017068394 35.80191069736366
4135626.917817706 36.25303616295736
4356099.030694608 36.70416193607404
4588324.61010084 37.15528799461935
4832930.238571752 37.60641431959149
5090575.902036676 38.0575408948346
5361956.770568817 38.50866770692488
5647805.074067546 38.959794744996984
5948892.077934331 39.41092200055276
6266030.164072656 39.862049467440755
6600075.022827089 40.31317714213796
6951927.961775606 40.76430502277294
7322538.337604526 41.21543311012071
7712906.117627992 41.66656140710907
8124084.5778629575 42.117689918765755
8557183.144940002 42.5688186527897
9013370.38951742 43.01994761890684
9493877.17927582 43.47107682943501
10000000.0 43.92220629930148
10533104.45370936 44.37333604678341
11094628.943275219 44.824466092192246
11686088.553466497 45.2755964597138
12309079.138896018 45.72672717728294
12965281.629896663 46.17785827550626
13656466.567946097 46.628989790533915
14384498.882876629 47.08012176122267
15151342.924760515 47.531254233507944
15959067.76404731 47.98238725708765
16809852.774253618 48.43352088680116
17705993.51226898 48.88465518744524
18649907.912142944 49.33579022938866
19644142.809066266 49.78692608898271
20691380.811147902 50.23806285388468
21794447.537529834 50.6892006205695
22956319.242369097 51.14033949485892
24180130.84525718 51.591479597777514
25469184.3897454 52.042621060728735
26826957.95279722 52.49376402842679
28257115.02920827 52.94490867632733
29763514.41631313 53.39605517580331
31350220.62565112 53.847203723335504
33021514.849681754 54.29835455332082
34781906.51314127 54.749507903993546
36636145.44020716 55.20066405817238
38589234.67029899 55.65182330666052
40646443.95709628 56.10298601704816
42813323.98719387 56.554152525297155
45095721.35676145 57.00532327409302
47499794.346614026 57.456498816642195
50032029.53825999 57.90767937899909
52699259.31575657 58.358865915097056
55508680.300597996 58.810058710306656
58467872.7693759 59.26125873494698
61584821.10660254 59.71246659492969
64867935.34788508 60.163683176906524
68326073.87157391 60.61490944758706
71968567.30011514 61.066146376811766
75805243.67559262 61.51739542757947
79846454.97739078 61.96865776389215
84103105.05352604 62.41993511674856
88586679.04100814 62.87122734363005
93309274.35461664 63.3225377218023
98283633.32770011 63.773869594776436
103523177.59307377 64.22522247762642
109042044.29677527 64.67660117793667
114855124.24239345 65.12800425668806
120978102.06889038 65.57943832707772
127427498.57031322 66.03090770092908
134220715.2716012 66.48241277865145
141376081.38073614 66.93396064755783
148912903.24394056 67.38554548987027
156851516.43735445 67.83719269235118
165213340.63573685 68.28889459292213
174020937.40624848 68.74065146971023
183298071.08324376 69.1924700421446
193069772.88832456 69.64437354680737
203362408.46866703 70.09636921104523
214203749.0358383 70.54842933869053
225623046.2970626 71.00060727780455
237651111.38110778 71.4529084044797
250320397.97173202 71.90529649981573
263665089.87303555 72.35781567057387
277721193.2429355 72.81053659103557
292526633.74366355 73.26341986361386
308121358.87140083 73.7164372318751
324547445.74113256 74.169597251787
341849214.6175927 74.6230974972815
360073348.49856204 75.07671744439742
379269019.0732238 75.53082600254585
399488019.39541787 75.9849002014661
420784903.6297398 76.43945941242207
443217134.24760854 76.8940878458229
466845237.07037944 77.35025869910908
491732964.5779006 77.80501934821852
517947467.9231202 78.2613956357066
545559478.1168514 78.71786356594505
574643496.8715974 79.17495700901245
605277997.6193355 79.63137967226069
637545637.2456493 80.09096865106835
671533479.1115135 80.54968940944696
707333227.9644439 81.0079950094051
745041477.3728887 81.47030796381489
784759970.3514622 81.92779720451529
826595873.8801795 82.3921262689392
870662068.0585117 82.85538119448924
917077450.674293 83.31140006920329
965967258.0093802 83.77967132299455
1017463402.7476043 84.24742684710475
1071704829.8967092 84.70701131238899
1128837891.6846883 85.18676251031292
1189016742.44199 85.63864464496697
1252403754.5350692 86.11062445976941
1319169956.473569 86.56979387270357
1389495494.373136 87.04075037874193
1463570118.0190797 87.5003380992075
1541593692.8422735 87.96012390443046
1623776739.1887176 88.50370759426951
1710341000.337838 88.9011716018838
1801520040.802024 89.41322663624938
1897559876.5218503 89.759548091787
1998719638.6572526 90.23067596295203
2105272272.7657027 90.91711380208744
2217505275.2539296 91.24165313902711
2335721469.0901213 91.68917462233411
2460239820.8697777 92.3344633670029
2591396301.439652 92.36582307873441
2729544792.402002 92.87333833620437
2875058040.944877 93.6721646482291
3028328665.5749454 94.4072070867515
3189770215.466325 94.71777444047419
3359818286.2837744 94.84898506974659
3538931695.4909844 95.14757001888036
3727593720.314938 95.5189556050702
3926313401.7068396 96.50049537012444
4135626917.8176975 96.56534632599252
4356099030.694599 96.73554721734237
4588324610.100841 98.26498386019603
4832930238.571753 98.30587911563761
5090575902.036687 99.54525276450282
5361956770.568806 96.65787542530893
5647805074.067546 99.32996556085462
5948892077.934331 95.1653826018695
6266030164.072656 100.42421776939307
6600075022.827075 102.07385679574243
6951927961.775591 104.3908110730181
7322538337.6045265 100.55472061285616
7712906117.627993 106.86140134900613
8124084577.862974 98.76575653124696
8557183144.939984 110.10705383303849
9013370389.51742 106.78322139761585
9493877179.27582 107.92100060880607
10000000000.0 107.96804546465836
10.0 -6.461113643806549
10.53310445370937 -16.073183986337632
11.094628943275218 -50.81447309260418
11.686088553466515 -4.931412950878263
12.309079138896024 -19.963172687708976
12.965281629896682 40.04183191943443
13.65646656794611 -15.273000154361
14.38449888287663 -18.99633886111382
15.15134292476053 -14.561313169937083
15.95906776404731 -40.60018252619629
16.80985277425364 -5.805871544370956
17.70599351226899 -16.122284454571123
18.64990791214297 -15.926596230154821
19.644142809066278 33.581316935775305
20.6913808111479 33.48345414500781
21.794447537529855 -36.71782541527974
22.956319242369098 -29.555531935376674
24.180130845257207 24.808520198702794
25.4691843897454 25.82292511760111
26.826957952797258 -3.2279107957390503
28.257115029208283 -6.8878746315440855
29.76351441631318 24.384083888997917
31.350220625651154 -6.020372733447462
33.02151484968176 -19.201813711618566
34.7819065131413 40.10245924574547
36.63614544020716 0.6828431196007121
38.58923467029903 -5.921903032813349
40.646443957096295 -5.749079588198917
42.81332398719393 19.246858430432273
45.095721356761466 -6.593648895926795
47.499794346614124 -3.445983821531351
50.03202953826004 -16.523583666240278
52.699259315756564 -22.854951172082373
55.50868030059805 -12.775310832681324
58.467872769375894 3.495658967238592
61.58482110660264 -22.06074540776832
64.86793534788511 -2.576618450189974
68.32607387157402 -8.964389031368444
71.96856730011521 -14.656384049368281
75.8052436755926 -26.74129219439041
79.84645497739086 -33.681937225495886
84.10310505352605 -15.71975651290757
88.58667904100822 -33.31643122753693
93.30927435461668 -23.269096405420655
98.28363332770026 -18.901189402875865
103.52317759307378 -17.454930763540087
109.04204429677526 -34.38247053743751
114.8551242423938 -16.066565355077536
120.97810206889012 16.818549198468464
127.42749857031335 -1.1575552344901636
134.2207152716012 -18.53820838949105
141.37608138073614 -14.250228362855264
148.91290324394086 -14.65802223699318
156.85151643735477 -21.474205301919657
165.213340635737 -6.969035857398578
174.0209374062485 -9.053510438079368
183.29807108324357 7.063526652020304
193.06977288832496 -12.369462231096174
203.36240846866724 14.226145560284113
214.2037490358383 -11.539152380169744
225.62304629706352 -10.591396068504942
237.65111138110728 25.07678791854528
250.32039797173255 -9.567199073352992
263.6650898730358 -40.19401840253899
277.7211932429355 6.393239305397903
292.5266337436645 1.0231465694172261
308.1213588714002 -14.866990016728256
324.54744574113323 -20.592079305785575
341.84921461759274 -6.281335501330921
360.073348498562 2.4995027882856564
379.26901907322497 -35.82582721327774
399.48801939541704 -8.683778276765038
420.78490362974026 -17.816873579854192
443.21713424760856 -17.26636301424027
466.84523707037897 -40.53731530320374
491.73296457790156 -11.330990659571293
517.9474679231213 -8.840848263600114
545.5594781168514 -17.37834957405846
574.6434968715973 -10.304537484754784
605.2779976193349 -2.5577790110132472
637.5456372456507 -3.0795550554951863
671.5334791115142 0.16565354985598546
707.3332279644438 -14.13155070916843
745.0414773728917 -10.725059009830375
784.7599703514607 -14.925620330110887
826.5958738801812 -7.142156600149611
870.6620680585127 -20.186082690377766
917.0774506742931 -7.348078209656168
965.9672580093833 -26.63864772897391
1017.4634027476063 -1.3356192529314526
1071.7048298967104 -7.946328834025241
1128.8378916846884 -2.0239921579521214
1189.01674244199 -41.592075165020134
1252.4037545350732 -11.517619031674899
1319.1699564735716 -14.567200802714028
1389.4954943731375 -6.40389979791964
1463.5701180190797 -6.559760005654871
1541.5936928422718 7.6134819828880715
1623.776739188721 -0.3050163878081911
1710.3410003378397 -0.41310330134430523
1801.520040802024 -3.837752795694975
1897.5598765218504 -10.235183905810754
1998.7196386572507 -31.011222239110975
2105.272272765707 -2.436494136996556
2217.505275253932 -4.406760691276023
2335.7214690901214 -22.18546188321403
2460.239820869775 -24.626568004482927
2591.3963014396572 -10.894192406998744
2729.5447924020073 -1.9104436389540902
2875.0580409448803 21.30451114833694
3028.3286655749457 1.298372717235502
3189.7702154663216 -5.912211379707603
3359.818286283781 -5.434906417740932
3538.9316954909877 -22.665668369621574
3727.593720314938 -7.878978121385965
3926.3134017068355 -5.464711965306998
4135.626917817706 -8.738613616700082
4356.099030694608 -36.47799179452698
4588.324610100844 -14.414930169745638
4832.930238571752 -10.518465936038252
5090.575902036681 -15.784425584838617
5361.956770568817 9.414846778482636
5647.805074067552 -5.099166572499523
5948.892077934331 -1.0388722686288527
6266.030164072656 -4.576715855037784
6600.075022827095 7.1231184335248035
6951.927961775606 -10.334252891722562
7322.538337604534 -31.941235245571633
7712.906117627992 -7.618116095817188
8124.0845778629655 -1.9801992284623324
8557.183144940002 4.765898221337596
9013.37038951743 13.763201788954714
9493.87717927582 -24.903315501131722
10000.0 1.1135943226828227
10533.104453709382 19.19598113034249
11094.628943275218 -7.777506243679879
11686.088553466498 4.363540972324711
12309.079138896019 -20.542491889077326
12965.281629896688 -29.800762291428427
13656.466567946096 -21.045252370377415
14384.498882876629 -3.9362763256795703
15151.342924760515 -13.648495274429333
15959.06776404731 -11.583820916464138
16809.852774253653 0.9298326639630625
17705.99351226898 -8.14673213909532
18649.907912142942 2.018391108054142
19644.142809066267 -11.20261884521759
20691.3808111479 0.13927809813835015
21794.447537529835 -29.200241551262142
22956.319242369096 -30.12395490481498
24180.13084525718 -9.069560426554542
25469.184389745402 -8.296972336064139
26826.957952797275 0.3363805482535493
28257.115029208268 -12.758833422241498
29763.51441631313 -14.064531067127541
31350.220625651124 -2.63332708084221
33021.51484968176 -4.681674970520145
34781.90651314134 -15.478376998888663
36636.14544020716 -4.804589937457681
38589.23467029899 -10.904436015449283
40646.44395709628 -10.397814007780548
42813.32398719396 -23.43176484567161
45095.721356761445 -10.893789868674704
47499.79434661403 -85.88466668282933
50032.029538259994 -3.645077055100208
52699.259315756564 -4.4721011937550745
55508.680300598106 -15.267555276943325
58467.87276937589 -13.858211052081295
61584.82110660255 -13.905181409281777
64867.935347885075 -21.52212207853602
68326.07387157406 -18.113766621209137
71968.56730011514 4.289215560957044
75805.24367559262 -6.030748869299304
79846.45497739078 2.865188003265353
84103.10505352604 4.927299496999085
88586.67904100832 5.128273056860068
93309.27435461663 -2.7340218820842654
98283.63332770011 -19.61691184737453
103523.17759307378 -10.856154158308662
109042.04429677526 -0.851753956026539
114855.12424239368 5.2889072224513125
120978.10206889013 -1.1691241352654493
127427.49857031321 -8.679024789298095
134220.7152716012 -25.219120486638932
141376.08138073614 9.890614619238827
148912.90324394088 -11.050999652094848
156851.5164373548 3.1571452789685917
165213.34063573685 -107.82761457754842
174020.9374062485 -5.762480138120775
183298.07108324338 -13.791627706332816
193069.77288832495 -11.493508762600435
203362.40846866704 -2.900949934980739
214203.74903583832 11.185850674211867
225623.04629706353 8.474038790217552
237651.11138110727 8.496301499805307
250320.39797173254 7.515314261469998
263665.08987303555 -0.20790649345722978
277721.1932429355 -13.900417316470584
292526.6337436642 -3.1051287180284315
308121.35887140024 -19.36707682064071
324547.44574113254 -18.42854051737856
341849.21461759275 -17.746970758037854
360073.348498562 2.4906656844070736
379269.0190732246 -4.219025784857338
399488.019395417 -11.557926631243951
420784.9036297398 -13.001280994932065
443217.13424760854 -14.417830896580188
466845.2370703785 -25.70627958638383
491732.9645779016 -109.40169291747536
517947.46792312124 -84.070107077837
545559.4781168514 -35.171108745933644
574643.4968715974 -109.65216627879772
605277.9976193343 -108.9217699886354
637545.6372456506 -37.99288300356034
671533.4791115135 -116.26362777689701
707333.2279644439 -38.62255004356
745041.4773728917 -121.37297801304328
784759.9703514606 -113.12362273372038
826595.8738801812 -31.891260370150857
870662.0680585118 -136.5937296887268
917077.4506742931 -124.92253247625939
965967.2580093823 -122.75248489340436
1017463.4027476063 -34.08759236222821
1071704.8298967092 -111.89502271109279
1128837.8916846884 -40.36202257004472
1189016.74244199 -34.19691928696785
1252403.7545350718 -12.543130359439552
1319169.9564735717 -30.085506599317608
1389495.494373136 -34.31411627558483
1463570.1180190798 -18.465517737208458
1541593.6928422702 -37.21992597333309
1623776.739188721 -33.871291699651415
1710341.0003378377 -132.3882989414359
1801520.0408020238 -34.13050118795214
1897559.8765218505 -18.68799715806571
1998719.6386572486 -36.15446878926232
2105272.272765707 -40.407879805827356
2217505.2752539297 -38.89135278314757
2335721.4690901213 -12.288330959347952
2460239.8208697727 -46.06883500718608
2591396.3014396573 -128.68046244186917
2729544.792402007 -108.61572177076374
2875058.040944877 -29.67162555894373
3028328.6655749455 -21.839228345781777
3189770.215466318 17.116401660550387
3359818.286283781 -32.654801810366735
3538931.6954909842 -30.91877330729012
3727593.720314938 -27.802776881959407
3926313.4017068394 -46.33858157573591
4135626.917817706 -33.970294051140485
4356099.030694608 -43.887005836627196
4588324.61010084 -46.99234657634429
4832930.238571752 -44.46857976306579
5090575.902036676 -24.692108221083984
5361956.770568817 -128.67512667048783
5647805.074067546 -33.946417681065114
5948892.077934331 -104.4337125246962
6266030.164072656 -22.265866748767806
6600075.022827089 -42.93399514434404
6951927.961775606 -37.69237833191535
7322538.337604526 -132.18875989194007
7712906.117627992 -129.94908287827488
8124084.5778629575 -34.539520225607525
8557183.144940002 -125.81269973882583
9013370.38951742 -22.60496204741877
9493877.17927582 -14.488654026821186
10000000.0 -32.54065943617686
10533104.45370936 -133.9017922734646
11094628.943275219 -32.03406563213714
11686088.553466497 -25.214210566589234
12309079.138896018 -123.2086665805842
12965281.629896663 -33.54889990197681
13656466.567946097 -34.62868631873433
14384498.882876629 -20.090889515025555
15151342.924760515 -20.592742995206915
15959067.76404731 -135.0505806820108
16809852.774253618 -27.354842444207442
17705993.51226898 -31.421027741176086
18649907.912142944 -40.4338104071731
19644142.809066266 -28.23181521448376
20691380.811147902 -42.466341644724835
21794447.537529834 -53.07205319776911
22956319.242369097 -30.2589391372209
24180130.84525718 -33.50873335713776
25469184.3897454 -37.739269652585094
26826957.95279722 -51.8281163902472
28257115.02920827 -28.87821384760589
29763514.41631313 -44.14948962253092
31350220.62565112 -30.474732932456043
33021514.849681754 -31.96180536790658
34781906.51314127 -36.371438528294995
36636145.44020716 -34.2535665923874
38589234.67029899 -50.60842190793298
40646443.95709628 -37.00574771292085
42813323.98719387 -41.37769798912116
45095721.35676145 -36.4895951759598
47499794.346614026 -31.302685369351586
50032029.53825999 -18.810357735980777
52699259.31575657 -162.53774247912946
55508680.300597996 -53.47112709199592
58467872.7693759 -34.60362419326054
61584821.10660254 -20.5276716303215
64867935.34788508 -38.13834354656705
68326073.87157391 -31.022922146291798
71968567.30011514 -41.45315521373827
75805243.67559262 -41.64572106164662
79846454.97739078 -22.953696649200893
84103105.05352604 -30.777254346412704
88586679.04100814 -48.965448821145436
93309274.35461664 -19.417423802032815
98283633.32770011 -24.986895897646136
103523177.59307377 -27.03454280865412
109042044.29677527 -43.16949044355732
114855124.24239345 -46.24018780704435
120978102.06889038 -158.5581434233068
127427498.57031322 -40.79305653791897
134220715.2716012 -25.80195416357977
141376081.38073614 -52.95505117429315
148912903.24394056 -37.364684328344325
156851516.43735445 -46.72743774707902
165213340.63573685 -50.30285157697211
174020937.40624848 321.59057013598607
183298071.08324376 -37.635161801027884
193069772.88832456 -24.44759202956588
203362408.46866703 -25.714756784729534
214203749.0358383 -40.826653972408764
225623046.2970626 -29.810050609548497
237651111.38110778 -23.338322876734097
250320397.97173202 -42.44166716291903
263665089.87303555 -55.50031751314063
277721193.2429355 -29.248497466322387
292526633.74366355 -44.14048696843922
308121358.87140083 -42.350423356253664
324547445.74113256 -18.13278122727633
341849214.6175927 -26.20102805323631
360073348.49856204 -35.716111309423944
379269019.0732238 -46.32182286299588
399488019.39541787 -15.305219500133266
420784903.6297398 -41.54316670360225
443217134.24760854 -24.96843940437639
466845237.07037944 -41.82334010687705
491732964.5779006 -34.16918333162816
517947467.9231202 -35.23246979089031
545559478.1168514 -33.02223856423887
574643496.8715974 -22.712800306632097
605277997.6193355 -33.70360784608386
637545637.2456493 -36.35051922625617
671533479.1115135 -33.659916217832084
707333227.9644439 -46.3296244741684
745041477.3728887 -39.85789674133838
784759970.3514622 -50.10903295572953
826595873.8801795 -43.63730522290854
870662068.0585117 -183.24360032974351
917077450.674293 -39.21322440271197
965967258.0093802 -46.72089675658907
1017463402.7476043 -42.74794375592656
1071704829.8967092 -25.818641117491268
1128837891.6846883 -33.88688794338777
1189016742.44199 -162.05124769121983
1252403754.5350692 -24.465257658855236
1319169956.473569 -35.140179854641566
1389495494.373136 -41.62480175958577
1463570118.0190797 -29.13247411347641
1541593692.8422735 -53.29032472149355
1623776739.1887176 -29.390057413934628
1710341000.337838 -55.38331548906318
1801520040.802024 -179.42658558822532
1897559876.5218503 -26.876835015733327
1998719638.6572526 -40.40510728290479
2105272272.7657027 -50.05697902975388
2217505275.2539296 -44.799208103997785
2335721469.0901213 -51.92077735398201
2460239820.8697777 -55.74724593333441
2591396301.439652 -27.691893279556584
2729544792.402002 -31.677740452332003
2875058040.944877 -46.789637640455986
3028328665.5749454 -42.81668463979351
3189770215.466325 -21.026621027631762
3359818286.2837744 -56.23449587339159
3538931695.4909844 -33.5045010077061
3727593720.314938 -48.119926521329404
3926313401.7068396 -23.059820274212957
4135626917.8176975 -30.908159414082643
4356099030.694599 -30.361053936898227
4588324610.100841 -43.98530386170525
4832930238.571753 -39.84368751030551
5090575902.036687 -52.62547331700073
5361956770.568806 -47.39670371914917
5647805074.067546 -52.67171067646578
5948892077.934331 -49.82107651538185
6266030164.072656 -40.583294819227774
6600075022.827075 -44.56914199200605
6951927961.775591 -24.118014172457187
7322538337.6045265 -53.20931144730149
7712906117.627993 -22.520516408175183
8124084577.862974 -33.13490951136821
8557183144.939984 -23.336553343209268
9013370389.51742 -26.967825176778874
9493877179.27582 -26.092911375831296
10000000000.0 -46.06556953768119
