10.0 -18.061799739848876
10.53310445370937 -18.061799739804115
11.094628943275218 -18.06179973985938
11.686088553466515 -18.06179973984356
12.309079138896024 -18.061799739845686
12.965281629896682 -18.061799739796896
13.65646656794611 -18.061799739829702
14.38449888287663 -18.0617997398034
15.15134292476053 -18.061799739857488
15.95906776404731 -18.061799739805085
16.80985277425364 -18.06179973977875
17.70599351226899 -18.061799739868402
18.64990791214297 -18.06179973986496
19.644142809066278 -18.061799739801547
20.6913808111479 -18.061799739834274
21.794447537529855 -18.061799739810663
22.956319242369098 -18.061799739802705
24.180130845257207 -18.061799739773235
25.4691843897454 -18.061799739818408
26.826957952797258 -18.061799739831827
28.257115029208283 -18.061799739808343
29.76351441631318 -18.06179973983508
31.350220625651154 -18.06179973978563
33.02151484968176 -18.061799739865773
34.7819065131413 -18.0617997398052
36.63614544020716 -18.06179973986772
38.58923467029903 -18.061799739874452
40.646443957096295 -18.061799739867638
42.81332398719393 -18.061799739809036
45.095721356761466 -18.06179973984141
47.499794346614124 -18.061799739781716
50.03202953826004 -18.061799739833766
52.699259315756564 -18.061799739793866
55.50868030059805 -18.061799739822508
58.467872769375894 -18.061799739818795
61.58482110660264 -18.061799739827347
64.86793534788511 -18.06179973983887
68.32607387157402 -18.06179973981372
71.96856730011521 -18.061799739833983
75.8052436755926 -18.06179973978547
79.84645497739086 -18.06179973979964
84.10310505352605 -18.06179973980129
88.58667904100822 -18.0617997397956
93.30927435461668 -18.061799739829397
98.28363332770026 -18.061799739792644
103.52317759307378 -18.06179973982123
109.04204429677526 -18.061799739828977
114.8551242423938 -18.061799739854823
120.97810206889012 -18.061799739826952
127.42749857031335 -18.061799739834118
134.2207152716012 -18.06179973985304
141.37608138073614 -18.061799739880083
148.91290324394086 -18.061799739846908
156.85151643735477 -18.061799739832914
165.213340635737 -18.061799739826373
174.0209374062485 -18.06179973986188
183.29807108324357 -18.061799739798342
193.06977288832496 -18.06179973985443
203.36240846866724 -18.061799739824384
214.2037490358383 -18.061799739868764
225.62304629706352 -18.061799739879902
237.65111138110728 -18.061799739855605
250.32039797173255 -18.06179973981639
263.6650898730358 -18.061799739848773
277.7211932429355 -18.061799739859957
292.5266337436645 -18.061799739817666
308.1213588714002 -18.0617997398492
324.54744574113323 -18.061799739842826
341.84921461759274 -18.0617997397998
360.073348498562 -18.061799739841778
379.26901907322497 -18.061799739809196
399.48801939541704 -18.061799739852365
420.78490362974026 -18.061799739851658
443.21713424760856 -18.061799739808787
466.84523707037897 -18.061799739805334
491.73296457790156 -18.061799739847146
517.9474679231213 -18.061799739896216
545.5594781168514 -18.061799739838783
574.6434968715973 -18.061799739850105
605.2779976193349 -18.061799739852738
637.5456372456507 -18.061799739812795
671.5334791115142 -18.061799739841735
707.3332279644438 -18.06179973980064
745.0414773728917 -18.061799739849263
784.7599703514607 -18.06179973983805
826.5958738801812 -18.061799739892397
870.6620680585127 -18.061799739848617
917.0774506742931 -18.061799739832253
965.9672580093833 -18.061799739885455
1017.4634027476063 -18.061799739841756
1071.7048298967104 -18.06179973979863
1128.8378916846884 -18.061799739819694
1189.01674244199 -18.061799739868956
1252.4037545350732 -18.06179973982564
1319.1699564735716 -18.06179973983746
1389.4954943731375 -18.061799739862625
1463.5701180190797 -18.06179973984081
1541.5936928422718 -18.06179973988009
1623.776739188721 -18.06179973981515
1710.3410003378397 -18.06179973983494
1801.520040802024 -18.061799739872715
1897.5598765218504 -18.061799739814827
1998.7196386572507 -18.061799739863563
2105.272272765707 -18.06179973984733
2217.505275253932 -18.06179973982472
2335.7214690901214 -18.061799739825247
2460.239820869775 -18.061799739883053
2591.3963014396572 -18.061799739810212
2729.5447924020073 -18.061799739817626
2875.0580409448803 -18.061799739854493
3028.3286655749457 -18.061799739847146
3189.7702154663216 -18.06179973983347
3359.818286283781 -18.061799739803376
3538.9316954909877 -18.061799739862494
3727.593720314938 -18.061799739833567
3926.3134017068355 -18.061799739869794
4135.626917817706 -18.061799739867645
4356.099030694608 -18.061799739850187
4588.324610100844 -18.06179973985572
4832.930238571752 -18.06179973981449
5090.575902036681 -18.0617997398107
5361.956770568817 -18.061799739901684
5647.805074067552 -18.061799739809008
5948.892077934331 -18.061799739829617
6266.030164072656 -18.061799739851917
6600.075022827095 -18.061799739830413
6951.927961775606 -18.061799739842435
7322.538337604534 -18.06179973986138
7712.906117627992 -18.061799739811292
8124.0845778629655 -18.061799739819477
8557.183144940002 -18.061799739847707
9013.37038951743 -18.061799739857317
9493.87717927582 -18.061799739811544
10000.0 -18.061799739843806
10533.104453709382 -18.061799739849377
11094.628943275218 -18.06179973981318
11686.088553466498 -18.06179973982379
12309.079138896019 -18.061799739851615
12965.281629896688 -18.061799739851512
13656.466567946096 -18.06179973986489
14384.498882876629 -18.061799739845505
15151.342924760515 -18.061799739847253
15959.06776404731 -18.061799739815992
16809.852774253653 -18.061799739875436
17705.99351226898 -18.061799739864362
18649.907912142942 -18.06179973983857
19644.142809066267 -18.061799739840048
20691.3808111479 -18.06179973985881
21794.447537529835 -18.061799739832253
22956.319242369096 -18.06179973986495
24180.13084525718 -18.061799739781502
25469.184389745402 -18.061799739846773
26826.957952797275 -18.061799739856934
28257.115029208268 -18.06179973983753
29763.51441631313 -18.06179973982923
31350.220625651124 -18.061799739856678
33021.51484968176 -18.061799739847824
34781.90651314134 -18.061799739823414
36636.14544020716 -18.061799739836516
38589.23467029899 -18.061799739809757
40646.44395709628 -18.061799739822927
42813.32398719396 -18.061799739840666
45095.721356761445 -18.061799739837284
47499.79434661403 -18.061799739875326
50032.029538259994 -18.061799739820536
52699.259315756564 -18.061799739861748
55508.680300598106 -18.061799739830857
58467.87276937589 -18.06179973986738
61584.82110660255 -18.061799739809178
64867.935347885075 -18.06179973984178
68326.07387157406 -18.06179973983538
71968.56730011514 -18.061799739846897
75805.24367559262 -18.061799739858234
79846.45497739078 -18.061799739816955
84103.10505352604 -18.061799739860568
88586.67904100832 -18.061799739861474
93309.27435461663 -18.061799739839948
98283.63332770011 -18.061799739810553
103523.17759307378 -18.061799739852415
109042.04429677526 -18.061799739839092
114855.12424239368 -18.061799739851118
120978.10206889013 -18.06179973984787
127427.49857031321 -18.061799739791635
134220.7152716012 -18.06179973984262
141376.08138073614 -18.061799739825382
148912.90324394088 -18.061799739818746
156851.5164373548 -18.061799739846798
165213.34063573685 -18.061799739860657
174020.9374062485 -18.061799739840104
183298.07108324338 -18.06179973982674
193069.77288832495 -18.061799739816497
203362.40846866704 -18.06179973984066
214203.74903583832 -18.0617997398563
225623.04629706353 -18.06179973983865
237651.11138110727 -18.06179973983272
250320.39797173254 -18.06179973986533
263665.08987303555 -18.06179973982429
277721.1932429355 -18.061799739836207
292526.6337436642 -18.061799739838793
308121.35887140024 -18.06179973986651
324547.44574113254 -18.061799739864085
341849.21461759275 -18.06179973986246
360073.348498562 -18.061799739840986
379269.0190732246 -18.061799739815974
399488.019395417 -18.061799739860977
420784.9036297398 -18.06179973980313
443217.13424760854 -18.06179973986193
466845.2370703785 -18.061799739813257
491732.9645779016 -18.061799739814603
517947.46792312124 -18.0617997398268
545559.4781168514 -18.061799739839415
574643.4968715974 -18.061799739855992
605277.9976193343 -18.061799739826732
637545.6372456506 -18.061799739835187
671533.4791115135 -18.061799739819048
707333.2279644439 -18.06179973983507
745041.4773728917 -18.061799739825737
784759.9703514606 -18.061799739851544
826595.8738801812 -18.06179973986183
870662.0680585118 -18.06179973982089
917077.4506742931 -18.061799739837745
965967.2580093823 -18.061799739840076
1017463.4027476063 -18.061799739860454
1071704.8298967092 -18.061799739825673
1128837.8916846884 -18.06179973989593
1189016.74244199 -18.061799739812134
1252403.7545350718 -18.061799739820717
1319169.9564735717 -18.06179973986105
1389495.494373136 -18.061799739826554
1463570.1180190798 -18.06179973982324
1541593.6928422702 -18.06179973983317
1623776.739188721 -18.061799739801017
1710341.0003378377 -18.061799739801486
1801520.0408020238 -18.06179973984929
1897559.8765218505 -18.061799739803867
1998719.6386572486 -18.0617997398095
2105272.272765707 -18.0617997398584
2217505.2752539297 -18.061799739868107
2335721.4690901213 -18.061799739799703
2460239.8208697727 -18.061799739854575
2591396.3014396573 -18.061799739781538
2729544.792402007 -18.06179973984347
2875058.040944877 -18.06179973984283
3028328.6655749455 -18.061799739834807
3189770.215466318 -18.061799739794996
3359818.286283781 -18.061799739871912
3538931.6954909842 -18.061799739795575
3727593.720314938 -18.06179973980713
3926313.4017068394 -18.06179973980123
4135626.917817706 -18.061799739906785
4356099.030694608 -18.061799739821097
4588324.61010084 -18.061799739828295
4832930.238571752 -18.061799739889935
5090575.902036676 -18.061799739848638
5361956.770568817 -18.061799739847174
5647805.074067546 -18.06179973988984
5948892.077934331 -18.061799739872637
6266030.164072656 -18.061799739799543
6600075.022827089 -18.06179973981108
6951927.961775606 -18.061799739833194
7322538.337604526 -18.06179973979257
7712906.117627992 -18.061799739807068
8124084.5778629575 -18.061799739749095
8557183.144940002 -18.06179973979549
9013370.38951742 -18.061799739842716
9493877.17927582 -18.061799739808432
10000000.0 -18.061799739704675
10533104.45370936 -18.06179973982151
11094628.943275219 -18.06179973980615
11686088.553466497 -18.06179973991163
12309079.138896018 -18.061799739833017
12965281.629896663 -18.06179973987647
13656466.567946097 -18.06179973984899
14384498.882876629 -18.061799739876022
15151342.924760515 -18.061799739766435
15959067.76404731 -18.061799739881096
16809852.774253618 -18.061799739772876
17705993.51226898 -18.06179973974219
18649907.912142944 -18.06179973973643
19644142.809066266 -18.06179973975322
20691380.811147902 -18.061799739830914
21794447.537529834 -18.06179973996366
22956319.242369097 -18.06179973983409
24180130.84525718 -18.061799739754797
25469184.3897454 -18.061799739846464
26826957.95279722 -18.061799739790278
28257115.02920827 -18.061799739907435
29763514.41631313 -18.061799739872455
31350220.62565112 -18.061799739798538
33021514.849681754 -18.061799739841938
34781906.51314127 -18.061799739895843
36636145.44020716 -18.06179973984235
38589234.67029899 -18.061799739841895
40646443.95709628 -18.06179973990284
42813323.98719387 -18.061799740006666
45095721.35676145 -18.061799739819342
47499794.346614026 -18.061799739709507
50032029.53825999 -18.061799739914626
52699259.31575657 -18.061799739787155
55508680.300597996 -18.061799739909787
58467872.7693759 -18.061799739839646
61584821.10660254 -18.061799739706238
64867935.34788508 -18.06179973978813
68326073.87157391 -18.061799739618237
71968567.30011514 -18.061799739740533
75805243.67559262 -18.06179973982138
79846454.97739078 -18.061799739919188
84103105.05352604 -18.061799739609285
88586679.04100814 -18.061799739965288
93309274.35461664 -18.061799740202847
98283633.32770011 -18.061799739894255
103523177.59307377 -18.061799739687107
109042044.29677527 -18.061799740059772
114855124.24239345 -18.061799739950544
120978102.06889038 -18.061799739922016
127427498.57031322 -18.061799740055612
134220715.2716012 -18.061799739974408
141376081.38073614 -18.061799739635546
148912903.24394056 -18.061799740218547
156851516.43735445 -18.061799740329224
165213340.63573685 -18.0617997388921
174020937.40624848 -18.061799739479678
183298071.08324376 -18.06179974057649
193069772.88832456 -18.06179974016692
203362408.46866703 -18.061799739945887
214203749.0358383 -18.061799740135505
225623046.2970626 -18.061799739312466
237651111.38110778 -18.06179974001601
250320397.97173202 -18.061799739575896
263665089.87303555 -18.061799740539122
277721193.2429355 -18.061799740272562
292526633.74366355 -18.061799740204915
308121358.87140083 -18.061799738229162
324547445.74113256 -18.06179973883917
341849214.6175927 -18.061799739627876
360073348.49856204 -18.06179974043137
379269019.0732238 -18.061799742167274
399488019.39541787 -18.06179974004511
420784903.6297398 -18.06179973934032
443217134.24760854 -18.0617997409412
466845237.07037944 -18.06179973889024
491732964.5779006 -18.061799741209377
517947467.9231202 -18.06179973883547
545559478.1168514 -18.061799740564762
574643496.8715974 -18.061799741931384
605277997.6193355 -18.061799741267606
637545637.2456493 -18.061799741334752
671533479.1115135 -18.06179974143833
707333227.9644439 -18.061799739332784
745041477.3728887 -18.06179973986618
784759970.3514622 -18.06179974099271
826595873.8801795 -18.061799735618564
870662068.0585117 -18.06179973528601
917077450.674293 -18.061799742542675
965967258.0093802 -18.06179974676677
1017463402.7476043 -18.061799743522727
1071704829.8967092 -18.061799736483685
1128837891.6846883 -18.061799739551837
1189016742.44199 -18.06179974663833
1252403754.5350692 -18.061799728626863
1319169956.473569 -18.061799755000838
1389495494.373136 -18.061799738508864
1463570118.0190797 -18.061799739570237
1541593692.8422735 -18.061799738477525
1623776739.1887176 -18.061799750722084
1710341000.337838 -18.06179974051573
1801520040.802024 -18.061799736317592
1897559876.5218503 -18.061799735556573
1998719638.6572526 -18.061799716388315
2105272272.7657027 -18.061799743224
2217505275.2539296 -18.06179974029581
2335721469.0901213 -18.061799709822875
2460239820.8697777 -18.06179973605576
2591396301.439652 -18.061799744897016
2729544792.402002 -18.061799743199984
2875058040.944877 -18.061799791097695
3028328665.5749454 -18.061799762983267
3189770215.466325 -18.06179964732595
3359818286.2837744 -18.06179967551747
3538931695.4909844 -18.06179978981787
3727593720.314938 -18.061799686796867
3926313401.7068396 -18.0617996272358
4135626917.8176975 -18.06179979795281
4356099030.694599 -18.061799854401745
4588324610.100841 -18.061799794795604
4832930238.571753 -18.06179974855036
5090575902.036687 -18.06179996748178
5361956770.568806 -18.061799696927185
5647805074.067546 -18.061799823026014
5948892077.934331 -18.06179983961011
6266030164.072656 -18.061799875499077
6600075022.827075 -18.06179999374605
6951927961.775591 -18.061800114469975
7322538337.6045265 -18.06179972315469
7712906117.627993 -18.061799421058605
8124084577.862974 -18.061800445102392
8557183144.939984 -18.06179982617939
9013370389.51742 -18.06179989066613
9493877179.27582 -18.061800100439264
10000000000.0 -18.06179978448912
10.0 -0.9472791527488094
10.53310445370937 33.38602186464623
11.094628943275218 12.769486916806914
11.686088553466515 3.0238460882420193
12.309079138896024 16.2008066877285
12.965281629896682 -8.343771144705281
13.65646656794611 12.256200238065524
14.38449888287663 4.675924782795667
15.15134292476053 13.237020299543655
15.95906776404731 -1.7259269699603426
16.80985277425364 -0.59926709735652
17.70599351226899 1.8940344496226444
18.64990791214297 -2.0743489828215855
19.644142809066278 9.748919504819316
20.6913808111479 4.7370751298022045
21.794447537529855 -3.3748384993407354
22.956319242369098 11.431665973387295
24.180130845257207 -0.41452692016214737
25.4691843897454 29.375776655369677
26.826957952797258 15.8166213909338
28.257115029208283 -0.45811775642385927
29.76351441631318 -2.8277352335758517
31.350220625651154 15.621101347471111
33.02151484968176 17.894758908525695
34.7819065131413 18.747318902491546
36.63614544020716 3.0917274622647457
38.58923467029903 23.724427801062042
40.646443957096295 7.4237666108543285
42.81332398719393 1.4090086193839353
45.095721356761466 10.675737357227899
47.499794346614124 8.043608288046636
50.03202953826004 6.6432500764716265
52.699259315756564 20.399753097871468
55.50868030059805 9.053455144957764
58.467872769375894 10.902843790064336
61.58482110660264 -1.4797607784399747
64.86793534788511 9.339964954420898
68.32607387157402 -0.47372016195995825
71.96856730011521 6.016319487529406
75.8052436755926 15.955050493478042
79.84645497739086 -1.6964858947337582
84.10310505352605 7.235934380168107
88.58667904100822 14.549170231140995
93.30927435461668 6.585518324400962
98.28363332770026 10.990097730773696
103.52317759307378 4.395936426776054
109.04204429677526 11.964505419908305
114.8551242423938 7.504670465078086
120.97810206889012 13.881886271496612
127.42749857031335 0.45936588782780735
134.2207152716012 5.059430004579053
141.37608138073614 11.087017118478604
148.91290324394086 7.419649138971717
156.85151643735477 12.455316772549347
165.213340635737 7.826599894040499
174.0209374062485 7.753281150609635
183.29807108324357 4.072362279196449
193.06977288832496 8.704672208900538
203.36240846866724 15.511489958687578
214.2037490358383 7.14388348082799
225.62304629706352 4.159420134168213
237.65111138110728 7.9651396121718925
250.32039797173255 5.601637377545636
263.6650898730358 8.174446535120422
277.7211932429355 3.6855554026126303
292.5266337436645 24.915222992149914
308.1213588714002 9.03125766618204
324.54744574113323 11.892039879450301
341.84921461759274 13.092131830102154
360.073348498562 1.0317821155835583
379.26901907322497 8.02301864407587
399.48801939541704 10.330463074173812
420.78490362974026 13.754396755527555
443.21713424760856 15.242074687332188
466.84523707037897 2.787759040821369
491.73296457790156 6.123237225148373
517.9474679231213 28.35357096354274
545.5594781168514 0.7614787642347326
574.6434968715973 6.240235495085523
605.2779976193349 22.800688943693757
637.5456372456507 9.854413712372914
671.5334791115142 15.761675080436333
707.3332279644438 3.798390408070547
745.0414773728917 12.856107498850758
784.7599703514607 1.9302068140579867
826.5958738801812 1.1550261195959504
870.6620680585127 9.297672396410642
917.0774506742931 7.9414199427207475
965.9672580093833 1.4305607647624552
1017.4634027476063 12.009088120983321
1071.7048298967104 2.3163839556209647
1128.8378916846884 7.271919108766153
1189.01674244199 21.517550261640825
1252.4037545350732 5.261830477030021
1319.1699564735716 5.0642260511482995
1389.4954943731375 17.263561763620487
1463.5701180190797 4.45283213103678
1541.5936928422718 21.361816729228217
1623.776739188721 1.2735898101228456
1710.3410003378397 2.2497695396851785
1801.520040802024 1.3100147462870328
1897.5598765218504 1.6724888804045457
1998.7196386572507 4.19450463370359
2105.272272765707 2.1129338180885253
2217.505275253932 2.463031483215577
2335.7214690901214 2.437466190696547
2460.239820869775 5.015109952589713
2591.3963014396572 7.553916733741685
2729.5447924020073 4.484592269463319
2875.0580409448803 6.812824866628585
3028.3286655749457 1.3653368938476917
3189.7702154663216 7.3293198249646565
3359.818286283781 5.573407830561248
3538.9316954909877 8.022165842972234
3727.593720314938 3.348250441038708
3926.3134017068355 10.43678945516739
4135.626917817706 2.9512403849274738
4356.099030694608 -1.2717353138169516
4588.324610100844 1.9219113831421488
4832.930238571752 9.5845361009978
5090.575902036681 7.716474769665504
5361.956770568817 7.490863501168208
5647.805074067552 -2.4616757413081016
5948.892077934331 8.128033416236635
6266.030164072656 6.392990126967869
6600.075022827095 -5.266387170842921
6951.927961775606 -4.108069568751819
7322.538337604534 7.933197246484132
7712.906117627992 -6.02731875000938
8124.0845778629655 -5.784466820469548
8557.183144940002 -6.248303998731416
9013.37038951743 -2.660152426617866
9493.87717927582 -0.05590242926946337
10000.0 -0.4429980348757828
10533.104453709382 -9.46387771620145
11094.628943275218 -7.0747056836920965
11686.088553466498 -2.5629565696661656
12309.079138896019 -6.774665899671566
12965.281629896688 0.37108338331374696
13656.466567946096 -3.3258108717203214
14384.498882876629 -4.8530286938251335
15151.342924760515 8.665366433692911
15959.06776404731 -10.590358511374319
16809.852774253653 9.814226125955432
17705.99351226898 -0.3851071095299261
18649.907912142942 1.1022727759366737
19644.142809066267 -12.36975999528898
20691.3808111479 -6.812800828135891
21794.447537529835 -6.299960622368697
22956.319242369096 -10.282443476542673
24180.13084525718 -9.698276251125225
25469.184389745402 -9.652517939879939
26826.957952797275 2.2542933845036126
28257.115029208268 -14.467891941314573
29763.51441631313 -4.438444266681719
31350.220625651124 -21.32712773555229
33021.51484968176 -20.120934855729928
34781.90651314134 -19.6676659204357
36636.14544020716 -18.16369034103498
38589.23467029899 -13.801836879568366
40646.44395709628 -19.29990194589586
42813.32398719396 -18.603388017793982
45095.721356761445 -20.935055201609455
47499.79434661403 -18.69344914134105
50032.029538259994 -10.457028117947694
52699.259315756564 -20.471156451613275
55508.680300598106 -19.945550660749877
58467.87276937589 -20.803927058376985
61584.82110660255 3.7804184005457033
64867.935347885075 -16.23937988696373
68326.07387157406 -10.326762022120878
71968.56730011514 -21.213393010616336
75805.24367559262 -20.948268121143304
79846.45497739078 -19.086979902007354
84103.10505352604 -22.4225920521316
88586.67904100832 -16.693964976484448
93309.27435461663 -18.170731119043676
98283.63332770011 -19.264911948564283
103523.17759307378 -24.357124423012134
109042.04429677526 -30.189245816066705
114855.12424239368 -4.987736584924406
120978.10206889013 -12.737929442712444
127427.49857031321 -14.427907109115651
134220.7152716012 -6.13615847650628
141376.08138073614 -15.837398874604425
148912.90324394088 -26.268096383931116
156851.5164373548 -22.00119087705626
165213.34063573685 -19.5029974465877
174020.9374062485 -13.487434910924618
183298.07108324338 -4.637584671690363
193069.77288832495 -23.475918865080153
203362.40846866704 2.76746443760014
214203.74903583832 -24.082399840960427
225623.04629706353 -23.33651227932943
237651.11138110727 -19.227724208015918
250320.39797173254 -13.234995687411947
263665.08987303555 -16.519668627123284
277721.1932429355 -8.871934375842942
292526.6337436642 -27.472202062030156
308121.35887140024 -36.331539132237175
324547.44574113254 -16.040484679941034
341849.21461759275 -4.131934503847752
360073.348498562 -4.315833263980106
379269.0190732246 -25.61719592154436
399488.019395417 -28.691835964993633
420784.9036297398 -27.35556548539826
443217.13424760854 -27.579758926943924
466845.2370703785 -25.122692855408264
491732.9645779016 -8.997355824008906
517947.46792312124 -23.555409988724534
545559.4781168514 -18.622191386367177
574643.4968715974 -17.046912111164698
605277.9976193343 -6.19980124095962
637545.6372456506 -21.433528171840766
671533.4791115135 -25.0809320233423
707333.2279644439 -28.557851314505918
745041.4773728917 -29.221645856187628
784759.9703514606 -18.387335322618746
826595.8738801812 -28.267228685714016
870662.0680585118 -23.19192581363117
917077.4506742931 -14.54841444206302
965967.2580093823 -18.62544501060653
1017463.4027476063 -20.570932615765827
1071704.8298967092 -41.6450394346116
1128837.8916846884 -28.184159224993763
1189016.74244199 -44.688161335204875
1252403.7545350718 -27.6403118247401
1319169.9564735717 -22.437256749817255
1389495.494373136 -30.27563516839011
1463570.1180190798 -13.208355624821204
1541593.6928422702 -10.695749066963039
1623776.739188721 21.19083923076424
1710341.0003378377 -39.51275391427798
1801520.0408020238 -33.45706677537543
1897559.8765218505 -51.942654396391674
1998719.6386572486 -28.439801547915927
2105272.272765707 -14.060109109763964
2217505.2752539297 -13.830190199263372
2335721.4690901213 -55.18487980329696
2460239.8208697727 -25.006120663332748
2591396.3014396573 -53.42964036722874
2729544.792402007 -30.214656775223272
2875058.040944877 -57.64833895739048
3028328.6655749455 -17.735659395818608
3189770.215466318 -21.820400026330823
3359818.286283781 -19.524366781597532
3538931.6954909842 -34.48212565630201
3727593.720314938 -23.443807344017028
3926313.4017068394 -22.167196901158007
4135626.917817706 -44.85229562068416
4356099.030694608 -29.222925580327015
4588324.61010084 -31.80106665922757
4832930.238571752 -16.704157478075068
5090575.902036676 -28.50128431669652
5361956.770568817 -15.28568722037068
5647805.074067546 -18.22815663086575
5948892.077934331 -9.540428210296493
6266030.164072656 -19.467829222846554
6600075.022827089 -22.758405005127834
6951927.961775606 -25.150178039683198
7322538.337604526 -38.150619530225796
7712906.117627992 -39.94808269372274
8124084.5778629575 -33.00230412105514
8557183.144940002 -28.585313368650755
9013370.38951742 -25.84195759568656
9493877.17927582 -7.281432417281136
10000000.0 -24.54313855049496
10533104.45370936 -58.16541012058004
11094628.943275219 -15.975142721362154
11686088.553466497 -9.63215450111922
12309079.138896018 -8.172906374129319
12965281.629896663 -57.011982595691975
13656466.567946097 -25.947711661935585
14384498.882876629 -28.50535745549541
15151342.924760515 4.082489639214339
15959067.76404731 -29.336510085912813
16809852.774253618 -32.23477025574772
17705993.51226898 -37.59524798738046
18649907.912142944 -62.156415655819465
19644142.809066266 -35.61011746420678
20691380.811147902 -44.27272648922043
21794447.537529834 -33.722538526596516
22956319.242369097 -50.427866466725284
24180130.84525718 -48.55417536178897
25469184.3897454 -35.12314318825881
26826957.95279722 -46.721756647959054
28257115.02920827 -45.33839169596511
29763514.41631313 -35.93183033365629
31350220.62565112 -41.67866187836157
33021514.849681754 -48.00374031257636
34781906.51314127 -43.09707888054032
36636145.44020716 -48.15373002658251
38589234.67029899 -51.664787344923624
40646443.95709628 -23.623059993896067
42813323.98719387 -26.245445186396978
45095721.35676145 -41.600173938680804
47499794.346614026 -26.573061812475174
50032029.53825999 -27.185616491267623
52699259.31575657 -27.173513748268977
55508680.300597996 -43.11707349648078
58467872.7693759 -45.350450004207154
61584821.10660254 -49.38826195678914
64867935.34788508 8.201209066067916
68326073.87157391 -28.503731082202602
71968567.30011514 -52.49340263967865
75805243.67559262 -28.358304319494437
79846454.97739078 -6.864212083444161
84103105.05352604 -28.221074560445025
88586679.04100814 -42.613960215135755
93309274.35461664 -36.8944618671473
98283633.32770011 -42.93753529437632
103523177.59307377 0.25573308714955667
109042044.29677527 -43.36818098372007
114855124.24239345 -32.78472618556324
120978102.06889038 -49.278883730676796
127427498.57031322 -30.322845241230034
134220715.2716012 -12.016201802762843
141376081.38073614 -27.26962351343191
148912903.24394056 -32.09371617787006
156851516.43735445 -56.47140133085444
165213340.63573685 -55.18007010547737
174020937.40624848 -19.3264217440601
183298071.08324376 -48.234553631293615
193069772.88832456 -50.13904169250915
203362408.46866703 -46.45804970508608
214203749.0358383 -38.00229129027971
225623046.2970626 -17.535425014965156
237651111.38110778 -43.91969639339496
250320397.97173202 -44.85534607463155
263665089.87303555 -57.847951548281394
277721193.2429355 -41.553226888452635
292526633.74366355 -45.042893928413044
308121358.87140083 -39.129858609883655
324547445.74113256 -39.409079956029544
341849214.6175927 -21.17307640229333
360073348.49856204 -52.88507761584456
379269019.0732238 -54.42482213495475
399488019.39541787 -41.51147403807106
420784903.6297398 -31.313856797298673
443217134.24760854 -50.20667745213744
466845237.07037944 -40.204708897759964
491732964.5779006 -55.86114440061931
517947467.9231202 -36.83255464854976
545559478.1168514 -40.43462398482498
574643496.8715974 -31.87531818405541
605277997.6193355 -65.87123542487656
637545637.2456493 -39.55949581214557
671533479.1115135 -52.11442283919521
707333227.9644439 -20.848467035484795
745041477.3728887 -33.17412416171945
784759970.3514622 -60.92158435552768
826595873.8801795 -43.152474188651595
870662068.0585117 -70.71401384438347
917077450.674293 -50.609635534441225
965967258.0093802 -47.27643620649636
1017463402.7476043 -43.054886032983084
1071704829.8967092 -41.6934070683524
1128837891.6846883 -38.36158216976665
1189016742.44199 -41.04154917793241
1252403754.5350692 -24.543470271122068
1319169956.473569 -41.744973666647674
1389495494.373136 -38.38725526516492
1463570118.0190797 -40.84061716853305
1541593692.8422735 -60.0370326559782
1623776739.1887176 -48.60474927852769
1710341000.337838 -49.04818780700137
1801520040.802024 -34.99394497424298
1897559876.5218503 -61.31048868582766
1998719638.6572526 -36.1168297672866
2105272272.7657027 -40.909210526452696
2217505275.2539296 -62.725767087311596
2335721469.0901213 -37.5021404119673
2460239820.8697777 -40.49490113443437
2591396301.439652 -35.139482441236055
2729544792.402002 -39.46415283728576
2875058040.944877 -48.97752480750724
3028328665.5749454 -34.04388281426823
3189770215.466325 -45.58989487586157
3359818286.2837744 -39.826972586688164
3538931695.4909844 -38.451344715329974
3727593720.314938 -47.81819462446595
3926313401.7068396 -26.90746729115276
4135626917.8176975 -51.664387624850306
4356099030.694599 -22.621450206728447
4588324610.100841 -61.183829601324405
4832930238.571753 -41.451661223349355
5090575902.036687 -53.34376046716588
5361956770.568806 -41.632167101191285
5647805074.067546 -56.05798883180065
5948892077.934331 -40.32562015817749
6266030164.072656 -39.83536587678389
6600075022.827075 -42.58086120504292
6951927961.775591 -53.89565088870146
7322538337.6045265 -31.96077468148514
7712906117.627993 -26.29368921612808
8124084577.862974 -41.34771447470759
8557183144.939984 -42.54508814060265
9013370389.51742 -33.47510559646425
9493877179.27582 -49.37429766503524
10000000000.0 -37.843344281536055
