10.0 7.716751721336651
10.53310445370937 7.293819446183683
11.094628943275218 6.873751847631447
11.686088553466515 6.456815293662036
12.309079138896024 6.043295739747229
12.965281629896682 5.633499092657206
13.65646656794611 5.227751333351063
14.38449888287663 4.826398341812238
15.15134292476053 4.429805371844296
15.95906776404731 4.038356106443214
16.80985277425364 3.6524512387498147
17.70599351226899 3.272506519663716
18.64990791214297 2.8989502165587004
19.644142809066278 2.532219948272911
20.6913808111479 2.172758864616187
21.794447537529855 1.8210111706496936
22.956319242369098 1.4774170137367524
24.180130845257207 1.142406786052643
25.4691843897454 0.8163949255208991
26.826957952797258 0.4997733374916462
28.257115029208283 0.19290459120811682
29.76351441631318 -0.10388492166923236
31.350220625651154 -0.3903116550061301
33.02151484968176 -0.666141170607127
34.7819065131413 -0.9311937626091104
36.63614544020716 -1.185349217671083
38.58923467029903 -1.4285505041104076
40.646443957096295 -1.6608062231625151
42.81332398719393 -1.882191698805623
45.095721356761466 -2.0928486393042474
47.499794346614124 -2.2929833601088006
50.03202953826004 -2.482863618964897
52.699259315756564 -2.662814166485118
55.50868030059805 -2.8332111575836416
58.467872769375894 -2.9944756094080374
61.58482110660264 -3.1470661045055808
64.86793534788511 -3.2914709545745238
68.32607387157402 -3.4282000309642156
71.96856730011521 -3.557776463512166
75.8052436755926 -3.6807283878476396
79.84645497739086 -3.7975809045660043
84.10310505352605 -3.908848393847806
88.58667904100822 -4.015027311952818
93.30927435461668 -4.116589582048115
98.28363332770026 -4.213976683577031
103.52317759307378 -4.3075945361865
109.04204429677526 -4.39780926937451
114.8551242423938 -4.484943964285483
120.97810206889012 -4.5692764441268405
127.42749857031335 -4.651038174740167
134.2207152716012 -4.730414316326213
141.37608138073614 -4.8075449360648355
148.91290324394086 -4.882527353648507
156.85151643735477 -4.955419548112122
165.213340635737 -5.026244506752164
174.0209374062485 -5.094995351935232
183.29807108324357 -5.1616410410801254
193.06977288832496 -5.226132405620203
203.36240846866724 -5.288408279443313
214.2037490358383 -5.348401467461036
225.62304629706352 -5.4060443220605645
237.65111138110728 -5.461273727658363
250.32039797173255 -5.514035337342415
263.6650898730358 -5.564286957646561
277.7211932429355 -5.612001031977031
292.5266337436645 -5.657166225505261
308.1213588714002 -5.699788160990066
324.54744574113323 -5.739889391865248
341.84921461759274 -5.777508725674806
360.073348498562 -5.812700025882183
379.26901907322497 -5.845530625058498
399.48801939541704 -5.876079478285568
420.78490362974026 -5.904435174651531
443.21713424760856 -5.930693909008152
466.84523707037897 -5.954957498126098
491.73296457790156 -5.97733150624558
517.9474679231213 -5.99792352684519
545.5594781168514 -6.016841650829182
574.6434968715973 -6.034193137100068
605.2779976193349 -6.0500832897372705
637.5456372456507 -6.064614537000372
671.5334791115142 -6.077885700735148
707.3332279644438 -6.089991440310713
745.0414773728917 -6.101021852593723
784.7599703514607 -6.111062208272323
826.5958738801812 -6.1201928048173295
870.6620680585127 -6.128488917086184
917.0774506742931 -6.136020827901896
965.9672580093833 -6.142853922574465
1017.4634027476063 -6.149048833114445
1071.7048298967104 -6.154661619754668
1128.8378916846884 -6.159743979179783
1189.01674244199 -6.164343470555047
1252.4037545350732 -6.168503751993692
1319.1699564735716 -6.172264821468929
1389.4954943731375 -6.1756632574041
1463.5701180190797 -6.178732455212415
1541.5936928422718 -6.181502856942112
1623.776739188721 -6.1840021719318985
1710.3410003378397 -6.1862555870084535
1801.520040802024 -6.188285965231306
1897.5598765218504 -6.190114032632131
1998.7196386572507 -6.191758552677924
2105.272272765707 -6.193236488474694
2217.505275253932 -6.194563152870886
2335.7214690901214 -6.195752346809726
2460.239820869775 -6.196816486342916
2591.3963014396572 -6.197766718795664
2729.5447924020073 -6.198613028625938
2875.0580409448803 -6.199364333520187
3028.3286655749457 -6.200028571293639
3189.7702154663216 -6.200612778145586
3359.818286283781 -6.201123158799813
3538.9316954909877 -6.201565149056184
3727.593720314938 -6.201943471231353
3926.3134017068355 -6.202262182957918
4135.626917817706 -6.202524719771596
4356.099030694608 -6.202733931892325
4588.324610100844 -6.202892115578854
4832.930238571752 -6.203001039411705
5090.575902036681 -6.203061965846203
5361.956770568817 -6.203075668358392
5647.805074067552 -6.203042444499345
5948.892077934331 -6.202962125173347
6266.030164072656 -6.202834080472374
6600.075022827095 -6.202657222397743
6951.927961775606 -6.202430004857003
7322.538337604534 -6.202150421331627
7712.906117627992 -6.201816000709311
8124.0845778629655 -6.201423801809266
8557.183144940002 -6.200970407246839
9013.37038951743 -6.200451917376554
9493.87717927582 -6.19986394519551
10000.0 -6.199201613232167
10533.104453709382 -6.198459553610399
11094.628943275218 -6.197631912677472
11686.088553466498 -6.1967123617705795
12309.079138896019 -6.19569411590417
12965.281629896688 -6.194569962353624
13656.466567946096 -6.193332301301663
14384.498882876629 -6.191973200823314
15151.342924760515 -6.190484468589562
15959.06776404731 -6.188857742619042
16809.852774253653 -6.187084603264392
17705.99351226898 -6.185156708306101
18649.907912142942 -6.1830659524701295
19644.142809066267 -6.180804651926378
20691.3808111479 -6.178365753255744
21794.447537529835 -6.175743065019206
22956.319242369096 -6.172931508424835
24180.13084525718 -6.169927381706101
25469.184389745402 -6.166728630751532
26826.957952797275 -6.163335116438486
28257.115029208268 -6.159748867138956
29763.51441631313 -6.155974303227723
31350.220625651124 -6.1520184193654615
33021.51484968176 -6.14789091010651
34781.90651314134 -6.143604225186909
36636.14544020716 -6.139173542867606
38589.23467029899 -6.13461665294778
40646.44395709628 -6.129953745468963
42813.32398719396 -6.125207106416905
45095.721356761445 -6.12040072753018
47499.79434661403 -6.115559843112108
50032.029538259994 -6.110710411947714
52699.259315756564 -6.105878566506437
55508.680300598106 -6.101090054101478
58467.87276937589 -6.0963696952916795
61584.82110660255 -6.091740883483443
64867.935347885075 -6.087225146576567
68326.07387157406 -6.082841786934571
71968.56730011514 -6.078607610479806
75805.24367559262 -6.074536749849503
79846.45497739078 -6.070640580889945
84103.10505352604 -6.066927726750977
88586.67904100832 -6.063404139861706
93309.27435461663 -6.06007324926114
98283.63332770011 -6.056936159202757
103523.17759307378 -6.053991884541533
109042.04429677526 -6.0512376089734925
114855.12424239368 -6.048668953493753
120978.10206889013 -6.046280244230963
127427.49857031321 -6.044064770856137
134220.7152716012 -6.0420150288713
141376.08138073614 -6.040122941084246
148912.90324394088 -6.03838005537979
156851.5164373548 -6.036777717431395
165213.34063573685 -6.035307218239484
174020.9374062485 -6.0339599173317815
183298.07108324338 -6.0327273431459085
193069.77288832495 -6.031601272559641
203362.40846866704 -6.030573791789102
214203.74903583832 -6.029637340968335
225623.04629706353 -6.028784744708158
237651.11138110727 -6.028009230822661
250320.39797173254 -6.0273044392564845
263665.08987303555 -6.0266644230492545
277721.1932429355 -6.026083642967251
292526.6337436642 -6.025556957223463
308121.35887140024 -6.025079607500218
324547.44574113254 -6.024647202302821
341849.21461759275 -6.024255698497947
360073.348498562 -6.023901381734957
379269.0190732246 -6.0235808463154585
399488.019395417 -6.023290974957459
420784.9036297398 -6.023028918801668
443217.13424760854 -6.022792077924107
466845.2370703785 -6.022578082548585
491732.9645779016 -6.022384775096939
517947.46792312124 -6.022210193166819
545559.4781168514 -6.022052553491976
574643.4968715974 -6.021910236908138
605277.9976193343 -6.021781774327305
637545.6372456506 -6.021665833704498
671533.4791115135 -6.021561207968393
707333.2279644439 -6.021466803878712
745041.4773728917 -6.021381631765971
784759.9703514606 -6.021304796105715
826595.8738801812 -6.021235486877513
870662.0680585118 -6.021172971657008
917077.4506742931 -6.021116588391056
965967.2580093823 -6.02106573880625
1017463.4027476063 -6.021019882402352
1071704.8298967092 -6.020978530985717
1128837.8916846884 -6.020941243698851
1189016.74244199 -6.020907622504534
1252403.7545350718 -6.020877308087211
1319169.9564735717 -6.020849976135435
1389495.494373136 -6.020825333971427
1463570.1180190798 -6.020803117498053
1541593.6928422702 -6.020783088434286
1623776.739188721 -6.020765031813107
1710341.0003378377 -6.020748753717724
1801520.0408020238 -6.020734079234459
1897559.8765218505 -6.0207208506021885
1998719.6386572486 -6.020708925539497
2105272.272765707 -6.020698175733406
2217505.2752539297 -6.020688485474357
2335721.4690901213 -6.020679750423109
2460239.8208697727 -6.02067187649764
2591396.3014396573 -6.020664778867979
2729544.792402007 -6.020658381049215
2875058.040944877 -6.020652614082582
3028328.6655749455 -6.0206474157967405
3189770.215466318 -6.020642730141268
3359818.286283781 -6.020638506584964
3538931.6954909842 -6.020634699573586
3727593.720314938 -6.020631268040227
3926313.4017068394 -6.020628174964075
4135626.917817706 -6.020625386972217
4356099.030694608 -6.020622873980555
4588324.61010084 -6.02062060887015
4832930.238571752 -6.0206185671951875
5090575.902036676 -6.0206167269196875
5361956.770568817 -6.020615068180152
5647805.074067546 -6.020613573071581
5948892.077934331 -6.020612225454224
6266030.164072656 -6.0206110107802076
6600075.022827089 -6.020609915935941
6951927.961775606 -6.020608929101278
7322538.337604526 -6.020608039621713
7712906.117627992 -6.02060723789357
8124084.5778629575 -6.020606515260404
8557183.144940002 -6.020605863919562
9013370.38951742 -6.020605276838065
9493877.17927582 -6.02060474767657
10000000.0 -6.020604270721161
10533104.45370936 -6.020603840821495
11094628.943275219 -6.020603453335319
11686088.553466497 -6.020603104078246
12309079.138896018 -6.020602789278813
12965281.629896663 -6.020602505537553
13656466.567946097 -6.020602249790264
14384498.882876629 -6.020602019275131
15151342.924760515 -6.0206018115028375
15959067.76404731 -6.020601624229584
16809852.774253618 -6.020601455432879
17705993.51226898 -6.020601303289923
18649907.912142944 -6.020601166157612
19644142.809066266 -6.02060104255499
20691380.811147902 -6.020600931147221
21794447.537529834 -6.0206008307311185
22956319.242369097 -6.020600740222292
24180130.84525718 -6.020600658643214
25469184.3897454 -6.020600585112873
26826957.95279722 -6.020600518837233
28257115.02920827 -6.020600459100418
29763514.41631313 -6.020600405257412
31350220.62565112 -6.0206003567265745
33021514.849681754 -6.020600312983968
34781906.51314127 -6.020600273557026
36636145.44020716 -6.020600238019966
38589234.67029899 -6.020600205989119
40646443.95709628 -6.0206001771184
42813323.98719387 -6.0206001510962555
45095721.35676145 -6.0206001276413055
47499794.346614026 -6.020600106500415
50032029.53825999 -6.020600087445295
52699259.31575657 -6.020600070270097
55508680.300597996 -6.020600054789411
58467872.7693759 -6.020600040835941
61584821.10660254 -6.020600028259046
64867935.34788508 -6.0206000169229945
68326073.87157391 -6.020600006705211
71968567.30011514 -6.020599997495331
75805243.67559262 -6.020599989194052
79846454.97739078 -6.020599981711725
84103105.05352604 -6.020599974967206
88586679.04100814 -6.020599968888152
93309274.35461664 -6.02059996340852
98283633.32770011 -6.02059995846945
103523177.59307377 -6.020599954017321
109042044.29677527 -6.0205999500043355
114855124.24239345 -6.020599946387074
120978102.06889038 -6.020599943126307
127427498.57031322 -6.020599940187209
134220715.2716012 -6.020599937537828
141376081.38073614 -6.020599935149439
148912903.24394056 -6.0205999329962765
156851516.43735445 -6.020599931055451
165213340.63573685 -6.020599929305676
174020937.40624848 -6.020599927728435
183298071.08324376 -6.02059992630629
193069772.88832456 -6.02059992502436
203362408.46866703 -6.020599923868749
214203749.0358383 -6.020599922826545
225623046.2970626 -6.020599921887219
237651111.38110778 -6.020599921040116
250320397.97173202 -6.020599920276238
263665089.87303555 -6.020599919587694
277721193.2429355 -6.020599918967107
292526633.74366355 -6.020599918407161
308121358.87140083 -6.0205999179025715
324547445.74113256 -6.020599917447395
341849214.6175927 -6.020599917037297
360073348.49856204 -6.020599916667071
379269019.0732238 -6.02059991633369
399488019.39541787 -6.020599916032997
420784903.6297398 -6.0205999157618715
443217134.24760854 -6.020599915517599
466845237.07037944 -6.0205999152966285
491732964.5779006 -6.020599915097954
517947467.9231202 -6.02059991491911
545559478.1168514 -6.020599914757336
574643496.8715974 -6.020599914611767
605277997.6193355 -6.020599914480559
637545637.2456493 -6.020599914362056
671533479.1115135 -6.020599914255432
707333227.9644439 -6.0205999141595505
745041477.3728887 -6.020599914073123
784759970.3514622 -6.020599913994788
826595873.8801795 -6.020599913923835
870662068.0585117 -6.020599913860205
917077450.674293 -6.020599913803712
965967258.0093802 -6.020599913751185
1017463402.7476043 -6.020599913705036
1071704829.8967092 -6.0205999136624495
1128837891.6846883 -6.020599913625232
1189016742.44199 -6.02059991359143
1252403754.5350692 -6.0205999135594865
1319169956.473569 -6.0205999135331485
1389495494.373136 -6.0205999135080415
1463570118.0190797 -6.020599913485261
1541593692.8422735 -6.020599913464819
1623776739.1887176 -6.020599913447613
1710341000.337838 -6.020599913429523
1801520040.802024 -6.020599913416485
1897559876.5218503 -6.02059991340091
1998719638.6572526 -6.020599913390962
2105272272.7657027 -6.020599913378475
2217505275.2539296 -6.020599913367387
2335721469.0901213 -6.020599913359855
2460239820.8697777 -6.020599913351371
2591396301.439652 -6.020599913344482
2729544792.402002 -6.0205999133404555
2875058040.944877 -6.020599913332047
3028328665.5749454 -6.020599913328151
3189770215.466325 -6.020599913322769
3359818286.2837744 -6.020599913316799
3538931695.4909844 -6.0205999133128145
3727593720.314938 -6.0205999133121315
3926313401.7068396 -6.02059991330893
4135626917.8176975 -6.020599913304192
4356099030.694599 -6.02059991330561
4588324610.100841 -6.020599913299257
4832930238.571753 -6.020599913299569
5090575902.036687 -6.020599913291868
5361956770.568806 -6.020599913295751
5647805074.067546 -6.020599913294759
5948892077.934331 -6.0205999132934895
6266030164.072656 -6.020599913290972
6600075022.827075 -6.020599913287125
6951927961.775591 -6.020599913288125
7322538337.6045265 -6.0205999132899715
7712906117.627993 -6.020599913285965
8124084577.862974 -6.020599913289409
8557183144.939984 -6.020599913286214
9013370389.51742 -6.020599913289227
9493877179.27582 -6.020599913291111
10000000000.0 -6.020599913279517
