10.0 -18.06690400508331
10.53310445370937 -18.066921601704447
11.094628943275218 -18.066937451302714
11.686088553466515 -18.0669517003938
12.309079138896024 -18.066964448766534
12.965281629896682 -18.066975871929106
13.65646656794611 -18.066986110675757
14.38449888287663 -18.066995239924324
15.15134292476053 -18.06700340598144
15.95906776404731 -18.067010649749314
16.80985277425364 -18.067017077881292
17.70599351226899 -18.0670227409265
18.64990791214297 -18.067027718017712
19.644142809066278 -18.067032055994005
20.6913808111479 -18.067035793235004
21.794447537529855 -18.067038981719627
22.956319242369098 -18.067041649808573
24.180130845257207 -18.06704382296399
25.4691843897454 -18.067045532518684
26.826957952797258 -18.06704679237165
28.257115029208283 -18.067047614387004
29.76351441631318 -18.06704801537847
31.350220625651154 -18.06704799542472
33.02151484968176 -18.067047551816902
34.7819065131413 -18.067046681569224
36.63614544020716 -18.067045372668428
38.58923467029903 -18.067043618571446
40.646443957096295 -18.067041394810108
42.81332398719393 -18.067038674105746
45.095721356761466 -18.067035433237134
47.499794346614124 -18.067031637441783
50.03202953826004 -18.067027238994868
52.699259315756564 -18.067022194496715
55.50868030059805 -18.06701645264789
58.467872769375894 -18.06700994649314
61.58482110660264 -18.067002608920635
64.86793534788511 -18.066994361471544
68.32607387157402 -18.066985109876292
71.96856730011521 -18.066974759693643
75.8052436755926 -18.066963196587146
79.84645497739086 -18.06695029694843
84.10310505352605 -18.066935921147667
88.58667904100822 -18.06691991491035
93.30927435461668 -18.06690210493689
98.28363332770026 -18.0668822993395
103.52317759307378 -18.066860284341036
109.04204429677526 -18.066835823679014
114.8551242423938 -18.066808653504168
120.97810206889012 -18.06677848106244
127.42749857031335 -18.06674498142399
134.2207152716012 -18.066707794020367
141.37608138073614 -18.066666519490916
148.91290324394086 -18.0666207132799
156.85151643735477 -18.06656988310453
165.213340635737 -18.066513483432974
174.0209374062485 -18.06645090845848
183.29807108324357 -18.06638148718967
193.06977288832496 -18.06630447463491
203.36240846866724 -18.066219046567326
214.2037490358383 -18.06612428776657
225.62304629706352 -18.06601918586035
237.65111138110728 -18.065902617531172
250.32039797173255 -18.0657733398653
263.6650898730358 -18.065629975144297
277.7211932429355 -18.06547099846743
292.5266337436645 -18.065294720780788
308.1213588714002 -18.06509927419947
324.54744574113323 -18.064882590191072
341.84921461759274 -18.06464238159138
360.073348498562 -18.06437611879867
379.26901907322497 -18.064081005229617
399.48801939541704 -18.063753951475444
420.78490362974026 -18.0633915442972
443.21713424760856 -18.062990016002438
466.84523707037897 -18.06254520865291
491.73296457790156 -18.062052537843137
517.9474679231213 -18.06150694999677
545.5594781168514 -18.060902880353392
574.6434968715973 -18.06023420488756
605.2779976193349 -18.059494189463802
637.5456372456507 -18.058675436320787
671.5334791115142 -18.05776982768531
707.3332279644438 -18.056768463756008
745.0414773728917 -18.0556616003213
784.7599703514607 -18.054438582370047
826.5958738801812 -18.053087774725718
870.6620680585127 -18.051596491751095
917.0774506742931 -18.049950925479216
965.9672580093833 -18.048136072768184
1017.4634027476063 -18.046135661552107
1071.7048298967104 -18.04393207958883
1128.8378916846884 -18.04150630447415
1189.01674244199 -18.038837833927957
1252.4037545350732 -18.03590462230388
1319.1699564735716 -18.032683018548028
1389.4954943731375 -18.02914770719952
1463.5701180190797 -18.02527165213355
1541.5936928422718 -18.02102604429583
1623.776739188721 -18.016380240939615
1710.3410003378397 -18.011301707355706
1801.520040802024 -18.005755942273353
1897.5598765218504 -17.999706387701313
1998.7196386572507 -17.993114310647822
2105.272272765707 -17.985938648573946
2217.505275253932 -17.97813580439075
2335.7214690901214 -17.969659377393448
2460.239820869775 -17.960459818797165
2591.3963014396572 -17.95048399367019
2729.5447924020073 -17.939674641970612
2875.0580409448803 -17.927969721900173
3028.3286655749457 -17.915301633752982
3189.7702154663216 -17.901596317749558
3359.818286283781 -17.886772230859155
3538.9316954909877 -17.87073920870624
3727.593720314938 -17.853397225448614
3926.3134017068355 -17.83463507315384
4135.626917817706 -17.814328981656498
4356.099030694608 -17.792341206744712
4588.324610100844 -17.76851861656866
4832.930238571752 -17.742691305967387
5090.575902036681 -17.714671273122548
5361.956770568817 -17.684251183579306
5647.805074067552 -17.651203261692306
5948.892077934331 -17.615278333098754
6266.030164072656 -17.57620505551096
6600.075022827095 -17.533689369978568
6951.927961775606 -17.487414210310796
7322.538337604534 -17.43703951078802
7712.906117627992 -17.38220255577359
8124.0845778629655 -17.322518719765
8557.183144940002 -17.257582646689915
9013.37038951743 -17.186969919464048
9493.87717927582 -17.11023926742214
10000.0 -17.026935355220953
10533.104453709382 -16.93659218345683
11094.628943275218 -16.83873711941979
11686.088553466498 -16.732895552960972
12309.079138896019 -16.618596148021165
12965.281629896688 -16.495376632526284
13656.466567946096 -16.36279003017359
14384.498882876629 -16.220411209847214
15151.342924760515 -16.067843592089684
15959.06776404731 -15.904725822096882
16809.852774253653 -15.730738197007115
17705.99351226898 -15.545608625933948
18649.907912142942 -15.34911789573836
19644.142809066267 -15.14110403353869
20691.3808111479 -14.921465584199646
21794.447537529835 -14.6901636586787
22956.319242369096 -14.447222664507265
24180.13084525718 -14.192729684742568
25469.184389745402 -13.926832534490732
26826.957952797275 -13.64973658148349
28257.115029208268 -13.361700469765852
29763.51441631313 -13.063030928105878
31350.220625651124 -12.754076872791298
33021.51484968176 -12.435223030453999
34781.90651314134 -12.106883307176332
36636.14544020716 -11.76949412003559
38589.23467029899 -11.423507884305064
40646.44395709628 -11.069386822011877
42813.32398719396 -10.707597223537553
45095.721356761445 -10.338604259259196
47499.79434661403 -9.96286740406659
50032.029538259994 -9.58083650628061
52699.259315756564 -9.192948505545282
55508.680300598106 -8.799624781231469
58467.87276937589 -8.401269096336616
61584.82110660255 -7.998266088476969
64867.935347885075 -7.590980252873073
68326.07387157406 -7.17975535665121
71968.56730011514 -6.764914224099718
75805.24367559262 -6.346758833430599
79846.45497739078 -5.9255706689110195
84103.10505352604 -5.501611277008419
88586.67904100832 -5.075122980267068
93309.27435461663 -4.646329708211863
98283.63332770011 -4.215437910151413
103523.17759307378 -3.7826375201387004
109042.04429677526 -3.3481029493264964
114855.12424239368 -2.911994085475479
120978.10206889013 -2.474457283549831
127427.49857031321 -2.035626334655952
134220.7152716012 -1.5956234039587203
141376.08138073614 -1.154559930431113
148912.90324394088 -0.7125374837740146
156851.5164373548 -0.2696485754269004
165213.34063573685 0.17402257790107953
174020.9374062485 0.6183993386351124
183298.07108324338 1.06341198012855
193069.77288832495 1.5089970648347506
203362.40846866704 1.9550968670532334
214203.74903583832 2.401658838306742
225623.04629706353 2.848635113052121
237651.11138110727 3.2959820523107375
250320.39797173254 3.7436598227089606
263665.08987303555 4.191632008418514
277721.1932429355 4.63986525352702
292526.6337436642 5.088328932448243
308121.35887140024 5.536994846019059
324547.44574113254 5.985836941153644
341849.21461759275 6.434831051991279
360073.348498562 6.883954660658045
379269.0190732246 7.333186675915169
399488.019395417 7.782507228202417
420784.9036297398 8.231897479678103
443217.13424760854 8.681339448204696
466845.2370703785 9.130815844301956
491732.9645779016 9.580309920496884
517947.46792312124 10.029805332584118
545559.4781168514 10.479286012774168
574643.4968715974 10.928736054871269
605277.9976193343 11.378139612045349
637545.6372456506 11.82748080812081
671533.4791115135 12.276743663619474
707333.2279644439 12.7259120382832
745041.4773728917 13.17496959216552
784759.9703514606 13.623899767796207
826595.8738801812 14.072685796281629
870662.0680585118 14.521310730583533
917077.4506742931 14.96975750936648
965967.2580093823 15.418009054966333
1017463.4027476063 15.866048408888583
1071704.8298967092 16.31385890794058
1128837.8916846884 16.76142440332651
1189016.74244199 17.20872952412456
1252403.7545350718 17.655759984865707
1319169.9564735717 18.102502935104113
1389495.494373136 18.548947346290568
1463570.1180190798 18.99508442829491
1541593.6928422702 19.44090806469501
1623776.739188721 19.886415252331823
1710341.0003378377 20.33160652732243
1801520.0408020238 20.776486356528405
1897559.8765218505 21.221063471262344
1998719.6386572486 21.66535111892424
2105272.272765707 22.109367208639235
2217505.2752539297 22.553134329404365
2335721.4690901213 22.996679623717927
2460239.8208697727 23.440034505985228
2591396.3014396573 23.8832342233881
2729544.792402007 24.32631726615196
2875058.040944877 24.76932464405226
3028328.6655749455 25.212299055336818
3189770.215466318 25.655283982118675
3359818.286283781 26.098322751842417
3538931.6954909842 26.541457607083537
3727593.720314938 26.984728825333164
3926313.4017068394 27.42817392656072
4135626.917817706 27.87182699993054
4356099.030694608 28.315718172326854
4588324.61010084 28.759873231906234
4832930.238571752 29.20431341000822
5090575.902036676 29.6490553157404
5361956.770568817 30.094111010043598
5647805.074067546 30.53948820022405
5948892.077934331 30.985190532422422
6266030.164072656 31.431217957815477
6600075.022827089 31.877567148528048
6951927.961775606 32.32423194090067
7322538.337604526 32.77120378632973
7712906.117627992 33.218472193246626
8124084.5778629575 33.66602514720219
8557183.144940002 34.11384949965053
9013370.38951742 34.561931319048455
9493877.17927582 35.01025620083596
10000000.0 35.45880953514188
10533104.45370936 35.907576732847104
11094628.943275219 36.35654341206962
11686088.553466497 36.8056955480243
12309079.138896018 37.255019589802856
12965281.629896663 37.7045025479053
13656466.567946097 38.1541320564017
14384498.882876629 38.60389641351319
15151342.924760515 39.05378460409565
15959067.76404731 39.503786307376004
16809852.774253618 39.953891892738895
17705993.51226898 40.40409240615937
18649907.912142944 40.85437954951212
19644142.809066266 41.3047456546053
20691380.811147902 41.755183653462225
21794447.537529834 42.20568704624177
22956319.242369097 42.65624986779068
24180130.84525718 43.106866653645625
25469184.3897454 43.557532406228844
26826957.95279722 44.008242561645055
28257115.02920827 44.45899295755176
29763514.41631313 44.90977980230939
31350220.62565112 45.36059964562188
33021514.849681754 45.81144935082414
34781906.51314127 46.262326068792234
36636145.44020716 46.713227213593605
38589234.67029899 47.164150439789466
40646443.95709628 47.61509362139548
42813323.98719387 48.066054832432485
45095721.35676145 48.51703232898697
47499794.346614026 48.96802453275943
50032029.53825999 49.41903001578021
52699259.31575657 49.87004748677303
55508680.300597996 50.321075778286
58467872.7693759 50.772113835207904
61584821.10660254 51.22316070422299
64867935.34788508 51.674215524154086
68326073.87157391 52.12527751723427
71968567.30011514 52.57634598123729
75805243.67559262 53.027420282137854
79846454.97739078 53.47849984768245
84103105.05352604 53.9295841613373
88586679.04100814 54.38067275706396
93309274.35461664 54.83176521430792
98283633.32770011 55.28286115367266
103523177.59307377 55.73396023285811
109042044.29677527 56.185062143135696
114855124.24239345 56.63616660603489
120978102.06889038 57.08727337036688
127427498.57031322 57.538382209695854
134220715.2716012 57.98949291965438
141376081.38073614 58.44060531610371
148912903.24394056 58.89171923296609
156851516.43735445 59.342834520433385
165213340.63573685 59.79395104347354
174020937.40624848 60.2450686804059
183298071.08324376 60.696187321400885
193069772.88832456 61.147306867521024
203362408.46866703 61.59842722952387
214203749.0358383 62.04954832705351
225623046.2970626 62.50067008744701
237651111.38110778 62.951792445526436
250320397.97173202 63.40291534231529
263665089.87303555 63.85403872465089
277721193.2429355 64.30516254463922
292526633.74366355 64.75628675918196
308121358.87140083 65.20741132933027
324547445.74113256 65.65853621994238
341849214.6175927 66.10966139957132
360073348.49856204 66.5607868396379
379269019.0732238 67.01191251445121
399488019.39541787 67.46303840072424
420784903.6297398 67.91416447760804
443217134.24760854 68.36529072670216
466845237.07037944 68.81641713063377
491732964.5779006 69.26754367432106
517947467.9231202 69.71867034370949
545559478.1168514 70.16979712675354
574643496.8715974 70.62092401167328
605277997.6193355 71.07205098913379
637545637.2456493 71.52317804971855
671533479.1115135 71.97430518502004
707333227.9644439 72.42543238792565
745041477.3728887 72.87655965157317
784759970.3514622 73.32768696985751
826595873.8801795 73.77881433785488
870662068.0585117 74.22994175068118
917077450.674293 74.68106920343057
965967258.0093802 75.13219669204926
1017463402.7476043 75.58332421379541
1071704829.8967092 76.03445176479778
1128837891.6846883 76.48557934186833
1189016742.44199 76.93670694326406
1252403754.5350692 77.3878345659337
1319169956.473569 77.83896220828171
1389495494.373136 78.29008986805084
1463570118.0190797 78.74121754341971
1541593692.8422735 79.19234523291136
1623776739.1887176 79.64347293543821
1710341000.337838 80.09460064949657
1801520040.802024 80.54572837484677
1897559876.5218503 80.99685610772926
1998719638.6572526 81.44798385072068
2105272272.7657027 81.8991116000983
2217505275.2539296 82.35023935710902
2335721469.0901213 82.80136712043466
2460239820.8697777 83.25249488866844
2591396301.439652 83.70362266259053
2729544792.402002 84.15475044016534
2875058040.944877 84.60587822244227
3028328665.5749454 85.05700600783355
3189770215.466325 85.50813379867546
3359818286.2837744 85.95926159142155
3538931695.4909844 86.41038938491592
3727593720.314938 86.86151718276824
3926313401.7068396 87.31264498160763
4135626917.8176975 87.76377278025748
4356099030.694599 88.21490058474606
4588324610.100841 88.66602839201761
4832930238.571753 89.1171561995667
5090575902.036687 89.56828400612065
5361956770.568806 90.01941181484192
5647805074.067546 90.47053962876439
5948892077.934331 90.92166743496574
6266030164.072656 91.37279524642985
6600075022.827075 91.82392304541592
6951927961.775591 92.27505087188678
7322538337.6045265 92.72617868912953
7712906117.627993 93.17730650264156
8124084577.862974 93.62843430892923
8557183144.939984 94.07956213457751
9013370389.51742 94.53068995256231
9493877179.27582 94.98181776344886
10000000000.0 95.43294558634705
10.0 -18.06690400508331
10.53310445370937 -18.066921601704447
11.094628943275218 -18.066937451302714
11.686088553466515 -18.0669517003938
12.309079138896024 -18.066964448766534
12.965281629896682 -18.066975871929106
13.65646656794611 -18.066986110675757
14.38449888287663 -18.066995239924324
15.15134292476053 -18.06700340598144
15.95906776404731 -18.067010649749314
16.80985277425364 -18.067017077881292
17.70599351226899 -18.0670227409265
18.64990791214297 -18.067027718017712
19.644142809066278 -18.067032055994005
20.6913808111479 -18.067035793235004
21.794447537529855 -18.067038981719627
22.956319242369098 -18.067041649808573
24.180130845257207 -18.06704382296399
25.4691843897454 -18.067045532518684
26.826957952797258 -18.06704679237165
28.257115029208283 -18.067047614387004
29.76351441631318 -18.06704801537847
31.350220625651154 -18.06704799542472
33.02151484968176 -18.067047551816902
34.7819065131413 -18.067046681569224
36.63614544020716 -18.067045372668428
38.58923467029903 -18.067043618571446
40.646443957096295 -18.067041394810108
42.81332398719393 -18.067038674105746
45.095721356761466 -18.067035433237134
47.499794346614124 -18.067031637441783
50.03202953826004 -18.067027238994868
52.699259315756564 -18.067022194496715
55.50868030059805 -18.06701645264789
58.467872769375894 -18.06700994649314
61.58482110660264 -18.067002608920635
64.86793534788511 -18.066994361471544
68.32607387157402 -18.066985109876292
71.96856730011521 -18.066974759693643
75.8052436755926 -18.066963196587146
79.84645497739086 -18.06695029694843
84.10310505352605 -18.066935921147667
88.58667904100822 -18.06691991491035
93.30927435461668 -18.06690210493689
98.28363332770026 -18.0668822993395
103.52317759307378 -18.066860284341036
109.04204429677526 -18.066835823679014
114.8551242423938 -18.066808653504168
120.97810206889012 -18.06677848106244
127.42749857031335 -18.06674498142399
134.2207152716012 -18.066707794020367
141.37608138073614 -18.066666519490916
148.91290324394086 -18.0666207132799
156.85151643735477 -18.06656988310453
165.213340635737 -18.066513483432974
174.0209374062485 -18.06645090845848
183.29807108324357 -18.06638148718967
193.06977288832496 -18.06630447463491
203.36240846866724 -18.066219046567326
214.2037490358383 -18.06612428776657
225.62304629706352 -18.06601918586035
237.65111138110728 -18.065902617531172
250.32039797173255 -18.0657733398653
263.6650898730358 -18.065629975144297
277.7211932429355 -18.06547099846743
292.5266337436645 -18.065294720780788
308.1213588714002 -18.06509927419947
324.54744574113323 -18.064882590191072
341.84921461759274 -18.06464238159138
360.073348498562 -18.06437611879867
379.26901907322497 -18.064081005229617
399.48801939541704 -18.063753951475444
420.78490362974026 -18.0633915442972
443.21713424760856 -18.062990016002438
466.84523707037897 -18.06254520865291
491.73296457790156 -18.062052537843137
517.9474679231213 -18.06150694999677
545.5594781168514 -18.060902880353392
574.6434968715973 -18.06023420488756
605.2779976193349 -18.059494189463802
637.5456372456507 -18.058675436320787
671.5334791115142 -18.05776982768531
707.3332279644438 -18.056768463756008
745.0414773728917 -18.0556616003213
784.7599703514607 -18.054438582370047
826.5958738801812 -18.053087774725718
870.6620680585127 -18.051596491751095
917.0774506742931 -18.049950925479216
965.9672580093833 -18.048136072768184
1017.4634027476063 -18.046135661552107
1071.7048298967104 -18.04393207958883
1128.8378916846884 -18.04150630447415
1189.01674244199 -18.038837833927957
1252.4037545350732 -18.03590462230388
1319.1699564735716 -18.032683018548028
1389.4954943731375 -18.02914770719952
1463.5701180190797 -18.02527165213355
1541.5936928422718 -18.02102604429583
1623.776739188721 -18.016380240939615
1710.3410003378397 -18.011301707355706
1801.520040802024 -18.005755942273353
1897.5598765218504 -17.999706387701313
1998.7196386572507 -17.993114310647822
2105.272272765707 -17.985938648573946
2217.505275253932 -17.97813580439075
2335.7214690901214 -17.969659377393448
2460.239820869775 -17.960459818797165
2591.3963014396572 -17.95048399367019
2729.5447924020073 -17.939674641970612
2875.0580409448803 -17.927969721900173
3028.3286655749457 -17.915301633752982
3189.7702154663216 -17.901596317749558
3359.818286283781 -17.886772230859155
3538.9316954909877 -17.87073920870624
3727.593720314938 -17.853397225448614
3926.3134017068355 -17.83463507315384
4135.626917817706 -17.814328981656498
4356.099030694608 -17.792341206744712
4588.324610100844 -17.76851861656866
4832.930238571752 -17.742691305967387
5090.575902036681 -17.714671273122548
5361.956770568817 -17.684251183579306
5647.805074067552 -17.651203261692306
5948.892077934331 -17.615278333098754
6266.030164072656 -17.57620505551096
6600.075022827095 -17.533689369978568
6951.927961775606 -17.487414210310796
7322.538337604534 -17.43703951078802
7712.906117627992 -17.38220255577359
8124.0845778629655 -17.322518719765
8557.183144940002 -17.257582646689915
9013.37038951743 -17.186969919464048
9493.87717927582 -17.11023926742214
10000.0 -17.026935355220953
10533.104453709382 -16.93659218345683
11094.628943275218 -16.83873711941979
11686.088553466498 -16.732895552960972
12309.079138896019 -16.618596148021165
12965.281629896688 -16.495376632526284
13656.466567946096 -16.36279003017359
14384.498882876629 -16.220411209847214
15151.342924760515 -16.067843592089684
15959.06776404731 -15.904725822096882
16809.852774253653 -15.730738197007115
17705.99351226898 -15.545608625933948
18649.907912142942 -15.34911789573836
19644.142809066267 -15.14110403353869
20691.3808111479 -14.921465584199646
21794.447537529835 -14.6901636586787
22956.319242369096 -14.447222664507265
24180.13084525718 -14.192729684742568
25469.184389745402 -13.926832534490732
26826.957952797275 -13.64973658148349
28257.115029208268 -13.361700469765852
29763.51441631313 -13.063030928105878
31350.220625651124 -12.754076872791298
33021.51484968176 -12.435223030453999
34781.90651314134 -12.106883307176332
36636.14544020716 -11.76949412003559
38589.23467029899 -11.423507884305064
40646.44395709628 -11.069386822011877
42813.32398719396 -10.707597223537553
45095.721356761445 -10.338604259259196
47499.79434661403 -9.96286740406659
50032.029538259994 -9.58083650628061
52699.259315756564 -9.192948505545282
55508.680300598106 -8.799624781231469
58467.87276937589 -8.401269096336616
61584.82110660255 -7.998266088476969
64867.935347885075 -7.590980252873073
68326.07387157406 -7.17975535665121
71968.56730011514 -6.764914224099718
75805.24367559262 -6.346758833430599
79846.45497739078 -5.9255706689110195
84103.10505352604 -5.501611277008419
88586.67904100832 -5.075122980267068
93309.27435461663 -4.646329708211863
98283.63332770011 -4.215437910151413
103523.17759307378 -3.7826375201387004
109042.04429677526 -3.3481029493264964
114855.12424239368 -2.911994085475479
120978.10206889013 -2.474457283549831
127427.49857031321 -2.035626334655952
134220.7152716012 -1.5956234039587203
141376.08138073614 -1.154559930431113
148912.90324394088 -0.7125374837740146
156851.5164373548 -0.2696485754269004
165213.34063573685 0.17402257790107953
174020.9374062485 0.6183993386351124
183298.07108324338 1.06341198012855
193069.77288832495 1.5089970648347506
203362.40846866704 1.9550968670532334
214203.74903583832 2.401658838306742
225623.04629706353 2.848635113052121
237651.11138110727 3.2959820523107375
250320.39797173254 3.7436598227089606
263665.08987303555 4.191632008418514
277721.1932429355 4.63986525352702
292526.6337436642 5.088328932448243
308121.35887140024 5.536994846019059
324547.44574113254 5.985836941153644
341849.21461759275 6.434831051991279
360073.348498562 6.883954660658045
379269.0190732246 7.333186675915169
399488.019395417 7.782507228202417
420784.9036297398 8.231897479678103
443217.13424760854 8.681339448204696
466845.2370703785 9.130815844301956
491732.9645779016 9.580309920496884
517947.46792312124 10.029805332584118
545559.4781168514 10.479286012774168
574643.4968715974 10.928736054871269
605277.9976193343 11.378139612045349
637545.6372456506 11.82748080812081
671533.4791115135 12.276743663619474
707333.2279644439 12.7259120382832
745041.4773728917 13.17496959216552
784759.9703514606 13.623899767796207
826595.8738801812 14.072685796281629
870662.0680585118 14.521310730583533
917077.4506742931 14.96975750936648
965967.2580093823 15.418009054966333
1017463.4027476063 15.866048408888583
1071704.8298967092 16.31385890794058
1128837.8916846884 16.76142440332651
1189016.74244199 17.20872952412456
1252403.7545350718 17.655759984865707
1319169.9564735717 18.102502935104113
1389495.494373136 18.548947346290568
1463570.1180190798 18.99508442829491
1541593.6928422702 19.44090806469501
1623776.739188721 19.886415252331823
1710341.0003378377 20.33160652732243
1801520.0408020238 20.776486356528405
1897559.8765218505 21.221063471262344
1998719.6386572486 21.66535111892424
2105272.272765707 22.109367208639235
2217505.2752539297 22.553134329404365
2335721.4690901213 22.996679623717927
2460239.8208697727 23.440034505985228
2591396.3014396573 23.8832342233881
2729544.792402007 24.32631726615196
2875058.040944877 24.76932464405226
3028328.6655749455 25.212299055336818
3189770.215466318 25.655283982118675
3359818.286283781 26.098322751842417
3538931.6954909842 26.541457607083537
3727593.720314938 26.984728825333164
3926313.4017068394 27.42817392656072
4135626.917817706 27.87182699993054
4356099.030694608 28.315718172326854
4588324.61010084 28.759873231906234
4832930.238571752 29.20431341000822
5090575.902036676 29.6490553157404
5361956.770568817 30.094111010043598
5647805.074067546 30.53948820022405
5948892.077934331 30.985190532422422
6266030.164072656 31.431217957815477
6600075.022827089 31.877567148528048
6951927.961775606 32.32423194090067
7322538.337604526 32.77120378632973
7712906.117627992 33.218472193246626
8124084.5778629575 33.66602514720219
8557183.144940002 34.11384949965053
9013370.38951742 34.561931319048455
9493877.17927582 35.01025620083596
10000000.0 35.45880953514188
10533104.45370936 35.907576732847104
11094628.943275219 36.35654341206962
11686088.553466497 36.8056955480243
12309079.138896018 37.255019589802856
12965281.629896663 37.7045025479053
13656466.567946097 38.1541320564017
14384498.882876629 38.60389641351319
15151342.924760515 39.05378460409565
15959067.76404731 39.503786307376004
16809852.774253618 39.953891892738895
17705993.51226898 40.40409240615937
18649907.912142944 40.85437954951212
19644142.809066266 41.3047456546053
20691380.811147902 41.755183653462225
21794447.537529834 42.20568704624177
22956319.242369097 42.65624986779068
24180130.84525718 43.106866653645625
25469184.3897454 43.557532406228844
26826957.95279722 44.008242561645055
28257115.02920827 44.45899295755176
29763514.41631313 44.90977980230939
31350220.62565112 45.36059964562188
33021514.849681754 45.81144935082414
34781906.51314127 46.262326068792234
36636145.44020716 46.713227213593605
38589234.67029899 47.164150439789466
40646443.95709628 47.61509362139548
42813323.98719387 48.066054832432485
45095721.35676145 48.51703232898697
47499794.346614026 48.96802453275943
50032029.53825999 49.41903001578021
52699259.31575657 49.87004748677303
55508680.300597996 50.321075778286
58467872.7693759 50.772113835207904
61584821.10660254 51.22316070422299
64867935.34788508 51.674215524154086
68326073.87157391 52.12527751723427
71968567.30011514 52.57634598123729
75805243.67559262 53.027420282137854
79846454.97739078 53.47849984768245
84103105.05352604 53.9295841613373
88586679.04100814 54.38067275706396
93309274.35461664 54.83176521430792
98283633.32770011 55.28286115367266
103523177.59307377 55.73396023285811
109042044.29677527 56.185062143135696
114855124.24239345 56.63616660603489
120978102.06889038 57.08727337036688
127427498.57031322 57.538382209695854
134220715.2716012 57.98949291965438
141376081.38073614 58.44060531610371
148912903.24394056 58.89171923296609
156851516.43735445 59.342834520433385
165213340.63573685 59.79395104347354
174020937.40624848 60.2450686804059
183298071.08324376 60.696187321400885
193069772.88832456 61.147306867521024
203362408.46866703 61.59842722952387
214203749.0358383 62.04954832705351
225623046.2970626 62.50067008744701
237651111.38110778 62.951792445526436
250320397.97173202 63.40291534231529
263665089.87303555 63.85403872465089
277721193.2429355 64.30516254463922
292526633.74366355 64.75628675918196
308121358.87140083 65.20741132933027
324547445.74113256 65.65853621994238
341849214.6175927 66.10966139957132
360073348.49856204 66.5607868396379
379269019.0732238 67.01191251445121
399488019.39541787 67.46303840072424
420784903.6297398 67.91416447760804
443217134.24760854 68.36529072670216
466845237.07037944 68.81641713063377
491732964.5779006 69.26754367432106
517947467.9231202 69.71867034370949
545559478.1168514 70.16979712675354
574643496.8715974 70.62092401167328
605277997.6193355 71.07205098913379
637545637.2456493 71.52317804971855
671533479.1115135 71.97430518502004
707333227.9644439 72.42543238792565
745041477.3728887 72.87655965157317
784759970.3514622 73.32768696985751
826595873.8801795 73.77881433785488
870662068.0585117 74.22994175068118
917077450.674293 74.68106920343057
965967258.0093802 75.13219669204926
1017463402.7476043 75.58332421379541
1071704829.8967092 76.03445176479778
1128837891.6846883 76.48557934186833
1189016742.44199 76.93670694326406
1252403754.5350692 77.3878345659337
1319169956.473569 77.83896220828171
1389495494.373136 78.29008986805084
1463570118.0190797 78.74121754341971
1541593692.8422735 79.19234523291136
1623776739.1887176 79.64347293543821
1710341000.337838 80.09460064949657
1801520040.802024 80.54572837484677
1897559876.5218503 80.99685610772926
1998719638.6572526 81.44798385072068
2105272272.7657027 81.8991116000983
2217505275.2539296 82.35023935710902
2335721469.0901213 82.80136712043466
2460239820.8697777 83.25249488866844
2591396301.439652 83.70362266259053
2729544792.402002 84.15475044016534
2875058040.944877 84.60587822244227
3028328665.5749454 85.05700600783355
3189770215.466325 85.50813379867546
3359818286.2837744 85.95926159142155
3538931695.4909844 86.41038938491592
3727593720.314938 86.86151718276824
3926313401.7068396 87.31264498160763
4135626917.8176975 87.76377278025748
4356099030.694599 88.21490058474606
4588324610.100841 88.66602839201761
4832930238.571753 89.1171561995667
5090575902.036687 89.56828400612065
5361956770.568806 90.01941181484192
5647805074.067546 90.47053962876439
5948892077.934331 90.92166743496574
6266030164.072656 91.37279524642985
6600075022.827075 91.82392304541592
6951927961.775591 92.27505087188678
7322538337.6045265 92.72617868912953
7712906117.627993 93.17730650264156
8124084577.862974 93.62843430892923
8557183144.939984 94.07956213457751
9013370389.51742 94.53068995256231
9493877179.27582 94.98181776344886
10000000000.0 95.43294558634705
10.0 0.6971032357427404
10.53310445370937 9.863756794937066
11.094628943275218 -15.695263911691315
11.686088553466515 -12.424444228541617
12.309079138896024 -2.8181219531716435
12.965281629896682 -30.13298749385513
13.65646656794611 3.989516863785382
14.38449888287663 -4.927710424063362
15.15134292476053 -9.509652949873834
15.95906776404731 -19.1508699856775
16.80985277425364 0.9658009832932477
17.70599351226899 -11.798915415903172
18.64990791214297 -40.51566496289243
19.644142809066278 -12.183839750817821
20.6913808111479 -30.02773148997802
21.794447537529855 -9.992702244800169
22.956319242369098 -6.586995879005687
24.180130845257207 -8.194200336402224
25.4691843897454 -1.090310391299454
26.826957952797258 -11.139678547922767
28.257115029208283 -16.21409486156397
29.76351441631318 -8.310203133573943
31.350220625651154 -8.850493310996168
33.02151484968176 -8.507891313671145
34.7819065131413 11.224943494189931
36.63614544020716 -17.001187142005175
38.58923467029903 13.114180840257161
40.646443957096295 -2.0068783893513356
42.81332398719393 -32.29915585329198
45.095721356761466 -18.49211720799432
47.499794346614124 -7.899630341136813
50.03202953826004 -4.977868233761213
52.699259315756564 -39.65035874073794
55.50868030059805 -16.818866726970864
58.467872769375894 -26.090527340454962
61.58482110660264 -1.1207657009594605
64.86793534788511 -39.55707578351029
68.32607387157402 -9.713270639448062
71.96856730011521 -13.169635806066179
75.8052436755926 -3.886235315452354
79.84645497739086 -20.64295967657959
84.10310505352605 -9.122275966595504
88.58667904100822 6.836687453782426
93.30927435461668 -14.149506973556424
98.28363332770026 -13.750798797538504
103.52317759307378 -8.828017786905141
109.04204429677526 -17.249381353718917
114.8551242423938 -10.875730873258867
120.97810206889012 5.383083266576567
127.42749857031335 6.657155075309005
134.2207152716012 -13.88758033963153
141.37608138073614 -20.1070877124279
148.91290324394086 -2.5115405368821375
156.85151643735477 -5.03185162395538
165.213340635737 -39.50364970685014
174.0209374062485 -8.30213885065162
183.29807108324357 -6.224669526573033
193.06977288832496 -15.516405749354371
203.36240846866724 -8.054884207335203
214.2037490358383 -15.25898720364909
225.62304629706352 -10.971955761540539
237.65111138110728 -3.8917289834541355
250.32039797173255 -15.500354763518951
263.6650898730358 -7.868065337069999
277.7211932429355 -5.40149331464151
292.5266337436645 -5.918479426085139
308.1213588714002 -4.194919393481263
324.54744574113323 9.311433605119495
341.84921461759274 -5.020992114184461
360.073348498562 -4.286297959052962
379.26901907322497 0.3144479949564716
399.48801939541704 -10.598864184270521
420.78490362974026 -8.786728103860954
443.21713424760856 -10.084822282990748
466.84523707037897 -37.97207219872704
491.73296457790156 -10.676345574299122
517.9474679231213 -9.991485721110358
545.5594781168514 -36.90455587387938
574.6434968715973 -15.858879104583837
605.2779976193349 2.969010410332697
637.5456372456507 -15.653777980045088
671.5334791115142 -5.118297606816119
707.3332279644438 -0.17228585857116233
745.0414773728917 -9.103166256457886
784.7599703514607 -13.280554745082036
826.5958738801812 1.216711254564763
870.6620680585127 5.660200689894892
917.0774506742931 2.048500788949191
965.9672580093833 -21.79383877984407
1017.4634027476063 -0.1990011171877325
1071.7048298967104 -11.056346646139282
1128.8378916846884 -14.336535336759788
1189.01674244199 -3.1528104426549692
1252.4037545350732 -5.1398786652761554
1319.1699564735716 -0.3688512230489597
1389.4954943731375 -15.745665713183744
1463.5701180190797 -4.021521569996031
1541.5936928422718 -15.626251668059602
1623.776739188721 1.7123339141094625
1710.3410003378397 -9.937179864387662
1801.520040802024 7.666971869666827
1897.5598765218504 -12.47586410426246
1998.7196386572507 1.3466504108633337
2105.272272765707 -10.066173185700563
2217.505275253932 -11.60627276570889
2335.7214690901214 -21.940411207090726
2460.239820869775 0.01507050627735633
2591.3963014396572 -13.556414311699616
2729.5447924020073 -25.01438178393699
2875.0580409448803 -11.30031402461661
3028.3286655749457 -2.3191755757401387
3189.7702154663216 -13.858945066060173
3359.818286283781 -6.054398118499446
3538.9316954909877 -6.025245778272313
3727.593720314938 10.599174449657935
3926.3134017068355 -0.65716160435001
4135.626917817706 -3.9136171004453564
4356.099030694608 -5.320357264074653
4588.324610100844 -13.002043278815119
4832.930238571752 -3.9715449115940005
5090.575902036681 1.2580640924083977
5361.956770568817 15.884961903145388
5647.805074067552 4.810208346581781
5948.892077934331 7.636417153140994
6266.030164072656 5.582589578639437
6600.075022827095 4.329533611295452
6951.927961775606 -8.076819011009775
7322.538337604534 4.351455626741176
7712.906117627992 -13.403299690607879
8124.0845778629655 5.664070983175515
8557.183144940002 -8.541559446846858
9013.37038951743 -15.47784513059321
9493.87717927582 -3.7944255027192413
10000.0 -18.692575635434192
10533.104453709382 -6.306329941375449
11094.628943275218 -2.7881441838983214
11686.088553466498 -8.044944230336032
12309.079138896019 -6.272234273944845
12965.281629896688 9.548522131842361
13656.466567946096 -26.041813817194228
14384.498882876629 -13.474817966558044
15151.342924760515 -15.300176398746885
15959.06776404731 -8.964937898936396
16809.852774253653 -13.229973468264923
17705.99351226898 9.166364828668375
18649.907912142942 4.8916389589888984
19644.142809066267 8.295668398634637
20691.3808111479 -0.9504457104263629
21794.447537529835 13.872881088892298
22956.319242369096 -26.982346747518907
24180.13084525718 -0.3358909370790526
25469.184389745402 -10.41800250898728
26826.957952797275 -36.632661810685406
28257.115029208268 -8.088619886817911
29763.51441631313 -8.528870687158667
31350.220625651124 8.452250972130779
33021.51484968176 -10.968062248921111
34781.90651314134 -12.165630242708152
36636.14544020716 19.204261585669006
38589.23467029899 20.72975919918008
40646.44395709628 -9.096421078548602
42813.32398719396 1.1179840489014656
45095.721356761445 -8.650517263745867
47499.79434661403 17.667677038652148
50032.029538259994 -2.490817262552232
52699.259315756564 0.4315861371756956
55508.680300598106 -4.9179393154127995
58467.87276937589 -6.3293455679855795
61584.82110660255 0.9715128423435058
64867.935347885075 13.999986977398107
68326.07387157406 -0.01657928223237599
71968.56730011514 11.193311710002689
75805.24367559262 -16.731463709424766
79846.45497739078 -0.5489559594012243
84103.10505352604 -4.564113337312479
88586.67904100832 -16.37154332755057
93309.27435461663 6.356718008347206
98283.63332770011 -18.76947709357563
103523.17759307378 -27.12049503333073
109042.04429677526 -2.2655377948570723
114855.12424239368 -28.568668145067623
120978.10206889013 -5.39295521912952
127427.49857031321 -28.871290147131536
134220.7152716012 -6.1292183404775
141376.08138073614 -13.001617506233107
148912.90324394088 -4.788165122187084
156851.5164373548 -2.610187138833311
165213.34063573685 -14.25124535680219
174020.9374062485 -9.256528632883953
183298.07108324338 -2.863011954494041
193069.77288832495 -8.646803351045845
203362.40846866704 -5.768730855922443
214203.74903583832 -9.894409741039503
225623.04629706353 -15.73789630420583
237651.11138110727 11.858990955681572
250320.39797173254 -10.409318141994078
263665.08987303555 3.6541644876496875
277721.1932429355 -14.520905403001425
292526.6337436642 -15.225296899197126
308121.35887140024 -16.21127418282249
324547.44574113254 -8.845291378977969
341849.21461759275 -5.78567095586144
360073.348498562 5.544974961737053
379269.0190732246 -14.189142868183636
399488.019395417 -24.138465062612603
420784.9036297398 -10.221631867344577
443217.13424760854 -8.484496462664705
466845.2370703785 -4.983116252098159
491732.9645779016 -9.306414587447644
517947.46792312124 -7.079658831841371
545559.4781168514 -17.460766807200066
574643.4968715974 34.78083603755149
605277.9976193343 -19.481634983764135
637545.6372456506 0.7023233696895809
671533.4791115135 -7.540188541841579
707333.2279644439 10.623155021917302
745041.4773728917 -3.11519887537483
784759.9703514606 -1.4523207219817014
826595.8738801812 -11.676843902101567
870662.0680585118 -10.189031686062673
917077.4506742931 -8.50426648834118
965967.2580093823 -2.363544220631291
1017463.4027476063 -12.223497627393701
1071704.8298967092 -5.312399514802993
1128837.8916846884 -6.848049748958536
1189016.74244199 -3.923292521678143
1252403.7545350718 17.86429765194964
1319169.9564735717 -5.259060667514158
1389495.494373136 -3.5956765811884073
1463570.1180190798 -0.58806428376835
1541593.6928422702 -3.8015653283651663
1623776.739188721 -12.769872230471977
1710341.0003378377 -6.959754615053879
1801520.0408020238 -11.173083694090174
1897559.8765218505 18.83960626346807
1998719.6386572486 -9.585795669968519
2105272.272765707 -7.169293534556759
2217505.2752539297 -9.169604243322611
2335721.4690901213 -0.6173879119758043
2460239.8208697727 -9.699131139928115
2591396.3014396573 0.45633814957983654
2729544.792402007 -8.354533431818886
2875058.040944877 -7.6248285474339355
3028328.6655749455 -5.481271732938668
3189770.215466318 -5.034803761045959
3359818.286283781 20.09650982766467
3538931.6954909842 -2.6652696221957903
3727593.720314938 11.380163538643215
3926313.4017068394 -4.246614099965079
4135626.917817706 10.253449645838483
4356099.030694608 -5.807780907417821
4588324.61010084 -9.659236136737183
4832930.238571752 -5.010836883795827
5090575.902036676 31.04583392554822
5361956.770568817 -5.836238775697976
5647805.074067546 -2.1745927870187067
5948892.077934331 7.057478217020896
6266030.164072656 -1.452542498196048
6600075.022827089 -1.6353414921866614
6951927.961775606 -8.98827948713073
7322538.337604526 -5.67900543768679
7712906.117627992 0.01139871568686609
8124084.5778629575 -21.053785945722304
8557183.144940002 13.511505443595011
9013370.38951742 -2.388650478750577
9493877.17927582 -4.3251100481194165
10000000.0 -5.6387360316930994
10533104.45370936 -4.906291752090939
11094628.943275219 6.820261341129662
11686088.553466497 -7.132820143227031
12309079.138896018 -11.139597848276976
12965281.629896663 2.596515220419942
13656466.567946097 -5.6903023455165025
14384498.882876629 -13.755517214104014
15151342.924760515 -4.751925733839022
15959067.76404731 -9.05863231100189
16809852.774253618 0.6854657534510746
17705993.51226898 -5.534525255373184
18649907.912142944 -5.0881498647859535
19644142.809066266 0.13987433011723988
20691380.811147902 -19.67722571512174
21794447.537529834 -8.05465357584232
22956319.242369097 12.85271517755013
24180130.84525718 -8.220580783502356
25469184.3897454 -5.800509154282637
26826957.95279722 -15.735772751155054
28257115.02920827 7.1353848615103175
29763514.41631313 3.251947317678309
31350220.62565112 -10.807570854716502
33021514.849681754 -7.428000810142463
34781906.51314127 -4.504577579437007
36636145.44020716 0.15778460741260877
38589234.67029899 -6.0831802842043015
40646443.95709628 -7.97606374999905
42813323.98719387 -3.2683766389160303
45095721.35676145 -10.785927067764904
47499794.346614026 -13.218016523220335
50032029.53825999 -6.10237649964591
52699259.31575657 -0.11984121646382352
55508680.300597996 -6.708269011483674
58467872.7693759 3.1050801679339086
61584821.10660254 -16.452135272323847
64867935.34788508 -14.503709087446914
68326073.87157391 -5.0421738472269375
71968567.30011514 -17.25290070899507
75805243.67559262 2.183582566169362
79846454.97739078 8.491230180602651
84103105.05352604 -3.534175211628291
88586679.04100814 -22.8865546251367
93309274.35461664 -4.942056908146504
98283633.32770011 -7.567332456754894
103523177.59307377 -4.220556670005883
109042044.29677527 -19.08000874119676
114855124.24239345 8.839710044059494
120978102.06889038 -26.403037161119816
127427498.57031322 -9.064549468868222
134220715.2716012 -5.6918753191596005
141376081.38073614 -10.452455320595327
148912903.24394056 -4.8260973152679645
156851516.43735445 -1.6144950892012249
165213340.63573685 2.3155413432619776
174020937.40624848 -7.988997175752948
183298071.08324376 -11.275013706920562
193069772.88832456 -9.449054041732746
203362408.46866703 4.764341813763474
214203749.0358383 -4.528999704779321
225623046.2970626 -3.9964042328038243
237651111.38110778 -4.79210343835596
250320397.97173202 -11.922624190801056
263665089.87303555 -5.7336384383312575
277721193.2429355 3.29689784355158
292526633.74366355 -9.828239091197162
308121358.87140083 -6.530609930000036
324547445.74113256 -0.67412045210624
341849214.6175927 -13.77537945164405
360073348.49856204 -5.795154173046905
379269019.0732238 -16.97234846749843
399488019.39541787 -4.205405551534045
420784903.6297398 -4.31490135702849
443217134.24760854 -5.8660129797395735
466845237.07037944 14.199273649907472
491732964.5779006 -32.77021304173398
517947467.9231202 -9.176822161357478
545559478.1168514 -4.878532718256111
574643496.8715974 -9.492547232145043
605277997.6193355 -0.17506555430129966
637545637.2456493 -8.342388706489203
671533479.1115135 -0.2954508226709026
707333227.9644439 16.839668564186404
745041477.3728887 -21.176940840142223
784759970.3514622 -2.733202859157102
826595873.8801795 -8.251481689176
870662068.0585117 -15.884270472658507
917077450.674293 0.19145275556572497
965967258.0093802 -7.1776005604913955
1017463402.7476043 -7.703435185968118
1071704829.8967092 -11.037925891172524
1128837891.6846883 -9.464029728579575
1189016742.44199 -3.726994527962848
1252403754.5350692 -12.412837393931284
1319169956.473569 2.1724172648547637
1389495494.373136 -3.8908489766586074
1463570118.0190797 -9.60760894703365
1541593692.8422735 -8.496241119582425
1623776739.1887176 -4.758134551784996
1710341000.337838 -8.692692134577737
1801520040.802024 -15.709041066300571
1897559876.5218503 -10.646415513657475
1998719638.6572526 -21.695626322668833
2105272272.7657027 -4.4279384140792635
2217505275.2539296 -11.1011892041218
2335721469.0901213 -5.534251788748992
2460239820.8697777 -0.48754979073917654
2591396301.439652 -5.194621248465583
2729544792.402002 1.3027815699134182
2875058040.944877 -4.8842573872526875
3028328665.5749454 -10.514201162332206
3189770215.466325 -3.434685062552578
3359818286.2837744 -15.443358712078492
3538931695.4909844 -1.8801095765964964
3727593720.314938 -8.28572276935966
3926313401.7068396 -6.64408746764321
4135626917.8176975 -6.358646535321198
4356099030.694599 -8.069411848904148
4588324610.100841 -7.808201120130534
4832930238.571753 -8.923735334468875
5090575902.036687 10.926578424818981
5361956770.568806 -8.985739458944654
5647805074.067546 -24.865370194916544
5948892077.934331 -3.913345046380135
6266030164.072656 -6.878438467902793
6600075022.827075 -4.895897864725562
6951927961.775591 -5.80945255774822
7322538337.6045265 -0.5973778317285245
7712906117.627993 -6.782075791903338
8124084577.862974 -6.9391966545412185
8557183144.939984 -5.437882397463718
9013370389.51742 1.412475783656355
9493877179.27582 -21.404805885581254
10000000000.0 -9.20969776320634
