10.0 48.07106390692244
10.53310445370937 47.62060993855803
11.094628943275218 47.17022964224252
11.686088553466515 46.71993108261213
12.309079138896024 46.26972316336016
12.965281629896682 45.81961579092801
13.65646656794611 45.369619929352666
14.38449888287663 44.91974774363008
15.15134292476053 44.4700127219286
15.95906776404731 44.02042980527419
16.80985277425364 43.571015568564505
17.70599351226899 43.121788374805064
18.64990791214297 42.67276858243022
19.644142809066278 42.2239787360509
20.6913808111479 41.77544382081058
21.794447537529855 41.327191521280184
22.956319242369098 40.87925249245777
24.180130845257207 40.431660688269474
25.4691843897454 39.98445368629425
26.826957952797258 39.537673104906986
28.257115029208283 39.09136497160721
29.76351441631318 38.64558022516812
31.350220625651154 38.20037520498316
33.02151484968176 37.755812193895586
34.7819065131413 37.31196001758387
36.63614544020716 36.86889473401462
38.58923467029903 36.42670028938856
40.646443957096295 35.985469363618854
42.81332398719393 35.54530416296113
45.095721356761466 35.10631735118011
47.499794346614124 34.66863304884515
50.03202953826004 34.23238785722246
52.699259315756564 33.79773200890408
55.50868030059805 33.364830568247655
58.467872769375894 32.93386469399143
61.58482110660264 32.50503301715132
64.86793534788511 32.07855299417681
68.32607387157402 31.65466240925266
71.96856730011521 31.23362083666922
75.8052436755926 30.815711167502506
79.84645497739086 30.401241139842682
84.10310505352605 29.990544803333602
88.58667904100822 29.583983955528748
93.30927435461668 29.18194948131707
98.28363332770026 28.78486251085189
103.52317759307378 28.393175402290947
109.04204429677526 28.00737244035037
114.8551242423938 27.62797021748277
120.97810206889012 27.255517605632328
127.42749857031335 26.890595215636704
134.2207152716012 26.533814312262564
141.37608138073614 26.185815073831392
148.91290324394086 25.847264125987984
156.85151643735477 25.518851286848996
165.213340635737 25.20128546616671
174.0209374062485 24.895289687049594
183.29807108324357 24.60159522665039
193.06977288832496 24.320934878076194
203.36240846866724 24.05403540133988
214.2037490358383 23.801609230268625
225.62304629706352 23.564345563720398
237.65111138110728 23.34290097886251
250.32039797173255 23.137889753085787
263.6650898730358 22.94987406950538
277.7211932429355 22.77935431986215
292.5266337436645 22.626759737103548
308.1213588714002 22.492439500927325
324.54744574113323 22.37665459801338
341.84921461759274 22.27957051337331
360.073348498562 22.201250988396403
379.26901907322497 22.141652931306798
399.48801939541704 22.100622607265684
420.78490362974026 22.077893199663336
443.21713424760856 22.0730838144507
466.84523707037897 22.08569999272942
491.73296457790156 22.11513576865681
517.9474679231213 22.16067730939431
545.5594781168514 22.221508126317588
574.6434968715973 22.296715862237093
605.2779976193349 22.385300583837736
637.5456372456507 22.486184529901298
671.5334791115142 22.59822316387883
707.3332279644438 22.720217425219747
745.0414773728917 22.85092696331609
784.7599703514607 22.98908415230882
826.5958738801812 23.13340863120161
870.6620680585127 23.28262209654248
917.0774506742931 23.435463063902183
965.9672580093833 23.59070126304033
1017.4634027476063 23.747151382611904
1071.7048298967104 23.903685819425036
1128.8378916846884 24.059246157992035
1189.01674244199 24.212853100572662
1252.4037545350732 24.36361460320571
1319.1699564735716 24.510732059546527
1389.4954943731375 24.65350439739695
1463.5701180190797 24.79133006040607
1541.5936928422718 24.92370689324307
1623.776739188721 25.0502300438437
1710.3410003378397 25.17058806513749
1801.520040802024 25.2845574173536
1897.5598765218504 25.39199569207394
1998.7196386572507 25.49283381428067
2105.272272765707 25.587067549334005
2217.505275253932 25.67474862271674
2335.7214690901214 25.75597570511696
2460.239820869775 25.830885526618374
2591.3963014396572 25.89964432196949
2729.5447924020073 25.962439752387926
2875.0580409448803 26.019473435008315
3028.3286655749457 26.07095414215472
3189.7702154663216 26.117091718751162
3359.818286283781 26.158091704082853
3538.9316954909877 26.194150649413245
3727.593720314938 26.225452090825915
3926.3134017068355 26.25216311454002
4135.626917817706 26.274431454817787
4356.099030694608 26.29238306976565
4588.324610100844 26.306120108302192
4832.930238571752 26.315719230144342
5090.575902036681 26.321230204408902
5361.956770568817 26.322674748280637
5647.805074067552 26.32004556593055
5948.892077934331 26.313305551920685
6266.030164072656 26.302387152246844
6600.075022827095 26.28719186168324
6951.927961775606 26.267589870396158
7322.538337604534 26.243419876929003
7712.906117627992 26.2144890895852
8124.0845778629655 26.180573464767335
8557.183144940002 26.141418225174824
9013.37038951743 26.09673874199338
9493.87717927582 26.046221832406644
10000.0 25.989527587242396
10533.104453709382 25.926291801984192
11094.628943275218 25.85612912869152
11686.088553466498 25.778637044131134
12309.079138896019 25.6934007351566
12965.281629896688 25.59999899008863
13656.466567946096 25.498011169472818
14384.498882876629 25.38702529672988
15151.342924760515 25.26664727270255
15959.06776404731 25.136511172407282
16809.852774253653 24.99629051770221
17705.99351226898 24.845710350289693
18649.907912142942 24.684559859558103
19644.142809066267 24.512705231119693
20691.3808111479 24.330102311728087
21794.447537529835 24.13680861677143
22956.319242369096 23.932994148590836
24180.13084525718 23.718950470211247
25469.184389745402 23.49509747546426
26826.957952797275 23.261987328601474
28257.115029208268 23.020305123786855
29763.51441631313 22.770865916043665
31350.220625651124 22.51460792229323
33021.51484968176 22.25258186327302
34781.90651314134 21.985936591649192
36636.14544020716 21.715901351919165
38589.23467029899 21.443765192559475
40646.44395709628 21.170854207075585
42813.32398719396 20.89850740678488
45095.721356761445 20.62805210193651
47499.79434661403 20.3607796994018
50032.029538259994 20.097922796747312
52699.259315756564 19.840634380298795
55508.680300598106 19.589969811702773
58467.87276937589 19.346872134925125
61584.82110660255 19.11216105681036
64867.935347885075 18.886525763832786
68326.07387157406 18.67052155527785
71968.56730011514 18.464570102631363
75805.24367559262 18.268963000496303
79846.45497739078 18.08386816369833
84103.10505352604 17.90933855472629
88586.67904100832 17.745322681942298
93309.27435461663 17.59167631399207
98283.63332770011 17.448174879329954
103523.17759307378 17.31452607066839
109042.04429677526 17.190382242542967
114855.12424239368 17.075352266002163
120978.10206889013 16.969012580981595
127427.49857031321 16.870917265914468
134220.7152716012 16.780607011557287
141376.08138073614 16.697616947551417
148912.90324394088 16.621483321978605
156851.5164373548 16.55174906772325
165213.34063573685 16.487968328963817
174020.9374062485 16.42971002693043
183298.07108324338 16.376560571973627
193069.77288832495 16.32812581757822
203362.40846866704 16.284032365779296
214203.74903583832 16.243928320885466
225623.04629706353 16.2074835843362
237651.11138110727 16.17438977907912
250320.39797173254 16.14435987415572
263665.08987303555 16.117127582815133
277721.1932429355 16.092446583397226
292526.6337436642 16.070089620560335
308121.35887140024 16.04984752038165
324547.44574113254 16.031528156813415
341849.21461759275 16.01495539558368
360073.348498562 15.999968036916531
379269.0190732246 15.9864187737919
399488.019395417 15.974173179211949
420784.9036297398 15.963108730910882
443217.13424760854 15.95311388084512
466845.2370703785 15.944087173606466
491732.9645779016 15.935936416043997
517947.46792312124 15.928577898833012
545559.4781168514 15.921935671855593
574643.4968715974 15.915940869273719
605277.9976193343 15.91053108601546
637545.6372456506 15.905649801635631
671533.4791115135 15.901245849892154
707333.2279644439 15.897272931162242
745041.4773728917 15.893689166353509
784759.9703514606 15.890456687513266
826595.8738801812 15.887541264995173
870662.0680585118 15.88491196624897
917077.4506742931 15.882540845439689
965967.2580093823 15.880402661203075
1017463.4027476063 15.87847461927617
1071704.8298967092 15.8767361392629
1128837.8916846884 15.875168642648044
1189016.74244199 15.873755360885138
1252403.7545350718 15.872481160870526
1319169.9564735717 15.87133238713953
1389495.494373136 15.870296719096535
1463570.1180190798 15.869363041613711
1541593.6928422702 15.868521327749
1623776.739188721 15.867762533363406
1710341.0003378377 15.867078501140146
1801520.0408020238 15.86646187389465
1897559.8765218505 15.865906017167081
1998719.6386572486 15.865404947699727
2105272.272765707 15.864953270420905
2217505.2752539297 15.864546120536493
2335721.4690901213 15.864179111677219
2460239.8208697727 15.863848288864435
2591396.3014396573 15.863550086598572
2729544.792402007 15.86328128989867
2875058.040944877 15.863039000591924
3028328.6655749455 15.862820605805386
3189770.215466318 15.862623750017814
3359818.286283781 15.86244630962959
3538931.6954909842 15.862286370559202
3727593.720314938 15.86214220680173
3926313.4017068394 15.862012262921015
4135626.917817706 15.861895136875281
4356099.030694608 15.861789564279238
4588324.61010084 15.861694405802677
4832930.238571752 15.861608634327117
5090575.902036676 15.861531323892184
5361956.770568817 15.861461640310399
5647805.074067546 15.861398830924625
5948892.077934331 15.8613422176746
6266030.164072656 15.861291189728018
6600075.022827089 15.861245195797036
6951927.961775606 15.861203739279686
7322538.337604526 15.861166372731555
7712906.117627992 15.861132692733445
8124084.5778629575 15.86110233521663
8557183.144940002 15.861074973098297
9013370.38951742 15.861050310127666
9493877.17927582 15.861028080516597
10000000.0 15.861008044038122
10533104.45370936 15.860989984392035
11094628.943275219 15.860973706439232
11686088.553466497 15.860959034541322
12309079.138896018 15.860945810211227
12965281.629896663 15.860933890520553
13656466.567946097 15.860923146887734
14384498.882876629 15.860913463062875
15151342.924760515 15.860904734841949
15959067.76404731 15.86089686774761
16809852.774253618 15.86088977672755
17705993.51226898 15.860883385456987
18649907.912142944 15.860877624627879
19644142.809066266 15.86087243230163
20691380.811147902 15.860867752152696
21794447.537529834 15.860863533822103
22956319.242369097 15.860859731624474
24180130.84525718 15.860856304634392
25469184.3897454 15.86085321563229
26826957.95279722 15.860850431539822
28257115.02920827 15.860847922163027
29763514.41631313 15.860845660228023
31350220.62565112 15.860843621426554
33021514.849681754 15.860841783853843
34781906.51314127 15.86084012772141
36636145.44020716 15.860838634741247
38589234.67029899 15.860837289243628
40646443.95709628 15.860836076363483
42813323.98719387 15.860834983270529
45095721.35676145 15.860833997872849
47499794.346614026 15.860833109841145
50032029.53825999 15.860832309478505
52699259.31575657 15.86083158793823
55508680.300597996 15.860830937600216
58467872.7693759 15.860830351546422
61584821.10660254 15.86082982314172
64867935.34788508 15.860829347005769
68326073.87157391 15.860828917787968
71968567.30011514 15.860828530878363
75805243.67559262 15.860828182227717
79846454.97739078 15.860827867860557
84103105.05352604 15.860827584670167
88586679.04100814 15.86082732930871
93309274.35461664 15.860827099168333
98283633.32770011 15.860826891736089
103523177.59307377 15.860826704839837
109042044.29677527 15.860826536240198
114855124.24239345 15.860826384338102
120978102.06889038 15.860826247462981
127427498.57031322 15.860826124062573
134220715.2716012 15.86082601279135
141376081.38073614 15.860825912583818
148912903.24394056 15.860825822245388
156851516.43735445 15.860825740776194
165213340.63573685 15.86082566732994
174020937.40624848 15.860825601269822
183298071.08324376 15.860825541582205
193069772.88832456 15.860825487864448
203362408.46866703 15.860825439370245
214203749.0358383 15.860825395681013
225623046.2970626 15.860825356283987
237651111.38110778 15.860825320885574
250320397.97173202 15.860825288918651
263665089.87303555 15.86082526008022
277721193.2429355 15.86082523408177
292526633.74366355 15.86082521058702
308121358.87140083 15.860825189609123
324547445.74113256 15.860825170529125
341849214.6175927 15.860825153336924
360073348.49856204 15.860825137891135
379269019.0732238 15.860825124032079
399488019.39541787 15.860825111436686
420784903.6297398 15.860825100126462
443217134.24760854 15.860825089891053
466845237.07037944 15.860825080760888
491732964.5779006 15.860825072367167
517947467.9231202 15.860825065040844
545559478.1168514 15.8608250582642
574643496.8715974 15.86082505221366
605277997.6193355 15.86082504670558
637545637.2456493 15.860825041820114
671533479.1115135 15.860825037374225
707333227.9644439 15.860825033248515
745041477.3728887 15.86082502975718
784759970.3514622 15.860825026463614
826595873.8801795 15.860825023548728
870662068.0585117 15.860825020819735
917077450.674293 15.860825018501789
965967258.0093802 15.860825016296364
1017463402.7476043 15.86082501435141
1071704829.8967092 15.860825012731738
1128837891.6846883 15.860825011113029
1189016742.44199 15.860825009654924
1252403754.5350692 15.860825008347803
1319169956.473569 15.860825007242255
1389495494.373136 15.860825006188122
1463570118.0190797 15.860825005303651
1541593692.8422735 15.860825004515295
1623776739.1887176 15.860825003656691
1710341000.337838 15.860825003048284
1801520040.802024 15.860825002427301
1897559876.5218503 15.860825001828667
1998719638.6572526 15.86082500130619
2105272272.7657027 15.860825000833012
2217505275.2539296 15.860825000441709
2335721469.0901213 15.860825000167672
2460239820.8697777 15.860824999689136
2591396301.439652 15.860824999539197
2729544792.402002 15.860824999204999
2875058040.944877 15.860824998864512
3028328665.5749454 15.860824998781009
3189770215.466325 15.860824998667937
3359818286.2837744 15.860824998228935
3538931695.4909844 15.860824998137659
3727593720.314938 15.860824998116982
3926313401.7068396 15.860824997904757
4135626917.8176975 15.860824997859472
4356099030.694599 15.860824997635262
4588324610.100841 15.860824997426036
4832930238.571753 15.860824997617753
5090575902.036687 15.86082499742709
5361956770.568806 15.860824997634237
5647805074.067546 15.860824997361346
5948892077.934331 15.860824997512461
6266030164.072656 15.860824997570592
6600075022.827075 15.860824997287072
6951927961.775591 15.860824996065636
7322538337.6045265 15.860824997584558
7712906117.627993 15.860824997832317
8124084577.862974 15.86082499743579
8557183144.939984 15.860824997815282
9013370389.51742 15.860824996716875
9493877179.27582 15.860824996445555
10000000000.0 15.86082499692975
10.0 48.07106390692244
10.53310445370937 47.62060993855803
11.094628943275218 47.17022964224252
11.686088553466515 46.71993108261213
12.309079138896024 46.26972316336016
12.965281629896682 45.81961579092801
13.65646656794611 45.369619929352666
14.38449888287663 44.91974774363008
15.15134292476053 44.4700127219286
15.95906776404731 44.02042980527419
16.80985277425364 43.571015568564505
17.70599351226899 43.121788374805064
18.64990791214297 42.67276858243022
19.644142809066278 42.2239787360509
20.6913808111479 41.77544382081058
21.794447537529855 41.327191521280184
22.956319242369098 40.87925249245777
24.180130845257207 40.431660688269474
25.4691843897454 39.98445368629425
26.826957952797258 39.537673104906986
28.257115029208283 39.09136497160721
29.76351441631318 38.64558022516812
31.350220625651154 38.20037520498316
33.02151484968176 37.755812193895586
34.7819065131413 37.31196001758387
36.63614544020716 36.86889473401462
38.58923467029903 36.42670028938856
40.646443957096295 35.985469363618854
42.81332398719393 35.54530416296113
45.095721356761466 35.10631735118011
47.499794346614124 34.66863304884515
50.03202953826004 34.23238785722246
52.699259315756564 33.79773200890408
55.50868030059805 33.364830568247655
58.467872769375894 32.93386469399143
61.58482110660264 32.50503301715132
64.86793534788511 32.07855299417681
68.32607387157402 31.65466240925266
71.96856730011521 31.23362083666922
75.8052436755926 30.815711167502506
79.84645497739086 30.401241139842682
84.10310505352605 29.990544803333602
88.58667904100822 29.583983955528748
93.30927435461668 29.18194948131707
98.28363332770026 28.78486251085189
103.52317759307378 28.393175402290947
109.04204429677526 28.00737244035037
114.8551242423938 27.62797021748277
120.97810206889012 27.255517605632328
127.42749857031335 26.890595215636704
134.2207152716012 26.533814312262564
141.37608138073614 26.185815073831392
148.91290324394086 25.847264125987984
156.85151643735477 25.518851286848996
165.213340635737 25.20128546616671
174.0209374062485 24.895289687049594
183.29807108324357 24.60159522665039
193.06977288832496 24.320934878076194
203.36240846866724 24.05403540133988
214.2037490358383 23.801609230268625
225.62304629706352 23.564345563720398
237.65111138110728 23.34290097886251
250.32039797173255 23.137889753085787
263.6650898730358 22.94987406950538
277.7211932429355 22.77935431986215
292.5266337436645 22.626759737103548
308.1213588714002 22.492439500927325
324.54744574113323 22.37665459801338
341.84921461759274 22.27957051337331
360.073348498562 22.201250988396403
379.26901907322497 22.141652931306798
399.48801939541704 22.100622607265684
420.78490362974026 22.077893199663336
443.21713424760856 22.0730838144507
466.84523707037897 22.08569999272942
491.73296457790156 22.11513576865681
517.9474679231213 22.16067730939431
545.5594781168514 22.221508126317588
574.6434968715973 22.296715862237093
605.2779976193349 22.385300583837736
637.5456372456507 22.486184529901298
671.5334791115142 22.59822316387883
707.3332279644438 22.720217425219747
745.0414773728917 22.85092696331609
784.7599703514607 22.98908415230882
826.5958738801812 23.13340863120161
870.6620680585127 23.28262209654248
917.0774506742931 23.435463063902183
965.9672580093833 23.59070126304033
1017.4634027476063 23.747151382611904
1071.7048298967104 23.903685819425036
1128.8378916846884 24.059246157992035
1189.01674244199 24.212853100572662
1252.4037545350732 24.36361460320571
1319.1699564735716 24.510732059546527
1389.4954943731375 24.65350439739695
1463.5701180190797 24.79133006040607
1541.5936928422718 24.92370689324307
1623.776739188721 25.0502300438437
1710.3410003378397 25.17058806513749
1801.520040802024 25.2845574173536
1897.5598765218504 25.39199569207394
1998.7196386572507 25.49283381428067
2105.272272765707 25.587067549334005
2217.505275253932 25.67474862271674
2335.7214690901214 25.75597570511696
2460.239820869775 25.830885526618374
2591.3963014396572 25.89964432196949
2729.5447924020073 25.962439752387926
2875.0580409448803 26.019473435008315
3028.3286655749457 26.07095414215472
3189.7702154663216 26.117091718751162
3359.818286283781 26.158091704082853
3538.9316954909877 26.194150649413245
3727.593720314938 26.225452090825915
3926.3134017068355 26.25216311454002
4135.626917817706 26.274431454817787
4356.099030694608 26.29238306976565
4588.324610100844 26.306120108302192
4832.930238571752 26.315719230144342
5090.575902036681 26.321230204408902
5361.956770568817 26.322674748280637
5647.805074067552 26.32004556593055
5948.892077934331 26.313305551920685
6266.030164072656 26.302387152246844
6600.075022827095 26.28719186168324
6951.927961775606 26.267589870396158
7322.538337604534 26.243419876929003
7712.906117627992 26.2144890895852
8124.0845778629655 26.180573464767335
8557.183144940002 26.141418225174824
9013.37038951743 26.09673874199338
9493.87717927582 26.046221832406644
10000.0 25.989527587242396
10533.104453709382 25.926291801984192
11094.628943275218 25.85612912869152
11686.088553466498 25.778637044131134
12309.079138896019 25.6934007351566
12965.281629896688 25.59999899008863
13656.466567946096 25.498011169472818
14384.498882876629 25.38702529672988
15151.342924760515 25.26664727270255
15959.06776404731 25.136511172407282
16809.852774253653 24.99629051770221
17705.99351226898 24.845710350289693
18649.907912142942 24.684559859558103
19644.142809066267 24.512705231119693
20691.3808111479 24.330102311728087
21794.447537529835 24.13680861677143
22956.319242369096 23.932994148590836
24180.13084525718 23.718950470211247
25469.184389745402 23.49509747546426
26826.957952797275 23.261987328601474
28257.115029208268 23.020305123786855
29763.51441631313 22.770865916043665
31350.220625651124 22.51460792229323
33021.51484968176 22.25258186327302
34781.90651314134 21.985936591649192
36636.14544020716 21.715901351919165
38589.23467029899 21.443765192559475
40646.44395709628 21.170854207075585
42813.32398719396 20.89850740678488
45095.721356761445 20.62805210193651
47499.79434661403 20.3607796994018
50032.029538259994 20.097922796747312
52699.259315756564 19.840634380298795
55508.680300598106 19.589969811702773
58467.87276937589 19.346872134925125
61584.82110660255 19.11216105681036
64867.935347885075 18.886525763832786
68326.07387157406 18.67052155527785
71968.56730011514 18.464570102631363
75805.24367559262 18.268963000496303
79846.45497739078 18.08386816369833
84103.10505352604 17.90933855472629
88586.67904100832 17.745322681942298
93309.27435461663 17.59167631399207
98283.63332770011 17.448174879329954
103523.17759307378 17.31452607066839
109042.04429677526 17.190382242542967
114855.12424239368 17.075352266002163
120978.10206889013 16.969012580981595
127427.49857031321 16.870917265914468
134220.7152716012 16.780607011557287
141376.08138073614 16.697616947551417
148912.90324394088 16.621483321978605
156851.5164373548 16.55174906772325
165213.34063573685 16.487968328963817
174020.9374062485 16.42971002693043
183298.07108324338 16.376560571973627
193069.77288832495 16.32812581757822
203362.40846866704 16.284032365779296
214203.74903583832 16.243928320885466
225623.04629706353 16.2074835843362
237651.11138110727 16.17438977907912
250320.39797173254 16.14435987415572
263665.08987303555 16.117127582815133
277721.1932429355 16.092446583397226
292526.6337436642 16.070089620560335
308121.35887140024 16.04984752038165
324547.44574113254 16.031528156813415
341849.21461759275 16.01495539558368
360073.348498562 15.999968036916531
379269.0190732246 15.9864187737919
399488.019395417 15.974173179211949
420784.9036297398 15.963108730910882
443217.13424760854 15.95311388084512
466845.2370703785 15.944087173606466
491732.9645779016 15.935936416043997
517947.46792312124 15.928577898833012
545559.4781168514 15.921935671855593
574643.4968715974 15.915940869273719
605277.9976193343 15.91053108601546
637545.6372456506 15.905649801635631
671533.4791115135 15.901245849892154
707333.2279644439 15.897272931162242
745041.4773728917 15.893689166353509
784759.9703514606 15.890456687513266
826595.8738801812 15.887541264995173
870662.0680585118 15.88491196624897
917077.4506742931 15.882540845439689
965967.2580093823 15.880402661203075
1017463.4027476063 15.87847461927617
1071704.8298967092 15.8767361392629
1128837.8916846884 15.875168642648044
1189016.74244199 15.873755360885138
1252403.7545350718 15.872481160870526
1319169.9564735717 15.87133238713953
1389495.494373136 15.870296719096535
1463570.1180190798 15.869363041613711
1541593.6928422702 15.868521327749
1623776.739188721 15.867762533363406
1710341.0003378377 15.867078501140146
1801520.0408020238 15.86646187389465
1897559.8765218505 15.865906017167081
1998719.6386572486 15.865404947699727
2105272.272765707 15.864953270420905
2217505.2752539297 15.864546120536493
2335721.4690901213 15.864179111677219
2460239.8208697727 15.863848288864435
2591396.3014396573 15.863550086598572
2729544.792402007 15.86328128989867
2875058.040944877 15.863039000591924
3028328.6655749455 15.862820605805386
3189770.215466318 15.862623750017814
3359818.286283781 15.86244630962959
3538931.6954909842 15.862286370559202
3727593.720314938 15.86214220680173
3926313.4017068394 15.862012262921015
4135626.917817706 15.861895136875281
4356099.030694608 15.861789564279238
4588324.61010084 15.861694405802677
4832930.238571752 15.861608634327117
5090575.902036676 15.861531323892184
5361956.770568817 15.861461640310399
5647805.074067546 15.861398830924625
5948892.077934331 15.8613422176746
6266030.164072656 15.861291189728018
6600075.022827089 15.861245195797036
6951927.961775606 15.861203739279686
7322538.337604526 15.861166372731555
7712906.117627992 15.861132692733445
8124084.5778629575 15.86110233521663
8557183.144940002 15.861074973098297
9013370.38951742 15.861050310127666
9493877.17927582 15.861028080516597
10000000.0 15.861008044038122
10533104.45370936 15.860989984392035
11094628.943275219 15.860973706439232
11686088.553466497 15.860959034541322
12309079.138896018 15.860945810211227
12965281.629896663 15.860933890520553
13656466.567946097 15.860923146887734
14384498.882876629 15.860913463062875
15151342.924760515 15.860904734841949
15959067.76404731 15.86089686774761
16809852.774253618 15.86088977672755
17705993.51226898 15.860883385456987
18649907.912142944 15.860877624627879
19644142.809066266 15.86087243230163
20691380.811147902 15.860867752152696
21794447.537529834 15.860863533822103
22956319.242369097 15.860859731624474
24180130.84525718 15.860856304634392
25469184.3897454 15.86085321563229
26826957.95279722 15.860850431539822
28257115.02920827 15.860847922163027
29763514.41631313 15.860845660228023
31350220.62565112 15.860843621426554
33021514.849681754 15.860841783853843
34781906.51314127 15.86084012772141
36636145.44020716 15.860838634741247
38589234.67029899 15.860837289243628
40646443.95709628 15.860836076363483
42813323.98719387 15.860834983270529
45095721.35676145 15.860833997872849
47499794.346614026 15.860833109841145
50032029.53825999 15.860832309478505
52699259.31575657 15.86083158793823
55508680.300597996 15.860830937600216
58467872.7693759 15.860830351546422
61584821.10660254 15.86082982314172
64867935.34788508 15.860829347005769
68326073.87157391 15.860828917787968
71968567.30011514 15.860828530878363
75805243.67559262 15.860828182227717
79846454.97739078 15.860827867860557
84103105.05352604 15.860827584670167
88586679.04100814 15.86082732930871
93309274.35461664 15.860827099168333
98283633.32770011 15.860826891736089
103523177.59307377 15.860826704839837
109042044.29677527 15.860826536240198
114855124.24239345 15.860826384338102
120978102.06889038 15.860826247462981
127427498.57031322 15.860826124062573
134220715.2716012 15.86082601279135
141376081.38073614 15.860825912583818
148912903.24394056 15.860825822245388
156851516.43735445 15.860825740776194
165213340.63573685 15.86082566732994
174020937.40624848 15.860825601269822
183298071.08324376 15.860825541582205
193069772.88832456 15.860825487864448
203362408.46866703 15.860825439370245
214203749.0358383 15.860825395681013
225623046.2970626 15.860825356283987
237651111.38110778 15.860825320885574
250320397.97173202 15.860825288918651
263665089.87303555 15.86082526008022
277721193.2429355 15.86082523408177
292526633.74366355 15.86082521058702
308121358.87140083 15.860825189609123
324547445.74113256 15.860825170529125
341849214.6175927 15.860825153336924
360073348.49856204 15.860825137891135
379269019.0732238 15.860825124032079
399488019.39541787 15.860825111436686
420784903.6297398 15.860825100126462
443217134.24760854 15.860825089891053
466845237.07037944 15.860825080760888
491732964.5779006 15.860825072367167
517947467.9231202 15.860825065040844
545559478.1168514 15.8608250582642
574643496.8715974 15.86082505221366
605277997.6193355 15.86082504670558
637545637.2456493 15.860825041820114
671533479.1115135 15.860825037374225
707333227.9644439 15.860825033248515
745041477.3728887 15.86082502975718
784759970.3514622 15.860825026463614
826595873.8801795 15.860825023548728
870662068.0585117 15.860825020819735
917077450.674293 15.860825018501789
965967258.0093802 15.860825016296364
1017463402.7476043 15.86082501435141
1071704829.8967092 15.860825012731738
1128837891.6846883 15.860825011113029
1189016742.44199 15.860825009654924
1252403754.5350692 15.860825008347803
1319169956.473569 15.860825007242255
1389495494.373136 15.860825006188122
1463570118.0190797 15.860825005303651
1541593692.8422735 15.860825004515295
1623776739.1887176 15.860825003656691
1710341000.337838 15.860825003048284
1801520040.802024 15.860825002427301
1897559876.5218503 15.860825001828667
1998719638.6572526 15.86082500130619
2105272272.7657027 15.860825000833012
2217505275.2539296 15.860825000441709
2335721469.0901213 15.860825000167672
2460239820.8697777 15.860824999689136
2591396301.439652 15.860824999539197
2729544792.402002 15.860824999204999
2875058040.944877 15.860824998864512
3028328665.5749454 15.860824998781009
3189770215.466325 15.860824998667937
3359818286.2837744 15.860824998228935
3538931695.4909844 15.860824998137659
3727593720.314938 15.860824998116982
3926313401.7068396 15.860824997904757
4135626917.8176975 15.860824997859472
4356099030.694599 15.860824997635262
4588324610.100841 15.860824997426036
4832930238.571753 15.860824997617753
5090575902.036687 15.86082499742709
5361956770.568806 15.860824997634237
5647805074.067546 15.860824997361346
5948892077.934331 15.860824997512461
6266030164.072656 15.860824997570592
6600075022.827075 15.860824997287072
6951927961.775591 15.860824996065636
7322538337.6045265 15.860824997584558
7712906117.627993 15.860824997832317
8124084577.862974 15.86082499743579
8557183144.939984 15.860824997815282
9013370389.51742 15.860824996716875
9493877179.27582 15.860824996445555
10000000000.0 15.86082499692975
