# Frequency(Hz) Magnitude(dB)
1.000000000000000000e+02 -1.021608428955078125e+02
1.013609894879559334e+02 -1.026333923339843750e+02
1.027405018997752251e+02 -1.029452209472656250e+02
1.041387893305043377e+02 -1.028553771972656250e+02
1.055561073061771822e+02 -1.018466644287109375e+02
1.069927148305097404e+02 -1.019544219970703125e+02
1.084488744322316336e+02 -1.025468750000000000e+02
1.099248522130609445e+02 -1.023051757812500000e+02
1.114209178963318010e+02 -1.015877380371093750e+02
1.129373448762848966e+02 -1.009917907714843750e+02
1.144744102680277820e+02 -1.011469421386718750e+02
1.160323949581751890e+02 -1.005902099609375000e+02
1.176115836561794623e+02 -9.999974060058593750e+01
1.192122649463586868e+02 -9.965074157714843750e+01
1.208347313406327999e+02 -9.993457031250000000e+01
1.224792793319787307e+02 -9.953898620605468750e+01
1.241462094486111454e+02 -9.903009033203125000e+01
1.258358263089024973e+02 -9.872889709472656250e+01
1.275484386770492762e+02 -9.899890136718750000e+01
1.292843595194958368e+02 -9.863764953613281250e+01
1.310439060621274621e+02 -9.813795471191406250e+01
1.328273998482398497e+02 -9.785612487792968750e+01
1.346351667972995756e+02 -9.808070373535156250e+01
1.364675372645029086e+02 -9.771745300292968750e+01
1.383248461011451411e+02 -9.719831848144531250e+01
1.402074327158129563e+02 -9.691641235351562500e+01
1.421156411364082146e+02 -9.706173706054687500e+01
1.440498200730158942e+02 -9.666749572753906250e+01
1.460103229816290593e+02 -9.612997436523437500e+01
1.479975081287396961e+02 -9.585153198242187500e+01
1.500117386568085465e+02 -9.591343688964843750e+01
1.520533826506278103e+02 -9.549163818359375000e+01
1.541228132045842756e+02 -9.495547485351562500e+01
1.562204084908406116e+02 -9.470625305175781250e+01
1.583465518284429265e+02 -9.469549560546875000e+01
1.605016317533687413e+02 -9.426551818847656250e+01
1.626860420895299910e+02 -9.374922180175781250e+01
1.649001820207400328e+02 -9.354257202148437500e+01
1.671444561636625110e+02 -9.347198486328125000e+01
1.694192746417512581e+02 -9.304698181152343750e+01
1.717250531601966657e+02 -9.255638122558593750e+01
1.740622130818936739e+02 -9.237713623046875000e+01
1.764311815044418950e+02 -9.224824523925781250e+01
1.788323913381937871e+02 -9.181958007812500000e+01
1.812662813853668524e+02 -9.133860778808593750e+01
1.837332964202304879e+02 -9.114286804199218750e+01
1.862338872703847414e+02 -9.094758605957031250e+01
1.887685108991465768e+02 -9.048188781738281250e+01
1.913376304890549022e+02 -8.997790527343750000e+01
1.939417155265149120e+02 -8.976589965820312500e+01
1.965812418875923697e+02 -8.949269104003906250e+01
1.992566919249757120e+02 -8.896031188964843750e+01
2.019685545561235642e+02 -8.845541381835937500e+01
2.047173253526089525e+02 -8.824530792236328125e+01
2.075035066306825229e+02 -8.794320678710937500e+01
2.103276075430662502e+02 -8.737838745117187500e+01
2.131901441719965931e+02 -8.693534088134765625e+01
2.160916396235355705e+02 -8.674649047851562500e+01
2.190326241231637141e+02 -8.649537658691406250e+01
2.220136351126739953e+02 -8.595822143554687500e+01
2.250352173483863396e+02 -8.557742309570312500e+01
2.280979230006969090e+02 -8.543307495117187500e+01
2.312023117549821905e+02 -8.523473358154296875e+01
2.343489509138788378e+02 -8.472808074951171875e+01
2.375384155009517428e+02 -8.440612792968750000e+01
2.407712883657767691e+02 -8.427321624755859375e+01
2.440481602904513068e+02 -8.412599182128906250e+01
2.473696300975542215e+02 -8.362900543212890625e+01
2.507363047595776493e+02 -8.334083557128906250e+01
2.541487995098446504e+02 -8.318746948242187500e+01
2.576077379549398074e+02 -8.306982421875000000e+01
2.611137521886678883e+02 -8.256245422363281250e+01
2.646674829075629418e+02 -8.227363586425781250e+01
2.682695795279724393e+02 -8.208472442626953125e+01
2.719207003047320086e+02 -8.199920654296875000e+01
2.756215124514555441e+02 -8.145937347412109375e+01
2.793726922624650228e+02 -8.118399047851562500e+01
2.831749252363769642e+02 -8.096912384033203125e+01
2.870289062013711145e+02 -8.092023468017578125e+01
2.909353394421669918e+02 -8.035734558105468750e+01
2.948949388287237525e+02 -8.010298156738281250e+01
2.989084279466967473e+02 -7.986857604980468750e+01
3.029765402296659431e+02 -7.985860443115234375e+01
3.071000190931642919e+02 -7.926957702636718750e+01
3.112796180705332176e+02 -7.899649047851562500e+01
3.155161009506225582e+02 -7.871448516845703125e+01
3.198102419173689555e+02 -7.867416381835937500e+01
3.241628256912707684e+02 -7.801576232910156250e+01
3.285746476727902063e+02 -7.766263580322265625e+01
3.330465140877054750e+02 -7.732603454589843750e+01
3.375792421344427794e+02 -7.723397064208984375e+01
3.421736601334138754e+02 -7.657745361328125000e+01
3.468306076783836716e+02 -7.615475463867187500e+01
3.515509357899005067e+02 -7.583280944824218750e+01
3.563355070708117864e+02 -7.575410461425781250e+01
3.611851958639003328e+02 -7.528434753417968750e+01
3.661008884116611171e+02 -7.487995910644531250e+01
3.710834830182571409e+02 -7.460809326171875000e+01
3.761338902136766933e+02 -7.453744506835937500e+01
3.812530329201245536e+02 -7.416619873046875000e+01
3.864418466206810194e+02 -7.369982147216796875e+01
3.917012795302512700e+02 -7.339553833007812500e+01
3.970322927688468440e+02 -7.325256347656250000e+01
4.024358605372212310e+02 -7.284795379638671875e+01
4.079129702948982299e+02 -7.232899475097656250e+01
4.134646229406210409e+02 -7.205180358886718750e+01
4.190918329952594945e+02 -7.190259552001953125e+01
4.247956287872068515e+02 -7.153810119628906250e+01
4.305770526402969836e+02 -7.106118774414062500e+01
4.364371610642823498e+02 -7.084266662597656250e+01
4.423770249479005656e+02 -7.070036315917968750e+01
4.483977297545741294e+02 -7.035389709472656250e+01
4.545003757207669537e+02 -6.989581298828125000e+01
4.606860780570468137e+02 -6.967733001708984375e+01
4.669559671518801451e+02 -6.954400634765625000e+01
4.733111887782001759e+02 -6.920410156250000000e+01
4.797529043027912508e+02 -6.876174926757812500e+01
4.862822908985154982e+02 -6.850925445556640625e+01
4.929005417594356118e+02 -6.844966888427734375e+01
4.996088663188593841e+02 -6.818391418457031250e+01
5.064084904703553889e+02 -6.771882629394531250e+01
5.133006567917736902e+02 -6.741040802001953125e+01
5.202866247723185325e+02 -6.738961029052734375e+01
5.273676710427105263e+02 -6.718986511230468750e+01
5.345450896084797705e+02 -6.666448974609375000e+01
5.418201920864363501e+02 -6.634525299072265625e+01
5.491943079443553870e+02 -6.628678131103515625e+01
5.566687847439309280e+02 -6.612106323242187500e+01
5.642449883870280019e+02 -6.554801940917968750e+01
5.719243033652935537e+02 -6.528231811523437500e+01
5.797081330131610457e+02 -6.518467712402343750e+01
5.875978997642956756e+02 -6.505018615722656250e+01
5.955950454115381945e+02 -6.447613525390625000e+01
6.037010313703755173e+02 -6.427653503417968750e+01
6.119173389460079306e+02 -6.419474792480468750e+01
6.202454696040427962e+02 -6.408491516113281250e+01
6.286869452448772790e+02 -6.350613403320312500e+01
6.372433084818120506e+02 -6.334165954589843750e+01
6.459161229229521268e+02 -6.324901962280273438e+01
6.547069734569460024e+02 -6.313519668579101562e+01
6.636174665426094634e+02 -6.250127410888671875e+01
6.726492305024945608e+02 -6.233542251586914062e+01
6.818039158204499017e+02 -6.219734954833984375e+01
6.910831954432388784e+02 -6.205239486694335938e+01
7.004887650862513055e+02 -6.137651824951171875e+01
7.100223435433874783e+02 -6.127495956420898438e+01
7.196856730011520540e+02 -6.114487075805664062e+01
7.294805193570227857e+02 -6.094156646728515625e+01
7.394086725421589108e+02 -6.023169708251953125e+01
7.494719468484921663e+02 -6.014190292358398438e+01
7.596721812602787622e+02 -6.002191162109375000e+01
7.700112397901567647e+02 -5.975698852539062500e+01
7.804910118197807378e+02 -5.912126541137695312e+01
7.911134124450895797e+02 -5.902044677734375000e+01
8.018803828262766729e+02 -5.890275573730468750e+01
8.127938905425230587e+02 -5.857158279418945312e+01
8.238559299515549128e+02 -5.802725219726562500e+01
8.350685225540979673e+02 -5.793880081176757812e+01
8.464337173632882241e+02 -5.784669876098632812e+01
8.579535912791180863e+02 -5.749205017089843750e+01
8.696302494679672463e+02 -5.702015686035156250e+01
8.814658257473112144e+02 -5.694729995727539062e+01
8.934624829756569397e+02 -5.688044357299804688e+01
9.056224134477857888e+02 -5.653510284423828125e+01
9.179478392953838011e+02 -5.612503051757812500e+01
9.304410128931126565e+02 -5.606435394287109375e+01
9.431042172702185553e+02 -5.602646636962890625e+01
9.559397665277352871e+02 -5.571652221679687500e+01
9.689500062613692535e+02 -5.536211395263671875e+01
9.821373139901359082e+02 -5.532271575927734375e+01
9.955040995908344712e+02 -5.531414031982421875e+01
1.009052805738436064e+03 -5.503923034667968750e+01
1.022785908352460524e+03 -5.472052764892578125e+01
1.036705917049433083e+03 -5.469296264648437500e+01
1.050815375601493088e+03 -5.469377899169921875e+01
1.065116862401255048e+03 -5.444458389282226562e+01
1.079612990932982257e+03 -5.405576324462890625e+01
1.094306410250186673e+03 -5.387267303466796875e+01
1.109199805459720665e+03 -5.376898956298828125e+01
1.124295898212455313e+03 -5.345033264160156250e+01
1.139597447200647821e+03 -5.290161895751953125e+01
1.155107248662062602e+03 -5.255924987792968750e+01
1.170828136890970200e+03 -5.235222625732421875e+01
1.186762984756086553e+03 -5.194416809082031250e+01
1.202914704225570176e+03 -5.124827575683593750e+01
1.219286246899157732e+03 -5.077240753173828125e+01
1.235880604547547591e+03 -5.046803283691406250e+01
1.252700809659125980e+03 -4.986214447021484375e+01
1.269749935994125508e+03 -4.913626861572265625e+01
1.287031099146334100e+03 -4.870074462890625000e+01
1.304547457112439361e+03 -4.841104125976562500e+01
1.322302210869137525e+03 -4.787042999267578125e+01
1.340298604958075430e+03 -4.731267166137695312e+01
1.358539928078774665e+03 -4.704088211059570312e+01
1.377029513689612259e+03 -4.687670135498046875e+01
1.395770740616978628e+03 -4.648068237304687500e+01
1.414767033672741718e+03 -4.606639480590820312e+01
1.434021864280093723e+03 -4.588324737548828125e+01
1.453538751107935695e+03 -4.578127670288085938e+01
1.473321260713880520e+03 -4.546651077270507812e+01
1.493373008196017963e+03 -4.509785079956054688e+01
1.513697657853538431e+03 -4.495030975341796875e+01
1.534298923856360261e+03 -4.488863372802734375e+01
1.555180570923866298e+03 -4.462275695800781250e+01
1.576346415012873194e+03 -4.425205993652343750e+01
1.597800324014970101e+03 -4.411254501342773438e+01
1.619546218463339528e+03 -4.407011795043945312e+01
1.641588072249215202e+03 -4.382521820068359375e+01
1.663929913348065384e+03 -4.340804290771484375e+01
1.686575824555686950e+03 -4.325426483154296875e+01
1.709529944234297545e+03 -4.321680831909179688e+01
1.732796467068785205e+03 -4.301913452148437500e+01
1.756379644833265047e+03 -4.251093292236328125e+01
1.780283787168043546e+03 -4.230305099487304688e+01
1.804513262367184325e+03 -4.221459197998046875e+01
1.829072498176772342e+03 -4.206219482421875000e+01
1.853965982604053124e+03 -4.142089843750000000e+01
1.879198264737575073e+03 -4.116310882568359375e+01
1.904773955578503774e+03 -4.103562545776367188e+01
1.930697728883249511e+03 -4.092289733886718750e+01
1.956974322017554414e+03 -4.022537994384765625e+01
1.983608536822212500e+03 -3.995518875122070312e+01
2.010605240490559254e+03 -3.976594543457031250e+01
2.037969366457928800e+03 -3.966813659667968750e+01
2.065705915303183247e+03 -3.898466491699218750e+01
2.093819955662543634e+03 -3.876090621948242188e+01
2.122316625155836391e+03 -3.854897308349609375e+01
2.151201131325348342e+03 -3.845270919799804688e+01
2.180478752587477629e+03 -3.781386184692382812e+01
2.210154839197305591e+03 -3.767523193359375000e+01
2.240234814226330855e+03 -3.752457046508789062e+01
2.270724174553480225e+03 -3.745904541015625000e+01
2.301628491869629670e+03 -3.685813522338867188e+01
2.332953413695775907e+03 -3.668630218505859375e+01
2.364704664415084608e+03 -3.664789581298828125e+01
2.396888046318977558e+03 -3.654930877685546875e+01
2.429509440667451145e+03 -3.605403518676757812e+01
2.462574808763834426e+03 -3.582284545898437500e+01
2.496090193044161424e+03 -3.587674331665039062e+01
2.530061718181393644e+03 -3.569882202148437500e+01
2.564495592204639706e+03 -3.528765106201171875e+01
2.599398107633638119e+03 -3.499597549438476562e+01
2.634775642628660080e+03 -3.510478591918945312e+01
2.670634662156059676e+03 -3.484214401245117188e+01
2.706981719169713870e+03 -3.446041488647460938e+01
2.743823455808502331e+03 -3.412826156616210938e+01
2.781166604610124978e+03 -3.422882843017578125e+01
2.819017989741409565e+03 -3.392890167236328125e+01
2.857384528245379897e+03 -3.351274108886718750e+01
2.896273231305281570e+03 -3.318207168579101562e+01
2.935691205525828536e+03 -3.325859832763671875e+01
2.975645654231881963e+03 -3.290954208374023438e+01
3.016143878784795106e+03 -3.245582580566406250e+01
3.057193279916685697e+03 -3.212940216064453125e+01
3.098801359082846830e+03 -3.217092514038085938e+01
3.140975719832602863e+03 -3.176091384887695312e+01
3.183724069198772668e+03 -3.126479721069335938e+01
3.227054219106090841e+03 -3.097928619384765625e+01
3.270974087798766504e+03 -3.099934387207031250e+01
3.315491701287470278e+03 -3.052617073059082031e+01
3.360615194816047278e+03 -3.000589370727539062e+01
3.406352814348143511e+03 -2.978289794921875000e+01
3.452712918074112622e+03 -2.981092071533203125e+01
3.499703977938398111e+03 -2.931858825683593750e+01
3.547334581187718868e+03 -2.879476737976074219e+01
3.595613431940312694e+03 -2.864297485351562500e+01
3.644549352776552041e+03 -2.867397880554199219e+01
3.694151286351207091e+03 -2.815715980529785156e+01
3.744428297027635836e+03 -2.763786506652832031e+01
3.795389572534233139e+03 -2.756881332397460938e+01
3.847044425643399336e+03 -2.756729507446289062e+01
3.899402295873404910e+03 -2.699111557006835938e+01
3.952472751213354513e+03 -2.647640228271484375e+01
4.006265489871690988e+03 -2.647620582580566406e+01
4.060790342048454932e+03 -2.642443275451660156e+01
4.116057271731663604e+03 -2.580601501464843750e+01
4.172076378518181627e+03 -2.529167747497558594e+01
4.228857899459306282e+03 -2.535610961914062500e+01
4.286412210931541267e+03 -2.529483985900878906e+01
4.344749830532779015e+03 -2.468050193786621094e+01
4.403881419004318559e+03 -2.414486503601074219e+01
4.463817782179015921e+03 -2.423097801208496094e+01
4.524569872955980827e+03 -2.422607231140136719e+01
4.586148793302132617e+03 -2.363071441650390625e+01
4.648565796280991890e+03 -2.308012962341308594e+01
4.711832288109096226e+03 -2.318854904174804688e+01
4.775959830240373776e+03 -2.322963905334472656e+01
4.840960141478948572e+03 -2.264885520935058594e+01
4.906845100120614006e+03 -2.207983207702636719e+01
4.973626746123535668e+03 -2.220022201538085938e+01
5.041317283308447259e+03 -2.226540756225585938e+01
5.109929081588780718e+03 -2.168511772155761719e+01
5.179474679231212576e+03 -2.108191680908203125e+01
5.249966785146888469e+03 -2.120334434509277344e+01
5.321418281213915179e+03 -2.128335571289062500e+01
5.393842224631402132e+03 -2.071706390380859375e+01
5.467251850305569860e+03 -2.012415695190429688e+01
5.541660573268310145e+03 -2.014440917968750000e+01
5.617081991128689879e+03 -2.022360610961914062e+01
5.693529886557817008e+03 -1.971111106872558594e+01
5.771018229807498756e+03 -1.916605377197265625e+01
5.849561181263205981e+03 -1.909238052368164062e+01
5.929173094031749315e+03 -1.906860923767089844e+01
6.009868516564238234e+03 -1.861686897277832031e+01
6.091662195314650489e+03 -1.814161300659179688e+01
6.174569077434668543e+03 -1.796529960632324219e+01
6.258604313505138634e+03 -1.782725524902343750e+01
6.343783260304699070e+03 -1.745344161987304688e+01
6.430121483616160731e+03 -1.708498382568359375e+01
6.517634761070972672e+03 -1.680707550048828125e+01
6.606339085032511321e+03 -1.655012130737304688e+01
6.696250665518527057e+03 -1.625696754455566406e+01
6.787385933163420304e+03 -1.605138397216796875e+01
6.879761542220781848e+03 -1.570205211639404297e+01
6.973394373606841327e+03 -1.537446689605712891e+01
7.068301537985340474e+03 -1.501334571838378906e+01
7.164500378894348614e+03 -1.495786094665527344e+01
7.262008475915670715e+03 -1.457733821868896484e+01
7.360843647887351835e+03 -1.419664573669433594e+01
7.461023956159978297e+03 -1.378139591217041016e+01
7.562567707897189393e+03 -1.364113712310791016e+01
7.665493459421219995e+03 -1.321041870117187500e+01
7.769820019603900619e+03 -1.273229408264160156e+01
7.875566453303805247e+03 -1.227987766265869141e+01
7.982752084850262690e+03 -1.199467849731445312e+01
8.091396501574657123e+03 -1.156132411956787109e+01
8.201519557389921829e+03 -1.108064842224121094e+01
8.313141376418649088e+03 -1.070544528961181641e+01
8.426282356670630179e+03 -1.033930778503417969e+01
8.540963173770411231e+03 -1.002277660369873047e+01
8.657204784735613430e+03 -9.727652549743652344e+00
8.775028431806684239e+03 -9.530225753784179688e+00
8.894455646328717194e+03 -9.231019973754882812e+00
9.015508252686164269e+03 -9.122989654541015625e+00
9.138208372291021078e+03 -8.818792343139648438e+00
9.262578427625419863e+03 -8.749125480651855469e+00
9.388641146339075931e+03 -8.450773239135742188e+00
9.516419565402655280e+03 -8.467824935913085938e+00
9.645937035317576374e+03 -8.128465652465820312e+00
9.777217224383097346e+03 -8.119068145751953125e+00
9.910284123021578125e+03 -7.757186889648437500e+00
1.004516204816246864e+04 -7.868133544921875000e+00
1.018187564768609809e+04 -7.492139816284179688e+00
1.032044990492785109e+04 -7.515371322631835938e+00
1.046091014324367643e+04 -7.089136123657226562e+00
1.060328203063773981e+04 -7.299160003662109375e+00
1.074759158445306093e+04 -6.865224838256835938e+00
1.089386517612590433e+04 -6.932638168334960938e+00
1.104212953600506989e+04 -6.517028808593750000e+00
1.119241175823659796e+04 -6.713981628417968750e+00
1.134473930571494202e+04 -6.271053314208984375e+00
1.149914001510172602e+04 -6.347845077514648438e+00
1.165564210191259735e+04 -5.946426391601562500e+00
1.181427416567339242e+04 -6.122104644775390625e+00
1.197506519514650063e+04 -5.689344406127929688e+00
1.213804457362831454e+04 -5.766008377075195312e+00
1.230324208431882653e+04 -5.368654251098632812e+00
1.247068791576417607e+04 -5.535364151000976562e+00
1.264041266737351543e+04 -5.126926422119140625e+00
1.281244735501074501e+04 -5.185064315795898438e+00
1.298682341666232969e+04 -4.831165313720703125e+00
1.316357271818250229e+04 -4.977220535278320312e+00
1.334272755911640161e+04 -4.566408157348632812e+00
1.352432067860257484e+04 -4.591701507568359375e+00
1.370838526135580651e+04 -4.297889709472656250e+00
1.389495494373135989e+04 -4.418230056762695312e+00
1.408406381987175700e+04 -4.008562088012695312e+00
1.427574644793724474e+04 -4.001800537109375000e+00
1.447003785642091316e+04 -3.788362503051757812e+00
1.466697355055004664e+04 -3.885423660278320312e+00
1.486658951877433901e+04 -3.483825683593750000e+00
1.506892223934241701e+04 -3.463155746459960938e+00
1.527400868696811995e+04 -3.339591979980468750e+00
1.548188633958723221e+04 -3.393236160278320312e+00
1.569259318520630040e+04 -3.002582550048828125e+00
1.590616772884464808e+04 -2.995410919189453125e+00
1.612264899957086163e+04 -2.956912994384765625e+00
1.634207655763505318e+04 -2.956478118896484375e+00
1.656449050169821203e+04 -2.594383239746093750e+00
1.678993147615978160e+04 -2.592218399047851562e+00
1.701844067858532071e+04 -2.606369018554687500e+00
1.725005986723491515e+04 -2.568109512329101562e+00
1.748483136869408918e+04 -2.252714157104492188e+00
1.772279808560883612e+04 -2.275531768798828125e+00
1.796400350452562998e+04 -2.287652969360351562e+00
1.820849170383825913e+04 -2.225109100341796875e+00
1.845630736184282432e+04 -1.945434570312500000e+00
1.870749576490234176e+04 -1.995225906372070312e+00
1.896210281572250096e+04 -1.993490219116210938e+00
1.922017504173987982e+04 -1.907615661621093750e+00
1.948175960362469050e+04 -1.657695770263671875e+00
1.974690430389890753e+04 -1.730890274047851562e+00
2.001565759567169152e+04 -1.731729507446289062e+00
2.028806859149403681e+04 -1.624128341674804688e+00
2.056418707233355963e+04 -1.400815963745117188e+00
2.084406349667160976e+04 -1.484037399291992188e+00
2.112774900972417163e+04 -1.505472183227539062e+00
2.141529545278823207e+04 -1.372798919677734375e+00
2.170675537271538269e+04 -1.173990249633789062e+00
2.200218203151439229e+04 -1.263076782226562500e+00
2.230162941608423353e+04 -1.304424285888671875e+00
2.260515224808002677e+04 -1.152029037475585938e+00
2.291280599391287615e+04 -9.823875427246093750e-01
2.322464687488576965e+04 -1.083860397338867188e+00
2.354073187746785334e+04 -1.141292572021484375e+00
2.386111876370808022e+04 -9.721508026123046875e-01
2.418586608179082759e+04 -8.299961090087890625e-01
2.451503317673509810e+04 -9.489936828613281250e-01
2.484868020123937458e+04 -1.016735076904296875e+00
2.518686812667402774e+04 -8.404350280761718750e-01
2.552965875422343379e+04 -7.085723876953125000e-01
2.587711472617943582e+04 -8.387145996093750000e-01
2.622929953738903714e+04 -9.006805419921875000e-01
2.658627754685742912e+04 -7.251243591308593750e-01
2.694811398950894727e+04 -6.201190948486328125e-01
2.731487498810854595e+04 -7.533969879150390625e-01
2.768662756534500659e+04 -7.943458557128906250e-01
2.806343965607886275e+04 -6.221885681152343750e-01
2.844538011975695190e+04 -5.490646362304687500e-01
2.883251875299595122e+04 -6.712284088134765625e-01
2.922492630233720774e+04 -6.911811828613281250e-01
2.962267447717488540e+04 -5.267829895019531250e-01
3.002583596286064130e+04 -4.853401184082031250e-01
3.043448443398612653e+04 -5.714149475097656250e-01
3.084869456784626163e+04 -5.916080474853515625e-01
3.126854205808628467e+04 -4.705257415771484375e-01
3.169410362853391780e+04 -4.342403411865234375e-01
3.212545704722012670e+04 -4.842815399169921875e-01
3.256268114059059008e+04 -5.096130371093750000e-01
3.300585580791063694e+04 -4.276428222656250000e-01
3.345506203586619085e+04 -3.874397277832031250e-01
3.391038191336353339e+04 -4.088954925537109375e-01
3.437189864653012046e+04 -4.351654052734375000e-01
3.483969657392026420e+04 -3.841266632080078125e-01
3.531386118192713184e+04 -3.468627929687500000e-01
3.579447912040451047e+04 -3.496170043945312500e-01
3.628163821850180102e+04 -3.770866394042968750e-01
3.677542750071381306e+04 -3.539714813232421875e-01
3.727593720314938400e+04 -3.163928985595703125e-01
3.778325879002129659e+04 -2.987594604492187500e-01
3.829748497036066692e+04 -3.288478851318359375e-01
3.881870971495877893e+04 -3.288784027099609375e-01
3.934702827353958128e+04 -2.877254486083984375e-01
3.988253719216550235e+04 -2.486228942871093750e-01
4.042533433088099264e+04 -2.784385681152343750e-01
4.097551888159540249e+04 -3.024177551269531250e-01
4.153319138620931335e+04 -2.558727264404296875e-01
4.209845375498824433e+04 -1.962394714355468750e-01
4.267140928518562578e+04 -2.249507904052734375e-01
4.325216267991965287e+04 -2.744693756103515625e-01
4.384082006730695866e+04 -2.241592407226562500e-01
4.443748901985667908e+04 -1.516571044921875000e-01
4.504227857412859157e+04 -1.802291870117187500e-01
4.565529925065830321e+04 -2.536277770996093750e-01
4.627666307415458868e+04 -1.950302124023437500e-01
4.690648359397071908e+04 -1.175994873046875000e-01
4.754487590485443798e+04 -1.428565979003906250e-01
4.819195666798119782e+04 -2.363719940185546875e-01
4.884784413227269397e+04 -1.652317047119140625e-01
4.951265815600602218e+04 -8.251571655273437500e-02
5.018652022871682129e+04 -9.624481201171875000e-02
5.086955349340053363e+04 -2.118415832519531250e-01
5.156188276901583595e+04 -1.304912567138671875e-01
5.226363457329440280e+04 -4.038047790527343750e-02
5.297493714586064743e+04 -4.020690917968750000e-02
5.369592047166707198e+04 -1.872463226318359375e-01
5.442671630474775156e+04 -8.870315551757812500e-02
5.516745819229495828e+04 1.102066040039062500e-02
5.591828149906457838e+04 1.986122131347656250e-02
5.667932343211245461e+04 -1.646423339843750000e-01
5.745072306586804916e+04 -3.341865539550781250e-02
5.823262136754918902e+04 7.131385803222656250e-02
5.902516122292271029e+04 6.413841247558593750e-02
5.982848746241573099e+04 -9.456062316894531250e-02
6.064274688758236880e+04 2.774810791015625000e-02
6.146808829793008772e+04 1.360778808593750000e-01
6.230466251811238180e+04 1.092071533203125000e-01
6.315262242549044458e+04 -1.695442199707031250e-02
6.401212297806987044e+04 8.538436889648437500e-02
6.488332124281882716e+04 1.995964050292968750e-01
6.576637642437026079e+04 1.494255065917968750e-01
6.666144989411547431e+04 5.354309082031250000e-02
6.756870521969339461e+04 1.347656250000000000e-01
6.848830819488134875e+04 2.566986083984375000e-01
6.942042686989268987e+04 1.911125183105468750e-01
7.036523158208606765e+04 1.192131042480468750e-01
7.132289498709409963e+04 1.811561584472656250e-01
7.229359209037445544e+04 3.095169067382812500e-01
7.327750027919019340e+04 2.344589233398437500e-01
7.427479935502684384e+04 1.659622192382812500e-01
7.528567156644912029e+04 2.195873260498046875e-01
7.631030164240550948e+04 3.603324890136718750e-01
7.734887682598612446e+04 2.787284851074218750e-01
7.840158690863977245e+04 2.046279907226562500e-01
7.946862426485698961e+04 2.540607452392578125e-01
8.055018388732506719e+04 4.103736877441406250e-01
8.164646342256072967e+04 3.402690887451171875e-01
8.275766320702956000e+04 2.608737945556640625e-01
8.388398630375538778e+04 2.966442108154296875e-01
8.502563853942789137e+04 4.682788848876953125e-01
8.618282854201691225e+04 4.013309478759765625e-01
8.735576777889684308e+04 2.931461334228515625e-01
8.854467059549082478e+04 3.140983581542968750e-01
8.974975425444066059e+04 4.429130554199218750e-01
9.097123897530988324e+04 3.793258666992187500e-01
9.220934797482710565e+04 2.284660339355468750e-01
9.346430750767742575e+04 3.079013824462890625e-01
9.473634690784772101e+04 5.093498229980468750e-01
9.602569863053699373e+04 7.426013946533203125e-01
9.733259829463502683e+04 7.782497406005859375e-01
9.865728472577939101e+04 3.194255828857421875e-01
1.000000000000000000e+05 -4.503784179687500000e-01
