10.0 0.00030076727887449854
10.292747724096083 0.0003100732557664073
10.59406557118851 0.0003191811366505988
10.904204429677526 0.00032802194897095505
11.223422532664179 0.0003365189033942011
11.551985672964793 0.00034458668165618237
11.890167424419898 0.0003521306549516138
12.238249369681931 0.00035904602534057503
12.596521334671401 0.0003652168824069293
12.965281629896682 0.0003705151665561073
13.344837298838383 0.00037479953050035094
13.735504373605137 0.00037791408971028296
14.137608138073606 0.0003796870529278549
14.551483398731937 0.00037992922348031546
14.977474763452017 0.00037843236258890345
15.415936928422726 0.0003749674061747458
15.867234973483178 0.00036928252713447384
16.331744666101677 0.0003611010360575814
16.80985277425364 0.00035011911455660994
17.301957388458945 0.00033600337648849124
17.808468253246822 0.0003183882546816985
18.329807108324356 0.00029687321243980133
18.866408039732583 0.00027101978196124223
19.418717841282557 0.00024034843484447907
19.987196386572506 0.00020433529324516308
20.57231701189556 0.00016240869432808993
21.174566910357118 0.00011394562525106825
21.794447537529855 5.8268050934085744e-05
22.432475028984193 -5.360837532791668e-06
23.089180630041927 -7.774041946497344e-05
23.765111138110754 -0.00015973644544000666
24.46082935796799 -0.0002522847942492098
25.17691457037277 -0.0003563951301839075
25.913963014396586 -0.0004731543962968717
26.672588383874054 -0.0006037300719941229
27.453422338387142 -0.0007493731136868389
28.257115029208283 -0.0009114204895051323
29.08433564064048 -0.0010912972104430124
29.935772947204903 -0.001290517752903104
30.812135887140037 -0.0015106867598508743
31.714154152689986 -0.001753498902526006
32.642578797673224 -0.002020737778874077
33.59818286283781 -0.0023142737222450705
34.58176201952381 -0.0026360603924562025
35.594135232168604 -0.002988130021770817
36.63614544020716 -0.0033725871923000255
37.708660259934554 -0.003791601027403852
38.81257270691538 -0.004247395688784798
39.9488019395417 -0.004742239083958214
41.118294024358306 -0.005278429704601174
42.322022723792756 -0.005858281535918469
43.56099030694608 -0.006484106999996721
44.83622838411908 -0.0071581979228986905
46.148798765769385 -0.007882804544470354
47.499794346614124 -0.008660112622474427
48.890340015614456 -0.009492218718098355
50.32159359259993 -0.010381103786320409
51.7947467923121 -0.011328605234249558
53.31102621667033 -0.012336387649573035
54.87169437608604 -0.013405912441548082
56.47805074067555 -0.01453840667668425
58.131432822247135 -0.015734831428994418
59.83321728796288 -0.01699585000194459
61.58482110660264 -0.018321796411772034
63.38770272838487 -0.019712644552265256
65.24336329932625 -0.021167978485991012
67.15334791115141 -0.022686964326775312
69.11924688779365 -0.024268324191605677
71.14269710955735 -0.025910312706934883
73.22538337604533 -0.027610696552012714
75.36903980898542 -0.029366737512714413
77.57545129612417 -0.031175179499401306
79.84645497739086 -0.03303223995368419
82.18394177456803 -0.034933606030270486
84.58985796574301 -0.03687443589116403
87.06620680585127 -0.03884936539104552
89.61505019466045 -0.04085252036515565
92.23851039358476 -0.042877534654442426
94.9387717927583 -0.04491757391988019
97.71808272983904 -0.046965365208560414
100.57875736205835 -0.04901323214091603
103.52317759307378 -0.051053135494627054
106.55379505623053 -0.05307671886554688
109.67313315588179 -0.055075358996221936
112.88378916846884 -0.05704022027650351
116.18843640511002 -0.05896231284477218
119.58982643749793 -0.06083255365153918
123.09079138896018 -0.0626418297944562
126.69424629259063 -0.06438106339509185
130.40319151841317 -0.06604127726537756
134.2207152716012 -0.0676136606056089
138.14999616383224 -0.06908963398789275
142.19430585991677 -0.07046091290570865
146.357011801908 -0.07171956921473638
150.64158001295928 -0.07285808984690377
155.05157798326255 -0.07386943224922027
159.5906776404731 -0.07474707607803091
164.26265840709303 -0.07548507076476714
169.071410347358 -0.07607807865888144
174.0209374062485 -0.07652141354350532
179.115360743323 -0.07681107440783205
184.3589221641488 -0.07694377444253267
189.75598765218504 -0.07691696530053325
195.3110510040631 -0.07672885673146795
201.02873757128856 -0.07637843175234008
206.913808111479 -0.07586545756030184
212.97116275234782 -0.07519049242278915
219.20584507173257 -0.07435488879704742
225.62304629706352 -0.07336079293629583
232.22810962777245 -0.07221114123302458
239.02653468423918 -0.07090965353432249
246.02398208697775 -0.06946082364007859
253.22627816987946 -0.06786990716641271
260.63941983143474 -0.06614290692488665
268.26957952797244 -0.06428655593530043
276.1231104130753 -0.06230829816059967
284.2065516274511 -0.06021626702648737
292.5266337436645 -0.058019261769593516
301.09028437025927 -0.055726721647839386
309.9046339199427 -0.05334869804562488
318.97702154663216 -0.0508958245163943
328.3150012563047 -0.048379284824996954
337.9263481967431 -0.04581077908295047
347.819065131413 -0.043202488108922396
358.00138910285807 -0.040567036193380146
368.48179829116765 -0.03791745249910564
379.26901907322497 -0.03526713138384513
390.37203328860926 -0.03262979198721404
401.8000857182091 -0.030019437476870886
413.5626917817706 -0.02745031439593385
425.66964546078714 -0.024936872593921307
438.13102745333055 -0.02249372625219959
450.9572135676145 -0.020135616532299616
464.15888336127773 -0.01787737637907674
477.7470290335773 -0.0157338980002266
491.73296457790156 -0.013720103518502875
506.1283352022219 -0.011850919254251305
520.9451270253212 -0.010141254043982315
536.1956770568817 -0.008605981937454507
551.892683469738 -0.007259929543138337
568.0492161728429 -0.006117868211851485
584.6787276937589 -0.005194511163590196
601.7950643797334 -0.004504515575305269
619.412477926676 -0.004062489559947753
637.5456372456507 -0.0038830038819747358
656.2096406767555 -0.003980608173115166
675.4200285605586 -0.0043698513371555735
695.1927961775606 -0.005065305763392835
715.5444070664574 -0.006081594907855167
736.4918067322965 -0.007433423749182182
758.0524367559261 -0.009135611581137296
780.2442493165045 -0.01120312656873687
803.0857221391512 -0.013651121465751023
826.5958738801812 -0.01649496987042723
850.7942799627444 -0.019750302381162085
875.7010888760508 -0.02343304200321032
901.3370389517438 -0.027559438151928774
927.7234756314059 -0.03214609859495165
954.8823692395666 -0.037210018675631895
982.8363332770031 -0.04276860715992478
1011.6086432495807 -0.04883970805240916
1041.2232560483055 -0.05544161772781032
1071.7048298967104 -0.06259309672832111
1103.078744882215 -0.07031337557910386
1135.3711240885177 -0.07862215397836096
1168.608855346651 -0.08753959272220116
1202.8196136227775 -0.09708629773177165
1238.0318840613968 -0.10728329555735194
1274.2749857031336 -0.11815199974859955
1311.5790958968503 -0.1297141674961721
1349.9752754264298 -0.14199184597575754
1389.4954943731375 -0.15500730785706127
1430.172658735088 -0.1687829754839487
1472.0406378260013 -0.18334133328586075
1515.134292476053 -0.1987048280489394
1559.4895040582815 -0.21489575675974198
1605.1432043647615 -0.23193614183393443
1652.1334063573702 -0.24984759366317333
1700.4992358187922 -0.2686511605522466
1750.2809639301013 -0.2883671662783631
1801.520040802024 -0.3090150356864375
1854.2591299878522 -0.3306131089359964
1908.542144006686 -0.35317844523791636
1964.4142809066266 -0.3767266171601769
2021.9220618983536 -0.4012714968386452
2081.1133700903947 -0.4268250356991257
2142.037490358383 -0.4533970395744525
2204.7451503814746 -0.48099494138148935
2269.288562880081 -0.5096235738005155
2335.7214690901214 -0.539284944665754
2404.0991835099717 -0.5699780180230952
2474.47863995735 -0.6016985040312439
2546.91843897454 -0.634438661063309
2621.478896621356 -0.6681871135026956
2698.222094696536 -0.7029286888041406
2777.211932429355 -0.7386442774066588
2858.5141796844714 -0.7753107190238645
2942.196531724374 -0.8129007186987798
3028.3286655749457 -0.8513827957871958
3116.9822980411436 -0.890721268722372
3208.2312454210773 -0.9308762780150993
3302.1514849681753 -0.9718038494636447
3398.8212181526674 -1.0134559989842362
3498.320935775036 -1.055780879845
3600.73348498562 -1.0987229723976475
3706.144138266228 -1.1422233156698038
3814.640664431178 -1.186219779427132
3926.3134017068355 -1.2306473745495257
4041.2553329506004 -1.275438598819685
4159.562163071847 -1.3205238145085954
4281.332398719392 -1.3658316534873771
4406.667430301786 -1.4112894450139022
4535.671616408702 -1.4568236608579255
4668.45237070379 -1.5023603720530951
4805.1202513612425 -1.5478257113086835
4945.789053120639 -1.593146334991623
5090.575902036681 -1.638249878599758
5239.601353002645 -1.6830653997898453
5392.98949012887 -1.727523803298723
5550.868030059805 -1.77155824248855
5713.36842831558 -1.8151044927483322
5880.625988746757 -1.8581012925754896
6052.779976193349 -1.9004906488282862
6229.973732441841 -1.9422181033576489
6412.354795576917 -1.9832329589778444
6600.075022827095 -2.023488463497744
6793.290717006696 -2.062941951285787
6992.162756659375 -2.1015549425658673
7196.856730011514 -2.139293201320803
7407.543072847163 -2.176126753295422
7624.397210419138 -2.212029866144323
7847.5997035146065 -2.2469809942288816
8077.3363987967105 -2.2809626909597425
8313.798583547334 -2.313961491868219
8557.183144940002 -2.345967771802377
8807.692733975462 -2.3769755797662495
9065.53593421636 -2.4069824549661663
9330.927435461663 -2.435989227599503
9604.08821250538 -2.4639998078325536
9885.24570912827 -2.491020966266203
10174.634027476064 -2.5170621089974805
10472.494122981476 -2.542135050157095
10779.074004992735 -2.5662537845489695
11094.628943275218 -2.589434262746802
11419.421680558647 -2.611694170719206
11753.722651306367 -2.6330527157727053
12097.810206889013 -2.6535304203204686
12451.97084735032 -2.673148924714469
12816.499459957597 -2.6919308001220523
13191.699564735716 -2.7098993721836555
13577.883567189278 -2.72707855597431
13975.373018422924 -2.7434927025824245
14384.498882876629 -2.7591664574479475
14805.6018138991 -2.774124630441726
15239.032437388305 -2.7883920775330298
15685.151643735446 -2.8019935937786715
16144.330888316019 -2.8149538172734405
16616.952500776908 -2.8272971436223244
17103.41000337838 -2.8390476504409974
17604.108438655527 -2.850229031341378
18119.46470667122 -2.8608645388333476
18649.907912142942 -2.8709769355539754
19195.87972173111 -2.8805884532264754
19757.834731786996 -2.8897207587542253
20336.2408468667 -2.898394926862041
20931.579669325736 -2.9066314187120943
21544.346900318822 -2.9144500659411077
22175.052752539294 -2.9218700595883114
22824.222375040976 -2.928909943409601
23492.396290496577 -2.935587611102508
24180.13084525718 -2.9419203069931377
24887.998672586673 -2.947924629768941
25616.589169457267 -2.9536165388703934
26366.508987303554 -2.9590113631815784
27138.3825371428 -2.9641238116943947
27932.85250948253 -2.9689679858432125
28750.580409448772 -2.9735573932368404
29592.247107579577 -2.9779049625419267
30458.55340674284 -2.9820230592912313
31350.220625651124 -2.98592350241808
32267.991199458116 -2.9896175813372428
33212.62929793748 -2.9931160734121756
34184.92146175927 -2.996429261666538
35185.677257392665 -2.9995669526179065
36215.72995118075 -3.0025384941213824
37275.93720314938 -3.0053527931310504
38367.18178112649 -3.008018333294493
39490.37229576694 -3.0105431923116983
40646.44395709628 -3.012935058996709
41836.359353200234 -3.0152012499909815
43061.10925171165 -3.017348726087109
44321.713424760856 -3.0193841081255517
45619.221498074585 -3.0213136924373485
46954.71382493421 -3.0231434658083494
48329.30238571752 -3.024879119948593
49744.13171377451 -3.0265260654503483
51200.37984840882 -3.0280894452290052
52699.259315756564 -3.029574147435895
54242.01813838024 -3.030984817842917
55829.94087441914 -3.03232587169463
57464.34968715974 -3.033601505030472
59146.605445917456 -3.0348157054784335
60878.108859147556 -3.035972262523889
62660.30164072656 -3.037074777258197
64494.667710376205 -3.0381266716146467
66382.73442923075 -3.039131197096288
68326.07387157406 -3.0400914430038877
70326.30413380644 -3.041010344174197
72385.09068173247 -3.0418906882341075
74504.14773728917 -3.042735122383482
76685.2397058701 -3.0435461597151363
78930.18264543568 -3.0443261850834875
81240.84577862974 -3.04507746053531
83619.15304916317 -3.0458021303131613
86067.08472376158 -3.0465022254479273
88586.67904100832 -3.0471796679555347
91180.03390845681 -3.047836274654018
93849.3086494272 -3.0484737606203014
96596.72580093842 -3.0490937423083144
99424.57296427398 -3.049697740347679
102335.20470972576 -3.0502871820519144
105331.04453709359 -3.0508634036590294
108414.5868935835 -3.0514276523360158
111588.3992507748 -3.0519810879766625
114855.12424239368 -3.0525247848282424
118217.48186466724 -3.053059732979799
121678.27174109229 -3.053586839751135
125240.3754535072 -3.0541069310209554
128906.75894140244 -3.054620752532071
132680.47497147243 -3.0551289712164973
136564.66567946097 -3.055632176578208
140562.56518642136 -3.0561308821740933
144677.5022915648 -3.0566255272307297
148912.90324394088 -3.0571164784316913
153272.2945952612 -3.0576040319089293
157759.30613623615 -3.0580884154651296
162377.67391887208 -3.058569791051469
167131.2433672486 -3.059048257516598
172023.97247935992 -3.0595238536408504
177059.9351226898 -3.0599965614572744
182243.32442626648 -3.0604663098587306
187578.45627201613 -3.06093297847879
193069.77288832495 -3.061396401829914
198721.84654880533 -3.0618563736724402
204539.38337933904 -3.0623126515830768
210527.22727657072 -3.062764961683256
216690.3639411181 -3.0632130034844405
223033.9250288494 -3.0636564548012606
229563.19242369095 -3.064094976682403
236283.6026355175 -3.064528218303684
243200.7513267945 -3.0649558217716146
250320.39797173254 -3.0653774267834484
257648.47065183744 -3.065792675092987
265191.0709918535 -3.066201214735415
272954.4792402007 -3.0666027039669093
280945.1594981406 -3.066996814884617
289169.76510202966 -3.0673832366921743
297635.14416313195 -3.067761678590821
306348.3452696084 -3.068131872275599
315316.62335543614 -3.068493574028761
324547.44574113254 -3.0688465664085065
334048.4983513244 -3.06919065953395
343827.6921143307 -3.0695256919811293
353893.1695490984 -3.0698515313025005
364253.3115449638 -3.070168074193948
374916.74433988857 -3.0704752463312452
385892.3467029899 -3.0707730019089317
397189.25732733024 -3.0710613229075596
408816.88243912894 -3.0713402181259344
420784.9036297398 -3.071609722008755
433103.2859169001 -3.0718698933042927
445782.28604197066 -3.0721208135850366
458832.461010084 -3.0723625856609975
472264.67688029545 -3.0725953319172845
486090.117813063 -3.0728191926027044
500320.2953825999 -3.07303432409518
514967.0581618343 -3.0732408971664373
530042.6015879672 -3.073439095266301
545559.4781168514 -3.073629112844535
561530.6076746266 -3.0738111537252983
577969.2884153313 -3.0739854295457327
594889.2077934331 -3.0741521582696136
612304.4539605178 -3.0743115627832216
630229.5274956024 -3.0744638695800317
648679.3534788508 -3.074609307536042
667669.2939187557 -3.0747481067804006
687215.1605431122 -3.074880497659503
707333.2279644439 -3.075006709795848
728040.2472308562 -3.0751269712385683
749353.4597735757 -3.075241507703238
771290.6117627992 -3.0753505418985805
793869.9688838223 -3.075454292934958
817110.3315457187 -3.075552975810678
841031.0505352605 -3.075646800971587
865652.0431290936 -3.075735973939569
890993.8096776098 -3.0758206950033236
917077.4506742931 -3.0759011589692937
943924.6843247664 -3.0759775549645205
971557.8646301847 -3.0760500662899286
1000000.0 -3.0761188703166282
