10.0 0.6847717381586971
10.292747724096083 0.7002857102692255
10.59406557118851 0.7155841134067507
10.904204429677526 0.7306455063838999
11.223422532664179 0.7454497799714533
11.551985672964793 0.7599782365350489
11.890167424419898 0.7742136528045495
12.238249369681931 0.7881403257098494
12.596521334671401 0.8017441015156643
12.965281629896682 0.8150123887584786
13.344837298838383 0.8279341557305671
13.735504373605137 0.8404999134662214
14.137608138073606 0.8527016853518027
14.551483398731937 0.8645329646175244
14.977474763452017 0.875988661063909
15.415936928422726 0.8870650384317773
15.867234973483178 0.8977596438498802
16.331744666101677 0.9080712307881068
16.80985277425364 0.9179996769061456
17.301957388458945 0.927545898132214
17.808468253246822 0.9367117602249804
18.329807108324356 0.9454999889829894
18.866408039732583 0.9539140801549882
19.418717841282557 0.9619582100026952
19.987196386572506 0.9696371473415248
20.57231701189556 0.9769561677799478
21.174566910357118 0.9839209707542187
21.794447537529855 0.9905375998564213
22.432475028984193 0.9968123668414302
23.089180630041927 1.0027517796079528
23.765111138110754 1.0083624743617725
24.46082935796799 1.013651152086105
25.17691457037277 1.0186245193805068
25.913963014396586 1.0232892336666164
26.672588383874054 1.027651852708428
27.453422338387142 1.0317187883539172
28.257115029208283 1.035496264369653
29.08433564064048 1.0389902782156515
29.935772947204903 1.042206566586291
30.812135887140037 1.0451505745329812
31.714154152689986 1.0478274279757451
32.642578797673224 1.050241909408664
33.59818286283781 1.052398436609288
34.58176201952381 1.0543010441649512
35.594135232168604 1.055953367642196
36.63614544020716 1.0573586302350586
37.708660259934554 1.0585196317454717
38.81257270691538 1.05943873976408
39.9488019395417 1.0601178829382498
41.118294024358306 1.060558546234918
42.322022723792756 1.060761768124695
43.56099030694608 1.060728139635496
44.83622838411908 1.0604578052452733
46.148798765769385 1.0599504656052778
47.499794346614124 1.0592053821058682
48.890340015614456 1.0582213833178298
50.32159359259993 1.0569968733655273
51.7947467923121 1.0555298423025898
53.31102621667033 1.0538178785848082
54.87169437608604 1.0518581837484906
56.47805074067555 1.0496475894204158
58.131432822247135 1.047182576796448
59.83321728796288 1.044459298740049
61.58482110660264 1.0414736046567012
63.38770272838487 1.0382210683077409
65.24336329932625 1.0346970187264453
67.15334791115141 1.030896574395923
69.11924688779365 1.0268146808401606
71.14269710955735 1.0224461517654446
73.22538337604533 1.0177857138687554
75.36903980898542 1.012828055402868
77.57545129612417 1.0075678785549296
79.84645497739086 1.0019999556504813
82.18394177456803 0.9961191891499994
84.58985796574301 0.9899206753398822
87.06620680585127 0.9833997715622518
89.61505019466045 0.9765521667444687
92.23851039358476 0.9693739549149226
94.9387717927583 0.9618617112973872
97.71808272983904 0.9540125704844276
100.57875736205835 0.9458243060900479
103.52317759307378 0.9372954111799803
106.55379505623053 0.9284251786772477
109.67313315588179 0.9192137808391756
112.88378916846884 0.909662346809178
116.18843640511002 0.8997730371605348
119.58982643749793 0.8895491142753404
123.09079138896018 0.8789950073458975
126.69424629259063 0.8681163707454954
130.40319151841317 0.8569201345046882
134.2207152716012 0.845414545637626
138.14999616383224 0.8336091991088007
142.19430585991677 0.8215150573023899
146.357011801908 0.8091444569639389
150.64158001295928 0.7965111027257904
155.05157798326255 0.7836300465028821
159.5906776404731 0.7705176522484427
164.26265840709303 0.7571915457937693
169.071410347358 0.7436705497533512
174.0209374062485 0.7299746037473143
179.115360743323 0.7161246704787225
184.3589221641488 0.7021426284914443
189.75598765218504 0.6880511527083462
195.3110510040631 0.6738735841235552
201.02873757128856 0.6596337902571269
206.913808111479 0.6453560181970553
212.97116275234782 0.6310647422220507
219.20584507173257 0.6167845081280944
225.62304629706352 0.602539776458714
232.22810962777245 0.5883547668650533
239.02653468423918 0.574253305794809
246.02398208697775 0.5602586796301036
253.22627816987946 0.5463934952642495
260.63941983143474 0.5326795499361375
268.26957952797244 0.5191377119270708
276.1231104130753 0.5057878134855974
284.2065516274511 0.49264855707409894
292.5266337436645 0.47973743575508054
301.09028437025927 0.467070668248989
309.9046339199427 0.4546631489078861
318.97702154663216 0.442528412580677
328.3150012563047 0.4306786140866415
337.9263481967431 0.41912452178552834
347.819065131413 0.40787552452446596
358.00138910285807 0.39693965107033
368.48179829116765 0.3863236009979858
379.26901907322497 0.37603278589425926
390.37203328860926 0.36607137966766234
401.8000857182091 0.35644237671553936
413.5626917817706 0.34714765668184827
425.66964546078714 0.3381880545594753
438.13102745333055 0.3295634349323429
450.9572135676145 0.32127276920102565
464.15888336127773 0.31331421472421483
477.7470290335773 0.3056851948805759
491.73296457790156 0.298382479163934
506.1283352022219 0.2914022625155609
520.9451270253212 0.28474024320646146
536.1956770568817 0.2783916986834455
551.892683469738 0.2723515588931068
568.0492161728429 0.2666144766951544
584.6787276937589 0.2611748950650521
601.7950643797334 0.25602711087415514
619.412477926676 0.2511653351051265
637.5456372456507 0.24658374943735503
656.2096406767555 0.24227655919065944
675.4200285605586 0.23823804267157406
695.1927961775606 0.23446259701322836
715.5444070664574 0.23094478063274249
736.4918067322965 0.22767935246545268
758.0524367559261 0.22466130815756577
780.2442493165045 0.22188591342078903
803.0857221391512 0.21934873475879027
826.5958738801812 0.21704566779536244
850.7942799627444 0.21497296343127437
875.7010888760508 0.21312725206307362
901.3370389517438 0.2115055660924165
927.7234756314059 0.2101053609590946
954.8823692395666 0.20892453491671037
982.8363332770031 0.20796144776916226
1011.6086432495807 0.20721493878047684
1041.2232560483055 0.20668434395474392
1071.7048298967104 0.206369512881738
1103.078744882215 0.2062708253304377
1135.3711240885177 0.20638920776333242
1168.608855346651 0.20672614993736346
1202.8196136227775 0.2072837217457525
1238.0318840613968 0.20806459044384268
1274.2749857031336 0.20907203839957897
1311.5790958968503 0.2103099814944303
1349.9752754264298 0.21178298829074305
1389.4954943731375 0.21349630008272474
1430.172658735088 0.21545585192508948
1472.0406378260013 0.21766829474462435
1515.134292476053 0.22014101860739443
1559.4895040582815 0.22288217723311166
1605.1432043647615 0.22590071381953333
1652.1334063573702 0.2292063882409716
1700.4992358187922 0.23280980567723242
1750.2809639301013 0.23672244671517845
1801.520040802024 0.24095669896179422
1854.2591299878522 0.24552589019309579
1908.542144006686 0.25044432306105946
1964.4142809066266 0.25572731135255194
2021.9220618983536 0.2613912178081989
2081.1133700903947 0.26745349346473996
2142.037490358383 0.2739327185016382
2204.7451503814746 0.2808486445296254
2269.288562880081 0.28822223825859483
2335.7214690901214 0.2960757264581312
2404.0991835099717 0.30443264209967325
2474.47863995735 0.3133178715508287
2546.91843897454 0.3227577026664344
2621.478896621356 0.33277987359020594
2698.222094696536 0.3434136220577982
2777.211932429355 0.3546897349521267
2858.5141796844714 0.3666405978335022
2942.196531724374 0.37930024412640256
3028.3286655749457 0.39270440360656694
3116.9822980411436 0.4068905497917452
3208.2312454210773 0.4218979457891362
3302.1514849681753 0.4377676881130489
3398.8212181526674 0.4545427479369902
3498.320935775036 0.47226800918411704
3600.73348498562 0.49099030282989037
3706.144138266228 0.5107584367196158
3814.640664431178 0.5316232201569997
3926.3134017068355 0.55363748248566
4041.2553329506004 0.5768560848136287
4159.562163071847 0.6013359240021046
4281.332398719392 0.6271359279985649
4406.667430301786 0.6543170415558639
4535.671616408702 0.6829422013517333
4668.45237070379 0.7130762995092953
4805.1202513612425 0.7447861345180586
4945.789053120639 0.7781403485475131
5090.575902036681 0.8132093501829694
5239.601353002645 0.8500652216427027
5392.98949012887 0.8887816096025918
5550.868030059805 0.9294335988197987
5713.36842831558 0.9720975678699527
5880.625988746757 1.0168510264231605
6052.779976193349 1.0637724336363121
6229.973732441841 1.112940997429082
6412.354795576917 1.1644364546135155
6600.075022827095 1.2183388320424158
6793.290717006696 1.2747281892653497
6992.162756659375 1.3336843433819565
7196.856730011514 1.3952865771154768
7407.543072847163 1.4596133314507076
7624.397210419138 1.5267418844461011
7847.5997035146065 1.596748018221904
8077.3363987967105 1.6697056763755662
8313.798583547334 1.7456866144389598
8557.183144940002 1.824760046248751
8807.692733975462 1.9069922893780409
9065.53593421636 1.9924464129887565
9330.927435461663 2.0811818916659637
9604.08821250538 2.173254268909744
9885.24570912827 2.2687148340218553
10174.634027476064 2.367610316156568
10472.494122981476 2.469982599222788
10779.074004992735 2.575868461157711
11094.628943275218 2.685299340941771
11419.421680558647 2.7983011364222854
11753.722651306367 2.914894035587825
12097.810206889013 3.0350923836706674
12451.97084735032 3.1589045878642534
12816.499459957597 3.286333060982396
13191.699564735716 3.4173742048680644
13577.883567189278 3.5520184337736707
13975.373018422924 3.6902502373789785
14384.498882876629 3.832048282530142
14805.6018138991 3.977385552366391
15239.032437388305 4.126229520797844
15685.151643735446 4.2785423600511665
16144.330888316019 4.434281178457141
16616.952500776908 4.59339828538633
17103.41000337838 4.755841479943086
17604.108438655527 4.921554359844297
18119.46470667122 5.090476646767778
18649.907912142942 5.262544524417785
19195.87972173111 5.437690985581467
19757.834731786996 5.615846184470344
20336.2408468667 5.796937790874352
20931.579669325736 5.9808913427707155
21544.346900318822 6.16763059428853
22175.052752539294 6.357077856191271
22824.222375040976 6.549154326363608
23492.396290496577 6.743780408025558
24180.13084525718 6.9408760138266326
24887.998672586673 7.140360854163712
25616.589169457267 7.3421547085268575
26366.508987303554 7.546177678827411
27138.3825371428 7.752350424098847
27932.85250948253 7.960594376151428
28750.580409448772 8.170831935990492
29592.247107579577 8.38298665112951
30458.55340674284 8.596983374042681
31350.220625651124 8.812748402161567
32267.991199458116 9.03020960009084
33212.62929793748 9.249296504664363
34184.92146175927 9.469940413758888
35185.677257392665 9.692074459614181
36215.72995118075 9.915633667765908
37275.93720314938 10.140555002409304
38367.18178112649 10.366777399326905
39490.37229576694 10.59424178728473
40646.44395709628 10.822891098939643
41836.359353200234 11.052670272245146
43061.10925171165 11.283526243245511
44321.713424760856 11.515407931206322
45619.221498074585 11.748266217013818
46954.71382493421 11.98205391549897
48329.30238571752 12.216725742672114
49744.13171377451 12.452238278412635
51200.37984840882 12.688549925458656
52699.259315756564 12.925620865110954
54242.01813838024 13.163413010475963
55829.94087441914 13.401889957554348
57464.34968715974 13.641016934781655
59146.605445917456 13.880760751388372
60878.108859147556 14.12108974501904
62660.30164072656 14.361973728880432
64494.667710376205 14.603383938819771
66382.73442923075 14.845292980512042
68326.07387157406 15.087674777066384
70326.30413380644 15.3305045171954
72385.09068173247 15.573758604173957
74504.14773728917 15.817414605712791
76685.2397058701 16.06145120487067
78930.18264543568 16.305848152135365
81240.84577862974 16.550586218702176
83619.15304916317 16.79564715110481
86067.08472376158 17.041013627161192
88586.67904100832 17.286669213358355
91180.03390845681 17.532598323588722
93849.3086494272 17.77878617940266
96596.72580093842 18.025218771646585
99424.57296427398 18.271882823540054
102335.20470972576 18.518765755223225
105331.04453709359 18.765855649680727
108414.5868935835 19.01314122005151
111588.3992507748 19.260611778345385
114855.12424239368 19.50825720543833
118217.48186466724 19.756067922426706
121678.27174109229 20.004034863210766
125240.3754535072 20.25214944834143
128906.75894140244 20.500403560035274
132680.47497147243 20.74878951836091
136564.66567946097 20.997300058554693
140562.56518642136 21.245928309366306
144677.5022915648 21.494667772507768
148912.90324394088 21.743512303038187
153272.2945952612 21.992456090756797
157759.30613623615 22.241493642459226
162377.67391887208 22.490619765144825
167131.2433672486 22.73982954998997
172023.97247935992 22.989118357191415
177059.9351226898 23.238481801538022
182243.32442626648 23.487915738760012
187578.45627201613 23.737416252523744
193069.77288832495 23.986979642142003
198721.84654880533 24.236602410923066
204539.38337933904 24.486281255099023
210527.22727657072 24.73601305333467
216690.3639411181 24.985794856840563
223033.9250288494 25.235623879927168
229563.19242369095 25.485497491126345
236283.6026355175 25.73541320476272
243200.7513267945 25.985368672935927
250320.39797173254 26.23536167801244
257648.47065183744 26.485390125444326
265191.0709918535 26.7354520370094
272954.4792402007 26.985545544420493
280945.1594981406 27.23566888326042
289169.76510202966 27.48582038724497
297635.14416313195 27.735998482830304
306348.3452696084 27.986201684071958
315316.62335543614 28.23642858778967
324547.44574113254 28.486677868971583
334048.4983513244 28.73694827647842
343827.6921143307 28.9872386289122
353893.1695490984 29.23754781076792
364253.3115449638 29.487874768787698
374916.74433988857 29.738218508482078
385892.3467029899 29.988578090872345
397189.25732733024 30.238952629423505
408816.88243912894 30.48934128710198
420784.9036297398 30.739743273626026
433103.2859169001 30.990157842887285
445782.28604197066 31.240584290462166
458832.461010084 31.491021951304205
472264.67688029545 31.741470197548875
486090.117813063 31.99192843643694
500320.2953825999 32.24239610835621
514967.0581618343 32.492872685002574
530042.6015879672 32.74335766762334
545559.4781168514 32.99385058536275
561530.6076746266 33.24435099372275
577969.2884153313 33.4948584730716
594889.2077934331 33.74537262727137
612304.4539605178 33.99589308235049
630229.5274956024 34.246419485283724
648679.3534788508 34.49695150278905
667669.2939187557 34.74748882027043
687215.1605431122 34.99803114073117
707333.2279644439 35.24857818380954
728040.2472308562 35.499129684852136
749353.4597735757 35.7496853940151
771290.6117627992 36.00024507545983
793869.9688838223 36.250808506558016
817110.3315457187 36.50137547714776
841031.0505352605 36.75194578883916
865652.0431290936 37.002519254369155
890993.8096776098 37.253095696948414
917077.4506742931 37.503674949708994
943924.6843247664 37.75425685512269
971557.8646301847 38.00484126449406
1000000.0 38.25542803745884
