10.0 60.12562977066522
10.53310445370937 59.67450196265869
11.094628943275218 59.22337415591143
11.686088553466515 58.772246350571564
12.309079138896024 58.321118546786565
12.965281629896682 57.86999074471985
13.65646656794611 57.41886294456823
14.38449888287663 56.967735146546765
15.15134292476053 56.51660735087457
15.95906776404731 56.06547955781587
16.80985277425364 55.614351767655556
17.70599351226899 55.16322398070339
18.64990791214297 54.71209619732562
19.644142809066278 54.26096841789931
20.6913808111479 53.80984064286412
21.794447537529855 53.35871287269251
22.956319242369098 52.90758510791859
24.180130845257207 52.45645734914458
25.4691843897454 52.00532959700795
26.826957952797258 51.55420185223582
28.257115029208283 51.10307411563987
29.76351441631318 50.65194638810113
31.350220625651154 50.200818670620166
33.02151484968176 49.74969096429131
34.7819065131413 49.29856327031657
36.63614544020716 48.84743559004911
38.58923467029903 48.396307924991014
40.646443957096295 47.94518027678387
42.81332398719393 47.49405264725708
45.095721356761466 47.042925038439456
47.499794346614124 46.591797452597355
50.03202953826004 46.14066989220473
52.699259315756564 45.68954236000987
55.50868030059805 45.23841485907829
58.467872769375894 44.78728739277482
61.58482110660264 44.336159964849955
64.86793534788511 43.88503257942315
68.32607387157402 43.433905241070924
71.96856730011521 42.98277795484399
75.8052436755926 42.53165072631706
79.84645497739086 42.080523561651624
84.10310505352605 41.62939646765898
88.58667904100822 41.17826945185061
93.30927435461668 40.727142522484144
98.28363332770026 40.27601568869578
103.52317759307378 39.82488896051849
109.04204429677526 39.373762349007436
114.8551242423938 38.92263586631016
120.97810206889012 38.471509525778615
127.42749857031335 38.02038334203241
134.2207152716012 37.569257331129904
141.37608138073614 37.11813151062673
148.91290324394086 36.667005899721616
156.85151643735477 36.215880519366934
165.213340635737 35.764755392417435
174.0209374062485 35.31363054370824
183.29807108324357 34.862506000244615
193.06977288832496 34.41138179127479
203.36240846866724 33.96025794845865
214.2037490358383 33.50913450596357
225.62304629706352 33.058011500613
237.65111138110728 32.60688897195451
250.32039797173255 32.155766962397024
263.6650898730358 31.704645517338644
277.7211932429355 31.253524685196574
292.5266337436645 30.802404517535052
308.1213588714002 30.351285069223408
324.54744574113323 29.90016639846639
341.84921461759274 29.449048566991358
360.073348498562 28.99793164023339
379.26901907322497 28.546815687561363
399.48801939541704 28.095700782607267
420.78490362974026 27.644587003691115
443.21713424760856 27.193474434376057
466.84523707037897 26.742363164270238
491.73296457790156 26.29125328986019
517.9474679231213 25.84014491573262
545.5594781168514 25.38903815606502
574.6434968715973 24.937933136218845
605.2779976193349 24.48682999490131
637.5456372456507 24.03572888641182
671.5334791115142 23.584629983371613
707.3332279644438 23.133533479731575
745.0414773728917 22.682439594034594
784.7599703514607 22.231348573120144
826.5958738801812 21.780260696062335
870.6620680585127 21.32917627835894
917.0774506742931 20.878095676511673
965.9672580093833 20.427019292884765
1017.4634027476063 19.975947580875285
1071.7048298967104 19.52488105049155
1128.8378916846884 19.07382027431662
1189.01674244199 18.62276589402116
1252.4037545350732 18.171718627387932
1319.1699564735716 17.720679275993355
1389.4954943731375 17.269648733746294
1463.5701180190797 16.818627996152085
1541.5936928422718 16.36761817075109
1623.776739188721 15.916620488560318
1710.3410003378397 15.465636316895488
1801.520040802024 15.01466717361835
1897.5598765218504 14.56371474292755
1998.7196386572507 14.112780893046837
2105.272272765707 13.661867695833527
2217.505275253932 13.210977448618294
2335.7214690901214 12.76011269848696
2460.239820869775 12.309276269271187
2591.3963014396572 11.858471291491107
2729.5447924020073 11.407701235637864
2875.0580409448803 10.95696994907337
3028.3286655749457 10.506281696986527
3189.7702154663216 10.055641207761965
3359.818286283781 9.605053723283689
3538.9316954909877 9.154525054697142
3727.593720314938 8.704061644124208
3926.3134017068355 8.253670633043399
4135.626917817706 7.803359937944729
4356.099030694608 7.353138334085058
4588.324610100844 6.903015548150966
4832.930238571752 6.453002360676394
5090.575902036681 6.0031107193425735
5361.956770568817 5.553353864123648
5647.805074067552 5.103746465531885
5948.892077934331 4.654304777228625
6266.030164072656 4.205046804441127
6600.075022827095 3.7559924896442825
6951.927961775606 3.3071639171776006
7322.538337604534 2.858585538588299
7712.906117627992 2.410284420489618
8124.0845778629655 1.9622905170555982
8557.183144940002 1.514636969159465
9013.37038951743 1.0673604324789046
9493.87717927582 0.6205014368132198
10000.0 0.17410477903702926
10533.104453709382 -0.27178004785976106
11094.628943275218 -0.7170983872748722
11686.088553466498 -1.161789910603269
12309.079138896019 -1.6057880657382322
12965.281629896688 -2.0490194803798563
13656.466567946096 -2.4914033185046796
14384.498882876629 -2.932850588621336
15151.342924760515 -3.3732634032565434
15959.06776404731 -3.8125341898000835
16809.852774253653 -4.250544853950913
17705.99351226898 -4.687165898307001
18649.907912142942 -5.122255500337712
19644.142809066267 -5.555658555998742
20691.3808111479 -5.98720569761226
21794.447537529835 -6.416712297650201
22956.319242369096 -6.843977473351127
24180.13084525718 -7.268783110992736
25469.184389745402 -7.690892933087139
26826.957952797275 -8.110051636544743
28257.115029208268 -8.525984135174776
29763.51441631313 -8.938394945362374
31350.220625651124 -9.346967759366665
33021.51484968176 -9.75136525605367
34781.90651314134 -10.15122920368156
36636.14544020716 -10.546180913151375
38589.23467029899 -10.935822102282222
40646.44395709628 -11.319736231615959
42813.32398719396 -11.69749036929087
45095.721356761445 -12.06863763590043
47499.79434661403 -12.432720269310577
50032.029538259994 -12.789273333727763
52699.259315756564 -13.137829076574896
55508.680300598106 -13.47792191094764
58467.87276937589 -13.8090939714302
61584.82110660255 -14.130901157629033
64867.935347885075 -14.442919544970586
68326.07387157406 -14.7447520081683
71968.56730011514 -15.036034872234517
75805.24367559262 -15.31644438164998
79846.45497739078 -15.58570276366522
84103.10505352604 -15.843583658689536
88586.67904100832 -16.08991670142455
93309.27435461663 -16.32459106101982
98283.63332770011 -16.54755778663443
103523.17759307378 -16.75883085409232
109042.04429677526 -16.958486866407142
114855.12424239368 -17.1466634216771
120978.10206889013 -17.323556221711755
127427.49857031321 -17.489415048671585
134220.7152716012 -17.644538781895612
141376.08138073614 -17.78926965910307
148912.90324394088 -17.923987004973363
156851.5164373548 -18.049100654309324
165213.34063573685 -18.165044288667698
174020.9374062485 -18.272268886048376
183298.07108324338 -18.3712364558933
193069.77288832495 -18.462414199080783
203362.40846866704 -18.54626919786873
214203.74903583832 -18.623263706283183
225623.04629706353 -18.693851079529217
237651.11138110727 -18.75847235234509
250320.39797173254 -18.81755345326509
263665.08987303555 -18.87150302262736
277721.1932429355 -18.920710789166606
292526.6337436642 -18.96554645064134
308121.35887140024 -19.006358999423565
324547.44574113254 -19.04347643208436
341849.21461759275 -19.077205783109754
360073.348498562 -19.107833426019173
379269.0190732246 -19.13562558906182
399488.019395417 -19.16082903825409
420784.9036297398 -19.18367188561582
443217.13424760854 -19.204364486270062
466845.2370703785 -19.22310039350462
491732.9645779016 -19.24005734581489
517947.46792312124 -19.255398264744542
545559.4781168514 -19.269272246540737
574643.4968715974 -19.281815534102293
605277.9976193343 -19.293152459091157
637545.6372456506 -19.30339634661497
671533.4791115135 -19.312650377210097
707333.2279644439 -19.321008402624283
745041.4773728917 -19.328555713503402
784759.9703514606 -19.335369758385472
826595.8738801812 -19.3415208138946
870662.0680585118 -19.347072607419605
917077.4506742931 -19.352082893620654
965967.2580093823 -19.3566039865653
1017463.4027476063 -19.360683249829137
1071704.8298967092 -19.364363546708393
1128837.8916846884 -19.367683653074653
1189016.74244199 -19.37067863523491
1252403.7545350718 -19.37338019522141
1319169.9564735717 -19.375816985944546
1389495.494373136 -19.37801489839957
1463570.1180190798 -19.37999732316988
1541593.6928422702 -19.38178538826279
1623776.739188721 -19.383398175248082
1710341.0003378377 -19.384852915559087
1801520.0408020238 -19.38616516857345
1897559.8765218505 -19.38734898317515
1998719.6386572486 -19.388417044177586
2105272.272765707 -19.38938080503655
2217505.2752539297 -19.390250607996503
2335721.4690901213 -19.391035792998117
2460239.8208697727 -19.391744796163394
2591396.3014396573 -19.392385239055614
2729544.792402007 -19.392964009483148
2875058.040944877 -19.39348733457098
3028328.6655749455 -19.393960847043658
3189770.215466318 -19.39438964522698
3359818.286283781 -19.394778347434624
3538931.6954909842 -19.3951311413058
3727593.720314938 -19.39545182854104
3926313.4017068394 -19.395743865674312
4135626.917817706 -19.39601040103199
4356099.030694608 -19.396254308535553
4588324.61010084 -19.39647821853313
4832930.238571752 -19.396684545988453
5090575.902036676 -19.396875516536284
5361956.770568817 -19.3970531902626
5647805.074067546 -19.397219483961383
5948892.077934331 -19.397376191693553
6266030.164072656 -19.39752500409603
6600075.022827089 -19.39766752654576
6951927.961775606 -19.397805296452294
7322538.337604526 -19.397939799751647
7712906.117627992 -19.398072486875705
8124084.5778629575 -19.39820478834098
8557183.144940002 -19.398338130079562
9013370.38951742 -19.39847394868513
9493877.17927582 -19.39861370683024
10000000.0 -19.39875890885148
10533104.45370936 -19.39891111674865
11094628.943275219 -19.39907196687645
11686088.553466497 -19.39924318721704
12309079.138896018 -19.399426615662307
12965281.629896663 -19.39962421937231
13656466.567946097 -19.399838115478378
14384498.882876629 -19.400070593143248
15151342.924760515 -19.40032413744578
15959067.76404731 -19.400601455078114
16809852.774253618 -19.40090550222361
17705993.51226898 -19.40123951487068
18649907.912142944 -19.401607041673184
19644142.809066266 -19.402011979776255
20691380.811147902 -19.40245861383685
21794447.537529834 -19.402951658555626
22956319.242369097 -19.403496304930773
24180130.84525718 -19.404098270644983
25469184.3897454 -19.404763854877704
26826957.95279722 -19.40549999785584
28257115.02920827 -19.40631434526665
29763514.41631313 -19.407215318219126
31350220.62565112 -19.408212188425637
33021514.849681754 -19.409315159408646
34781906.51314127 -19.410535453277177
36636145.44020716 -19.411885403562323
38589234.67029899 -19.413378553829684
40646443.95709628 -19.41502976165005
42813323.98719387 -19.4168553078595
45095721.35676145 -19.41887301007781
47499794.346614026 -19.421102339560974
50032029.53825999 -19.423564540052553
52699259.31575657 -19.426282746657982
55508680.300597996 -19.429282102370465
58467872.7693759 -19.43258986917084
61584821.10660254 -19.436235529855164
64867935.34788508 -19.440250875833648
68326073.87157391 -19.444670075337655
71968567.30011514 -19.449529715151282
75805243.67559262 -19.4548688078856
79846454.97739078 -19.4607287558211
84103105.05352604 -19.46715326078166
88586679.04100814 -19.474188168297683
93309274.35461664 -19.481881234120078
98283633.32770011 -19.490281798804762
103523177.59307377 -19.49944035775233
109042044.29677527 -19.509408012716904
114855124.24239345 -19.520235793130794
120978102.06889038 -19.531973837049243
127427498.57031322 -19.544670425695607
134220715.2716012 -19.55837087004096
141376081.38073614 -19.573116255186935
148912903.24394056 -19.58894205611841
156851516.43735445 -19.605876649222868
165213340.63573685 -19.62393975444485
174020937.40624848 -19.643140856282997
183298071.08324376 -19.663477663011616
193069772.88832456 -19.684934675145577
203362408.46866703 -19.707481942440094
214203749.0358383 -19.73107409456288
225623046.2970626 -19.75564972819656
237651111.38110778 -19.781131228602696
250320397.97173202 -19.807425087914464
263665089.87303555 -19.834422762558898
277721193.2429355 -19.862002084043798
292526633.74366355 -19.890029204655843
308121358.87140083 -19.91836102674824
324547445.74113256 -19.946848030244983
341849214.6175927 -19.97533738424062
360073348.49856204 -20.00367620719559
379269019.0732238 -20.0317148300797
399488019.39541787 -20.059309913939416
420784903.6297398 -20.086327288515378
443217134.24760854 -20.112644394649312
466845237.07037944 -20.138152246305662
491732964.5779006 -20.162756858014145
517947467.9231202 -20.186380119015116
545559478.1168514 -20.208960127770716
574643496.8715974 -20.230451027840054
605277997.6193355 -20.25082240737739
637545637.2456493 -20.270058339577798
671533479.1115135 -20.28815614624168
707333227.9644439 -20.30512497140108
745041477.3728887 -20.32098424250234
784759970.3514622 -20.3357620916846
826595873.8801795 -20.349493796311204
870662068.0585117 -20.36222028796946
917077450.674293 -20.373986764780593
965967258.0093802 -20.38484143061998
1017463402.7476043 -20.39483437857705
1071704829.8967092 -20.40401661968213
1128837891.6846883 -20.412439260072173
1189016742.44199 -20.42015281772796
1252403754.5350692 -20.427206670591534
1319169956.473569 -20.433648622327972
1389495494.373136 -20.43952457471707
1463570118.0190797 -20.444878290981514
1541593692.8422735 -20.44975123746883
1623776739.1887176 -20.45418249227661
1710341000.337838 -20.458208706745353
1801520040.802024 -20.461864112136652
1897559876.5218503 -20.46518055961981
1998719638.6572526 -20.468187588680365
2105272272.7657027 -20.47091251291052
2217505275.2539296 -20.47338052206905
2335721469.0901213 -20.475614792910367
2460239820.8697777 -20.477636605411185
2591396301.439652 -20.47946546074303
2729544792.402002 -20.481119200428868
2875058040.944877 -20.48261412290346
3028328665.5749454 -20.483965097704008
3189770215.466325 -20.485185672034206
3359818286.2837744 -20.486288178083246
3538931695.4909844 -20.48728382765324
3727593720.314938 -20.488182808006666
3926313401.7068396 -20.488994366462666
4135626917.8176975 -20.489726892166317
4356099030.694599 -20.490387988505034
4588324610.100841 -20.490984547124704
4832930238.571753 -20.49152280651466
5090575902.036687 -20.4920084153793
5361956770.568806 -20.492446482866637
5647805074.067546 -20.49284163000848
5948892077.934331 -20.493198035764447
6266030164.072656 -20.493519476754628
6600075022.827075 -20.493809366021672
6951927961.775591 -20.49407078466986
7322538337.6045265 -20.49430651781627
7712906117.627993 -20.494519080276913
8124084577.862974 -20.494710741950463
8557183144.939984 -20.49488355007337
9013370389.51742 -20.49503935551455
9493877179.27582 -20.495179827031418
10000000000.0 -20.49530647137061
10.0 60.12562977066522
10.53310445370937 59.67450196265869
11.094628943275218 59.22337415591143
11.686088553466515 58.772246350571564
12.309079138896024 58.321118546786565
12.965281629896682 57.86999074471985
13.65646656794611 57.41886294456823
14.38449888287663 56.967735146546765
15.15134292476053 56.51660735087457
15.95906776404731 56.06547955781587
16.80985277425364 55.614351767655556
17.70599351226899 55.16322398070339
18.64990791214297 54.71209619732562
19.644142809066278 54.26096841789931
20.6913808111479 53.80984064286412
21.794447537529855 53.35871287269251
22.956319242369098 52.90758510791859
24.180130845257207 52.45645734914458
25.4691843897454 52.00532959700795
26.826957952797258 51.55420185223582
28.257115029208283 51.10307411563987
29.76351441631318 50.65194638810113
31.350220625651154 50.200818670620166
33.02151484968176 49.74969096429131
34.7819065131413 49.29856327031657
36.63614544020716 48.84743559004911
38.58923467029903 48.396307924991014
40.646443957096295 47.94518027678387
42.81332398719393 47.49405264725708
45.095721356761466 47.042925038439456
47.499794346614124 46.591797452597355
50.03202953826004 46.14066989220473
52.699259315756564 45.68954236000987
55.50868030059805 45.23841485907829
58.467872769375894 44.78728739277482
61.58482110660264 44.336159964849955
64.86793534788511 43.88503257942315
68.32607387157402 43.433905241070924
71.96856730011521 42.98277795484399
75.8052436755926 42.53165072631706
79.84645497739086 42.080523561651624
84.10310505352605 41.62939646765898
88.58667904100822 41.17826945185061
93.30927435461668 40.727142522484144
98.28363332770026 40.27601568869578
103.52317759307378 39.82488896051849
109.04204429677526 39.373762349007436
114.8551242423938 38.92263586631016
120.97810206889012 38.471509525778615
127.42749857031335 38.02038334203241
134.2207152716012 37.569257331129904
141.37608138073614 37.11813151062673
148.91290324394086 36.667005899721616
156.85151643735477 36.215880519366934
165.213340635737 35.764755392417435
174.0209374062485 35.31363054370824
183.29807108324357 34.862506000244615
193.06977288832496 34.41138179127479
203.36240846866724 33.96025794845865
214.2037490358383 33.50913450596357
225.62304629706352 33.058011500613
237.65111138110728 32.60688897195451
250.32039797173255 32.155766962397024
263.6650898730358 31.704645517338644
277.7211932429355 31.253524685196574
292.5266337436645 30.802404517535052
308.1213588714002 30.351285069223408
324.54744574113323 29.90016639846639
341.84921461759274 29.449048566991358
360.073348498562 28.99793164023339
379.26901907322497 28.546815687561363
399.48801939541704 28.095700782607267
420.78490362974026 27.644587003691115
443.21713424760856 27.193474434376057
466.84523707037897 26.742363164270238
491.73296457790156 26.29125328986019
517.9474679231213 25.84014491573262
545.5594781168514 25.38903815606502
574.6434968715973 24.937933136218845
605.2779976193349 24.48682999490131
637.5456372456507 24.03572888641182
671.5334791115142 23.584629983371613
707.3332279644438 23.133533479731575
745.0414773728917 22.682439594034594
784.7599703514607 22.231348573120144
826.5958738801812 21.780260696062335
870.6620680585127 21.32917627835894
917.0774506742931 20.878095676511673
965.9672580093833 20.427019292884765
1017.4634027476063 19.975947580875285
1071.7048298967104 19.52488105049155
1128.8378916846884 19.07382027431662
1189.01674244199 18.62276589402116
1252.4037545350732 18.171718627387932
1319.1699564735716 17.720679275993355
1389.4954943731375 17.269648733746294
1463.5701180190797 16.818627996152085
1541.5936928422718 16.36761817075109
1623.776739188721 15.916620488560318
1710.3410003378397 15.465636316895488
1801.520040802024 15.01466717361835
1897.5598765218504 14.56371474292755
1998.7196386572507 14.112780893046837
2105.272272765707 13.661867695833527
2217.505275253932 13.210977448618294
2335.7214690901214 12.76011269848696
2460.239820869775 12.309276269271187
2591.3963014396572 11.858471291491107
2729.5447924020073 11.407701235637864
2875.0580409448803 10.95696994907337
3028.3286655749457 10.506281696986527
3189.7702154663216 10.055641207761965
3359.818286283781 9.605053723283689
3538.9316954909877 9.154525054697142
3727.593720314938 8.704061644124208
3926.3134017068355 8.253670633043399
4135.626917817706 7.803359937944729
4356.099030694608 7.353138334085058
4588.324610100844 6.903015548150966
4832.930238571752 6.453002360676394
5090.575902036681 6.0031107193425735
5361.956770568817 5.553353864123648
5647.805074067552 5.103746465531885
5948.892077934331 4.654304777228625
6266.030164072656 4.205046804441127
6600.075022827095 3.7559924896442825
6951.927961775606 3.3071639171776006
7322.538337604534 2.858585538588299
7712.906117627992 2.410284420489618
8124.0845778629655 1.9622905170555982
8557.183144940002 1.514636969159465
9013.37038951743 1.0673604324789046
9493.87717927582 0.6205014368132198
10000.0 0.17410477903702926
10533.104453709382 -0.27178004785976106
11094.628943275218 -0.7170983872748722
11686.088553466498 -1.161789910603269
12309.079138896019 -1.6057880657382322
12965.281629896688 -2.0490194803798563
13656.466567946096 -2.4914033185046796
14384.498882876629 -2.932850588621336
15151.342924760515 -3.3732634032565434
15959.06776404731 -3.8125341898000835
16809.852774253653 -4.250544853950913
17705.99351226898 -4.687165898307001
18649.907912142942 -5.122255500337712
19644.142809066267 -5.555658555998742
20691.3808111479 -5.98720569761226
21794.447537529835 -6.416712297650201
22956.319242369096 -6.843977473351127
24180.13084525718 -7.268783110992736
25469.184389745402 -7.690892933087139
26826.957952797275 -8.110051636544743
28257.115029208268 -8.525984135174776
29763.51441631313 -8.938394945362374
31350.220625651124 -9.346967759366665
33021.51484968176 -9.75136525605367
34781.90651314134 -10.15122920368156
36636.14544020716 -10.546180913151375
38589.23467029899 -10.935822102282222
40646.44395709628 -11.319736231615959
42813.32398719396 -11.69749036929087
45095.721356761445 -12.06863763590043
47499.79434661403 -12.432720269310577
50032.029538259994 -12.789273333727763
52699.259315756564 -13.137829076574896
55508.680300598106 -13.47792191094764
58467.87276937589 -13.8090939714302
61584.82110660255 -14.130901157629033
64867.935347885075 -14.442919544970586
68326.07387157406 -14.7447520081683
71968.56730011514 -15.036034872234517
75805.24367559262 -15.31644438164998
79846.45497739078 -15.58570276366522
84103.10505352604 -15.843583658689536
88586.67904100832 -16.08991670142455
93309.27435461663 -16.32459106101982
98283.63332770011 -16.54755778663443
103523.17759307378 -16.75883085409232
109042.04429677526 -16.958486866407142
114855.12424239368 -17.1466634216771
120978.10206889013 -17.323556221711755
127427.49857031321 -17.489415048671585
134220.7152716012 -17.644538781895612
141376.08138073614 -17.78926965910307
148912.90324394088 -17.923987004973363
156851.5164373548 -18.049100654309324
165213.34063573685 -18.165044288667698
174020.9374062485 -18.272268886048376
183298.07108324338 -18.3712364558933
193069.77288832495 -18.462414199080783
203362.40846866704 -18.54626919786873
214203.74903583832 -18.623263706283183
225623.04629706353 -18.693851079529217
237651.11138110727 -18.75847235234509
250320.39797173254 -18.81755345326509
263665.08987303555 -18.87150302262736
277721.1932429355 -18.920710789166606
292526.6337436642 -18.96554645064134
308121.35887140024 -19.006358999423565
324547.44574113254 -19.04347643208436
341849.21461759275 -19.077205783109754
360073.348498562 -19.107833426019173
379269.0190732246 -19.13562558906182
399488.019395417 -19.16082903825409
420784.9036297398 -19.18367188561582
443217.13424760854 -19.204364486270062
466845.2370703785 -19.22310039350462
491732.9645779016 -19.24005734581489
517947.46792312124 -19.255398264744542
545559.4781168514 -19.269272246540737
574643.4968715974 -19.281815534102293
605277.9976193343 -19.293152459091157
637545.6372456506 -19.30339634661497
671533.4791115135 -19.312650377210097
707333.2279644439 -19.321008402624283
745041.4773728917 -19.328555713503402
784759.9703514606 -19.335369758385472
826595.8738801812 -19.3415208138946
870662.0680585118 -19.347072607419605
917077.4506742931 -19.352082893620654
965967.2580093823 -19.3566039865653
1017463.4027476063 -19.360683249829137
1071704.8298967092 -19.364363546708393
1128837.8916846884 -19.367683653074653
1189016.74244199 -19.37067863523491
1252403.7545350718 -19.37338019522141
1319169.9564735717 -19.375816985944546
1389495.494373136 -19.37801489839957
1463570.1180190798 -19.37999732316988
1541593.6928422702 -19.38178538826279
1623776.739188721 -19.383398175248082
1710341.0003378377 -19.384852915559087
1801520.0408020238 -19.38616516857345
1897559.8765218505 -19.38734898317515
1998719.6386572486 -19.388417044177586
2105272.272765707 -19.38938080503655
2217505.2752539297 -19.390250607996503
2335721.4690901213 -19.391035792998117
2460239.8208697727 -19.391744796163394
2591396.3014396573 -19.392385239055614
2729544.792402007 -19.392964009483148
2875058.040944877 -19.39348733457098
3028328.6655749455 -19.393960847043658
3189770.215466318 -19.39438964522698
3359818.286283781 -19.394778347434624
3538931.6954909842 -19.3951311413058
3727593.720314938 -19.39545182854104
3926313.4017068394 -19.395743865674312
4135626.917817706 -19.39601040103199
4356099.030694608 -19.396254308535553
4588324.61010084 -19.39647821853313
4832930.238571752 -19.396684545988453
5090575.902036676 -19.396875516536284
5361956.770568817 -19.3970531902626
5647805.074067546 -19.397219483961383
5948892.077934331 -19.397376191693553
6266030.164072656 -19.39752500409603
6600075.022827089 -19.39766752654576
6951927.961775606 -19.397805296452294
7322538.337604526 -19.397939799751647
7712906.117627992 -19.398072486875705
8124084.5778629575 -19.39820478834098
8557183.144940002 -19.398338130079562
9013370.38951742 -19.39847394868513
9493877.17927582 -19.39861370683024
10000000.0 -19.39875890885148
10533104.45370936 -19.39891111674865
11094628.943275219 -19.39907196687645
11686088.553466497 -19.39924318721704
12309079.138896018 -19.399426615662307
12965281.629896663 -19.39962421937231
13656466.567946097 -19.399838115478378
14384498.882876629 -19.400070593143248
15151342.924760515 -19.40032413744578
15959067.76404731 -19.400601455078114
16809852.774253618 -19.40090550222361
17705993.51226898 -19.40123951487068
18649907.912142944 -19.401607041673184
19644142.809066266 -19.402011979776255
20691380.811147902 -19.40245861383685
21794447.537529834 -19.402951658555626
22956319.242369097 -19.403496304930773
24180130.84525718 -19.404098270644983
25469184.3897454 -19.404763854877704
26826957.95279722 -19.40549999785584
28257115.02920827 -19.40631434526665
29763514.41631313 -19.407215318219126
31350220.62565112 -19.408212188425637
33021514.849681754 -19.409315159408646
34781906.51314127 -19.410535453277177
36636145.44020716 -19.411885403562323
38589234.67029899 -19.413378553829684
40646443.95709628 -19.41502976165005
42813323.98719387 -19.4168553078595
45095721.35676145 -19.41887301007781
47499794.346614026 -19.421102339560974
50032029.53825999 -19.423564540052553
52699259.31575657 -19.426282746657982
55508680.300597996 -19.429282102370465
58467872.7693759 -19.43258986917084
61584821.10660254 -19.436235529855164
64867935.34788508 -19.440250875833648
68326073.87157391 -19.444670075337655
71968567.30011514 -19.449529715151282
75805243.67559262 -19.4548688078856
79846454.97739078 -19.4607287558211
84103105.05352604 -19.46715326078166
88586679.04100814 -19.474188168297683
93309274.35461664 -19.481881234120078
98283633.32770011 -19.490281798804762
103523177.59307377 -19.49944035775233
109042044.29677527 -19.509408012716904
114855124.24239345 -19.520235793130794
120978102.06889038 -19.531973837049243
127427498.57031322 -19.544670425695607
134220715.2716012 -19.55837087004096
141376081.38073614 -19.573116255186935
148912903.24394056 -19.58894205611841
156851516.43735445 -19.605876649222868
165213340.63573685 -19.62393975444485
174020937.40624848 -19.643140856282997
183298071.08324376 -19.663477663011616
193069772.88832456 -19.684934675145577
203362408.46866703 -19.707481942440094
214203749.0358383 -19.73107409456288
225623046.2970626 -19.75564972819656
237651111.38110778 -19.781131228602696
250320397.97173202 -19.807425087914464
263665089.87303555 -19.834422762558898
277721193.2429355 -19.862002084043798
292526633.74366355 -19.890029204655843
308121358.87140083 -19.91836102674824
324547445.74113256 -19.946848030244983
341849214.6175927 -19.97533738424062
360073348.49856204 -20.00367620719559
379269019.0732238 -20.0317148300797
399488019.39541787 -20.059309913939416
420784903.6297398 -20.086327288515378
443217134.24760854 -20.112644394649312
466845237.07037944 -20.138152246305662
491732964.5779006 -20.162756858014145
517947467.9231202 -20.186380119015116
545559478.1168514 -20.208960127770716
574643496.8715974 -20.230451027840054
605277997.6193355 -20.25082240737739
637545637.2456493 -20.270058339577798
671533479.1115135 -20.28815614624168
707333227.9644439 -20.30512497140108
745041477.3728887 -20.32098424250234
784759970.3514622 -20.3357620916846
826595873.8801795 -20.349493796311204
870662068.0585117 -20.36222028796946
917077450.674293 -20.373986764780593
965967258.0093802 -20.38484143061998
1017463402.7476043 -20.39483437857705
1071704829.8967092 -20.40401661968213
1128837891.6846883 -20.412439260072173
1189016742.44199 -20.42015281772796
1252403754.5350692 -20.427206670591534
1319169956.473569 -20.433648622327972
1389495494.373136 -20.43952457471707
1463570118.0190797 -20.444878290981514
1541593692.8422735 -20.44975123746883
1623776739.1887176 -20.45418249227661
1710341000.337838 -20.458208706745353
1801520040.802024 -20.461864112136652
1897559876.5218503 -20.46518055961981
1998719638.6572526 -20.468187588680365
2105272272.7657027 -20.47091251291052
2217505275.2539296 -20.47338052206905
2335721469.0901213 -20.475614792910367
2460239820.8697777 -20.477636605411185
2591396301.439652 -20.47946546074303
2729544792.402002 -20.481119200428868
2875058040.944877 -20.48261412290346
3028328665.5749454 -20.483965097704008
3189770215.466325 -20.485185672034206
3359818286.2837744 -20.486288178083246
3538931695.4909844 -20.48728382765324
3727593720.314938 -20.488182808006666
3926313401.7068396 -20.488994366462666
4135626917.8176975 -20.489726892166317
4356099030.694599 -20.490387988505034
4588324610.100841 -20.490984547124704
4832930238.571753 -20.49152280651466
5090575902.036687 -20.4920084153793
5361956770.568806 -20.492446482866637
5647805074.067546 -20.49284163000848
5948892077.934331 -20.493198035764447
6266030164.072656 -20.493519476754628
6600075022.827075 -20.493809366021672
6951927961.775591 -20.49407078466986
7322538337.6045265 -20.49430651781627
7712906117.627993 -20.494519080276913
8124084577.862974 -20.494710741950463
8557183144.939984 -20.49488355007337
9013370389.51742 -20.49503935551455
9493877179.27582 -20.495179827031418
10000000000.0 -20.49530647137061
10.0 -0.7767493923179778
10.53310445370937 -0.7646716865533071
11.094628943275218 -0.7519422356476907
11.686088553466515 -0.7385452892124553
12.309079138896024 -0.7244668857878191
12.965281629896682 -0.7096955722009545
13.65646656794611 -0.6942232493529964
14.38449888287663 -0.6780461207591361
15.15134292476053 -0.6611657081395982
15.95906776404731 -0.6435898872339353
16.80985277425364 -0.6253338878160766
17.70599351226899 -0.6064211956444658
18.64990791214297 -0.5868842917212479
19.644142809066278 -0.5667651664899139
20.6913808111479 -0.5461155538942072
21.794447537529855 -0.5249968425480211
22.956319242369098 -0.5034796381075395
24.180130845257207 -0.4816429712263714
25.4691843897454 -0.45957316763553885
26.826957952797258 -0.43736241897675154
28.257115029208283 -0.41510711292250224
29.76351441631318 -0.39290599685930544
31.350220625651154 -0.37085825940610245
33.02151484968176 -0.349061617362787
34.7819065131413 -0.327610492186392
36.63614544020716 -0.30659435044144046
38.58923467029903 -0.28609626821302037
40.646443957096295 -0.26619176200421873
42.81332398719393 -0.24694791012612421
45.095721356761466 -0.22842277085421195
47.499794346614124 -0.21066508813489992
50.03202953826004 -0.19371426332941677
52.699259315756564 -0.17760056278738776
55.50868030059805 -0.16234552587643875
58.467872769375894 -0.1479625360164401
61.58482110660264 -0.134457517644778
64.86793534788511 -0.12182972416963023
68.32607387157402 -0.11007258520663216
71.96856730011521 -0.09917458521864142
75.8052436755926 -0.0891201497066933
79.84645497739086 -0.07989051909177299
84.10310505352605 -0.07146459424288976
88.58667904100822 -0.06381974118041663
93.30927435461668 -0.056932545785338184
98.28363332770026 -0.05077951235939818
103.52317759307378 -0.04533770259830898
109.04204429677526 -0.04058531394296836
114.8551242423938 -0.036502198354584854
120.97810206889012 -0.03307032430796311
127.42749857031335 -0.030274186217608207
134.2207152716012 -0.028101166620564617
141.37608138073614 -0.02654185726292644
148.91290324394086 -0.025590345819556673
156.85151643735477 -0.02524447535965237
165.213340635737 -0.025506083912669286
174.0209374062485 -0.02638123163599903
183.29807108324357 -0.027880423183098926
193.06977288832496 -0.03001883295744821
203.36240846866724 -0.03281654102816569
214.2037490358383 -0.03629878758603908
225.62304629706352 -0.04049625391861206
237.65111138110728 -0.04544537794283417
250.32039797173255 -0.05118871230108796
263.6650898730358 -0.057775332836652496
277.7211932429355 -0.06526130483516178
292.5266337436645 -0.07371021367722468
308.1213588714002 -0.08319376542311004
324.54744574113323 -0.09379246129873371
341.84921461759274 -0.10559634804936942
360.073348498562 -0.11870584369589984
379.26901907322497 -0.13323263541252295
399.48801939541704 -0.14930064312689464
420.78490362974026 -0.1670470391197225
443.21713424760856 -0.18662331046163239
466.84523707037897 -0.20819634765346673
491.73296457790156 -0.2319495393680979
517.9474679231213 -0.25808384973659826
545.5594781168514 -0.28681885113428984
574.6434968715973 -0.31839368184601435
605.2779976193349 -0.3530678942517086
637.5456372456507 -0.39112215523781313
671.5334791115142 -0.43285875642668115
707.3332279644438 -0.47860188763786593
745.0414773728917 -0.5286976229878683
784.7599703514607 -0.5835135655562601
826.5958738801812 -0.6434380941091775
870.6620680585127 -0.7088791545855351
917.0774506742931 -0.7802625406563117
965.9672580093833 -0.8580296124091231
1017.4634027476063 -0.9426344108523615
1071.7048298967104 -1.034540139104917
1128.8378916846884 -1.1342149992694677
1189.01674244199 -1.2421273971817925
1252.4037545350732 -1.3587405551475205
1319.1699564735716 -1.4845066045541473
1389.4954943731375 -1.6198602643931703
1463.5701180190797 -1.7652122462140043
1541.5936928422718 -1.9209425582385284
1623.776739188721 -2.0873939084247524
1710.3410003378397 -2.26486542516612
1801.520040802024 -2.4536069223547865
1897.5598765218504 -2.6538139306603146
1998.7196386572507 -2.8656236979876297
2105.272272765707 -3.0891123294033376
2217.505275253932 -3.324293191874031
2335.7214690901214 -3.5711166548625246
2460.239820869775 -3.829471178059352
2591.3963014396572 -4.0991856968738976
2729.5447924020073 -4.380033199398416
2875.0580409448803 -4.671735339637321
3028.3286655749457 -4.973967894153276
3189.7702154663216 -5.28636684504775
3359.818286283781 -5.608534862024147
3538.9316954909877 -5.940047959642331
3727.593720314938 -6.280462120970248
3926.3134017068355 -6.629319703261853
4135.626917817706 -6.9861554720396954
4356.099030694608 -7.350502144153665
4588.324610100844 -7.721895355234557
4832.930238571752 -8.099878000244091
5090.575902036681 -8.484003925777694
5361.956770568817 -8.873840978375213
5647.805074067552 -9.26897343366909
5948.892077934331 -9.669003846788168
6266.030164072656 -10.0735543751797
6600.075022827095 -10.482267631540154
6951.927961775606 -10.8948071274142
7322.538337604534 -11.310857368003795
7712.906117627992 -11.730123656506887
8124.0845778629655 -12.152331662470818
8557.183144940002 -12.577226803845111
9013.37038951743 -13.004573486997442
9493.87717927582 -13.434154243399439
10000.0 -13.865768796156745
10533.104453709382 -14.299233084321248
11094.628943275218 -14.73437826808522
11686.088553466498 -15.171049733574755
12309.079138896019 -15.60910611209755
12965.281629896688 -16.048418325323556
13656.466567946096 -16.488868665012895
14384.498882876629 -16.930349913468813
15151.342924760515 -17.372764508884377
15959.06776404731 -17.816023758103444
16809.852774253653 -18.260047097994995
17705.99351226898 -18.704761405585458
18649.907912142942 -19.150100356284504
19644.142809066267 -19.59600382892317
20691.3808111479 -20.042417355874246
21794.447537529835 -20.489291616203417
22956.319242369096 -20.93658196959804
24180.13084525718 -21.38424802869344
25469.184389745402 -21.832253267370874
26826.957952797275 -22.280564662597225
28257.115029208268 -22.729152367421968
29763.51441631313 -23.177989412811822
31350.220625651124 -23.627051436110076
33021.51484968176 -24.076316433992204
34781.90651314134 -24.52576453793254
36636.14544020716 -24.97537781029631
38589.23467029899 -25.425140059303814
40646.44395709628 -25.875036671236455
42813.32398719396 -26.325054458373458
45095.721356761445 -26.77518152124494
47499.79434661403 -27.225407123944176
50032.029538259994 -27.675721581275003
52699.259315756564 -28.12611615668469
55508.680300598106 -28.576582969957872
58467.87276937589 -29.02711491378396
61584.82110660255 -29.477705578356648
64867.935347885075 -29.928349183252205
68326.07387157406 -30.37904051590018
71968.56730011514 -30.829774876016728
75805.24367559262 -31.28054802543591
79846.45497739078 -31.73135614282117
84103.10505352604 -32.182195782786536
88586.67904100832 -32.63306383900423
93309.27435461663 -33.0839575109172
98283.63332770011 -33.53487427370335
103523.17759307378 -33.98581185117889
109042.04429677526 -34.43676819135461
114855.12424239368 -34.88774144438705
120978.10206889013 -35.33872994269248
127427.49857031321 -35.789732183010834
134220.7152716012 -36.24074681023428
141376.08138073614 -36.691772602818205
148912.90324394088 -37.142808459629116
156851.5164373548 -37.59385338808621
165213.34063573685 -38.04490649346707
174020.9374062485 -38.49596696926643
183298.07108324338 -38.947034088504864
193069.77288832495 -39.39810719588719
203362.40846866704 -39.8491857007435
214203.74903583832 -40.30026907065292
225623.04629706353 -40.751356825705294
237651.11138110727 -41.20244853332264
250320.39797173254 -41.65354380359264
263665.08987303555 -42.104642285061544
277721.1932429355 -42.55574366094257
292526.6337436642 -43.006847645695714
308121.35887140024 -43.45795398194873
324547.44574113254 -43.9090624377159
341849.21461759275 -44.36017280389738
360073.348498562 -44.81128489201933
379269.0190732246 -45.26239853220149
399488.019395417 -45.713513571322444
420784.9036297398 -46.16462987136576
443217.13424760854 -46.615747307931834
466845.2370703785 -47.066865768892086
491732.9645779016 -47.5179851531808
517947.46792312124 -47.969105369703826
545559.4781168514 -48.42022633635244
574643.4968715974 -48.87134797911902
605277.9976193343 -49.32247023129764
637545.6372456506 -49.773593032763344
671533.4791115135 -50.22471632932344
707333.2279644439 -50.67584007213025
745041.4773728917 -51.12696421715792
784759.9703514606 -51.57808872472218
826595.8738801812 -52.02921355905399
870662.0680585118 -52.48033868791397
917077.4506742931 -52.93146408224438
965967.2580093823 -53.382589715853335
1017463.4027476063 -53.83371556513163
1071704.8298967092 -54.284841608802736
1128837.8916846884 -54.73596782768631
1189016.74244199 -55.187094204495736
1252403.7545350718 -55.63822072364935
1319169.9564735717 -56.08934737110366
1389495.494373136 -56.54047413420034
1463570.1180190798 -56.991601001529276
1541593.6928422702 -57.4427279628068
1623776.739188721 -57.893855008764135
1710341.0003378377 -58.34498213104575
1801520.0408020238 -58.796109322121815
1897559.8765218505 -59.247236575205456
1998719.6386572486 -59.69836388417741
2105272.272765707 -60.14949124352479
2217505.2752539297 -60.60061864827628
2335721.4690901213 -61.05174609395335
2460239.8208697727 -61.50287357651753
2591396.3014396573 -61.95400109232999
2729544.792402007 -62.405128638109716
2875058.040944877 -62.85625621090057
3028328.6655749455 -63.307383808036604
3189770.215466318 -63.758511427117
3359818.286283781 -64.20963906597585
3538931.6954909842 -64.66076672266209
3727593.720314938 -65.11189439541778
3926313.4017068394 -65.56302208265583
4135626.917817706 -66.01414978294784
4356099.030694608 -66.46527749500606
4588324.61010084 -66.91640521766998
4832930.238571752 -67.36753294989298
5090575.902036676 -67.81866069073187
5361956.770568817 -68.26978843933594
5647805.074067546 -68.72091619494006
5948892.077934331 -69.17204395685259
6266030.164072656 -69.62317172445287
6600075.022827089 -70.07429949717772
6951927.961775606 -70.52542727452246
7322538.337604526 -70.97655505603115
7712906.117627992 -71.42768284129241
8124084.5778629575 -71.87881062993766
8557183.144940002 -72.3299384216311
9013370.38951742 -72.78106621607347
9493877.17927582 -73.23219401299254
10000000.0 -73.68332181214464
10533104.45370936 -74.13444961330913
11094628.943275219 -74.58557741628726
11686088.553466497 -75.03670522090047
12309079.138896018 -75.48783302698746
12965281.629896663 -75.93896083440222
13656466.567946097 -76.39008864301414
14384498.882876629 -76.84121645270493
15151342.924760515 -77.29234426336951
15959067.76404731 -77.7434720749099
16809852.774253618 -78.19459988724027
17705993.51226898 -78.64572770028303
18649907.912142944 -79.09685551396726
19644142.809066266 -79.54798332823069
20691380.811147902 -79.9991111430156
21794447.537529834 -80.4502389582703
22956319.242369097 -80.90136677394798
24180130.84525718 -81.35249459000866
25469184.3897454 -81.80362240641288
26826957.95279722 -82.25475022312804
28257115.02920827 -82.70587804012224
29763514.41631313 -83.1570058573685
31350220.62565112 -83.60813367484246
33021514.849681754 -84.0592614925209
34781906.51314127 -84.51038931038342
36636145.44020716 -84.96151712841285
38589234.67029899 -85.41264494659205
40646443.95709628 -85.86377276490582
42813323.98719387 -86.31490058334235
45095721.35676145 -86.7660284018881
47499794.346614026 -87.21715622053289
50032029.53825999 -87.66828403926698
52699259.31575657 -88.11941185808136
55508680.300597996 -88.57053967696844
58467872.7693759 -89.02166749592071
61584821.10660254 -89.47279531493206
64867935.34788508 -89.9239231339958
68326073.87157391 -90.37505095310783
71968567.30011514 -90.82617877226282
75805243.67559262 -91.27730659145662
79846454.97739078 -91.72843441068562
84103105.05352604 -92.17956222994604
88586679.04100814 -92.63069004923454
93309274.35461664 -93.08181786854948
98283633.32770011 -93.5329456878877
103523177.59307377 -93.98407350724597
109042044.29677527 -94.43520132662344
114855124.24239345 -94.88632914601772
120978102.06889038 -95.33745696542688
127427498.57031322 -95.78858478485054
134220715.2716012 -96.23971260428625
141376081.38073614 -96.69084042373335
148912903.24394056 -97.14196824318968
156851516.43735445 -97.5930960626559
165213340.63573685 -98.04422388212996
174020937.40624848 -98.49535170161155
183298071.08324376 -98.94647952109977
193069772.88832456 -99.39760734059391
203362408.46866703 -99.84873516009321
214203749.0358383 -100.29986297959769
225623046.2970626 -100.75099079910684
237651111.38110778 -101.20211861861902
250320397.97173202 -101.65324643813575
263665089.87303555 -102.1043742576552
277721193.2429355 -102.55550207717755
292526633.74366355 -103.00662989670249
308121358.87140083 -103.45775771622965
324547445.74113256 -103.90888553575934
341849214.6175927 -104.3600133552905
360073348.49856204 -104.81114117482433
379269019.0732238 -105.26226899435841
399488019.39541787 -105.71339681389469
420784903.6297398 -106.16452463343244
443217134.24760854 -106.61565245297139
466845237.07037944 -107.06678027251013
491732964.5779006 -107.51790809205042
517947467.9231202 -107.96903591159167
545559478.1168514 -108.42016373113383
574643496.8715974 -108.87129155067697
605277997.6193355 -109.32241937021985
637545637.2456493 -109.77354718976349
671533479.1115135 -110.22467500930772
707333227.9644439 -110.67580282885238
745041477.3728887 -111.12693064839853
784759970.3514622 -111.57805846794345
826595873.8801795 -112.02918628748915
870662068.0585117 -112.48031410703534
917077450.674293 -112.93144192658183
965967258.0093802 -113.38256974612877
1017463402.7476043 -113.8336975656756
1071704829.8967092 -114.28482538522259
1128837891.6846883 -114.7359532047703
1189016742.44199 -115.18708102431802
1252403754.5350692 -115.63820884386544
1319169956.473569 -116.08933666341294
1389495494.373136 -116.54046448296023
1463570118.0190797 -116.99159230250848
1541593692.8422735 -117.44272012205667
1623776739.1887176 -117.89384794160497
1710341000.337838 -118.34497576115263
1801520040.802024 -118.79610358070097
1897559876.5218503 -119.24723140024949
1998719638.6572526 -119.69835921979785
2105272272.7657027 -120.14948703934573
2217505275.2539296 -120.60061485889455
2335721469.0901213 -121.05174267844282
2460239820.8697777 -121.50287049799167
2591396301.439652 -121.9539983175403
2729544792.402002 -122.40512613708862
2875058040.944877 -122.85625395663716
3028328665.5749454 -123.3073817761857
3189770215.466325 -123.75850959573476
3359818286.2837744 -124.20963741528347
3538931695.4909844 -124.66076523483233
3727593720.314938 -125.11189305438057
3926313401.7068396 -125.56302087392949
4135626917.8176975 -126.01414869347809
4356099030.694599 -126.46527651302725
4588324610.100841 -126.91640433257561
4832930238.571753 -127.36753215212477
5090575902.036687 -127.81865997167385
5361956770.568806 -128.26978779122229
5647805074.067546 -128.72091561077093
5948892077.934331 -129.1720434303203
6266030164.072656 -129.62317124986896
6600075022.827075 -130.07429906941752
6951927961.775591 -130.52542688896625
7322538337.6045265 -130.97655470851495
7712906117.627993 -131.42768252806434
8124084577.862974 -131.8788103476124
8557183144.939984 -132.32993816716163
9013370389.51742 -132.78106598671027
9493877179.27582 -133.23219380625946
10000000000.0 -133.68332162580833
