10.0 -25.517492591738744
10.292747724096083 -25.44964593599573
10.59406557118851 -25.378912933248202
10.904204429677526 -25.30522080625174
11.223422532664179 -25.22849912082289
11.551985672964793 -25.148680142034912
11.890167424419898 -25.065699190516
12.238249369681931 -24.979494995427633
12.596521334671401 -24.890010040535458
12.965281629896682 -24.797190899673737
13.344837298838383 -24.70098855785504
13.735504373605137 -24.60135871429396
14.137608138073606 -24.498262063701603
14.551483398731937 -24.391664552368244
14.977474763452017 -24.2815376057846
15.415936928422726 -24.167858324855796
15.867234973483178 -24.050609648131314
16.331744666101677 -23.929780477902383
16.80985277425364 -23.805365768497158
17.301957388458945 -23.677366575622298
17.808468253246822 -23.545790066146036
18.329807108324356 -23.410649488279148
18.866408039732583 -23.27196410267305
19.418717841282557 -23.12975907550511
19.987196386572506 -22.984065335146685
20.57231701189556 -22.83491939449792
21.174566910357118 -22.682363141513314
21.794447537529855 -22.526443600824916
22.432475028984193 -22.367212669688378
23.089180630041927 -22.204726831726077
23.765111138110754 -22.03904685211793
24.46082935796799 -21.870237457994772
25.17691457037277 -21.698367007821425
25.913963014396586 -21.52350715352179
26.672588383874054 -21.345732499000228
27.453422338387142 -21.16512025855983
28.257115029208283 -20.98174991851537
29.08433564064048 -20.795702905055833
29.935772947204903 -20.607062261136512
30.812135887140037 -20.415912334882286
31.714154152689986 -20.2223384816708
32.642578797673224 -20.02642678174372
33.59818286283781 -19.828263774874483
34.58176201952381 -19.627936213307294
35.594135232168604 -19.42553083388067
36.63614544020716 -19.221134149964055
37.708660259934554 -19.01483226357126
38.81257270691538 -18.80671069777281
39.9488019395417 -18.596854249311637
41.118294024358306 -18.385346861135186
42.322022723792756 -18.172271514390708
43.56099030694608 -17.95771013928974
44.83622838411908 -17.741743544131833
46.148798765769385 -17.52445136168391
47.499794346614124 -17.305912012040366
48.890340015614456 -17.08620268103647
50.32159359259993 -16.8653993132531
51.7947467923121 -16.643576618631617
53.31102621667033 -16.420808091711752
54.87169437608604 -16.19716604251052
56.47805074067555 -15.972721638074848
58.131432822247135 -15.747544953762173
59.83321728796288 -15.521705033330726
61.58482110660264 -15.295269956952136
63.38770272838487 -15.068306916292563
65.24336329932625 -14.840882295843123
67.15334791115141 -14.613061759714496
69.11924688779365 -14.384910343143849
71.14269710955735 -14.156492547993045
73.22538337604533 -13.92787244154513
75.36903980898542 -13.69911375793064
77.57545129612417 -13.470280001535597
79.84645497739086 -13.241434551758926
82.18394177456803 -13.012640768498247
84.58985796574301 -12.783962097748887
87.06620680585127 -12.555462176702111
89.61505019466045 -12.32720493772417
92.23851039358476 -12.099254710588701
94.9387717927583 -11.87167632232071
97.71808272983904 -11.644535193991715
100.57875736205835 -11.417897433782445
103.52317759307378 -11.191829925602974
106.55379505623053 -10.966400412529865
109.67313315588179 -10.741677574287937
112.88378916846884 -10.51773109796989
116.18843640511002 -10.294631741152722
119.58982643749793 -10.072451386535972
123.09079138896018 -9.85126308719426
126.69424629259063 -9.631141101508181
130.40319151841317 -9.41216091681338
134.2207152716012 -9.194399260790254
138.14999616383224 -8.977934099607836
142.19430585991677 -8.7628446218372
146.357011801908 -8.549211207163376
150.64158001295928 -8.337115378953866
155.05157798326255 -8.126639739787251
159.5906776404731 -7.917867889109502
164.26265840709303 -7.710884322270918
169.071410347358 -7.5057743103040835
174.0209374062485 -7.302623759934827
179.115360743323 -7.101519053474686
184.3589221641488 -6.9025468684258415
189.75598765218504 -6.705793976837312
195.3110510040631 -6.511347024684078
201.02873757128856 -6.3192922917974395
206.913808111479 -6.129715433152772
212.97116275234782 -5.942701202616299
219.20584507173257 -5.758333160562471
225.62304629706352 -5.576693367091844
232.22810962777245 -5.397862062900076
239.02653468423918 -5.221917340165537
246.02398208697775 -5.048934806127727
253.22627816987946 -4.878987242312986
260.63941983143474 -4.712144262619998
268.26957952797244 -4.548471973696059
276.1231104130753 -4.388032641207772
284.2065516274511 -4.230884365729258
292.5266337436645 -4.0770807720298645
301.09028437025927 -3.926670715536298
309.9046339199427 -3.7796980096666704
318.97702154663216 -3.636201177584307
328.3150012563047 -3.4962132316968453
337.9263481967431 -3.3597614839326195
347.819065131413 -3.2268673894669915
358.00138910285807 -3.0975464261510983
368.48179829116765 -2.9718080114238257
379.26901907322497 -2.8496554579747073
390.37203328860926 -2.7310859688824705
401.8000857182091 -2.6160906723938577
413.5626917817706 -2.5046546959440885
425.66964546078714 -2.3967572784667164
438.13102745333055 -2.2923719195105243
450.9572135676145 -2.191466563186294
464.15888336127773 -2.094003814518477
477.7470290335773 -1.999941185384703
491.73296457790156 -1.9092313668976795
506.1283352022219 -1.8218225248245679
520.9451270253212 -1.7376586144513508
536.1956770568817 -1.6566797111851093
551.892683469738 -1.578822353144079
568.0492161728429 -1.5040198920110095
584.6787276937589 -1.4322028485141503
601.7950643797334 -1.3632992690467771
619.412477926676 -1.2972350801322288
637.5456372456507 -1.233934437679409
656.2096406767555 -1.1733200682450287
675.4200285605586 -1.1153135998145283
695.1927961775606 -1.0598358799257916
715.5444070664574 -1.0068072792798426
736.4918067322965 -0.9561479793038291
758.0524367559261 -0.9077782424470183
780.2442493165045 -0.8616186642944458
803.0857221391512 -0.8175904068708186
826.5958738801812 -0.7756154127753552
850.7942799627444 -0.7356166000336757
875.7010888760508 -0.6975180377737018
901.3370389517438 -0.6612451030277079
927.7234756314059 -0.6267246191318083
954.8823692395666 -0.5938849763374595
982.8363332770031 -0.5626562353680455
1011.6086432495807 -0.5329702147479141
1041.2232560483055 -0.5047605628038189
1071.7048298967104 -0.4779628152904825
1103.078744882215 -0.45251443962525334
1135.3711240885177 -0.4283548667338332
1168.608855346651 -0.4054255115113531
1202.8196136227775 -0.38366978289294595
1238.0318840613968 -0.3630330845074199
1274.2749857031336 -0.3434628068582506
1311.5790958968503 -0.32490831193978004
1349.9752754264298 -0.3073209111546706
1389.4954943731375 -0.29065383735273315
1430.172658735088 -0.27486221176265047
1472.0406378260013 -0.2599030065374818
1515.134292476053 -0.24573500358368067
1559.4895040582815 -0.23231875029217056
1605.1432043647615 -0.21961651273916477
1652.1334063573702 -0.2075922268753711
1700.4992358187922 -0.19621144817421468
1750.2809639301013 -0.18544130016411103
1801.520040802024 -0.17525042222625264
1854.2591299878522 -0.16560891699826757
1908.542144006686 -0.15648829768558004
1964.4142809066266 -0.14786143554625644
2021.9220618983536 -0.13970250778176804
2081.1133700903947 -0.13198694603521158
2142.037490358383 -0.12469138567031987
2204.7451503814746 -0.11779361597855975
2269.288562880081 -0.11127253143815519
2335.7214690901214 -0.1051080841275641
2404.0991835099717 -0.09928123737654816
2474.47863995735 -0.09377392072087881
2546.91843897454 -0.08856898621118618
2621.478896621356 -0.08365016611276171
2698.222094696536 -0.07900203202102327
2777.211932429355 -0.07460995540663011
2858.5141796844714 -0.07046006959490331
2942.196531724374 -0.06653923317613124
3028.3286655749457 -0.0628349948362249
3116.9822980411436 -0.05933555959129016
3208.2312454210773 -0.056029756404507844
3302.1514849681753 -0.05290700715941947
3398.8212181526674 -0.04995729696024595
3498.320935775036 -0.04717114572683325
3600.73348498562 -0.04453958104961139
3706.144138266228 -0.042054112268049657
3814.640664431178 -0.039706705734836444
3926.3134017068355 -0.03748976122690109
4041.2553329506004 -0.03539608946397951
4159.562163071847 -0.03341889069491435
4281.332398719392 -0.03155173431199762
4406.667430301786 -0.029788539453735885
4535.671616408702 -0.028123556556826086
4668.45237070379 -0.02655134981870966
4805.1202513612425 -0.02506678053260375
4945.789053120639 -0.023664991257875086
5090.575902036681 -0.0223413907893228
5239.601353002645 -0.021091639890011712
5392.98949012887 -0.019911637753242357
5550.868030059805 -0.01879750916025497
5713.36842831558 -0.01774559230147962
5880.625988746757 -0.016752427230082547
6052.779976193349 -0.01581474491778736
6229.973732441841 -0.014929456884014234
6412.354795576917 -0.014093645370510962
6600.075022827095 -0.013304554034726059
6793.290717006696 -0.012559579136348569
6992.162756659375 -0.011856261192326044
7196.856730011514 -0.011192277076987618
7407.543072847163 -0.010565432544665297
7624.397210419138 -0.009973655153364656
7847.5997035146065 -0.009414987568968152
8077.3363987967105 -0.008887581230359046
8313.798583547334 -0.008389690356818419
8557.183144940002 -0.007919666279892934
8807.692733975462 -0.007475952082759396
9065.53593421636 -0.007057077531022898
9330.927435461663 -0.006661654279526086
9604.08821250538 -0.0062883713406220515
9885.24570912827 -0.0059359908000521525
10174.634027476064 -0.005603343767192617
10472.494122981476 -0.005289326547248869
10779.074004992735 -0.004992897023401165
11094.628943275218 -0.004713071237747114
11419.421680558647 -0.0044489201602597415
11753.722651306367 -0.004199566635635576
12097.810206889013 -0.003964182498439045
12451.97084735032 -0.0037419858473878615
12816.499459957597 -0.0035322384701856084
13191.699564735716 -0.003334243410639769
13577.883567189278 -0.0031473426703945337
13975.373018422924 -0.002970915037863951
14384.498882876629 -0.0028043740374621407
14805.6018138991 -0.0026471659924890865
15239.032437388305 -0.0024987681955062698
15685.151643735446 -0.0023586871802517427
16144.330888316019 -0.0022264570895238014
16616.952500776908 -0.0021016381337786954
17103.41000337838 -0.0019838151354063262
17604.108438655527 -0.0018725961539886272
18119.46470667122 -0.0017676111880692465
18649.907912142942 -0.0016685109491735893
19195.87972173111 -0.0015749657041493831
19757.834731786996 -0.001486664181978451
20336.2408468667 -0.0014033125415178658
20931.579669325736 -0.001324633396836174
21544.346900318822 -0.0012503648968591812
22175.052752539294 -0.0011802598563938633
22824.222375040976 -0.0011140849356478164
23492.396290496577 -0.001051619865532626
24180.13084525718 -0.000992656716240048
24887.998672586673 -0.000936999206655697
25616.589169457267 -0.000884462052365228
26366.508987303554 -0.0008348703500852042
27138.3825371428 -0.0007880589964673943
27932.85250948253 -0.0007438721394409049
28750.580409448772 -0.0007021626601972168
29592.247107579577 -0.0006627916841327495
30458.55340674284 -0.0006256281191659647
31350.220625651124 -0.0005905482198585842
32267.991199458116 -0.0005574351759362996
33212.62929793748 -0.0005261787238128541
34184.92146175927 -0.0004966747798657811
35185.677257392665 -0.0004688250942368143
36215.72995118075 -0.0004425369239951649
37275.93720314938 -0.0004177227246016876
38367.18178112649 -0.0003942998586567633
39490.37229576694 -0.00037219032093344697
40646.44395709628 -0.0003513204788250783
41836.359353200234 -0.00033162082730890067
43061.10925171165 -0.0003130257576490264
44321.713424760856 -0.0002954733390391872
45619.221498074585 -0.00027890511249008807
46954.71382493421 -0.00026326589624516033
48329.30238571752 -0.0002485036021080191
49744.13171377451 -0.00023456906204483342
51200.37984840882 -0.0002214158645271818
52699.259315756564 -0.00020900020001165636
54242.01813838024 -0.00019728071510206446
55829.94087441914 -0.0001862183748774945
57464.34968715974 -0.00017577633291010296
59146.605445917456 -0.00016591980861613715
60878.108859147556 -0.00015661597142273455
62660.30164072656 -0.00014783383147804353
64494.667710376205 -0.00013954413643939905
66382.73442923075 -0.00013171927409034892
68326.07387157406 -0.00012433318038018216
70326.30413380644 -0.00011736125263587526
72385.09068173247 -0.00011078026762793729
74504.14773728917 -0.00010456830424302902
76685.2397058701 -9.870467048154178e-05
78930.18264543568 -9.316983454174245e-05
81240.84577862974 -8.794535977622152e-05
83619.15304916317 -8.301384329097145e-05
86067.08472376158 -7.835885799022757e-05
88586.67904100832 -7.396489786636241e-05
91180.03390845681 -6.981732634570992e-05
93849.3086494272 -6.590232755810466e-05
96596.72580093842 -6.220686031114171e-05
99424.57296427398 -5.8718614659143125e-05
102335.20470972576 -5.54259709066796e-05
105331.04453709359 -5.231796088843316e-05
108414.5868935835 -4.9384231466519664e-05
111588.3992507748 -4.661501001860218e-05
114855.12424239368 -4.4001071914821626e-05
118217.48186466724 -4.153370976170788e-05
121678.27174109229 -3.9204704432322396e-05
125240.3754535072 -3.7006297663696966e-05
128906.75894140244 -3.49311662167185e-05
132680.47497147243 -3.297239751164495e-05
136564.66567946097 -3.1123466564685514e-05
140562.56518642136 -2.9378214279627867e-05
144677.5022915648 -2.773082692091475e-05
148912.90324394088 -2.617581675465346e-05
153272.2945952612 -2.470800375918228e-05
157759.30613623615 -2.33224983830016e-05
162377.67391887208 -2.20146852545897e-05
167131.2433672486 -2.078020779201941e-05
172023.97247935992 -1.9614953724902945e-05
177059.9351226898 -1.8515041354113196e-05
182243.32442626648 -1.74768066640297e-05
187578.45627201613 -1.64967910838293e-05
193069.77288832495 -1.5571729982676974e-05
198721.84654880533 -1.4698541790806808e-05
204539.38337933904 -1.387431774166703e-05
210527.22727657072 -1.3096312173408083e-05
216690.3639411181 -1.2361933382959833e-05
223033.9250288494 -1.1668734999907554e-05
229563.19242369095 -1.1014407837733455e-05
236283.6026355175 -1.039677217999068e-05
243200.7513267945 -9.813770561196023e-06
250320.39797173254 -9.263460869824435e-06
257648.47065183744 -8.744009900694974e-06
265191.0709918535 -8.253687251634806e-06
272954.4792402007 -7.790859551883537e-06
280945.1594981406 -7.353985014522023e-06
289169.76510202966 -6.941608312924537e-06
297635.14416313195 -6.552355731088185e-06
306348.3452696084 -6.184930577231131e-06
315316.62335543614 -5.838108876088023e-06
324547.44574113254 -5.510735288792578e-06
334048.4983513244 -5.201719251667701e-06
343827.6921143307 -4.9100313696027454e-06
353893.1695490984 -4.634699957941301e-06
364253.3115449638 -4.374807828347578e-06
374916.74433988857 -4.129489211610532e-06
385892.3467029899 -3.897926907067927e-06
397189.25732733024 -3.6793495178581033e-06
408816.88243912894 -3.4730289127910753e-06
420784.9036297398 -3.278277795262024e-06
433103.2859169001 -3.0944473984935434e-06
445782.28604197066 -2.9209253427865506e-06
458832.461010084 -2.757133585348098e-06
472264.67688029545 -2.602526496447392e-06
486090.117813063 -2.456589041648995e-06
500320.2953825999 -2.3188350720517464e-06
514967.0581618343 -2.188805695532112e-06
530042.6015879672 -2.066067755993034e-06
545559.4781168514 -1.9502123791521077e-06
561530.6076746266 -1.8408536272994258e-06
577969.2884153313 -1.7376272022723671e-06
594889.2077934331 -1.64018922461278e-06
612304.4539605178 -1.5482151149433417e-06
630229.5274956024 -1.4613984772729796e-06
648679.3534788508 -1.3794501076652356e-06
667669.2939187557 -1.302097022193504e-06
687215.1605431122 -1.2290815302199515e-06
707333.2279644439 -1.160160404107447e-06
728040.2472308562 -1.0951040508603745e-06
749353.4597735757 -1.0336957522329044e-06
771290.6117627992 -9.757309453392004e-07
793869.9688838223 -9.210165293006324e-07
817110.3315457187 -8.693702403603875e-07
841031.0505352605 -8.206200347128277e-07
865652.0431290936 -7.746035118347179e-07
890993.8096776098 -7.311673763896567e-07
917077.4506742931 -6.901669415986799e-07
943924.6843247664 -6.514656152530501e-07
971557.8646301847 -6.149344763739034e-07
1000000.0 -5.804518345140651e-07
