10.0 -2.75257556764187
10.292747724096083 -2.7487465178040966
10.59406557118851 -2.744703443831367
10.904204429677526 -2.7404351972390053
11.223422532664179 -2.735930144566756
11.551985672964793 -2.7311761577364218
11.890167424419898 -2.726160605746329
12.238249369681931 -2.720870347943167
12.596521334671401 -2.715291729134951
12.965281629896682 -2.7094105768316363
13.344837298838383 -2.7032122009246313
13.735504373605137 -2.696681396140224
14.137608138073606 -2.6898024476262887
14.551483398731937 -2.682559140055598
14.977474763452017 -2.6749347706514106
15.415936928422726 -2.6669121665624402
15.867234973483178 -2.6584737070330666
16.331744666101677 -2.6496013508305767
16.80985277425364 -2.6402766694032396
17.301957388458945 -2.630480886249834
17.808468253246822 -2.6201949229825554
18.329807108324356 -2.6093994525588804
18.866408039732583 -2.598074960143549
19.418717841282557 -2.586201812037428
19.987196386572506 -2.573760333074347
20.57231701189556 -2.5607308928393775
21.174566910357118 -2.5470940009995813
21.794447537529855 -2.532830411961604
22.432475028984193 -2.517921238976781
23.089180630041927 -2.502348077703868
23.765111138110754 -2.486093139110907
24.46082935796799 -2.46913939145064
25.17691457037277 -2.451470710879171
25.913963014396586 -2.4330720401048263
26.672588383874054 -2.4139295542555645
27.453422338387142 -2.394030832940316
28.257115029208283 -2.373365037255431
29.08433564064048 -2.3519230902549566
29.935772947204903 -2.329697859168067
30.812135887140037 -2.3066843374131407
31.714154152689986 -2.282879824232486
32.642578797673224 -2.2582840995611764
33.59818286283781 -2.2328995915552605
34.58176201952381 -2.206731534047427
35.594135232168604 -2.179788111079307
36.63614544020716 -2.152080585587885
37.708660259934554 -2.123623409306379
38.81257270691538 -2.0944343109846857
39.9488019395417 -2.0645343601463315
41.118294024358306 -2.03394800378336
42.322022723792756 -2.002703073648486
43.56099030694608 -1.9708307621375545
44.83622838411908 -1.9383655651599025
46.148798765769385 -1.90534519086758
47.499794346614124 -1.871810433646133
48.890340015614456 -1.8378050133515655
50.32159359259993 -1.8033753803950117
51.7947467923121 -1.7685704879161224
53.31102621667033 -1.733441532927895
54.87169437608604 -1.6980416689447142
56.47805074067555 -1.6624256932009684
58.131432822247135 -1.626649712112249
59.83321728796288 -1.5907707891075442
61.58482110660264 -1.5548465793531951
63.38770272838487 -1.5189349561841832
65.24336329932625 -1.4830936342472634
67.15334791115141 -1.4473797944344426
69.11924688779365 -1.4118497156445395
71.14269710955735 -1.37655841825464
73.22538337604533 -1.3415593239177976
75.36903980898542 -1.3069039359387955
77.57545129612417 -1.2726415440259404
79.84645497739086 -1.2388189566911856
82.18394177456803 -1.205480263988302
84.58985796574301 -1.1726666326589608
87.06620680585127 -1.1404161351170967
89.61505019466045 -1.1087636130615361
92.23851039358476 -1.077740575883095
94.9387717927583 -1.04737513344055
97.71808272983904 -1.0176919622340088
100.57875736205835 -0.9887123035153134
103.52317759307378 -0.9604539914518162
106.55379505623053 -0.9329315091078054
109.67313315588179 -0.9061560697300108
112.88378916846884 -0.8801357206208928
116.18843640511002 -0.8548754667531288
119.58982643749793 -0.8303774112177896
123.09079138896018 -0.8066409096013376
126.69424629259063 -0.7836627354457457
130.40319151841317 -0.7614372540546482
134.2207152716012 -0.7399566020582606
138.14999616383224 -0.719210870331749
142.19430585991677 -0.6991882880694561
146.357011801908 -0.679875406040999
150.64158001295928 -0.6612572772892895
155.05157798326255 -0.6433176337676569
159.5906776404731 -0.6260390576480479
164.26265840709303 -0.6094031462597952
169.071410347358 -0.5933906698352398
174.0209374062485 -0.577981721440556
179.115360743323 -0.5631558586562481
184.3589221641488 -0.5488922367392011
189.75598765218504 -0.5351697331471004
195.3110510040631 -0.5219670634349012
201.02873757128856 -0.5092628886429982
206.913808111479 -0.4970359143874189
212.97116275234782 -0.4852649819348851
219.20584507173257 -0.4739291516011921
225.62304629706352 -0.4630077788505241
232.22810962777245 -0.4524805834982275
239.02653468423918 -0.4423277124306952
246.02398208697775 -0.43252979625595184
253.22627816987946 -0.4230680002871353
260.63941983143474 -0.4139240702418881
268.26957952797244 -0.4050803730129304
276.1231104130753 -0.39651993283235404
284.2065516274511 -0.3882264631142371
292.5266337436645 -0.3801843942195716
301.09028437025927 -0.37237889734515117
309.9046339199427 -0.36479590469518575
318.97702154663216 -0.35742212605331325
328.3150012563047 -0.35024506183305054
337.9263481967431 -0.3432530126496054
347.819065131413 -0.3364350854250631
358.00138910285807 -0.32978119601437494
368.48179829116765 -0.3232820683210813
379.26901907322497 -0.31692922986150907
390.37203328860926 -0.31071500373323113
401.8000857182091 -0.30463249694931077
413.5626917817706 -0.2986755851136495
425.66964546078714 -0.29283889343468716
438.13102745333055 -0.2871177741041178
450.9572135676145 -0.2815082801029368
464.15888336127773 -0.2760071355388211
477.7470290335773 -0.2706117026641079
491.73296457790156 -0.2653199457717756
506.1283352022219 -0.26013039221548684
520.9451270253212 -0.2550420908476253
536.1956770568817 -0.2500545682142401
551.892683469738 -0.2451677828860816
568.0492161728429 -0.24038207833921799
584.6787276937589 -0.23569813482549498
601.7950643797334 -0.23111692069093187
619.412477926676 -0.22663964360907232
637.5456372456507 -0.22226770219505204
656.2096406767555 -0.21800263845513604
675.4200285605586 -0.21384609150626527
695.1927961775606 -0.2097997529706891
715.5444070664574 -0.2058653244139107
736.4918067322965 -0.20204447715050752
758.0524367559261 -0.1983388146936993
780.2442493165045 -0.1947498380721156
803.0857221391512 -0.1912789141828749
826.5958738801812 -0.18792724729522736
850.7942799627444 -0.18469585376498115
875.7010888760508 -0.1815855399683739
901.3370389517438 -0.17859688341581365
927.7234756314059 -0.17573021696193622
954.8823692395666 -0.17298561598979328
982.8363332770031 -0.1703628884135141
1011.6086432495807 -0.16786156731654905
1041.2232560483055 -0.16548090602091275
1071.7048298967104 -0.16321987536737384
1103.078744882215 -0.1610771629763197
1135.3711240885177 -0.15905117425441712
1168.608855346651 -0.1571400349123298
1202.8196136227775 -0.1553415947634677
1238.0318840613968 -0.15365343258259134
1274.2749857031336 -0.15207286181548402
1311.5790958968503 -0.1505969369467363
1349.9752754264298 -0.1492224603514508
1389.4954943731375 -0.1479459894780808
1430.172658735088 -0.14676384423351893
1472.0406378260013 -0.14567211446779763
1515.134292476053 -0.14466666748376286
1559.4895040582815 -0.14374315552741632
1605.1432043647615 -0.14289702324596798
1652.1334063573702 -0.14212351513390054
1700.4992358187922 -0.14141768302105284
1750.2809639301013 -0.14077439369114692
1801.520040802024 -0.14018833675321454
1854.2591299878522 -0.13965403292149958
1908.542144006686 -0.13916584289047268
1964.4142809066266 -0.13871797701973818
2021.9220618983536 -0.1383045060672665
2081.1133700903947 -0.1379193732275918
2142.037490358383 -0.13755640774272887
2204.7451503814746 -0.13720934035621854
2269.288562880081 -0.13687182087367097
2335.7214690901214 -0.13653743807501484
2404.0991835099717 -0.13619974219376785
2474.47863995735 -0.13585227013588735
2546.91843897454 -0.13548857355530752
2621.478896621356 -0.1351022498350248
2698.222094696536 -0.1346869759426278
2777.211932429355 -0.13423654503858762
2858.5141796844714 -0.1337449056168829
2942.196531724374 -0.13320620285268395
3028.3286655749457 -0.13261482172512706
3116.9822980411436 -0.1319654313772748
3208.2312454210773 -0.1312530300755616
3302.1514849681753 -0.13047299004104726
3398.8212181526674 -0.12962110134928018
3498.320935775036 -0.12869361403923513
3600.73348498562 -0.1276872775378669
3706.144138266228 -0.1265993764989569
3814.640664431178 -0.12542776217547663
3926.3134017068355 -0.124170878494375
4041.2553329506004 -0.12282778208223412
4159.562163071847 -0.12139815559755432
4281.332398719392 -0.11988231385841201
4406.667430301786 -0.11828120240871826
4535.671616408702 -0.11659638833704564
4668.45237070379 -0.11483004334364977
4805.1202513612425 -0.11298491923653126
4945.789053120639 -0.11106431622019243
5090.575902036681 -0.10907204451356634
5239.601353002645 -0.10701237999087601
5392.98949012887 -0.10489001467461152
5550.868030059805 -0.10271000301936814
5713.36842831558 -0.10047770500512614
5880.625988746757 -0.09819872710702575
6052.779976193349 -0.09587886222486314
6229.973732441841 -0.0935240296404432
6412.354795576917 -0.09114021602609457
6600.075022827095 -0.08873341845692234
6793.290717006696 -0.08630959028575977
6992.162756659375 -0.08387459062868019
7196.856730011514 -0.08143413808468407
7407.543072847163 -0.0789937691811672
7624.397210419138 -0.07655880190155277
7847.5997035146065 -0.07413430451784503
8077.3363987967105 -0.07172506982270259
8313.798583547334 -0.06933559473626619
8557.183144940002 -0.06697006515532172
8807.692733975462 -0.06463234581821888
9065.53593421636 -0.06232597487973343
9330.927435461663 -0.06005416282607216
9604.08821250538 -0.057819795312124236
9885.24570912827 -0.055625439469599525
10174.634027476064 -0.05347335321546283
10472.494122981476 -0.05136549708392674
10779.074004992735 -0.0493035481102959
11094.628943275218 -0.0472889153101145
11419.421680558647 -0.045322756320472855
11753.722651306367 -0.043405994800226576
12097.810206889013 -0.041539338221094686
12451.97084735032 -0.039723295720224545
12816.499459957597 -0.03795819572573181
13191.699564735716 -0.03624420310862346
13577.883567189278 -0.034581335656307687
13975.373018422924 -0.03296947970376302
14384.498882876629 -0.03140840479731348
14805.6018138991 -0.0298977773025731
15239.032437388305 -0.02843717290163555
15685.151643735446 -0.027026087954850963
16144.330888316019 -0.025663949729164
16616.952500776908 -0.024350125517857257
17103.41000337838 -0.023083930695728415
17604.108438655527 -0.021864635769052662
18119.46470667122 -0.020691472491528237
18649.907912142942 -0.019563639125826746
19195.87972173111 -0.018480304935593918
19757.834731786996 -0.017440613995279523
20336.2408468667 -0.01644368840520601
20931.579669325736 -0.015488630997044653
21544.346900318822 -0.014574527611337325
22175.052752539294 -0.013700449023275933
22824.222375040976 -0.012865452586980805
23492.396290496577 -0.012068583661720216
24180.13084525718 -0.011308876876319502
24887.998672586673 -0.010585357280883074
25616.589169457267 -0.009897041427749605
26366.508987303554 -0.00924293841698056
27138.3825371428 -0.008622050935165484
27932.85250948253 -0.008033376310608777
28750.580409448772 -0.007475907602694017
29592.247107579577 -0.00694863473841944
30458.55340674284 -0.006450545705148349
31350.220625651124 -0.00598062780481522
32267.991199458116 -0.005537868971798505
33212.62929793748 -0.005121259153958188
34184.92146175927 -0.004729791753808214
35185.677257392665 -0.004362465124974484
36215.72995118075 -0.004018284116937548
37275.93720314938 -0.0036962616597467296
38367.18178112649 -0.0033954203786963795
39490.37229576694 -0.0031147942279153486
40646.44395709628 -0.0028534301305683284
41836.359353200234 -0.002610389612557354
43061.10925171165 -0.0023847504158636627
44321.713424760856 -0.002175608077259963
45619.221498074585 -0.0019820774577860734
46954.71382493421 -0.00180329420850354
48329.30238571752 -0.001638416158308233
49744.13171377451 -0.0014866246102628708
51200.37984840882 -0.0013471255337025275
52699.259315756564 -0.0012191506405955109
54242.01813838024 -0.001101958336154291
55829.94087441914 -0.0009948345351490791
57464.34968715974 -0.0008970933374524645
59146.605445917456 -0.0008080775581047123
60878.108859147556 -0.0007271591093766524
62660.30164072656 -0.0006537392342493415
64494.667710376205 -0.0005872485929467096
66382.73442923075 -0.000527147205840029
68326.07387157406 -0.00047292425811903694
70326.30413380644 -0.0004240977730590006
72385.09068173247 -0.0003802141622562082
74504.14773728917 -0.00034084766229394454
76685.2397058701 -0.00030559966831012045
78930.18264543568 -0.00027409797561357886
81240.84577862974 -0.00024599594087334185
83619.15304916317 -0.000220971574658128
86067.08472376158 -0.0001987265770288037
88586.67904100832 -0.00017898532771538323
91180.03390845681 -0.00016149384190933112
93849.3086494272 -0.00014601870227427038
96596.72580093842 -0.0001323459770061534
99424.57296427398 -0.00012028013308081844
102335.20470972576 -0.00010964295301780006
105331.04453709359 -0.00010027246263852827
108414.5868935835 -9.20218763679756e-05
111588.3992507748 -8.475856596952171e-05
114855.12424239368 -7.836305751897414e-05
118217.48186466724 -7.272806090280535e-05
121678.27174109229 -6.775753517544412e-05
125240.3754535072 -6.336579250816433e-05
128906.75894140244 -5.947664289531566e-05
132680.47497147243 -5.60225810170573e-05
136564.66567946097 -5.2944016413691356e-05
140562.56518642136 -5.018854735500202e-05
144677.5022915648 -4.771027863915807e-05
148912.90324394088 -4.546918302780054e-05
153272.2945952612 -4.3430505810284915e-05
157759.30613623615 -4.156421164999035e-05
162377.67391887208 -3.984447263349151e-05
167131.2433672486 -3.824919631632929e-05
172023.97247935992 -3.6759592278682335e-05
177059.9351226898 -3.535977565135138e-05
182243.32442626648 -3.403640596747391e-05
187578.45627201613 -3.277835943414447e-05
193069.77288832495 -3.157643300266558e-05
198721.84654880533 -3.0423078146580017e-05
204539.38337933904 -2.9312162572014234e-05
210527.22727657072 -2.8238757954710046e-05
216690.3639411181 -2.719895170460655e-05
223033.9250288494 -2.6189681041401546e-05
229563.19242369095 -2.520858739452321e-05
236283.6026355175 -2.4253889543079147e-05
243200.7513267945 -2.332427358059277e-05
250320.39797173254 -2.2418798285008613e-05
257648.47065183744 -2.1536814184189762e-05
265191.0709918535 -2.0677894935970625e-05
272954.4792402007 -1.9841779654367646e-05
280945.1594981406 -1.9028324888770514e-05
289169.76510202966 -1.823746509215872e-05
297635.14416313195 -1.746918046260634e-05
306348.3452696084 -1.6723471261242136e-05
315316.62335543614 -1.6000337620150705e-05
324547.44574113254 -1.5299764031137884e-05
334048.4983513244 -1.4621707908793863e-05
343827.6921143307 -1.3966091425529226e-05
353893.1695490984 -1.3332796201991494e-05
364253.3115449638 -1.2721660208688706e-05
374916.74433988857 -1.2132476582769724e-05
385892.3467029899 -1.1564993878760243e-05
397189.25732733024 -1.1018917481313123e-05
408816.88243912894 -1.0493911879102104e-05
420784.9036297398 -9.989603603135633e-06
433103.2859169001 -9.50558458744427e-06
445782.28604197066 -9.04141582581466e-06
458832.461010084 -8.596631145205145e-06
472264.67688029545 -8.170741105486424e-06
486090.117813063 -7.763236729458727e-06
500320.2953825999 -7.37359325697569e-06
514967.0581618343 -7.001273635805357e-06
530042.6015879672 -6.645731883270187e-06
545559.4781168514 -6.306416199089575e-06
561530.6076746266 -5.982771831353763e-06
577969.2884153313 -5.67424373709545e-06
594889.2077934331 -5.38027894970541e-06
612304.4539605178 -5.100328723588214e-06
630229.5274956024 -4.833850457986862e-06
648679.3534788508 -4.580309339223736e-06
667669.2939187557 -4.339179813220062e-06
687215.1605431122 -4.109946841041831e-06
707333.2279644439 -3.892106943258253e-06
728040.2472308562 -3.6851690822934785e-06
749353.4597735757 -3.4886553962722336e-06
771290.6117627992 -3.3021017390359622e-06
793869.9688838223 -3.125058131441247e-06
817110.3315457187 -2.9570890641521654e-06
841031.0505352605 -2.797773688571051e-06
865652.0431290936 -2.646705944124045e-06
890993.8096776098 -2.503494545719522e-06
917077.4506742931 -2.367762950956036e-06
943924.6843247664 -2.239149209682649e-06
971557.8646301847 -2.1173058068093333e-06
1000000.0 -2.001899417363891e-06
