10.0 -29.060780628603272
10.292747724096083 -29.06089002820802
10.59406557118851 -29.061005938295832
10.904204429677526 -29.061128745353727
11.223422532664179 -29.061258858717174
11.551985672964793 -29.061396711916267
11.890167424419898 -29.061542764100988
12.238249369681931 -29.06169750155026
12.596521334671401 -29.061861439269503
12.965281629896682 -29.06203512268187
13.344837298838383 -29.06221912941845
13.735504373605137 -29.06241407121321
14.137608138073606 -29.06262059590842
14.551483398731937 -29.06283938957708
14.977474763452017 -29.06307117876874
15.415936928422726 -29.06331673288584
15.867234973483178 -29.063576866697723
16.331744666101677 -29.063852443000155
16.80985277425364 -29.0641443754284
17.301957388458945 -29.06445363143238
17.808468253246822 -29.064781235422842
18.329807108324356 -29.065128272098057
18.866408039732583 -29.065495889960754
19.418717841282557 -29.06588530503584
19.987196386572506 -29.06629780479969
20.57231701189556 -29.06673475233236
21.174566910357118 -29.06719759070485
21.794447537529855 -29.067687847613644
22.432475028984193 -29.06820714027582
23.089180630041927 -29.06875718059819
23.765111138110754 -29.069339780634795
24.46082935796799 -29.069956858347474
25.17691457037277 -29.070610443684963
25.913963014396586 -29.071302684996457
26.672588383874054 -29.072035855796265
27.453422338387142 -29.07281236189661
28.257115029208283 -29.073634748926345
29.08433564064048 -29.074505710253753
29.935772947204903 -29.075428095332132
30.812135887140037 -29.07640491848735
31.714154152689986 -29.077439368166843
32.642578797673224 -29.0785348166699
33.59818286283781 -29.07969483037929
34.58176201952381 -29.080923180514375
35.594135232168604 -29.08222385442579
36.63614544020716 -29.08360106745157
37.708660259934554 -29.08505927535436
38.81257270691538 -29.08660318735844
39.9488019395417 -29.088237779804643
41.118294024358306 -29.089968310440003
42.322022723792756 -29.091800333357156
43.56099030694608 -29.09373971459688
44.83622838411908 -29.09579264842419
46.148798765769385 -29.097965674285682
47.499794346614124 -29.100265694451583
48.890340015614456 -29.102699992341734
50.32159359259993 -29.105276251528803
51.7947467923121 -29.10800257540569
53.31102621667033 -29.1108875074959
54.87169437608604 -29.113940052376513
56.47805074067555 -29.117169697172255
58.131432822247135 -29.120586433566224
59.83321728796288 -29.12420078025761
61.58482110660264 -29.12802380577893
63.38770272838487 -29.132067151564627
65.24336329932625 -29.136343055138482
67.15334791115141 -29.140864373259273
69.11924688779365 -29.145644604831137
71.14269710955735 -29.150697913347223
73.22538337604533 -29.156039148590697
75.36903980898542 -29.161683867266404
77.57545129612417 -29.16764835217641
79.84645497739086 -29.173949629484518
82.18394177456803 -29.180605483534737
84.58985796574301 -29.187634468596627
87.06620680585127 -29.195055916803927
89.61505019466045 -29.202889941429294
92.23851039358476 -29.211157434495618
94.9387717927583 -29.219880057559266
97.71808272983904 -29.22908022431043
100.57875736205835 -29.23878107341539
103.52317759307378 -29.249006429771484
106.55379505623053 -29.25978075205204
109.67313315588179 -29.271129064079883
112.88378916846884 -29.283076867177357
116.18843640511002 -29.295650030190483
119.58982643749793 -29.308874653366107
123.09079138896018 -29.32277690166417
126.69424629259063 -29.33738280240098
130.40319151841317 -29.352718001332256
134.2207152716012 -29.36880747038252
138.14999616383224 -29.385675159196644
142.19430585991677 -29.403343581513766
146.357011801908 -29.421833326028892
150.64158001295928 -29.441162479895997
155.05157798326255 -29.461345951326358
159.5906776404731 -29.482394675832527
164.26265840709303 -29.50431468855745
169.071410347358 -29.527106042808438
174.0209374062485 -29.550761552400623
179.115360743323 -29.57526533273367
184.3589221641488 -29.600591112735128
189.75598765218504 -29.62670028699371
195.3110510040631 -29.653539674717603
201.02873757128856 -29.681038949792004
206.913808111479 -29.709107704472334
212.97116275234782 -29.73763210854543
219.20584507173257 -29.766471126679434
225.62304629706352 -29.79545225990752
232.22810962777245 -29.824366783721583
239.02653468423918 -29.852964466320376
246.02398208697775 -29.880947767692305
253.22627816987946 -29.90796554524184
260.63941983143474 -29.933606326690487
268.26957952797244 -29.95739125826374
276.1231104130753 -29.97876689793533
284.2065516274511 -29.997098101557384
292.5266337436645 -30.011661344887905
301.09028437025927 -30.021638935860736
309.9046339199427 -30.02611469503541
318.97702154663216 -30.024071809895357
328.3150012563047 -30.01439368680202
337.9263481967431 -29.995868712522924
347.819065131413 -29.967199867957447
358.00138910285807 -29.927020077013985
368.48179829116765 -29.873913988850497
379.26901907322497 -29.806446552395748
390.37203328860926 -29.723198234004716
401.8000857182091 -29.622806065119622
413.5626917817706 -29.5040089373241
425.66964546078714 -29.36569477985385
438.13102745333055 -29.20694658816499
450.9572135676145 -29.02708386613469
464.15888336127773 -28.82569602642957
477.7470290335773 -28.602664735944742
491.73296457790156 -28.35817308229325
506.1283352022219 -28.09270066281635
520.9451270253212 -27.80700507017881
536.1956770568817 -27.502091543033554
551.892683469738 -27.179173560434542
568.0492161728429 -26.839627746465172
584.6787276937589 -26.484946572996773
601.7950643797334 -26.116692051768432
619.412477926676 -25.736453006466743
637.5456372456507 -25.3458077544403
656.2096406767555 -24.946293242583188
675.4200285605586 -24.53938097795749
695.1927961775606 -24.12645953439523
715.5444070664574 -23.708823025229275
736.4918067322965 -23.287664702386266
758.0524367559261 -22.86407474741032
780.2442493165045 -22.43904132658404
803.0857221391512 -22.013454056121038
826.5958738801812 -21.588109135038387
850.7942799627444 -21.163715530138127
875.7010888760508 -20.74090172379897
901.3370389517438 -20.32022265126362
927.7234756314059 -19.90216655473693
954.8823692395666 -19.487161565124563
982.8363332770031 -19.075581888999565
1011.6086432495807 -18.667753529966735
1041.2232560483055 -18.263959512138527
1071.7048298967104 -17.86444460122425
1103.078744882215 -17.469419537927955
1135.3711240885177 -17.079064810880325
1168.608855346651 -16.693534003811546
1202.8196136227775 -16.312956755447214
1238.0318840613968 -15.937441371724447
1274.2749857031336 -15.567077129208563
1311.5790958968503 -15.201936306663374
1349.9752754264298 -14.842075979055952
1389.4954943731375 -14.487539605203494
1430.172658735088 -14.13835843703743
1472.0406378260013 -13.794552775240415
1515.134292476053 -13.456133092920036
1559.4895040582815 -13.123101046095787
1605.1432043647615 -12.795450387128579
1652.1334063573702 -12.473167794849116
1700.4992358187922 -12.156233633033997
1750.2809639301013 -11.844622647040854
1801.520040802024 -11.538304606824557
1854.2591299878522 -11.237244903199041
1908.542144006686 -10.941405103058774
1964.4142809066266 -10.650743468303482
2021.9220618983536 -10.365215442394673
2081.1133700903947 -10.084774107786263
2142.037490358383 -9.809370616886186
2204.7451503814746 -9.538954598705708
2269.288562880081 -9.273474542907557
2335.7214690901214 -9.012878162566247
2404.0991835099717 -8.757112736582199
2474.47863995735 -8.506125432341259
2546.91843897454 -8.25986360887293
2621.478896621356 -8.018275100433891
2698.222094696536 -7.7813084801316466
2777.211932429355 -7.5489133029027
2858.5141796844714 -7.321040326890975
2942.196531724374 -7.097641712029054
3028.3286655749457 -6.878671194433872
3116.9822980411436 -6.664084235083743
3208.2312454210773 -6.4538381411701025
3302.1514849681753 -6.247892158518606
3398.8212181526674 -6.046207533551673
3498.320935775036 -5.848747543433045
3600.73348498562 -5.655477493291826
3706.144138266228 -5.466364679757978
3814.640664431178 -5.281378320468234
3926.3134017068355 -5.100489449680396
4041.2553329506004 -4.923670780686871
4159.562163071847 -4.750896536299047
4281.332398719392 -4.582142249279109
4406.667430301786 -4.417384535208418
4535.671616408702 -4.256600840863058
4668.45237070379 -4.099769171719378
4805.1202513612425 -3.9468678026967514
4945.789053120639 -3.797874976651329
5090.575902036681 -3.652768595453413
5239.601353002645 -3.511525908682134
5392.98949012887 -3.3741232050710717
5550.868030059805 -3.2405355118091173
5713.36842831558 -3.1107363066574303
5880.625988746757 -2.984697247584304
6052.779976193349 -2.8623879242538273
6229.973732441841 -2.743775635243453
6412.354795576917 -2.6288251943198055
6600.075022827095 -2.5174987684997445
6793.290717006696 -2.4097557499691047
6992.162756659375 -2.3055526632500865
7196.856730011514 -2.204843108326848
7407.543072847163 -2.1075777397590243
7624.397210419138 -2.0137042811699897
7847.5997035146065 -1.9231675738904699
8077.3363987967105 -1.835909657998944
8313.798583547334 -1.7518698835186757
8557.183144940002 -1.6709850491328622
8807.692733975462 -1.593189565458818
9065.53593421636 -1.5184156396853832
9330.927435461663 -1.4465934782207521
9604.08821250538 -1.3776515039253483
9885.24570912827 -1.3115165844995749
10174.634027476064 -1.248114268664095
10472.494122981476 -1.1873690268982637
10779.074004992735 -1.1292044936739227
11094.628943275218 -1.0735437083462545
11419.421680558647 -1.020309352110897
11753.722651306367 -0.9694239787112792
12097.810206889013 -0.9208102368694292
12451.97084735032 -0.8743910827076441
12816.499459957597 -0.8300899807238995
13191.699564735716 -0.7878310921713896
13577.883567189278 -0.7475394499649024
13975.373018422924 -0.7091411195015096
14384.498882876629 -0.6725633450174127
14805.6018138991 -0.6377346813233808
15239.032437388305 -0.6045851109542861
15685.151643735446 -0.5730461469400546
16144.330888316019 -0.5430509215518959
16616.952500776908 -0.514534261499602
17103.41000337838 -0.48743275015931187
17604.108438655527 -0.46168477748789627
18119.46470667122 -0.4372305783434025
18649.907912142942 -0.41401225997271923
19195.87972173111 -0.391973819453491
19757.834731786996 -0.37106115189108324
20336.2408468667 -0.351222050172346
20931.579669325736 -0.33240619706819513
21544.346900318822 -0.3145651504565241
22175.052752539294 -0.29765232241592304
22824.222375040976 -0.2816229529045156
23492.396290496577 -0.2664340787075356
24180.13084525718 -0.25204449829502235
24887.998672586673 -0.23841473319331424
25616.589169457267 -0.22550698642995226
26366.508987303554 -0.21328509857222927
27138.3825371428 -0.2017145018350106
27932.85250948253 -0.19076217269272672
28750.580409448772 -0.18039658339286238
29592.247107579577 -0.1705876527260129
30458.55340674284 -0.16130669637339098
31350.220625651124 -0.15252637711761863
32267.991199458116 -0.14422065516904445
33212.62929793748 -0.13636473882896674
34184.92146175927 -0.12893503568358117
35185.677257392665 -0.12190910449736019
36215.72995118075 -0.11526560794621099
37275.93720314938 -0.10898426631394748
38367.18178112649 -0.10304581225099035
39490.37229576694 -0.09743194667983705
40646.44395709628 -0.09212529591105031
41836.359353200234 -0.0871093700245858
43061.10925171165 -0.08236852255089848
44321.713424760856 -0.07788791148234978
45619.221498074585 -0.07365346162836145
46954.71382493421 -0.06965182832319428
48329.30238571752 -0.06587036248581678
49744.13171377451 -0.062297077022960695
51200.37984840882 -0.058920614564392994
52699.259315756564 -0.05573021650960021
54242.01813838024 -0.05271569336561012
55829.94087441914 -0.0498673963477815
57464.34968715974 -0.04717619021565658
59146.605445917456 -0.044633427312877026
60878.108859147556 -0.04223092277599981
62660.30164072656 -0.03996093087971768
64494.667710376205 -0.037816122481241006
66382.73442923075 -0.03578956352699985
68326.07387157406 -0.033874694587086404
70326.30413380644 -0.03206531137659168
72385.09068173247 -0.030355546230007212
74504.14773728917 -0.028739850490008958
76685.2397058701 -0.0272129777741627
78930.18264543568 -0.025769968083794618
81240.84577862974 -0.02440613271903971
83619.15304916317 -0.023117039965971576
86067.08472376158 -0.021898501519374804
88586.67904100832 -0.020746559610484064
91180.03390845681 -0.01965747480558693
93849.3086494272 -0.018627714442611902
96596.72580093842 -0.01765394167575511
99424.57296427398 -0.01673300509866118
102335.20470972576 -0.015861928914428277
105331.04453709359 -0.015037903626887719
108414.5868935835 -0.014258277221605978
111588.3992507748 -0.013520546814775356
114855.12424239368 -0.012822350739106734
118217.48186466724 -0.01216146104592529
121678.27174109229 -0.011535776396989189
125240.3754535072 -0.010943315323582394
128906.75894140244 -0.010382209832004913
132680.47497147243 -0.009850699332927615
136564.66567946097 -0.009347124876068265
140562.56518642136 -0.008869923670804627
144677.5022915648 -0.00841762387541759
148912.90324394088 -0.007988839638704472
153272.2945952612 -0.0075822663783487974
157759.30613623615 -0.007196676282881441
162377.67391887208 -0.00683091402397328
167131.2433672486 -0.006483892667638152
172023.97247935992 -0.0061545897743245466
177059.9351226898 -0.005842043678313783
182243.32442626648 -0.005545349939086469
187578.45627201613 -0.005263657955730744
193069.77288832495 -0.004996167741799297
198721.84654880533 -0.0047421268506735266
204539.38337933904 -0.004500827450715299
210527.22727657072 -0.004271603543643181
216690.3639411181 -0.004053828324067137
223033.9250288494 -0.003846911675895006
229563.19242369095 -0.0036502978022521643
236283.6026355175 -0.0034634629874710434
243200.7513267945 -0.0032859134874409553
250320.39797173254 -0.0031171835429969646
257648.47065183744 -0.002956833517846381
265191.0709918535 -0.002804448152874504
272954.4792402007 -0.002659634935607931
280945.1594981406 -0.0025220225809000543
289169.76510202966 -0.0023912596168988967
297635.14416313195 -0.002267013074104991
306348.3452696084 -0.0021489672699280243
315316.62335543614 -0.0020368226869252872
324547.44574113254 -0.0019302949368505701
334048.4983513244 -0.0018291138065755145
343827.6921143307 -0.0017330223804417019
353893.1695490984 -0.0016417762333158228
364253.3115449638 -0.0015551426904789256
374916.74433988857 -0.0014729001460088325
385892.3467029899 -0.0013948374383530408
397189.25732733024 -0.0013207532765740256
408816.88243912894 -0.0012504557112403523
420784.9036297398 -0.0011837616489620909
433103.2859169001 -0.0011204964033402782
445782.28604197066 -0.0010604932799415866
458832.461010084 -0.0010035931920214618
472264.67688029545 -0.0009496443033200005
486090.117813063 -0.0008985016948500329
500320.2953825999 -0.0008500270535680568
514967.0581618343 -0.0008040883804288953
530042.6015879672 -0.000760559715182966
545559.4781168514 -0.0007193208772276885
561530.6076746266 -0.0006802572195452315
577969.2884153313 -0.0006432593954317177
594889.2077934331 -0.0006082231362102765
612304.4539605178 -0.0005750490388681589
630229.5274956024 -0.0005436423629490655
648679.3534788508 -0.0005139128358084149
667669.2939187557 -0.000485774465911445
687215.1605431122 -0.0004591453629082377
707333.2279644439 -0.00043394756411687605
728040.2472308562 -0.00041010686883313264
749353.4597735757 -0.00038755267638061264
771290.6117627992 -0.0003662178323251129
793869.9688838223 -0.00034603847802200025
817110.3315457187 -0.00032695390685116366
841031.0505352605 -0.0003089064252152453
865652.0431290936 -0.0002918412176518882
890993.8096776098 -0.00027570621883143384
917077.4506742931 -0.0002604519878679838
943924.6843247664 -0.00024603158841847363
971557.8646301847 -0.00023240047365373712
1000000.0 -0.0002195163745867667
