10.0 -1.9211301835881471
10.292747724096083 -1.9211563315244706
10.59406557118851 -1.9211840322239648
10.904204429677526 -1.9212133778580578
11.223422532664179 -1.9212444660649666
11.551985672964793 -1.9212774002730764
11.890167424419898 -1.9213122900440358
12.238249369681931 -1.9213492514355133
12.596521334671401 -1.921388407385617
12.965281629896682 -1.9214298881199352
13.344837298838383 -1.921473831582562
13.735504373605137 -1.921520383892346
14.137608138073606 -1.921569699826133
14.551483398731937 -1.9216219433304282
14.977474763452017 -1.9216772880629711
15.415936928422726 -1.9217359179661762
15.867234973483178 -1.9217980278743951
16.331744666101677 -1.9218638241565316
16.80985277425364 -1.921933525396258
17.301957388458945 -1.9220073631124244
17.808468253246822 -1.922085582521262
18.329807108324356 -1.9221684433431407
18.866408039732583 -1.9222562206565965
19.418717841282557 -1.922349205801981
19.987196386572506 -1.9224477073377677
20.57231701189556 -1.9225520520525716
21.174566910357118 -1.9226625860359083
21.794447537529855 -1.9227796758110285
22.432475028984193 -1.922903709533398
23.089180630041927 -1.9230350982585118
23.765111138110754 -1.923174277282992
24.46082935796799 -1.9233217075627762
25.17691457037277 -1.9234778772132382
25.913963014396586 -1.9236433030951197
26.672588383874054 -1.9238185324915655
27.453422338387142 -1.9240041448809313
28.257115029208283 -1.9242007538108816
29.08433564064048 -1.924409008878892
29.935772947204903 -1.9246295978253274
30.812135887140037 -1.9248632487449246
31.714154152689986 -1.9251107324229941
32.642578797673224 -1.925372864802981
33.59818286283781 -1.9256505095924177
34.58176201952381 -1.9259445810142588
35.594135232168604 -1.926256046711258
36.63614544020716 -1.926585930811182
37.708660259934554 -1.9269353171611656
38.81257270691538 -1.9273053527391566
39.9488019395417 -1.927697251252123
41.118294024358306 -1.9281122969290188
42.322022723792756 -1.9285518485189368
43.56099030694608 -1.929017343503382
44.83622838411908 -1.929510302533025
46.148798765769385 -1.9300323340992032
47.499794346614124 -1.9305851394502116
48.890340015614456 -1.931170517763747
50.32159359259993 -1.9317903715859424
51.7947467923121 -1.932446712547938
53.31102621667033 -1.9331416673716408
54.87169437608604 -1.933877484175133
56.47805074067555 -1.9346565390896053
58.131432822247135 -1.9354813431979492
59.83321728796288 -1.9363545498067656
61.58482110660264 -1.937278962061519
63.38770272838487 -1.9382575409151301
65.24336329932625 -1.9392934134598596
67.15334791115141 -1.940389881630432
69.11924688779365 -1.9415504312870104
71.14269710955735 -1.9427787416840971
73.22538337604533 -1.9440786953310396
75.36903980898542 -1.94545438824747
77.57545129612417 -1.9469101406156626
79.84645497739086 -1.9484505078291883
82.18394177456803 -1.9500802919344387
84.58985796574301 -1.9518045534590582
87.06620680585127 -1.9536286236172944
89.61505019466045 -1.955558116878425
92.23851039358476 -1.9575989438797725
94.9387717927583 -1.9597573246606643
97.71808272983904 -1.9620398021877559
100.57875736205835 -1.9644532561351888
103.52317759307378 -1.9670049168759671
106.55379505623053 -1.969702379632325
109.67313315588179 -1.9725536187236423
112.88378916846884 -1.975567001839924
116.18843640511002 -1.9787513042571934
119.58982643749793 -1.9821157228994362
123.09079138896018 -1.9856698901365082
126.69424629259063 -1.989423887192916
130.40319151841317 -1.9933882570259132
134.2207152716012 -1.9975740165126343
138.14999616383224 -2.0019926677669946
142.19430585991677 -2.0066562083862114
146.357011801908 -2.011577140403274
150.64158001295928 -2.0167684776990287
155.05157798326255 -2.022243751600961
159.5906776404731 -2.0280170143701843
164.26265840709303 -2.0341028402486456
169.071410347358 -2.0405163237113535
174.0209374062485 -2.0472730745372285
179.115360743323 -2.054389209283322
184.3589221641488 -2.061881338715642
189.75598765218504 -2.0697665507215817
195.3110510040631 -2.0780623881990414
201.02873757128856 -2.086786821391021
206.913808111479 -2.095958214110138
212.97116275234782 -2.105595283275977
219.20584507173257 -2.1157170511730174
225.62304629706352 -2.1263427898245864
232.22810962777245 -2.137491956876498
239.02653468423918 -2.1491841223880344
246.02398208697775 -2.161438885942601
253.22627816987946 -2.174275783518922
260.63941983143474 -2.1877141836020226
268.26957952797244 -2.201773172070565
276.1231104130753 -2.216471425468779
284.2065516274511 -2.2318270723641636
292.5266337436645 -2.247857542602856
301.09028437025927 -2.264579404409896
309.9046339199427 -2.2820081894384745
318.97702154663216 -2.300158206053372
328.3150012563047 -2.3190423413385863
337.9263481967431 -2.3386718525502475
347.819065131413 -2.3590561489857085
358.00138910285807 -2.380202565516251
368.48179829116765 -2.402116129320355
379.26901907322497 -2.4247993216640658
390.37203328860926 -2.4482518368905675
401.8000857182091 -2.4724703411046085
413.5626917817706 -2.4974482333560095
425.66964546078714 -2.5231754124353927
438.13102745333055 -2.5496380526864066
450.9572135676145 -2.576818392497791
464.15888336127773 -2.6046945393615544
477.7470290335773 -2.6332402955539598
491.73296457790156 -2.6624250086080608
506.1283352022219 -2.6922134507851156
520.9451270253212 -2.72256573171369
536.1956770568817 -2.7534372482346843
551.892683469738 -2.7847786752683885
568.0492161728429 -2.816536001195285
584.6787276937589 -2.848650610817749
601.7950643797334 -2.8810594184453535
619.412477926676 -2.913695053024888
637.5456372456507 -2.9464860965252044
656.2096406767555 -2.9793573759990193
675.4200285605586 -3.012230308889088
695.1927961775606 -3.0450233002445533
715.5444070664574 -3.0776521895817965
736.4918067322965 -3.1100307441833106
758.0524367559261 -3.1420711947026687
780.2442493165045 -3.173684808053825
803.0857221391512 -3.2047824917321894
826.5958738801812 -3.2352754229653624
850.7942799627444 -3.26507569544421
875.7010888760508 -3.2940969758538423
901.3370389517438 -3.3222551620297693
927.7234756314059 -3.349469034312639
954.8823692395666 -3.3756608915784927
982.8363332770031 -3.400757163480326
1011.6086432495807 -3.4246889906521205
1041.2232560483055 -3.4473927649969567
1071.7048298967104 -3.468810622694512
1103.078744882215 -3.488890883214287
1135.3711240885177 -3.5075884283905623
1168.608855346651 -3.524865016495746
1202.8196136227775 -3.5406895272100805
1238.0318840613968 -3.5550381344248363
1274.2749857031336 -3.5678944048959407
1311.5790958968503 -3.5792493218788675
1349.9752754264298 -3.589101233994943
1389.4954943731375 -3.597455730683053
1430.172658735088 -3.604325446666134
1472.0406378260013 -3.6097297988785106
1515.134292476053 -3.6136946602504203
1559.4895040582815 -3.6162519756039453
1605.1432043647615 -3.6174393256735824
1652.1334063573702 -3.6172994459013608
1700.4992358187922 -3.6158797071702207
1750.2809639301013 -3.6132315660139245
1801.520040802024 -3.6094099920757556
1854.2591299878522 -3.604472880677803
1908.542144006686 -3.5984804583091954
1964.4142809066266 -3.5914946886492554
2021.9220618983536 -3.5835786864166086
2081.1133700903947 -3.5747961458922943
2142.037490358383 -3.565210790411766
2204.7451503814746 -3.5548858484775367
2269.288562880081 -3.5438835614304427
2335.7214690901214 -3.532264726845736
2404.0991835099717 -3.520088281018758
2474.47863995735 -3.507410923089341
2546.91843897454 -3.494286782543532
2621.478896621356 -3.480767131048601
2698.222094696536 -3.466900138832689
2777.211932429355 -3.4527306751355944
2858.5141796844714 -3.438300151636524
2942.196531724374 -3.4236464072244073
3028.3286655749457 -3.4088036320164647
3116.9822980411436 -3.3938023281596608
3208.2312454210773 -3.3786693046631116
3302.1514849681753 -3.363427703312174
3398.8212181526674 -3.3480970525943112
3498.320935775036 -3.3326933465258826
3600.73348498562 -3.317229145295185
3706.144138266228 -3.3017136947211294
3814.640664431178 -3.286153061667361
3926.3134017068355 -3.270550282728613
4041.2553329506004 -3.2549055237198443
4159.562163071847 -3.239216247735342
4281.332398719392 -3.223477389795714
4406.667430301786 -3.2076815363618643
4535.671616408702 -3.191819108253152
4668.45237070379 -3.175878545762803
4805.1202513612425 -3.159846495006043
4945.789053120639 -3.143707994762379
5090.575902036681 -3.127446663281564
5239.601353002645 -3.111044884706735
5392.98949012887 -3.09448399492603
5550.868030059805 -3.0777444667947695
5713.36842831558 -3.0608060947735423
5880.625988746757 -3.0436481790989696
6052.779976193349 -3.026249709646707
6229.973732441841 -3.008589549658679
6412.354795576917 -2.9906466194879004
6600.075022827095 -2.9724000804693813
6793.290717006696 -2.953829518949364
6992.162756659375 -2.9349151304040015
7196.856730011514 -2.91563790345558
7407.543072847163 -2.895979803443195
7624.397210419138 -2.8759239550416176
7847.5997035146065 -2.855454823239492
8077.3363987967105 -2.8345583917951767
8313.798583547334 -2.8132223380898207
8557.183144940002 -2.791436203099178
8807.692733975462 -2.7691915550099173
9065.53593421636 -2.7464821448252503
9330.927435461663 -2.7233040521431624
9604.08821250538 -2.6996558191504523
9885.24570912827 -2.6755385707773884
10174.634027476064 -2.6509561188913207
10472.494122981476 -2.6259150483956724
10779.074004992735 -2.6004247831369947
11094.628943275218 -2.5744976296195787
11419.421680558647 -2.5481487966839094
11753.722651306367 -2.521396389525316
12097.810206889013 -2.494261376710372
12451.97084735032 -2.4667675291912836
12816.499459957597 -2.4389413307131456
13191.699564735716 -2.410811859453113
13577.883567189278 -2.3824106412101855
13975.373018422924 -2.3537714749713547
14384.498882876629 -2.3249302321975276
14805.6018138991 -2.2959246316889645
15239.032437388305 -2.2667939923872376
15685.151643735446 -2.237578966934817
16144.330888316019 -2.208321259227694
16616.952500776908 -2.1790633295483666
17103.41000337838 -2.1498480911426885
17604.108438655527 -2.12071860229525
18119.46470667122 -2.0917177580569364
18649.907912142942 -2.0628879857827496
19195.87972173111 -2.0342709485445987
19757.834731786996 -2.005907260298767
20336.2408468667 -1.977836216415805
20931.579669325736 -1.9500955428315567
21544.346900318822 -1.9227211666627497
22175.052752539294 -1.8957470106642833
22824.222375040976 -1.8692048134013244
23492.396290496577 -1.8431239764852645
24180.13084525718 -1.817531439691035
24887.998672586673 -1.7924515842528166
25616.589169457267 -1.7679061641360392
26366.508987303554 -1.7439142646207364
27138.3825371428 -1.7204922871118036
27932.85250948253 -1.6976539587274933
28750.580409448772 -1.6754103649076106
29592.247107579577 -1.6537700030384048
30458.55340674284 -1.632738854905522
31350.220625651124 -1.6123204756632183
32267.991199458116 -1.592516096943655
33212.62929793748 -1.5733247417175096
34184.92146175927 -1.5547433485544617
35185.677257392665 -1.5367669030116524
36215.72995118075 -1.5193885739920676
37275.93720314938 -1.5025998530589222
38367.18178112649 -1.4863906948557002
39490.37229576694 -1.47074965696425
40646.44395709628 -1.4556640377213022
41836.359353200234 -1.441120010708954
43061.10925171165 -1.4271027548281425
44321.713424760856 -1.4135965790522975
45619.221498074585 -1.4005850411400924
46954.71382493421 -1.3880510597560671
48329.30238571752 -1.3759770196068275
49744.13171377451 -1.3643448693436768
51200.37984840882 -1.353136212115148
52699.259315756564 -1.3423323887657008
54242.01813838024 -1.3319145537807706
55829.94087441914 -1.3218637441629282
57464.34968715974 -1.3121609415003188
59146.605445917456 -1.302787127547623
60878.108859147556 -1.2937233336907406
62660.30164072656 -1.2849506847064796
64494.667710376205 -1.276450437256595
66382.73442923075 -1.2682040135800896
68326.07387157406 -1.2601930308589404
70326.30413380644 -1.252399326745154
72385.09068173247 -1.2448049815345086
74504.14773728917 -1.2373923374755593
76685.2397058701 -1.2301440156936148
78930.18264543568 -1.2230429312013678
81240.84577862974 -1.2160723064556436
83619.15304916317 -1.20921568390427
86067.08472376158 -1.2024569379516474
88586.67904100832 -1.195780286748747
91180.03390845681 -1.1891703041949004
93849.3086494272 -1.182611932512718
96596.72580093842 -1.1760904957300427
99424.57296427398 -1.1695917143750727
102335.20470972576 -1.1631017216571748
105331.04453709359 -1.1566070813710827
108414.5868935835 -1.1500948077209672
111588.3992507748 -1.14355238722196
114855.12424239368 -1.1369678027838395
118217.48186466724 -1.130329560036433
121678.27174109229 -1.123626715896575
125240.3754535072 -1.1168489093181697
128906.75894140244 -1.1099863941037373
132680.47497147243 -1.1030300735870928
136564.66567946097 -1.0959715369289607
140562.56518642136 -1.088803096691398
144677.5022915648 -1.081517827285929
148912.90324394088 -1.0741096038169777
153272.2945952612 -1.0665731407681711
157759.30613623615 -1.0589040299149728
162377.67391887208 -1.0510987767817
167131.2433672486 -1.043154834911024
172023.97247935992 -1.0350706371655676
177059.9351226898 -1.0268456232574006
182243.32442626648 -1.018480262679073
187578.45627201613 -1.0099760722177233
193069.77288832495 -1.0013356272530174
198721.84654880533 -0.9925625660819465
204539.38337933904 -0.9836615865796188
210527.22727657072 -0.9746384345924631
216690.3639411181 -0.9654998835662821
223033.9250288494 -0.956253705046292
229563.19242369095 -0.946908629830357
236283.6026355175 -0.9374742997245711
243200.7513267945 -0.9279612100237806
250320.39797173254 -0.918380643027865
257648.47065183744 -0.9087445930872817
265191.0709918535 -0.899065683858799
272954.4792402007 -0.889357078625173
280945.1594981406 -0.8796323846961224
289169.76510202966 -0.8699055530456651
297635.14416313195 -0.8601907744617845
306348.3452696084 -0.8505023735680228
315316.62335543614 -0.8408547021353767
324547.44574113254 -0.8312620331241954
334048.4983513244 -0.8217384568807755
343827.6921143307 -0.8122977808700065
353893.1695490984 -0.8029534342416369
364253.3115449638 -0.7937183784211541
374916.74433988857 -0.7846050247798596
385892.3467029899 -0.775625160282037
397189.25732733024 -0.7667898818362993
408816.88243912894 -0.7581095398934097
420784.9036297398 -0.7495936916504322
433103.2859169001 -0.7412510640298102
445782.28604197066 -0.7330895264295099
458832.461010084 -0.7251160730647365
472264.67688029545 -0.7173368145755041
486090.117813063 -0.709756978434321
500320.2953825999 -0.7023809175735694
514967.0581618343 -0.6952121265611058
530042.6015879672 -0.6882532645794125
545559.4781168514 -0.6815061844109189
561530.6076746266 -0.6749719666117084
577969.2884153313 -0.6686509580368121
594889.2077934331 -0.6625428138975649
612304.4539605178 -0.6566465425472802
630229.5274956024 -0.6509605522379152
648679.3534788508 -0.6454826991291698
667669.2939187557 -0.6402103358921772
687215.1605431122 -0.6351403603122335
707333.2279644439 -0.6302692633561895
728040.2472308562 -0.6255931762422497
749353.4597735757 -0.6211079161117369
771290.6117627992 -0.6168090299720689
793869.9688838223 -0.6126918366407229
817110.3315457187 -0.6087514664781264
841031.0505352605 -0.6049828987551488
865652.0431290936 -0.6013809965480574
890993.8096776098 -0.5979405390975954
917077.4506742931 -0.5946562516126579
943924.6843247664 -0.5915228325282627
971557.8646301847 -0.5885349782608567
1000000.0 -0.5856874055237156
