10.0 31.749314122357756
10.292747724096083 31.749467309346187
10.59406557118851 31.749629590752093
10.904204429677526 31.74980150612289
11.223422532664179 31.749983626970597
11.551985672964793 31.750176558659966
11.890167424419898 31.750380942407496
12.238249369681931 31.750597457397703
12.596521334671401 31.750826823023512
12.965281629896682 31.75106980125781
13.344837298838383 31.751327199163867
13.735504373605137 31.751599871552546
14.137608138073606 31.751888723794757
14.551483398731937 31.75219471479803
14.977474763452017 31.752518860156634
15.415936928422726 31.752862235485185
15.867234973483178 31.753225979946084
16.331744666101677 31.753611299981934
16.80985277425364 31.75401947326439
17.301957388458945 31.754451852871885
17.808468253246822 31.754909871708875
18.329807108324356 31.755395047180336
18.866408039732583 31.755908986135708
19.418717841282557 31.75645339009734
19.987196386572506 31.757030060789152
20.57231701189556 31.75764090598216
21.174566910357118 31.758287945674304
21.794447537529855 31.758973318622754
22.432475028984193 31.75969928924799
23.089180630041927 31.76046825492977
23.765111138110754 31.76128275371594
24.46082935796799 31.762145472466297
25.17691457037277 31.763059255454493
25.913963014396586 31.764027113452098
26.672588383874054 31.76505223332007
27.453422338387142 31.7661379881338
28.257115029208283 31.767287947869217
29.08433564064048 31.768505890678345
29.935772947204903 31.769795814783937
30.812135887140037 31.771161951023966
31.714154152689986 31.77260877607768
32.642578797673224 31.77414102640633
33.59818286283781 31.775763712942386
34.58176201952381 31.777482136562462
35.594135232168604 31.779301904379814
36.63614544020716 31.78122894689345
37.708660259934554 31.783269536031604
38.81257270691538 31.78543030412808
39.9488019395417 31.787718263870598
41.118294024358306 31.790140829260704
42.322022723792756 31.7927058376251
43.56099030694608 31.795421572718435
44.83622838411908 31.798296788957174
46.148798765769385 31.801340736823963
47.499794346614124 31.80456318948115
48.890340015614456 31.807974470630533
50.32159359259993 31.811585483655627
51.7947467923121 31.81540774207985
53.31102621667033 31.819453401372016
54.87169437608604 31.823735292127054
56.47805074067555 31.82826695464595
58.131432822247135 31.833062674934443
59.83321728796288 31.838137522134147
61.58482110660264 31.84350738739355
63.38770272838487 31.849189024178685
65.24336329932625 31.85520009001445
67.15334791115141 31.861559189637813
69.11924688779365 31.86828591953254
71.14269710955735 31.875400913802107
73.22538337604533 31.882925891323307
75.36903980898542 31.890883704106162
77.57545129612417 31.899298386768077
79.84645497739086 31.90819520700934
82.18394177456803 31.91760071695528
84.58985796574301 31.92754280520502
87.06620680585127 31.938050749400183
89.61505019466045 31.949155269097037
92.23851039358476 31.96088857869374
94.9387717927583 31.973284440129316
97.71808272983904 31.986378215033984
100.57875736205835 32.00020691597061
103.52317759307378 32.01480925636452
106.55379505623053 32.03022569867467
109.67313315588179 32.04649850031189
112.88378916846884 32.06367175676198
116.18843640511002 32.08179144132084
119.58982643749793 32.10090544079836
123.09079138896018 32.12106358649607
126.69424629259063 32.14231767971322
130.40319151841317 32.16472151098569
134.2207152716012 32.18833087221549
138.14999616383224 32.21320356080418
142.19430585991677 32.239399374864874
146.357011801908 32.266980098554285
150.64158001295928 32.29600947654167
155.05157798326255 32.32655317661592
159.5906776404731 32.35867873942845
164.26265840709303 32.39245551437921
169.071410347358 32.42795458067824
174.0209374062485 32.46524865265817
179.115360743323 32.504411968475225
184.3589221641488 32.5455201614203
189.75598765218504 32.588650113167965
195.3110510040631 32.63387978842318
201.02873757128856 32.6812880505817
206.913808111479 32.73095445820331
212.97116275234782 32.78295904230545
219.20584507173257 32.83738206471894
225.62304629706352 32.894303758005016
232.22810962777245 32.9538040477119
239.02653468423918 33.01596225804613
246.02398208697775 33.080856802344755
253.22627816987946 33.148564860053604
260.63941983143474 33.21916204223913
268.26957952797244 33.29272204797799
276.1231104130753 33.369316314274286
284.2065516274511 33.4490136624384
292.5266337436645 33.53187994411725
301.09028437025927 33.6179776903837
309.9046339199427 33.70736576746462
318.97702154663216 33.80009904280564
328.3150012563047 33.896228065227575
337.9263481967431 33.99579876292141
347.819065131413 34.098852162949164
358.00138910285807 34.20542413576662
368.48179829116765 34.315545168059614
379.26901907322497 34.42924016689068
390.37203328860926 34.546528297791454
401.8000857182091 34.66742285901524
413.5626917817706 34.791931193691426
425.66964546078714 34.92005464110952
438.13102745333055 35.05178852781812
450.9572135676145 35.187122198663864
464.15888336127773 35.32603908733375
477.7470290335773 35.4685168254112
491.73296457790156 35.61452738842915
506.1283352022219 35.76403727690998
520.9451270253212 35.91700772993777
536.1956770568817 36.07339496841894
551.892683469738 36.2331504648624
568.0492161728429 36.39622123625428
584.6787276937589 36.56255015641816
601.7950643797334 36.73207628414056
619.412477926676 36.90473520330186
637.5456372456507 37.08045937128127
656.2096406767555 37.259178471996776
675.4200285605586 37.44081977008927
695.1927961775606 37.62530846295932
715.5444070664574 37.812568027604186
736.4918067322965 38.002520559476
758.0524367559261 38.19508710087852
780.2442493165045 38.39018795673321
803.0857221391512 38.587742995865725
826.5958738801812 38.78767193628525
850.7942799627444 38.98989461324452
875.7010888760508 39.19433122917222
901.3370389517438 39.40090258485637
927.7234756314059 39.60953029152559
954.8823692395666 39.820136963719186
982.8363332770031 40.0326463930573
1011.6086432495807 40.246983703216955
1041.2232560483055 40.46307548658782
1071.7048298967104 40.68084992322394
1103.078744882215 40.900236882825986
1135.3711240885177 41.12116801058115
1168.608855346651 41.34357679776083
1202.8196136227775 41.56739863802618
1238.0318840613968 41.79257087042561
1274.2749857031336 42.019032810083715
1311.5790958968503 42.246725767583655
1349.9752754264298 42.475593058034285
1389.4954943731375 42.70558000079292
1430.172658735088 42.936633910784195
1472.0406378260013 43.16870408232003
1515.134292476053 43.40174176628311
1559.4895040582815 43.6357001414904
1605.1432043647615 43.87053428100493
1652.1334063573702 44.10620111411305
1700.4992358187922 44.342659384633826
1750.2809639301013 44.57986960617535
1801.520040802024 44.817794014902866
1854.2591299878522 45.056396520334104
1908.542144006686 45.295642654629546
1964.4142809066266 45.53549952079977
2021.9220618983536 45.77593574020896
2081.1133700903947 46.01692139971209
2142.037490358383 46.25842799872561
2204.7451503814746 46.50042839649507
2269.288562880081 46.74289675978997
2335.7214690901214 46.9858085112258
2404.0991835099717 47.2291402783845
2474.47863995735 47.47286984387924
2546.91843897454 47.71697609648584
2621.478896621356 47.96143898344178
2698.222094696536 48.20623946399505
2777.211932429355 48.45135946426734
2858.5141796844714 48.69678183348122
2942.196531724374 48.94249030158724
3028.3286655749457 49.188469438314414
3116.9822980411436 49.43470461365784
3208.2312454210773 49.68118195980681
3302.1514849681753 49.92788833450966
3398.8212181526674 50.174811285864195
3498.320935775036 50.42193901851672
3600.73348498562 50.66926036124727
3706.144138266228 50.91676473591533
3814.640664431178 51.16444212773562
3926.3134017068355 51.41228305685157
4041.2553329506004 51.66027855117144
4159.562163071847 51.90842012043025
4281.332398719392 52.15669973143956
4406.667430301786 52.405109784485916
4535.671616408702 52.653643090838486
4668.45237070379 52.90229285132586
4805.1202513612425 53.151052635942236
4945.789053120639 53.399916364443115
5090.575902036681 53.6488782878913
5239.601353002645 53.89793297111416
5392.98949012887 54.147075276034386
5550.868030059805 54.39630034583665
5713.36842831558 54.64560358993381
5880.625988746757 54.89498066969709
6052.779976193349 55.14442748491605
6229.973732441841 55.39394016095454
6412.354795576917 55.64351503657056
6600.075022827095 55.8931486523688
6793.290717006696 56.14283773985563
6992.162756659375 56.39257921106772
7196.856730011514 56.64237014874621
7407.543072847163 56.89220779703
7624.397210419138 57.14208955264209
7847.5997035146065 57.39201295654473
8077.3363987967105 57.64197568603969
8313.798583547334 57.8919755472911
8557.183144940002 58.142010468249396
8807.692733975462 58.392078491955964
9065.53593421636 58.642177770208605
9330.927435461663 58.89230655756936
9604.08821250538 59.142463205696956
9885.24570912827 59.39264615798653
10174.634027476064 59.64285394450104
10472.494122981476 59.89308517717848
10779.074004992735 60.14333854530078
11094.628943275218 60.39361281121011
11419.421680558647 60.64390680625975
11753.722651306367 60.894219426986695
12097.810206889013 61.144549631494314
12451.97084735032 61.39489643603387
12816.499459957597 61.6452589117739
13191.699564735716 61.89563618174748
13577.883567189278 62.14602741796795
13975.373018422924 62.39643183870359
14384.498882876629 62.6468487059028
14805.6018138991 62.89727732276178
15239.032437388305 63.14771703142658
15685.151643735446 63.398167210822365
16144.330888316019 63.648627274603186
16616.952500776908 63.899096669215034
17103.41000337838 64.14957487206662
17604.108438655527 64.40006138980178
18119.46470667122 64.65055575666733
18649.907912142942 64.9010575329723
19195.87972173111 65.15156630363231
19757.834731786996 65.40208167679512
20336.2408468667 65.65260328254274
20931.579669325736 65.9031307716656
21544.346900318822 66.1536638145052
22175.052752539294 66.40420209986104
22824.222375040976 66.65474533395879
23492.396290496577 66.90529323947555
24180.13084525718 67.1558455546199
24887.998672586673 67.40640203226307
25616.589169457267 67.6569624391185
26366.508987303554 67.9075265549675
27138.3825371428 68.15809417192787
27932.85250948253 68.40866509376342
28750.580409448772 68.6592391352323
29592.247107579577 68.90981612147132
30458.55340674284 69.16039588741513
31350.220625651124 69.41097827724748
32267.991199458116 69.66156314388344
33212.62929793748 69.91215034848037
34184.92146175927 70.1627397599764
35185.677257392665 70.41333125465472
36215.72995118075 70.66392471573192
37275.93720314938 70.91452003296992
38367.18178112649 71.16511710230918
39490.37229576694 71.41571582552247
40646.44395709628 71.66631610988841
41836.359353200234 71.91691786788269
43061.10925171165 72.167521016887
44321.713424760856 72.41812547891425
45619.221498074585 72.66873118034883
46954.71382493421 72.91933805170189
48329.30238571752 73.16994602737986
49744.13171377451 73.42055504546633
51200.37984840882 73.67116504751587
52699.259315756564 73.92177597835953
54242.01813838024 74.1723877859212
55829.94087441914 74.42300042104426
57464.34968715974 74.67361383732799
59146.605445917456 74.92422799097301
60878.108859147556 75.1748428406355
62660.30164072656 75.42545834728969
64494.667710376205 75.67607447409765
66382.73442923075 75.9266911862869
68326.07387157406 76.17730845103453
70326.30413380644 76.42792623735787
72385.09068173247 76.67854451601139
74504.14773728917 76.9291632593893
76685.2397058701 77.17978244143362
78930.18264543568 77.43040203754738
81240.84577862974 77.6810220245128
83619.15304916317 77.93164238041383
86067.08472376158 78.1822630845633
88586.67904100832 78.43288411743397
91180.03390845681 78.68350546059347
93849.3086494272 78.93412709664295
96596.72580093842 79.18474900915919
99424.57296427398 79.43537118263971
102335.20470972576 79.68599360245143
105331.04453709359 79.93661625478165
108414.5868935835 80.18723912659226
111588.3992507748 80.43786220557612
114855.12424239368 80.68848548011628
118217.48186466724 80.93910893924715
121678.27174109229 81.18973257261794
125240.3754535072 81.44035637045837
128906.75894140244 81.69098032354594
132680.47497147243 81.94160442317528
136564.66567946097 82.19222866112916
140562.56518642136 82.44285302965116
144677.5022915648 82.69347752141977
148912.90324394088 82.94410212952394
153272.2945952612 83.19472684744028
157759.30613623615 83.4453516690111
162377.67391887208 83.695976588424
167131.2433672486 83.94660160019257
172023.97247935992 84.19722669913797
177059.9351226898 84.4478518803718
182243.32442626648 84.69847713927975
187578.45627201613 84.94910247150627
193069.77288832495 85.19972787294002
198721.84654880533 85.45035333970023
204539.38337933904 85.70097886812377
210527.22727657072 85.95160445475281
216690.3639411181 86.20223009632353
223033.9250288494 86.45285578975503
229563.19242369095 86.70348153213929
236283.6026355175 86.95410732073123
243200.7513267945 87.20473315293978
250320.39797173254 87.45535902631914
257648.47065183744 87.70598493856063
265191.0709918535 87.95661088748508
272954.4792402007 88.2072368710355
280945.1594981406 88.45786288727021
289169.76510202966 88.70848893435644
297635.14416313195 88.9591150105642
306348.3452696084 89.2097411142605
315316.62335543614 89.4603672439039
324547.44574113254 89.71099339803943
334048.4983513244 89.9616195752937
343827.6921143307 90.2122457743703
353893.1695490984 90.46287199404553
364253.3115449638 90.71349823316436
374916.74433988857 90.96412449063644
385892.3467029899 91.21475076543263
397189.25732733024 91.46537705658149
408816.88243912894 91.71600336316601
420784.9036297398 91.96662968432065
433103.2859169001 92.21725601922842
445782.28604197066 92.46788236711805
458832.461010084 92.71850872726161
472264.67688029545 92.96913509897198
486090.117813063 93.21976148160049
500320.2953825999 93.47038787453494
514967.0581618343 93.72101427719744
530042.6015879672 93.97164068904246
545559.4781168514 94.22226710955508
561530.6076746266 94.47289353824928
577969.2884153313 94.72351997466629
594889.2077934331 94.97414641837301
612304.4539605178 95.2247728689607
630229.5274956024 95.47539932604352
648679.3534788508 95.72602578925719
667669.2939187557 95.97665225825799
687215.1605431122 96.22727873272137
707333.2279644439 96.47790521234101
728040.2472308562 96.7285316968278
749353.4597735757 96.97915818590883
771290.6117627992 97.22978467932637
793869.9688838223 97.48041117683738
817110.3315457187 97.73103767821223
841031.0505352605 97.9816641832343
865652.0431290936 98.23229069169913
890993.8096776098 98.48291720341344
917077.4506742931 98.73354371819529
943924.6843247664 98.98417023587241
971557.8646301847 99.23479675628272
1000000.0 99.4854232792727
