10.0 29.07957295056007
10.53310445370937 29.041598828431123
11.094628943275218 28.999666945823996
11.686088553466515 28.953387581625854
12.309079138896024 28.9023375794902
12.965281629896682 28.846058505362002
13.65646656794611 28.78405498097717
14.38449888287663 28.715793204632977
15.15134292476053 28.640699742686316
15.95906776404731 28.558160708911835
16.80985277425364 28.467521354287598
17.70599351226899 28.368086275262957
18.64990791214297 28.259120271285404
19.644142809066278 28.13985001414708
20.6913808111479 28.009466626841785
21.794447537529855 27.86712929753358
22.956319242369098 27.711970039612904
24.180130845257207 27.543099661081314
25.4691843897454 27.359614996676314
26.826957952797258 27.160607460922485
28.257115029208283 26.945172815169343
29.76351441631318 26.712422143174162
31.350220625651154 26.46149381584676
33.02151484968176 26.191566260350378
34.7819065131413 25.901871260655987
36.63614544020716 25.591707407457424
38.58923467029903 25.260453338504835
40.646443957096295 24.907580334166454
42.81332398719393 24.532663858522426
45.095721356761466 24.135393564446574
47.499794346614124 23.71558146497826
50.03202953826004 23.27316790045749
52.699259315756564 22.808225152253243
55.50868030059805 22.320958491701333
58.467872769375894 21.811704765874577
61.58482110660264 21.280928604160696
64.86793534788511 20.729216450677104
68.32607387157402 20.157268797628664
71.96856730011521 19.565890987110404
75.8052436755926 18.95598303235105
79.84645497739086 18.328528928524594
84.10310505352605 17.68458591114668
88.58667904100822 17.025274111544274
93.30927435461668 16.351766988727743
98.28363332770026 15.66528291643131
103.52317759307378 14.96707816616809
109.04204429677526 14.258441553009906
114.8551242423938 13.540690924491736
120.97810206889012 12.815171569324695
127.42749857031335 12.083256705322585
134.2207152716012 11.346350043916134
141.37608138073614 10.605890507572234
148.91290324394086 9.863359092386347
156.85151643735477 9.120287888487654
165.213340635737 8.378271217521881
174.0209374062485 7.638978821600285
183.29807108324357 6.904170970608162
193.06977288832496 6.175715227940902
203.36240846866724 5.455604468781658
214.2037490358383 4.745975478785594
225.62304629706352 4.049127140199188
237.65111138110728 3.3675367486451604
250.32039797173255 2.7038724541456984
263.6650898730358 2.0609991856685053
277.7211932429355 1.441974785045187
292.5266337436645 0.8500325550980634
308.1213588714002 0.28854620720023
324.54744574113323 -0.2390263892883153
341.84921461759274 -0.7292230279517666
360.073348498562 -1.1786806641769105
379.26901907322497 -1.5842592371250428
399.48801939541704 -1.9431784763467346
420.78490362974026 -2.2531561255053503
443.21713424760856 -2.5125330483252033
466.84523707037897 -2.72036993802387
491.73296457790156 -2.876502342629314
517.9474679231213 -2.9815459611999695
545.5594781168514 -3.036851123561325
574.6434968715973 -3.0444126029323906
605.2779976193349 -3.0067468612005355
637.5456372456507 -2.926751749751336
671.5334791115142 -2.8075638826598146
707.3332279644438 -2.6524263030094715
745.0414773728917 -2.4645751637319813
784.7599703514607 -2.2471499999655475
826.5958738801812 -2.0031283057097964
870.6620680585127 -1.7352826907181789
917.0774506742931 -1.4461571354000757
965.9672580093833 -1.1380583952349697
1017.4634027476063 -0.8130585563306543
1071.7048298967104 -0.47300526872291915
1128.8378916846884 -0.11953679043195978
1189.01674244199 0.24590034608783343
1252.4037545350732 0.6220326623305968
1319.1699564735716 1.007741057256632
1389.4954943731375 1.4020429203540292
1463.5701180190797 1.8040754020323115
1541.5936928422718 2.2130799464791937
1623.776739188721 2.628388309577555
1710.3410003378397 3.0494098862330334
1801.520040802024 3.475620401075319
1897.5598765218504 3.906551769350517
1998.7196386572507 4.341783176330977
2105.272272765707 4.780933105604776
2217.505275253932 5.223652460495297
2335.7214690901214 5.669618575673926
2460.239820869775 6.118530135295811
2591.3963014396572 6.570102997866639
2729.5447924020073 7.024066810232147
2875.0580409448803 7.480162539594151
3028.3286655749457 7.938140664415503
3189.7702154663216 8.397760203888504
3359.818286283781 8.858788336847672
3538.9316954909877 9.321000651437782
3727.593720314938 9.784181771018966
3926.3134017068355 10.248126398727246
4135.626917817706 10.712640536496254
4356.099030694608 11.177542754059829
4588.324610100844 11.642665444085479
4832.930238571752 12.107855920362166
5090.575902036681 12.572977200798501
5361.956770568817 13.03790860949553
5647.805074067552 13.502545895518402
5948.892077934331 13.966801156537073
6266.030164072656 14.430602236896785
6600.075022827095 14.89389210373952
6951.927961775606 15.3566276957919
7322.538337604534 15.81877878745651
7712.906117627992 16.280326691483456
8124.0845778629655 16.741262802437472
8557.183144940002 17.20158724048353
9013.37038951743 17.66130744663675
9493.87717927582 18.12043693065041
10000.0 18.578994021395367
10533.104453709382 19.03700075856199
11094.628943275218 19.494481953892663
11686.088553466498 19.95146427725556
12309.079138896019 20.407975585475718
12965.281629896688 20.864044268772844
13656.466567946096 21.319698730273018
14384.498882876629 21.774967027840994
15151.342924760515 22.229876500707512
15959.06776404731 22.684453536760707
16809.852774253653 23.1387234056265
17705.99351226898 23.59271009296406
18649.907912142942 24.046436283191394
19644.142809066267 24.49992329148499
20691.3808111479 24.953190982145866
21794.447537529835 25.40625789381096
22956.319242369096 25.859141184076723
24180.13084525718 26.311856738494342
25469.184389745402 26.764419140255704
26826.957952797275 27.216841842200342
28257.115029208268 27.66913711282622
29763.51441631313 28.12131616755298
31350.220625651124 28.57338924099638
33021.51484968176 29.025365607175036
34781.90651314134 29.4772536866637
36636.14544020716 29.929061083185676
38589.23467029899 30.380794661586286
40646.44395709628 30.83246056735402
42813.32398719396 31.284064276858455
45095.721356761445 31.73561072183523
47499.79434661403 32.18710422014692
50032.029538259994 32.638548617655836
52699.259315756564 33.08994719850545
55508.680300598106 33.541302888033336
58467.87276937589 33.99261810802807
61584.82110660255 34.44389493061663
64867.935347885075 34.89513503081062
68326.07387157406 35.34633973615042
71968.56730011514 35.797510027230196
75805.24367559262 36.24864658639703
79846.45497739078 36.69974976429943
84103.10505352604 37.15081965039087
88586.67904100832 37.60185601778537
93309.27435461663 38.052858439711095
98283.63332770011 38.503826155744676
103523.17759307378 38.95475822475521
109042.04429677526 39.40565346142346
114855.12424239368 39.85651047795615
120978.10206889013 40.30732771445297
127427.49857031321 40.7581034162679
134220.7152716012 41.20883573614867
141376.08138073614 41.65952268719283
148912.90324394088 42.11016224128636
156851.5164373548 42.56075236075315
165213.34063573685 43.011291025685466
174020.9374062485 43.46177631497618
183298.07108324338 43.91220646240206
193069.77288832495 44.3625799386453
203362.40846866704 44.812895529267294
214203.74903583832 45.26315241046902
225623.04629706353 45.71335019120977
237651.11138110727 46.163489068366246
250320.39797173254 46.613569876890324
263665.08987303555 47.06359411481171
277721.1932429355 47.51356401960291
292526.6337436642 47.96348265514631
308121.35887140024 48.413353854024955
324547.44574113254 48.86318223786699
341849.21461759275 49.31297321136345
360073.348498562 49.76273283440523
379269.0190732246 50.2124678119413
399488.019395417 50.66218528048917
420784.9036297398 51.11189275286794
443217.13424760854 51.56159793881674
466845.2370703785 52.011308561881094
491732.9645779016 52.461032231836704
517947.46792312124 52.910776251097005
545559.4781168514 53.36054748150407
574643.4968715974 53.81035228185902
605277.9976193343 54.26019624051943
637545.6372456506 54.71008429299249
671533.4791115135 55.1600205399575
707333.2279644439 55.61000826881015
745041.4773728917 56.0600499854413
784759.9703514606 56.51014733978009
826595.8738801812 56.960301362624584
870662.0680585118 57.410512263561806
917077.4506742931 57.860779775805156
965967.2580093823 58.31110297538559
1017463.4027476063 58.761480585065804
1071704.8298967092 59.21191090727813
1128837.8916846884 59.6623919392831
1189016.74244199 60.112921466046515
1252403.7545350718 60.56349712089056
1319169.9564735717 61.01411640374633
1389495.494373136 61.464776739457356
1463570.1180190798 61.9154756171201
1541593.6928422702 62.36621048543828
1623776.739188721 62.816978848582785
1710341.0003378377 63.26777830174919
1801520.0408020238 63.71860655067322
1897559.8765218505 64.16946135705021
1998719.6386572486 64.62034062021873
2105272.272765707 65.07124240032475
2217505.2752539297 65.52216477572225
2335721.4690901213 65.973106053432
2460239.8208697727 66.42406461742355
2591396.3014396573 66.87503895603074
2729544.792402007 67.32602766347925
2875058.040944877 67.777029474236
3028328.6655749455 68.22804321914225
3189770.215466318 68.67906780883659
3359818.286283781 69.13010223829394
3538931.6954909842 69.58114558944752
3727593.720314938 70.03219705990114
3926313.4017068394 70.48325588749017
4135626.917817706 70.93432135315464
4356099.030694608 71.38539286869238
4588324.61010084 71.83646981389467
4832930.238571752 72.2875517013277
5090575.902036676 72.73863807610428
5361956.770568817 73.18972845532785
5647805.074067546 73.64082251054452
5948892.077934331 74.09191984972948
6266030.164072656 74.54302018821917
6600075.022827089 74.99412318194804
6951927.961775606 75.44522862630876
7322538.337604526 75.89633624920981
7712906.117627992 76.34744587456385
8124084.5778629575 76.7985572403547
8557183.144940002 77.24967026802827
9013370.38951742 77.7007847164158
9493877.17927582 78.15190049092288
10000000.0 78.60301745711513
10533104.45370936 79.05413547625398
11094628.943275219 79.50525445727234
11686088.553466497 79.95637432600262
12309079.138896018 80.40749498129863
12965281.629896663 80.85861629420619
13656466.567946097 81.30973831258571
14384498.882876629 81.76086083494765
15151342.924760515 82.2119839401811
15959067.76404731 82.66310750074246
16809852.774253618 83.1142314129761
17705993.51226898 83.5653557948755
18649907.912142944 84.0164804885447
19644142.809066266 84.4676055103792
20691380.811147902 84.91873074055289
21794447.537529834 85.36985630711047
22956319.242369097 85.82098204112893
24180130.84525718 86.27210799713902
25469184.3897454 86.72323416618143
26826957.95279722 87.17436040685895
28257115.02920827 87.62548691255716
29763514.41631313 88.07661347296973
31350220.62565112 88.52774028074144
33021514.849681754 88.9788670293895
34781906.51314127 89.42999404202772
36636145.44020716 89.88112094768694
38589234.67029899 90.33224790818636
40646443.95709628 90.78337524485099
42813323.98719387 91.23450239342745
45095721.35676145 91.68562987649972
47499794.346614026 92.13675692964001
50032029.53825999 92.58788484593482
52699259.31575657 93.03901191960593
55508680.300597996 93.49013901313756
58467872.7693759 93.94126661807903
61584821.10660254 94.39239382641729
64867935.34788508 94.84352164257787
68326073.87157391 95.29464960458117
71968567.30011514 95.74577740792196
75805243.67559262 96.19690415338546
79846454.97739078 96.64803283418468
84103105.05352604 97.09915989457849
88586679.04100814 97.55028851589887
93309274.35461664 98.00141460957455
98283633.32770011 98.45254235702433
103523177.59307377 98.90367092161947
109042044.29677527 99.35479833504864
114855124.24239345 99.80592639406595
120978102.06889038 100.25705494653822
127427498.57031322 100.70818202222017
134220715.2716012 101.15930789376817
141376081.38073614 101.61043810457927
148912903.24394056 102.06156348469202
156851516.43735445 102.51269374423663
165213340.63573685 102.96382409972333
174020937.40624848 103.41494932258506
183298071.08324376 103.86607710872505
193069772.88832456 104.31720258638364
203362408.46866703 104.76833075825269
214203749.0358383 105.2194558826007
225623046.2970626 105.67058363845256
237651111.38110778 106.12171459948222
250320397.97173202 106.572840951261
263665089.87303555 107.02396812299767
277721193.2429355 107.47509991543669
292526633.74366355 107.92623259161084
308121358.87140083 108.37735241648419
324547445.74113256 108.82848480943599
341849214.6175927 109.27960416036501
360073348.49856204 109.73072642126314
379269019.0732238 110.18185976477666
399488019.39541787 110.63299552957658
420784903.6297398 111.08411531982314
443217134.24760854 111.53524618056366
466845237.07037944 111.98637744343357
491732964.5779006 112.43750073161875
517947467.9231202 112.8886326532189
545559478.1168514 113.3397521571344
574643496.8715974 113.79090453454752
605277997.6193355 114.24201308066452
637545637.2456493 114.69314564892483
671533479.1115135 115.14427903630502
707333227.9644439 115.59540998458708
745041477.3728887 116.04652568083752
784759970.3514622 116.49765912944217
826595873.8801795 116.94878375441624
870662068.0585117 117.39991495075925
917077450.674293 117.8510400086378
965967258.0093802 118.30212973572577
1017463402.7476043 118.75327962067347
1071704829.8967092 119.20438386159766
1128837891.6846883 119.65555624568167
1189016742.44199 120.10665669438927
1252403754.5350692 120.55782877893832
1319169956.473569 121.0089246018213
1389495494.373136 121.46003725641327
1463570118.0190797 121.91121726190653
1541593692.8422735 122.36225265526701
1623776739.1887176 122.81343380280781
1710341000.337838 123.26457532983044
1801520040.802024 123.71568426917642
1897559876.5218503 124.16682218841972
1998719638.6572526 124.61799637110722
2105272272.7657027 125.06907449363766
2217505275.2539296 125.52023330003416
2335721469.0901213 125.97131008849595
2460239820.8697777 126.42234949893336
2591396301.439652 126.87366643315875
2729544792.402002 127.32466124648954
2875058040.944877 127.77567773840124
3028328665.5749454 128.22720772616523
3189770215.466325 128.67771779391015
3359818286.2837744 129.12918006194147
3538931695.4909844 129.58046578173037
3727593720.314938 130.03183525835303
3926313401.7068396 130.4829841090551
4135626917.8176975 130.93353799274388
4356099030.694599 131.3850780785037
4588324610.100841 131.835732161796
4832930238.571753 132.2873925282708
5090575902.036687 132.7378915960693
5361956770.568806 133.18981286088322
5647805074.067546 133.6412335245785
5948892077.934331 134.09040966959662
6266030164.072656 134.5432231160728
6600075022.827075 134.99408859452106
6951927961.775591 135.44584465646213
7322538337.6045265 135.89642202576383
7712906117.627993 136.34693542827642
8124084577.862974 136.7958427687612
8557183144.939984 137.25055347112178
9013370389.51742 137.70056532831904
9493877179.27582 138.1513034418725
10000000000.0 138.60271533176595
10.0 -30.443881305545084
10.53310445370937 -31.53163847191506
11.094628943275218 6.07515044361505
11.686088553466515 -29.090279240832366
12.309079138896024 -33.51363045742268
12.965281629896682 -19.15372746777004
13.65646656794611 -25.28267869427546
14.38449888287663 -29.19444011461426
15.15134292476053 -34.877218964459146
15.95906776404731 -28.34394465759007
16.80985277425364 -41.25463998623671
17.70599351226899 -0.059446059760901344
18.64990791214297 -31.283011387978572
19.644142809066278 -30.470068570338515
20.6913808111479 -23.101449519536335
21.794447537529855 -29.180994166393553
22.956319242369098 -31.91295780218928
24.180130845257207 -36.641739583255145
25.4691843897454 -21.87444754450313
26.826957952797258 -39.94840807227622
28.257115029208283 -31.285956042576398
29.76351441631318 4.676150337791848
31.350220625651154 -17.190703997956803
33.02151484968176 -18.77227307525914
34.7819065131413 -23.201017062572625
36.63614544020716 -25.441082002466075
38.58923467029903 -6.351504378402218
40.646443957096295 -18.436590880273844
42.81332398719393 -34.65987654700338
45.095721356761466 -19.915687383265304
47.499794346614124 -33.51516695009342
50.03202953826004 -16.428599198966054
52.699259315756564 -18.223545502980603
55.50868030059805 -0.3354354889223998
58.467872769375894 -19.064767312951428
61.58482110660264 -23.97556949907213
64.86793534788511 -16.852320201145677
68.32607387157402 -13.214503629577754
71.96856730011521 -12.594529687405995
75.8052436755926 -34.53620981128278
79.84645497739086 -8.441001643848713
84.10310505352605 2.018246397655486
88.58667904100822 -29.38363762067208
93.30927435461668 5.344445251139433
98.28363332770026 -3.966866058522385
103.52317759307378 -10.958654690852416
109.04204429677526 -8.77236773167946
114.8551242423938 5.6610451718944255
120.97810206889012 -6.6510945467126
127.42749857031335 -3.7751847522057016
134.2207152716012 -11.617525629443822
141.37608138073614 -17.241640558130385
148.91290324394086 -17.415732152902212
156.85151643735477 -16.650878130673153
165.213340635737 -23.971036368436444
174.0209374062485 -10.714017283080304
183.29807108324357 -10.932059545329857
193.06977288832496 1.3724227382707677
203.36240846866724 12.28821071178989
214.2037490358383 -11.931657329662826
225.62304629706352 -9.357001501785957
237.65111138110728 8.195815864510335
250.32039797173255 -24.352080496171705
263.6650898730358 -28.04161025509292
277.7211932429355 -9.163610233798064
292.5266337436645 -11.19371762939874
308.1213588714002 -9.771094085463567
324.54744574113323 -11.999113810566682
341.84921461759274 2.489074792940334
360.073348498562 -8.890441441597694
379.26901907322497 -10.521698526062021
399.48801939541704 -4.764669331249744
420.78490362974026 -3.287479680179434
443.21713424760856 -0.3732743807108412
466.84523707037897 -15.123551467178215
491.73296457790156 -20.313361591583316
517.9474679231213 -19.396312945719473
545.5594781168514 -7.759092917077971
574.6434968715973 -22.64426453354666
605.2779976193349 -4.537867432204333
637.5456372456507 -11.668220751698286
671.5334791115142 -0.3317346660312649
707.3332279644438 -16.61127465643876
745.0414773728917 -8.393234449590112
784.7599703514607 -27.272532685907017
826.5958738801812 -6.50632876894106
870.6620680585127 -2.239263220808933
917.0774506742931 -20.524239128370127
965.9672580093833 -20.61017123445427
1017.4634027476063 -7.0981716098053
1071.7048298967104 -26.23394510604905
1128.8378916846884 0.6088338576146951
1189.01674244199 -3.9402220926387423
1252.4037545350732 -1.746454284083441
1319.1699564735716 -19.014486783163015
1389.4954943731375 -16.022377245847597
1463.5701180190797 -15.560355779144455
1541.5936928422718 -22.29385331876694
1623.776739188721 -11.495919664231849
1710.3410003378397 -22.600922453070773
1801.520040802024 -17.91319216589246
1897.5598765218504 -23.606292846726053
1998.7196386572507 -25.898494526820738
2105.272272765707 -33.22294242447874
2217.505275253932 -23.26534206183814
2335.7214690901214 -19.66866116668865
2460.239820869775 -2.8895226303249153
2591.3963014396572 -20.803093200787906
2729.5447924020073 -23.39454607808534
2875.0580409448803 -18.325862400596925
3028.3286655749457 -23.840067961666563
3189.7702154663216 -10.732215732884727
3359.818286283781 -45.19006393241233
3538.9316954909877 -6.770999626834145
3727.593720314938 6.284206791674809
3926.3134017068355 -13.155385713604614
4135.626917817706 -38.375475573742214
4356.099030694608 -20.28392649480722
4588.324610100844 -2.7442383456693653
4832.930238571752 -15.96987140318882
5090.575902036681 -5.605729922845267
5361.956770568817 2.4733552935432606
5647.805074067552 -42.69359741176436
5948.892077934331 -19.33809344343315
6266.030164072656 -11.323787428938942
6600.075022827095 -4.203534065137566
6951.927961775606 -32.31339973522205
7322.538337604534 -13.50666030232734
7712.906117627992 -4.896197064276299
8124.0845778629655 -11.037121325815116
8557.183144940002 -49.89676682541348
9013.37038951743 -1.1329663175608105
9493.87717927582 -36.50777905640713
10000.0 -16.46914112421915
10533.104453709382 -55.565491577141664
11094.628943275218 -3.009610773184747
11686.088553466498 -43.87140461343887
12309.079138896019 2.627164546198753
12965.281629896688 -25.162882265457895
13656.466567946096 -9.908017267342181
14384.498882876629 14.0932622446518
15151.342924760515 -5.139566413347858
15959.06776404731 -68.22064015481288
16809.852774253653 8.985121746963934
17705.99351226898 4.468249135186541
18649.907912142942 -20.360650301141966
19644.142809066267 1.726295215843632
20691.3808111479 -71.03308763349159
21794.447537529835 -62.447560853221304
22956.319242369096 -37.59177432023201
24180.13084525718 -55.53475752008666
25469.184389745402 -74.28493480512294
26826.957952797275 -12.478144497633167
28257.115029208268 -40.66897061654014
29763.51441631313 -40.4647968538393
31350.220625651124 -9.381594565018567
33021.51484968176 -52.31175927854194
34781.90651314134 -56.170593476558594
36636.14544020716 -13.171487811251204
38589.23467029899 -4.4918472036666
40646.44395709628 -56.28966118714456
42813.32398719396 -43.12871366902803
45095.721356761445 -4.147226358153961
47499.79434661403 -16.272985391114318
50032.029538259994 -64.73654375630484
52699.259315756564 -25.5302023224961
55508.680300598106 -1.2626711785474858
58467.87276937589 2.363742505425464
61584.82110660255 -55.376183432558655
64867.935347885075 -45.468557973498356
68326.07387157406 -11.580282990597661
71968.56730011514 -2.192221199346029
75805.24367559262 -84.07469279934462
79846.45497739078 -45.27263878139695
84103.10505352604 -1.9135179137880507
88586.67904100832 -1.5873479678285505
93309.27435461663 -84.97963032278844
98283.63332770011 5.928970573543786
103523.17759307378 -13.647398630837746
109042.04429677526 -35.91897620283224
114855.12424239368 -58.09537150027377
120978.10206889013 6.016730903293254
127427.49857031321 -48.74871496047635
134220.7152716012 -13.124493775111981
141376.08138073614 -33.406518942546654
148912.90324394088 -8.040133816468497
156851.5164373548 -19.762132496456047
165213.34063573685 1.6792576940830894
174020.9374062485 6.702416866787488
183298.07108324338 -100.31986829681975
193069.77288832495 -102.06513914385224
203362.40846866704 -91.96659414041144
214203.74903583832 -111.9572915812754
225623.04629706353 -95.54365780706337
237651.11138110727 -79.00275525664333
250320.39797173254 -85.9105464698722
263665.08987303555 -94.04966865624702
277721.1932429355 -59.395983107582595
292526.6337436642 -98.02629748665309
308121.35887140024 -95.65002207181195
324547.44574113254 -98.95992711590581
341849.21461759275 -77.18052493028976
360073.348498562 -104.47566152877714
379269.0190732246 -95.5803612610798
399488.019395417 -85.34715477071329
420784.9036297398 -86.66566054544344
443217.13424760854 -92.68626815629489
466845.2370703785 -108.47968945384999
491732.9645779016 -101.52457851276003
517947.46792312124 -92.98656107133084
545559.4781168514 -98.9153248621753
574643.4968715974 -98.17971080619124
605277.9976193343 -104.44769014511942
637545.6372456506 -112.72794200838737
671533.4791115135 -109.36821964467391
707333.2279644439 -98.2763804078226
745041.4773728917 -103.13396830557119
784759.9703514606 -103.11123713340098
826595.8738801812 -107.21220726705243
870662.0680585118 -106.78122752514659
917077.4506742931 -100.36009891375059
965967.2580093823 -86.52483695782153
1017463.4027476063 -99.96105129054041
1071704.8298967092 -102.89937696261518
1128837.8916846884 -107.98929937009592
1189016.74244199 -113.94994308637514
1252403.7545350718 -67.20846457301795
1319169.9564735717 -98.51460325447987
1389495.494373136 -106.84888857938924
1463570.1180190798 -115.02278734246752
1541593.6928422702 -100.09285100764396
1623776.739188721 -100.01158750172081
1710341.0003378377 -78.22844122350287
1801520.0408020238 -81.1703596565993
1897559.8765218505 -108.34308211150537
1998719.6386572486 -101.39384467142162
2105272.272765707 -108.99934839402066
2217505.2752539297 -103.48675523181393
2335721.4690901213 -100.5766010720216
2460239.8208697727 -108.084749782266
2591396.3014396573 -111.41074642939252
2729544.792402007 -111.32420162834131
2875058.040944877 -114.17211417589516
3028328.6655749455 -111.5025129142229
3189770.215466318 -106.66776148176658
3359818.286283781 -72.7202037500617
3538931.6954909842 -70.96127967633286
3727593.720314938 -112.85487421302248
3926313.4017068394 -89.41337399753152
4135626.917817706 -103.02227950288221
4356099.030694608 -112.98436545035389
4588324.61010084 -109.16489634525306
4832930.238571752 -120.1326295280438
5090575.902036676 -100.78402288517259
5361956.770568817 -104.46183335905349
5647805.074067546 -106.61320207192131
5948892.077934331 -107.73058104071687
6266030.164072656 -113.96642926320624
6600075.022827089 -130.58480306341613
6951927.961775606 -91.78733031396776
7322538.337604526 -123.27451673990353
7712906.117627992 -106.67687266840369
8124084.5778629575 -111.07576855327152
8557183.144940002 -94.28108212604955
9013370.38951742 -117.34515248623977
9493877.17927582 -106.79770196802198
10000000.0 -107.10442261731228
10533104.45370936 -112.86871107651396
11094628.943275219 -107.17046331006134
11686088.553466497 -97.90627211164042
12309079.138896018 -86.63729025961172
12965281.629896663 -103.84590957477057
13656466.567946097 -106.58173152004633
14384498.882876629 -84.09018679651298
15151342.924760515 -96.25845694232369
15959067.76404731 -96.47002782796
16809852.774253618 -98.08836493317429
17705993.51226898 -112.63824703473318
18649907.912142944 -108.92224202328447
19644142.809066266 -104.07898212848306
20691380.811147902 -106.40200363982315
21794447.537529834 -122.2097332936892
22956319.242369097 -115.34117485564732
24180130.84525718 -130.26123126178047
25469184.3897454 -89.9175940401621
26826957.95279722 -88.6826310618517
28257115.02920827 -94.1001419009662
29763514.41631313 -98.2692258384666
31350220.62565112 -83.37003119106294
33021514.849681754 -100.72815477878125
34781906.51314127 -105.61745172603052
36636145.44020716 -105.4896975888193
38589234.67029899 -104.42547025859226
40646443.95709628 -111.27975179751834
42813323.98719387 -124.58847020343885
45095721.35676145 -111.49426456093605
47499794.346614026 -98.26009906468913
50032029.53825999 -135.47625547489986
52699259.31575657 -106.27143034983993
55508680.300597996 -115.75374341489912
58467872.7693759 -89.02435240220035
61584821.10660254 -112.1778472723188
64867935.34788508 -94.75169282826344
68326073.87157391 -92.39678939089822
71968567.30011514 -120.09419034498131
75805243.67559262 -100.36433084469252
79846454.97739078 -97.22727154726539
84103105.05352604 -77.58894800982878
88586679.04100814 -110.72316969576482
93309274.35461664 -119.39565839709911
98283633.32770011 -86.64312211878317
103523177.59307377 -96.14535004071851
109042044.29677527 -99.58094945262931
114855124.24239345 -113.63316423801928
120978102.06889038 -98.06371976302975
127427498.57031322 -97.23618911465364
134220715.2716012 -130.8109838361488
141376081.38073614 -129.11637411336645
148912903.24394056 -99.0671170490121
156851516.43735445 -107.6950902146247
165213340.63573685 -87.88313084894799
174020937.40624848 -131.6079241299259
183298071.08324376 -117.02300761190862
193069772.88832456 -115.79764113561885
203362408.46866703 -107.37039763974641
214203749.0358383 -104.38750025370192
225623046.2970626 -82.38696239369987
237651111.38110778 -102.6498525926726
250320397.97173202 -115.0442099410307
263665089.87303555 -123.76928884884998
277721193.2429355 -98.56665836831164
292526633.74366355 -82.89442706308529
308121358.87140083 -120.71110595850458
324547445.74113256 -104.13184599299326
341849214.6175927 -143.46872288532995
360073348.49856204 -109.00489533155655
379269019.0732238 -114.282443846214
399488019.39541787 -97.16588109425821
420784903.6297398 -104.8964594031608
443217134.24760854 -99.9856351464145
466845237.07037944 -102.17804628659482
491732964.5779006 -90.07894183011437
517947467.9231202 -101.55916102140063
545559478.1168514 -110.11455918824537
574643496.8715974 -112.38666164791148
605277997.6193355 -107.28287809798766
637545637.2456493 -97.51413783951219
671533479.1115135 -93.19697014528802
707333227.9644439 -105.60704547184314
745041477.3728887 -107.68015770660143
784759970.3514622 -107.47903876163748
826595873.8801795 -90.55513594010648
870662068.0585117 -100.37187768099209
917077450.674293 -118.28285690078415
965967258.0093802 -146.52291996514109
1017463402.7476043 -111.33318998708397
1071704829.8967092 -132.50023004793545
1128837891.6846883 -108.6855658530736
1189016742.44199 -129.22760028757696
1252403754.5350692 -146.37535660300762
1319169956.473569 -108.38626606230716
1389495494.373136 -105.29863761839805
1463570118.0190797 -115.20414492124787
1541593692.8422735 -110.39807237230883
1623776739.1887176 -118.98043059602585
1710341000.337838 -105.33199650292477
1801520040.802024 -113.39390827010018
1897559876.5218503 -100.23734721896506
1998719638.6572526 -106.21351752210597
2105272272.7657027 -112.92241216939836
2217505275.2539296 -112.6384274271602
2335721469.0901213 -107.43887772105961
2460239820.8697777 -91.83381473333338
2591396301.439652 -95.18468543002486
2729544792.402002 -112.86193037379721
2875058040.944877 -104.89624118634174
3028328665.5749454 -109.55825569834543
3189770215.466325 -102.16884183800198
3359818286.2837744 -117.31017979553371
3538931695.4909844 -105.35807691673732
3727593720.314938 -93.93600452457446
3926313401.7068396 -104.65122775484873
4135626917.8176975 -100.129275630204
4356099030.694599 -108.48115043215114
4588324610.100841 -113.8688163534174
4832930238.571753 -108.22551014944374
5090575902.036687 -120.28904256825568
5361956770.568806 -100.14924123426209
5647805074.067546 -114.19446011532706
5948892077.934331 -103.9830668751835
6266030164.072656 -114.25358002545478
6600075022.827075 -104.31132288668925
6951927961.775591 -113.08387280400886
7322538337.6045265 -132.28811421155046
7712906117.627993 -109.80436303251824
8124084577.862974 -87.5571675766976
8557183144.939984 -107.44789483932054
9013370389.51742 -117.71763722612519
9493877179.27582 -107.47593932377784
10000000000.0 -96.29687763351428
