10.0 -0.8278576564894384
10.292747724096083 -0.82785789134265
10.59406557118851 -0.8278581401476572
10.904204429677526 -0.8278584037332839
11.223422532664179 -0.827858682977593
11.551985672964793 -0.8278589788108084
11.890167424419898 -0.8278592922184149
12.238249369681931 -0.8278596242444441
12.596521334671401 -0.8278599759949428
12.965281629896682 -0.8278603486416691
13.344837298838383 -0.8278607434259934
13.735504373605137 -0.8278611616630162
14.137608138073606 -0.8278616047459817
14.551483398731937 -0.8278620741508901
14.977474763452017 -0.8278625714414211
15.415936928422726 -0.8278630982741579
15.867234973483178 -0.8278636564040807
16.331744666101677 -0.8278642476904363
16.80985277425364 -0.8278648741029154
17.301957388458945 -0.8278655377282168
17.808468253246822 -0.8278662407770059
18.329807108324356 -0.8278669855912744
18.866408039732583 -0.8278677746521292
19.418717841282557 -0.8278686105880877
19.987196386572506 -0.82786949618379
20.57231701189556 -0.827870434389318
21.174566910357118 -0.8278714283299928
21.794447537529855 -0.8278724813167949
22.432475028984193 -0.8278735968574035
23.089180630041927 -0.8278747786678504
23.765111138110754 -0.8278760306849365
24.46082935796799 -0.8278773570793081
25.17691457037277 -0.8278787622693795
25.913963014396586 -0.8278802509360282
26.672588383874054 -0.8278818280381977
27.453422338387142 -0.8278834988294115
28.257115029208283 -0.8278852688752671
29.08433564064048 -0.8278871440719843
29.935772947204903 -0.8278891306660352
30.812135887140037 -0.8278912352749469
31.714154152689986 -0.8278934649093477
32.642578797673224 -0.8278958269963235
33.59818286283781 -0.8278983294041355
34.58176201952381 -0.8279009804684435
35.594135232168604 -0.8279037890200596
36.63614544020716 -0.8279067644143558
37.708660259934554 -0.8279099165624303
38.81257270691538 -0.8279132559641096
39.9488019395417 -0.8279167937429126
41.118294024358306 -0.8279205416831054
42.322022723792756 -0.8279245122689336
43.56099030694608 -0.8279287187261987
44.83622838411908 -0.8279331750663117
46.148798765769385 -0.8279378961329297
47.499794346614124 -0.8279428976514059
48.890340015614456 -0.8279481962811437
50.32159359259993 -0.8279538096710599
51.7947467923121 -0.8279597565183672
53.31102621667033 -0.8279660566308098
54.87169437608604 -0.8279727309926249
56.47805074067555 -0.8279798018343996
58.131432822247135 -0.8279872927070893
59.83321728796288 -0.8279952285604142
61.58482110660264 -0.8280036358259203
63.38770272838487 -0.8280125425049739
65.24336329932625 -0.8280219782619548
67.15334791115141 -0.828031974523006
69.11924688779365 -0.8280425645806424
71.14269710955735 -0.8280537837045377
73.22538337604533 -0.8280656692589135
75.36903980898542 -0.8280782608268913
77.57545129612417 -0.8280916003422013
79.84645497739086 -0.8281057322287244
82.18394177456803 -0.828120703548292
84.58985796574301 -0.828136564157272
87.06620680585127 -0.8281533668724257
89.61505019466045 -0.8281711676466066
92.23851039358476 -0.8281900257548586
94.9387717927583 -0.828210003991578
97.71808272983904 -0.8282311688793376
100.57875736205835 -0.8282535908900832
103.52317759307378 -0.8282773446794646
106.55379505623053 -0.8283025093350147
109.67313315588179 -0.8283291686390655
112.88378916846884 -0.8283574113471985
116.18843640511002 -0.8283873314832153
119.58982643749793 -0.8284190286515696
123.09079138896018 -0.8284526083682655
126.69424629259063 -0.8284881824113731
130.40319151841317 -0.8285258691922632
134.2207152716012 -0.8285657941488006
138.14999616383224 -0.8286080901618048
142.19430585991677 -0.8286528979961252
146.357011801908 -0.8287003667677735
150.64158001295928 -0.8287506544386873
155.05157798326255 -0.8288039283406877
159.5906776404731 -0.8288603657303981
164.26265840709303 -0.8289201543769071
169.071410347358 -0.8289834931841062
174.0209374062485 -0.8290505928497431
179.115360743323 -0.8291216765633146
184.3589221641488 -0.8291969807451058
189.75598765218504 -0.8292767558287331
195.3110510040631 -0.829361267089781
201.02873757128856 -0.8294507955231712
206.913808111479 -0.8295456387721445
212.97116275234782 -0.8296461121118238
219.20584507173257 -0.8297525494905402
225.62304629706352 -0.8298653046322986
232.22810962777245 -0.8299847522038395
239.02653468423918 -0.8301112890501845
246.02398208697775 -0.8302453355024286
253.22627816987946 -0.8303873367621064
260.63941983143474 -0.8305377643664525
268.26957952797244 -0.8306971177392062
276.1231104130753 -0.8308659258318972
284.2065516274511 -0.8310447488607364
292.5266337436645 -0.8312341801446035
301.09028437025927 -0.8314348480498646
309.9046339199427 -0.8316474180480753
318.97702154663216 -0.8318725948929612
328.3150012563047 -0.832111124923392
337.9263481967431 -0.8323637984994563
347.819065131413 -0.8326314525790525
358.00138910285807 -0.8329149734428674
368.48179829116765 -0.8332152995759566
379.26901907322497 -0.8335334247146481
390.37203328860926 -0.8338704010678105
401.8000857182091 -0.8342273427220691
413.5626917817706 -0.8346054292410203
425.66964546078714 -0.8350059094689486
438.13102745333055 -0.835430105550038
450.9572135676145 -0.835879417174684
464.15888336127773 -0.8363553260649165
477.7470290335773 -0.8368594007116033
491.73296457790156 -0.8373933013765955
506.1283352022219 -0.8379587853735879
520.9451270253212 -0.8385577126420038
536.1956770568817 -0.8391920516288608
551.892683469738 -0.839863885494131
568.0492161728429 -0.840575418655643
584.6787276937589 -0.8413289836903243
601.7950643797334 -0.8421270486089567
619.412477926676 -0.8429722245223432
637.5456372456507 -0.8438672737172886
656.2096406767555 -0.8448151181612251
675.4200285605586 -0.845818848454975
695.1927961775606 -0.8468817332534174
715.5444070664574 -0.8480072291743225
736.4918067322965 -0.8491989912158888
758.0524367559261 -0.8504608837037317
780.2442493165045 -0.8517969917883418
803.0857221391512 -0.85321163351388
826.5958738801812 -0.8547093724792374
850.7942799627444 -0.8562950311119256
875.7010888760508 -0.8579737045750011
901.3370389517438 -0.8597507753265459
927.7234756314059 -0.8616319283503387
954.8823692395666 -0.863623167075296
982.8363332770031 -0.8657308299996649
1011.6086432495807 -0.8679616080342947
1041.2232560483055 -0.8703225625770332
1071.7048298967104 -0.8728211443276966
1103.078744882215 -0.8754652128499495
1135.3711240885177 -0.878263056882691
1168.608855346651 -0.8812234153993571
1202.8196136227775 -0.8843554994084362
1238.0318840613968 -0.8876690144828948
1274.2749857031336 -0.8911741839994781
1311.5790958968503 -0.8948817730615601
1349.9752754264298 -0.8988031130704716
1389.4954943731375 -0.9029501269008393
1430.172658735088 -0.9073353546245115
1472.0406378260013 -0.9119719797156296
1515.134292476053 -0.9168738556558276
1559.4895040582815 -0.9220555328435196
1605.1432043647615 -0.9275322856946816
1652.1334063573702 -0.9333201398040212
1700.4992358187922 -0.9394358990154316
1750.2809639301013 -0.9458971722284432
1801.520040802024 -0.9527223997433932
1854.2591299878522 -0.959930878921922
1908.542144006686 -0.9675427889112781
1964.4142809066266 -0.9755792141505817
2021.9220618983536 -0.9840621663449041
2081.1133700903947 -0.9930146045585786
2142.037490358383 -1.0024604530429146
2204.7451503814746 -1.0124246163753239
2269.288562880081 -1.0229329914473069
2335.7214690901214 -1.034012475797785
2404.0991835099717 -1.0456909717466363
2474.47863995735 -1.0579973857410438
2546.91843897454 -1.0709616222853957
2621.478896621356 -1.0846145717845292
2698.222094696536 -1.0989880915908548
2777.211932429355 -1.1141149795094003
2858.5141796844714 -1.1300289389823412
2942.196531724374 -1.1467645351470934
3028.3286655749457 -1.164357140941356
3116.9822980411436 -1.1828428724158793
3208.2312454210773 -1.2022585124132072
3302.1514849681753 -1.2226414217798025
3398.8212181526674 -1.2440294373020813
3498.320935775036 -1.2664607555957643
3600.73348498562 -1.2899738022347293
3706.144138266228 -1.3146070854825251
3814.640664431178 -1.3403990340884704
3926.3134017068355 -1.3673878187330377
4041.2553329506004 -1.395611156855296
4159.562163071847 -1.425106100769974
4281.332398719392 -1.4559088091840764
4406.667430301786 -1.4880543024529114
4535.671616408702 -1.52157620217275
4668.45237070379 -1.5565064559908053
4805.1202513612425 -1.592875048820581
4945.789053120639 -1.6307097019791321
5090.575902036681 -1.6700355621078375
5239.601353002645 -1.7108748820951263
5392.98949012887 -1.7532466965814484
5550.868030059805 -1.7971664949866315
5713.36842831558 -1.8426458953486755
5880.625988746757 -1.8896923225922915
6052.779976193349 -1.938308695144497
6229.973732441841 -1.9884931240733315
6412.354795576917 -2.0402386291334382
6600.075022827095 -2.093532876248462
6793.290717006696 -2.148357941035141
6992.162756659375 -2.204690102968771
7196.856730011514 -2.2624996746965533
7407.543072847163 -2.3217508708190167
7624.397210419138 -2.382401720175811
7847.5997035146065 -2.444404025290288
8077.3363987967105 -2.507703372148276
8313.798583547334 -2.572239192914819
8557.183144940002 -2.637944883536064
8807.692733975462 -2.704747977441018
9065.53593421636 -2.7725703757635105
9330.927435461663 -2.8413286336626324
9604.08821250538 -2.9109343014479947
9885.24570912827 -2.981294318332912
10174.634027476064 -3.052311455764192
10472.494122981476 -3.123884806431538
10779.074004992735 -3.1959103142636227
11094.628943275218 -3.2682813399899913
11419.421680558647 -3.340889256207404
11753.722651306367 -3.4136240653510814
12097.810206889013 -3.486375033549825
12451.97084735032 -3.5590313330499006
12816.499459957597 -3.631482685733112
13191.699564735716 -3.7036200002341433
13577.883567189278 -3.7753359952814476
13975.373018422924 -3.846525802141334
14384.498882876629 -3.91708753943034
14805.6018138991 -3.986922854066463
15239.032437388305 -4.0559374227418905
15685.151643735446 -4.124041409004285
16144.330888316019 -4.191149871811782
16616.952500776908 -4.25718312225981
17103.41000337838 -4.3220670260464225
17604.108438655527 -4.385733250125255
18119.46470667122 -4.448119452872527
18649.907912142942 -4.509169417947267
19195.87972173111 -4.568833132833728
19757.834731786996 -4.6270668138069535
20336.2408468667 -4.683832879742388
20931.579669325736 -4.739099877787588
21544.346900318822 -4.7928423644206894
22175.052752539294 -4.845040745830892
22824.222375040976 -4.8956810818684176
23492.396290496577 -4.944754858026072
24180.13084525718 -4.992258730034332
24887.998672586673 -5.038194245681882
25616.589169457267 -5.082567548421196
26366.508987303554 -5.12538906719238
27138.3825371428 -5.166673196707484
27932.85250948253 -5.206437972192757
28750.580409448772 -5.2447047422977935
29592.247107579577 -5.281497843559069
30458.55340674284 -5.316844279461225
31350.220625651124 -5.350773406781826
32267.991199458116 -5.3833166315432655
33212.62929793748 -5.414507116536484
34184.92146175927 -5.444379502032099
35185.677257392665 -5.472969640960689
36215.72995118075 -5.50031434953019
37275.93720314938 -5.526451173957559
38367.18178112649 -5.5514181737268595
39490.37229576694 -5.575253721547754
40646.44395709628 -5.597996319978192
41836.359353200234 -5.619684434492086
43061.10925171165 -5.640356342617265
44321.713424760856 -5.660049998638811
45619.221498074585 -5.678802913257323
46954.71382493421 -5.696652047508653
48329.30238571752 -5.713633720189085
49744.13171377451 -5.729783527986072
51200.37984840882 -5.745136277487189
52699.259315756564 -5.759725928226871
54242.01813838024 -5.773585545929927
55829.94087441914 -5.786747265120567
57464.34968715974 -5.799242260284262
59146.605445917456 -5.8111007247953825
60878.108859147556 -5.822351856854738
62660.30164072656 -5.83302385171661
64494.667710376205 -5.843143899523364
66382.73442923075 -5.852738188106344
68326.07387157406 -5.861831910153406
70326.30413380644 -5.870449274185605
72385.09068173247 -5.878613518827574
74504.14773728917 -5.886346929897054
76685.2397058701 -5.893670859879335
78930.18264543568 -5.900605749390785
81240.84577862974 -5.907171150272513
83619.15304916317 -5.91338574999018
86067.08472376158 -5.9192673970489365
88586.67904100832 -5.924833127163333
91180.03390845681 -5.930099189950831
93849.3086494272 -5.93508107594423
96596.72580093842 -5.939793543742949
99424.57296427398 -5.944250647145804
102335.20470972576 -5.94846576212852
105331.04453709359 -5.952451613548167
108414.5868935835 -5.956220301473845
111588.3992507748 -5.959783327058382
114855.12424239368 -5.96315161787977
118217.48186466724 -5.966335552693588
121678.27174109229 -5.969344985548854
125240.3754535072 -5.972189269229617
128906.75894140244 -5.974877277993541
132680.47497147243 -5.977417429586426
136564.66567946097 -5.979817706518408
140562.56518642136 -5.982085676593729
144677.5022915648 -5.984228512690942
148912.90324394088 -5.986253011795051
153272.2945952612 -5.988165613286909
157759.30613623615 -5.989972416498409
162377.67391887208 -5.991679197544865
167131.2433672486 -5.993291425448265
172023.97247935992 -5.9948142775669115
177059.9351226898 -5.996252654348634
182243.32442626648 -5.99761119342591
187578.45627201613 -5.998894283072196
193069.77288832495 -6.0001060750394455
198721.84654880533 -6.001250496797409
204539.38337933904 -6.002331263195399
210527.22727657072 -6.003351887567556
216690.3639411181 -6.004315692302536
223033.9250288494 -6.005225818898459
229563.19242369095 -6.006085237523743
236283.6026355175 -6.0068967561041635
243200.7513267945 -6.007663028956058
250320.39797173254 -6.008386564985258
257648.47065183744 -6.009069735470771
265191.0709918535 -6.009714781451728
272954.4792402007 -6.010323820735674
280945.1594981406 -6.010898854545578
289169.76510202966 -6.011441773822477
297635.14416313195 -6.011954365199937
306348.3452696084 -6.012438316666185
315316.62335543614 -6.012895222928826
324547.44574113254 -6.0133265904967805
334048.4983513244 -6.013733842493313
343827.6921143307 -6.014118323213518
353893.1695490984 -6.014481302439018
364253.3115449638 -6.014823979522175
374916.74433988857 -6.015147487251436
385892.3467029899 -6.015452895509023
397189.25732733024 -6.015741214731662
408816.88243912894 -6.016013399184437
420784.9036297398 -6.016270350057541
433103.2859169001 -6.01651291839513
445782.28604197066 -6.016741907865079
458832.461010084 -6.0169580773779865
472264.67688029545 -6.0171621435634055
486090.117813063 -6.017354783110877
500320.2953825999 -6.017536634982897
514967.0581618343 -6.017708302506736
530042.6015879672 -6.017870355351494
545559.4781168514 -6.018023331396616
561530.6076746266 -6.0181677384976755
577969.2884153313 -6.018304056154985
594889.2077934331 -6.018432737090245
612304.4539605178 -6.018554208736232
630229.5274956024 -6.018668874644286
648679.3534788508 -6.018777115813995
667669.2939187557 -6.018879291949352
687215.1605431122 -6.018975742645386
707333.2279644439 -6.01906678850909
728040.2472308562 -6.019152732218204
749353.4597735757 -6.019233859521283
771290.6117627992 -6.019310440182254
793869.9688838223 -6.0193827288725394
817110.3315457187 -6.019450966013618
841031.0505352605 -6.019515378572709
865652.0431290936 -6.019576180814262
890993.8096776098 -6.01963357500959
917077.4506742931 -6.019687752107004
943924.6843247664 -6.019738892364659
971557.8646301847 -6.0197871659481015
1000000.0 -6.019832733494539
