10.0 -45.26465940537452
10.292747724096083 -45.158097420042644
10.59406557118851 -45.04798671191813
10.904204429677526 -44.934302383638816
11.223422532664179 -44.817025280220264
11.551985672964793 -44.696142114917734
11.890167424419898 -44.57164555719225
12.238249369681931 -44.44353428155206
12.596521334671401 -44.31181297658413
12.965281629896682 -44.176492314049646
13.344837298838383 -44.037588878479994
13.735504373605137 -43.89512505826186
14.137608138073606 -43.74912889972839
14.551483398731937 -43.59963392626551
14.977474763452017 -43.44667892488837
15.415936928422726 -43.29030770313112
15.867234973483178 -43.130568819419196
16.331744666101677 -42.967515290348956
16.80985277425364 -42.801204278484065
17.301957388458945 -42.631696764389105
17.808468253246822 -42.459057206660766
18.329807108324356 -42.283353193688356
18.866408039732583 -42.10465509078391
19.418717841282557 -41.923035686172774
19.987196386572506 -41.73856983913772
20.57231701189556 -41.55133413336955
21.174566910357118 -41.36140653830459
21.794447537529855 -41.16886608093257
22.432475028984193 -40.973792530245404
23.089180630041927 -40.77626609617716
23.765111138110754 -40.576367144563676
24.46082935796799 -40.37417592933559
25.17691457037277 -40.16977234285447
25.913963014396586 -39.963235685014254
26.672588383874054 -39.75464445146332
27.453422338387142 -39.54407614105689
28.257115029208283 -39.331607082430345
29.08433564064048 -39.117312279389
29.935772947204903 -38.90126527464204
30.812135887140037 -38.68353803126568
31.714154152689986 -38.464200831162955
32.642578797673224 -38.2433221896942
33.59818286283781 -38.020968785580116
34.58176201952381 -37.79720540512876
35.594135232168604 -37.572094899804426
36.63614544020716 -37.345698156140756
37.708660259934554 -37.11807407699783
38.81257270691538 -36.889279573174264
39.9488019395417 -36.65936956440552
41.118294024358306 -36.42839698881004
42.322022723792756 -36.196412819880834
43.56099030694608 -35.96346609016256
44.83622838411908 -35.72960392080011
46.148798765769385 -35.49487155619339
47.499794346614124 -35.25931240304392
48.890340015614456 -35.02296807312997
50.32159359259993 -34.78587842919824
51.7947467923121 -34.548081633411115
53.31102621667033 -34.30961419783746
54.87169437608604 -34.07051103652325
56.47805074067555 -33.83080551872363
58.131432822247135 -33.59052952292197
59.83321728796288 -33.34971349130244
61.58482110660264 -33.10838648438131
63.38770272838487 -32.866576235538375
65.24336329932625 -32.62430920522312
67.15334791115141 -32.38161063464153
69.11924688779365 -32.13850459875762
71.14269710955735 -31.895014058469933
73.22538337604533 -31.65116091184684
75.36903980898542 -31.406966044326047
77.57545129612417 -31.162449377803185
79.84645497739086 -30.91762991855161
82.18394177456803 -30.67252580393143
84.58985796574301 -30.427154347859346
87.06620680585127 -30.18153208502369
89.61505019466045 -29.935674813839448
92.23851039358476 -29.689597638148
94.9387717927583 -29.443315007674368
97.71808272983904 -29.19684075726229
100.57875736205835 -28.950188144913223
103.52317759307378 -28.70336988866123
106.55379505623053 -28.456398202319598
109.67313315588179 -28.209284830139318
112.88378916846884 -27.96204108042207
116.18843640511002 -27.7146778581332
119.58982643749793 -27.46720569656203
123.09079138896018 -27.219634788077837
126.69424629259063 -26.971975014031393
130.40319151841317 -26.724235973852075
134.2207152716012 -26.476427013390897
138.14999616383224 -26.228557252559575
142.19430585991677 -25.980635612315606
146.357011801908 -25.732670841042037
150.64158001295928 -25.484671540370115
155.05157798326255 -25.23664619049167
159.5906776404731 -24.988603175006247
164.26265840709303 -24.7405508053468
169.071410347358 -24.492497344825566
174.0209374062485 -24.244451032339555
179.115360743323 -23.996420105772952
184.3589221641488 -23.748412825130995
189.75598765218504 -23.500437495437403
195.3110510040631 -23.25250248942404
201.02873757128856 -23.004616270038824
206.913808111479 -22.75678741279442
212.97116275234782 -22.509024627976455
219.20584507173257 -22.26133678272675
225.62304629706352 -22.013732923012984
232.22810962777245 -21.76622229549219
239.02653468423918 -21.51881436927157
246.02398208697775 -21.271518857565944
253.22627816987946 -21.024345739246847
260.63941983143474 -20.777305280274287
268.26957952797244 -20.530408054998208
276.1231104130753 -20.283664967312667
284.2065516274511 -20.037087271642395
292.5266337436645 -19.790686593737934
301.09028437025927 -19.544474951253367
309.9046339199427 -19.29846477407804
318.97702154663216 -19.05266892439296
328.3150012563047 -18.80710071642214
337.9263481967431 -18.56177393585006
347.819065131413 -18.31670285887876
358.00138910285807 -18.071902270902065
368.48179829116765 -17.827387484779706
379.26901907322497 -17.58317435870187
390.37203328860926 -17.339279313644496
401.8000857182091 -17.09571935042699
413.5626917817706 -16.852512066398894
425.66964546078714 -16.609675671798392
438.13102745333055 -16.367229005844745
450.9572135676145 -16.125191552648054
464.15888336127773 -15.883583457043581
477.7470290335773 -15.642425540482975
491.73296457790156 -15.401739317141681
506.1283352022219 -15.161547010429228
520.9451270253212 -14.921871570117005
536.1956770568817 -14.682736690324356
551.892683469738 -14.444166828629006
568.0492161728429 -14.206187226589282
584.6787276937589 -13.9688239319822
601.7950643797334 -13.732103823072698
619.412477926676 -13.49605463523205
637.5456372456507 -13.26070499021709
656.2096406767555 -13.026084428404577
675.4200285605586 -12.792223444244922
695.1927961775606 -12.559153525155518
715.5444070664574 -12.326907194014646
736.4918067322965 -12.095518055342014
758.0524367559261 -11.865020845160597
780.2442493165045 -11.635451484426651
803.0857221391512 -11.406847135791843
826.5958738801812 -11.179246263324112
850.7942799627444 -10.95268869466411
875.7010888760508 -10.727215684934894
901.3370389517438 -10.502869981556902
927.7234756314059 -10.279695888951633
954.8823692395666 -10.057739331950803
982.8363332770031 -9.837047916567354
1011.6086432495807 -9.617670986634867
1041.2232560483055 -9.399659674688866
1071.7048298967104 -9.183066945350847
1103.078744882215 -8.967947629388464
1135.3711240885177 -8.754358446568293
1168.608855346651 -8.542358015392523
1202.8196136227775 -8.332006847823372
1238.0318840613968 -8.123367327148454
1274.2749857031336 -7.9165036672303115
1311.5790958968503 -7.7114818515130645
1349.9752754264298 -7.508369550328549
1389.4954943731375 -7.307236015252606
1430.172658735088 -7.108151949507261
1472.0406378260013 -6.9111893536831985
1515.134292476053 -6.716421346366992
1559.4895040582815 -6.523921959594111
1605.1432043647615 -6.333765909407588
1652.1334063573702 -6.146028342179094
1700.4992358187922 -5.960784557737328
1750.2809639301013 -5.778109710743466
1801.520040802024 -5.598078492147974
1854.2591299878522 -5.4207647929502345
1908.542144006686 -5.246241352856426
1964.4142809066266 -5.074579396782934
2021.9220618983536 -4.90584826247585
2081.1133700903947 -4.740115022804
2142.037490358383 -4.577444106524965
2204.7451503814746 -4.41789692151514
2269.288562880081 -4.261531484587644
2335.7214690901214 -4.108402062090775
2404.0991835099717 -3.9585588254798987
2474.47863995735 -3.8120475259831883
2546.91843897454 -3.668909192334743
2621.478896621356 -3.5291798553275333
2698.222094696536 -3.3928903026443313
2777.211932429355 -3.26006586706236
2858.5141796844714 -3.1307262507016755
2942.196531724374 -3.00488538750678
3028.3286655749457 -2.8825513456257292
3116.9822980411436 -2.7637262707913246
3208.2312454210773 -2.648406371228477
3302.1514849681753 -2.536581944023042
3398.8212181526674 -2.4282374423040283
3498.320935775036 -2.3233515820266906
3600.73348498562 -2.221897486611379
3706.144138266228 -2.123842867203429
3814.640664431178 -2.0291502358836127
3926.3134017068355 -1.9377771487848015
4041.2553329506004 -1.8496764757646331
4159.562163071847 -1.764796693051112
4281.332398719392 -1.6830821951188852
4406.667430301786 -1.604473621969487
4535.671616408702 -1.528908197975768
4668.45237070379 -1.456320078505387
4805.1202513612425 -1.3866407006549042
4945.789053120639 -1.3197991345975002
5090.575902036681 -1.2557224322658769
5239.601353002645 -1.1943359703491234
5392.98949012887 -1.1355637848691666
5550.868030059805 -1.0793288949106625
5713.36842831558 -1.0255536133991168
5880.625988746757 -0.9741598431479391
6052.779976193349 -0.9250693567190185
6229.973732441841 -0.8782040589570528
6412.354795576917 -0.833486231359605
6600.075022827095 -0.7908387577290582
6793.290717006696 -0.7501853308150568
6992.162756659375 -0.7114506398950499
7196.856730011514 -0.6745605394539271
7407.543072847163 -0.6394421993111177
7624.397210419138 -0.6060242367047532
7847.5997035146065 -0.5742368309777195
8077.3363987967105 -0.5440118216211918
8313.798583547334 -0.5152827905184941
8557.183144940002 -0.4879851292976905
8807.692733975462 -0.4620560927470092
9065.53593421636 -0.43743483927520943
9330.927435461663 -0.4140624594108927
9604.08821250538 -0.3918819933332365
9885.24570912827 -0.37083843841304953
10174.634027476064 -0.35087874771974753
10472.494122981476 -0.3319518204183195
10779.074004992735 -0.3140084849425209
11094.628943275218 -0.29700147578756503
11419.421680558647 -0.28088540471913737
11753.722651306367 -0.2656167271465857
12097.810206889013 -0.2511537043578376
12451.97084735032 -0.23745636226268207
12816.499459957597 -0.22448644724050176
13191.699564735716 -0.21220737963874975
13577.883567189278 -0.20058420541997118
13975.373018422924 -0.18958354640869843
14384.498882876629 -0.17917354954476694
14805.6018138991 -0.16932383550738714
15239.032437388305 -0.1600054470344306
15685.151643735446 -0.15119079722403628
16144.330888316019 -0.1428536180707959
16616.952500776908 -0.13496890945668033
17103.41000337838 -0.12751288878712136
17604.108438655527 -0.12046294143536466
18119.46470667122 -0.11379757213353914
18649.907912142942 -0.10749635742610271
19195.87972173111 -0.10153989928106961
19757.834731786996 -0.09590977993595574
20336.2408468667 -0.09058851803890117
20931.579669325736 -0.08555952613077898
21544.346900318822 -0.08080706950100874
22175.052752539294 -0.07631622643828832
22824.222375040976 -0.07207284988731999
23492.396290496577 -0.06806353051379685
24180.13084525718 -0.06427556117221403
24887.998672586673 -0.060696902764453595
25616.589169457267 -0.05731615147151683
26366.508987303554 -0.05412250733585901
27138.3825371428 -0.05110574416793193
27932.85250948253 -0.048256180747125316
28750.580409448772 -0.04556465328461919
29592.247107579577 -0.04302248911363531
30458.55340674284 -0.04062148157072367
31350.220625651124 -0.03835386603071619
32267.991199458116 -0.03621229705700766
33212.62929793748 -0.034189826628340865
34184.92146175927 -0.03227988340305607
35185.677257392665 -0.030476252981797045
36215.72995118075 -0.028773059129854683
37275.93720314938 -0.027164745920812854
38367.18178112649 -0.02564606076361053
39490.37229576694 -0.024212038275973624
40646.44395709628 -0.02285798496782791
41836.359353200234 -0.021579464699282274
43061.10925171165 -0.020372284878642274
44321.713424760856 -0.019232483367005233
45619.221498074585 -0.018156316056937728
46954.71382493421 -0.017140245093864585
48329.30238571752 -0.016180927709853573
49744.13171377451 -0.015275205640610004
51200.37984840882 -0.014420095097529178
52699.259315756564 -0.013612777267831565
54242.01813838024 -0.012850589316791637
55829.94087441914 -0.01213101586721321
57464.34968715974 -0.011451680932315996
59146.605445917456 -0.010810340279210809
60878.108859147556 -0.010204874201181702
62660.30164072656 -0.009633280677923338
64494.667710376205 -0.009093668903848849
66382.73442923075 -0.008584253165482978
68326.07387157406 -0.008103347049900568
70326.30413380644 -0.007649357966895508
72385.09068173247 -0.0072207819685602475
74504.14773728917 -0.00681619885058661
76685.2397058701 -0.006434267520480447
78930.18264543568 -0.006073721618539072
81240.84577862974 -0.005733365378184645
83619.15304916317 -0.005412069712903056
86067.08472376158 -0.005108768517666424
88586.67904100832 -0.0048224551733583795
91180.03390845681 -0.004552179243293851
93849.3086494272 -0.004297043351487494
96596.72580093842 -0.004056200232847206
99424.57296427398 -0.003828849946005787
102335.20470972576 -0.0036142372399550335
105331.04453709359 -0.0034116490661623517
108414.5868935835 -0.0032204122281915054
111588.3992507748 -0.003039891161389154
114855.12424239368 -0.002869485835500705
118217.48186466724 -0.002708629773510513
121678.27174109229 -0.0025567881803140436
125240.3754535072 -0.0024134561752521136
128906.75894140244 -0.0022781571227245825
132680.47497147243 -0.0021504410555614824
136564.66567946097 -0.002029883186016746
140562.56518642136 -0.0019160824995484702
144677.5022915648 -0.0018086604268443987
148912.90324394088 -0.001707259589747637
153272.2945952612 -0.0016115426169918958
157759.30613623615 -0.0015211910259591672
162377.67391887208 -0.0014359041666863143
167131.2433672486 -0.0013553982247737435
172023.97247935992 -0.0012794052798771277
177059.9351226898 -0.0012076724167305885
182243.32442626648 -0.0011399608857585717
187578.45627201613 -0.0010760453105365811
193069.77288832495 -0.0010157129395095062
198721.84654880533 -0.000958762939476306
204539.38337933904 -0.000905005728552741
210527.22727657072 -0.0008542623463789771
216690.3639411181 -0.0008063638595432608
223033.9250288494 -0.0007611508002244156
229563.19242369095 -0.0007184726361991549
236283.6026355175 -0.0006781872705090676
243200.7513267945 -0.0006401605690871651
250320.39797173254 -0.000604265914804044
257648.47065183744 -0.0005703837864611945
265191.0709918535 -0.0005384013613466017
272954.4792402007 -0.0005082121400119314
280945.1594981406 -0.0004797155920595048
289169.76510202966 -0.0004528168217317165
297635.14416313195 -0.0004274262522551903
306348.3452696084 -0.0004034593278114285
315316.62335543614 -0.00038083623222600065
324547.44574113254 -0.00035948162338671826
334048.4983513244 -0.0003393243825414006
343827.6921143307 -0.00032029737763095693
353893.1695490984 -0.0003023372398764533
364253.3115449638 -0.00028538415288631815
374916.74433988857 -0.0002693816535606597
385892.3467029899 -0.0002542764441547131
397189.25732733024 -0.00024001821488385566
408816.88243912894 -0.00022655947643348404
420784.9036297398 -0.0002138554018914798
433103.2859169001 -0.00020186367749862872
445782.28604197066 -0.0001905443617966584
458832.461010084 -0.0001798597526350338
472264.67688029545 -0.00016977426166360214
486090.117813063 -0.00016025429582735147
500320.2953825999 -0.00015126814551269331
514967.0581618343 -0.0001427858789870229
530042.6015879672 -0.0001347792426991082
545559.4781168514 -0.00012722156723066875
561530.6076746266 -0.00012008767847256944
577969.2884153313 -0.0001133538137909954
594889.2077934331 -0.00010699754290946888
612304.4539605178 -0.00010099769320173895
630229.5274956024 -9.533427919185768e-05
648679.3534788508 -8.998843598352418e-05
667669.2939187557 -8.494235645169847e-05
687215.1605431122 -8.01792319292141e-05
707333.2279644439 -7.56831962204615e-05
728040.2472308562 -7.14392727674785e-05
749353.4597735757 -6.743332477354647e-05
771290.6117627992 -6.365200811640312e-05
793869.9688838223 -6.0082726895730414e-05
817110.3315457187 -5.6713591495264996e-05
841031.0505352605 -5.3533378978169725e-05
865652.0431290936 -5.053149569795814e-05
890993.8096776098 -4.7697942025592664e-05
917077.4506742931 -4.5023279034558554e-05
943924.6843247664 -4.2498597072511175e-05
971557.8646301847 -4.01154860738447e-05
1000000.0 -3.786600754950321e-05
