10.0 -3.2632268011654935
10.292747724096083 -3.3112279892464
10.59406557118851 -3.360115373483872
10.904204429677526 -3.4099448672916943
11.223422532664179 -3.46077659689442
11.551985672964793 -3.5126747471270683
11.890167424419898 -3.5657073796086474
12.238249369681931 -3.6199462245792366
12.596521334671401 -3.675466447713113
12.965281629896682 -3.7323463932109036
13.344837298838383 -3.790667304466109
13.735504373605137 -3.8505130235954304
14.137608138073606 -3.911969671109575
14.551483398731937 -3.975125307007106
14.977474763452017 -4.040069574608268
15.415936928422726 -4.106893328479543
15.867234973483178 -4.175688247883836
16.331744666101677 -4.246546437281342
16.80985277425364 -4.319560015532034
17.301957388458945 -4.39482069560789
17.808468253246822 -4.472419356783359
18.329807108324356 -4.552445611456307
18.866408039732583 -4.634987368960793
19.418717841282557 -4.720130398919804
19.987196386572506 -4.807957896866538
20.57231701189556 -4.898550055063956
21.174566910357118 -4.991983641576833
21.794447537529855 -5.088331590774543
22.432475028984193 -5.18766260852297
23.089180630041927 -5.290040795322522
23.765111138110754 -5.395525290636133
24.46082935796799 -5.504169941525575
25.17691457037277 -5.616022998554567
25.913963014396586 -5.731126841679578
26.672588383874054 -5.849517738526667
27.453422338387142 -5.971225637094802
28.257115029208283 -6.096273994475286
29.08433564064048 -6.224679642694964
29.935772947204903 -6.356452692260046
30.812135887140037 -6.491596473405073
31.714154152689986 -6.6301075144665775
32.642578797673224 -6.7719755562077735
33.59818286283781 -6.917183600323799
34.58176201952381 -7.065707989791605
35.594135232168604 -7.2175185181756945
36.63614544020716 -7.372578564499971
37.708660259934554 -7.530845249850962
38.81257270691538 -7.692269611468266
39.9488019395417 -7.8567967897505095
41.118294024358306 -8.02436622334961
42.322022723792756 -8.194911847307111
43.56099030694608 -8.368362289082706
44.83622838411908 -8.544641057244181
46.148798765769385 -8.723666717599194
47.499794346614124 -8.905353051605834
48.890340015614456 -9.08960919202041
50.32159359259993 -9.276339730899444
51.7947467923121 -9.465444795290184
53.31102621667033 -9.656820086197191
54.87169437608604 -9.850356876705332
56.47805074067555 -10.045941965472487
58.131432822247135 -10.243457582185586
59.83321728796288 -10.442781241987785
61.58482110660264 -10.643785546358412
63.38770272838487 -10.846337928462171
65.24336329932625 -11.050300341585471
67.15334791115141 -11.255528889981294
69.11924688779365 -11.461873402235838
71.14269710955735 -11.669176948213394
73.22538337604533 -11.877275301710037
75.36903980898542 -12.085996352216984
77.57545129612417 -12.295159470652365
79.84645497739086 -12.504574835616191
82.18394177456803 -12.714042728671096
84.58985796574301 -12.923352809360518
87.06620680585127 -13.132283383170915
89.61505019466045 -13.340600678408595
92.23851039358476 -13.548058150999232
94.9387717927583 -13.75439583944724
97.71808272983904 -13.959339795600103
100.57875736205835 -14.162601620303308
103.52317759307378 -14.363878136390474
106.55379505623053 -14.56285123453522
109.67313315588179 -14.759187930078363
112.88378916846884 -14.952540670739573
116.18843640511002 -15.142547935822943
119.58982643749793 -15.328835166757685
123.09079138896018 -15.511016066236403
126.69424629259063 -15.688694298411896
130.40319151841317 -15.861465615336307
134.2207152716012 -16.028920424786627
138.14999616383224 -16.190646801762142
142.19430585991677 -16.346233930348294
146.357011801908 -16.495275944650402
150.64158001295928 -16.637376117724724
155.05157798326255 -16.772151326765325
159.5906776404731 -16.899236702419202
164.26265840709303 -17.01829035138706
169.071410347358 -17.128998025947602
174.0209374062485 -17.23107760324178
179.115360743323 -17.324283232427963
184.3589221641488 -17.4084090102103
189.75598765218504 -17.48329205529113
195.3110510040631 -17.548814869965195
201.02873757128856 -17.604906901633118
206.913808111479 -17.65154524712377
212.97116275234782 -17.688754476475484
219.20584507173257 -17.716605587994245
225.62304629706352 -17.735214140576026
232.22810962777245 -17.744737640177945
239.02653468423918 -17.745372282991305
246.02398208697775 -17.737349176888834
253.22627816987946 -17.72093017429181
260.63941983143474 -17.69640345358829
268.26957952797244 -17.664078983117726
276.1231104130753 -17.624283992479803
284.2065516274511 -17.57735856186173
292.5266337436645 -17.52365142268961
301.09028437025927 -17.463516043713195
309.9046339199427 -17.397307057034684
318.97702154663216 -17.325377059748817
328.3150012563047 -17.2480738097088
337.9263481967431 -17.165737819071833
347.819065131413 -17.078700337058603
358.00138910285807 -16.987281703892492
368.48179829116765 -16.8917900510581
379.26901907322497 -16.792520318614358
390.37203328860926 -16.68975355798007
401.8000857182091 -16.583756488009374
413.5626917817706 -16.474781272907656
425.66964546078714 -16.36306549223964
438.13102745333055 -16.24883227561895
450.9572135676145 -16.132290577360198
464.15888336127773 -16.013635569190466
477.7470290335773 -15.893049131873001
491.73296457790156 -15.770700429164787
506.1283352022219 -15.64674654982312
520.9451270253212 -15.521333205340756
536.1956770568817 -15.394595472711632
551.892683469738 -15.26665857280776
568.0492161728429 -15.137638675912985
584.6787276937589 -15.007643726641502
601.7950643797334 -14.87677428091899
619.412477926676 -14.74512434796759
637.5456372456507 -14.61278223036716
656.2096406767555 -14.479831355310191
675.4200285605586 -14.346351090177754
695.1927961775606 -14.212417535574618
715.5444070664574 -14.078104289012947
736.4918067322965 -13.943483172551446
758.0524367559261 -13.808624917903774
780.2442493165045 -13.67359980283842
803.0857221391512 -13.538478233112563
826.5958738801812 -13.403331264712776
850.7942799627444 -13.268231061813573
875.7010888760508 -13.133251286599988
901.3370389517438 -12.998467417919892
927.7234756314059 -12.86395699661804
954.8823692395666 -12.729799796341046
982.8363332770031 -12.59607791956684
1011.6086432495807 -12.462875819587712
1041.2232560483055 -12.330280250140191
1071.7048298967104 -12.198380145310391
1103.078744882215 -12.06726643323223
1135.3711240885177 -11.937031787924264
1168.608855346651 -11.807770324361295
1202.8196136227775 -11.679577242545188
1238.0318840613968 -11.552548426907679
1274.2749857031336 -11.42678000784805
1311.5790958968503 -11.30236789256852
1349.9752754264298 -11.179407272621741
1389.4954943731375 -11.05799211572342
1430.172658735088 -10.938214649411343
1472.0406378260013 -10.820164844049529
1515.134292476053 -10.703929902488426
1559.4895040582815 -10.589593763400858
1605.1432043647615 -10.477236624927473
1652.1334063573702 -10.366934494789477
1700.4992358187922 -10.258758772470715
1750.2809639301013 -10.152775868444923
1801.520040802024 -10.049046864738568
1854.2591299878522 -9.947627220386389
1908.542144006686 -9.848566524571151
1964.4142809066266 -9.751908299451358
2021.9220618983536 -9.65768985389005
2081.1133700903947 -9.565942188513608
2142.037490358383 -9.47668995177047
2204.7451503814746 -9.389951445936537
2269.288562880081 -9.305738681340683
2335.7214690901214 -9.224057476472067
2404.0991835099717 -9.14490760108771
2474.47863995735 -9.06828295897549
2546.91843897454 -8.994171806646785
2621.478896621356 -8.922557003938076
2698.222094696536 -8.853416292294071
2777.211932429355 -8.78672259638402
2858.5141796844714 -8.722444344663975
2942.196531724374 -8.660545804537037
3028.3286655749457 -8.60098742787283
3116.9822980411436 -8.543726202820068
3208.2312454210773 -8.488716008071647
3302.1514849681753 -8.43590796601226
3398.8212181526674 -8.385250791483676
3498.320935775036 -8.336691133232712
3600.73348498562 -8.2901739054538
3706.144138266228 -8.245642607191375
3814.640664431178 -8.203039627720933
3926.3134017068355 -8.162306536374075
4041.2553329506004 -8.123384355605962
4159.562163071847 -8.086213816419045
4281.332398719392 -8.050735595550291
4406.667430301786 -8.016890534099264
4535.671616408702 -7.984619837515622
4668.45237070379 -7.953865257081337
4805.1202513612425 -7.924569253209878
4945.789053120639 -7.896675141044578
5090.575902036681 -7.870127218972884
5239.601353002645 -7.8448708807811816
5392.98949012887 -7.8208527122601925
5550.868030059805 -7.7980205731347
5713.36842831558 -7.776323665234688
5880.625988746757 -7.755712587852207
6052.779976193349 -7.7361393812385595
6229.973732441841 -7.717557559194919
6412.354795576917 -7.699922131695383
6600.075022827095 -7.683189618459072
6793.290717006696 -7.667318054356985
6992.162756659375 -7.652266987503049
7196.856730011514 -7.637997470837208
7407.543072847163 -7.624472047964356
7624.397210419138 -7.611654733965748
7847.5997035146065 -7.599510991851755
8077.3363987967105 -7.588007705276835
8313.798583547334 -7.577113148088995
8557.183144940002 -7.566796951239329
8807.692733975462 -7.557030067531069
9065.53593421636 -7.547784734644418
9330.927435461663 -7.539034436829786
9604.08821250538 -7.5307538656237325
9885.24570912827 -7.522918879903582
10174.634027476064 -7.515506465561266
10472.494122981476 -7.5084946950449165
10779.074004992735 -7.501862686985959
11094.628943275218 -7.495590566101131
11419.421680558647 -7.489659423534301
11753.722651306367 -7.484051277777997
12097.810206889013 -7.478749036294866
12451.97084735032 -7.473736457938573
12816.499459957597 -7.468998116257158
13191.699564735716 -7.464519363746003
13577.883567189278 -7.4602862971032184
13975.373018422924 -7.4562857235284765
14384.498882876629 -7.452505128094912
14805.6018138991 -7.448932642213643
15239.032437388305 -7.4455570132032145
15685.151643735446 -7.442367574966942
16144.330888316019 -7.439354219776691
16616.952500776908 -7.436507371154243
17103.41000337838 -7.4338179578384835
17604.108438655527 -7.431277388820537
18119.46470667122 -7.42887752942793
18649.907912142942 -7.426610678434083
19195.87972173111 -7.424469546168294
19757.834731786996 -7.422447233599162
20336.2408468667 -7.420537212363295
20931.579669325736 -7.418733305709791
21544.346900318822 -7.417029670330109
22175.052752539294 -7.415420779043229
22824.222375040976 -7.413901404304775
23492.396290496577 -7.412466602509703
24180.13084525718 -7.411111699057482
24887.998672586673 -7.4098322741496805
25616.589169457267 -7.408624149289595
26366.508987303554 -7.407483374455099
27138.3825371428 -7.406406215915206
27932.85250948253 -7.405389144662601
28750.580409448772 -7.404428825434808
29592.247107579577 -7.40352210629715
30458.55340674284 -7.402666008761686
31350.220625651124 -7.4018577184176415
32267.991199458116 -7.401094576048644
33212.62929793748 -7.400374069213891
34184.92146175927 -7.399693824270951
35185.677257392665 -7.3990515988185095
36215.72995118075 -7.398445274538447
37275.93720314938 -7.397872850417716
38367.18178112649 -7.397332436330729
39490.37229576694 -7.396822246964518
40646.44395709628 -7.39634059606875
41836.359353200234 -7.3958858910146255
43061.10925171165 -7.395456627646517
44321.713424760856 -7.39505138541123
45619.221498074585 -7.394668822750851
46954.71382493421 -7.394307672744803
48329.30238571752 -7.393966738988808
49744.13171377451 -7.393644891697862
51200.37984840882 -7.393341064021532
52699.259315756564 -7.39305424856034
54242.01813838024 -7.392783494072496
55829.94087441914 -7.392527902361215
57464.34968715974 -7.392286625332113
59146.605445917456 -7.39205886221265
60878.108859147556 -7.391843856923961
62660.30164072656 -7.391640895597643
64494.667710376205 -7.391449304229009
66382.73442923075 -7.391268446459827
68326.07387157406 -7.391097721483579
70326.30413380644 -7.390936562066147
72385.09068173247 -7.390784432676114
74504.14773728917 -7.390640827718483
76685.2397058701 -7.390505269866194
78930.18264543568 -7.390377308484025
81240.84577862974 -7.390256518139989
83619.15304916317 -7.390142497199208
86067.08472376158 -7.390034866496001
88586.67904100832 -7.389933268079605
91180.03390845681 -7.389837364029606
93849.3086494272 -7.3897468353373625
96596.72580093842 -7.389661380849555
99424.57296427398 -7.389580716270504
102335.20470972576 -7.389504573220194
105331.04453709359 -7.389432698344587
108414.5868935835 -7.389364852475607
111588.3992507748 -7.389300809837965
114855.12424239368 -7.389240357300178
118217.48186466724 -7.3891832936673705
121678.27174109229 -7.389129429013522
125240.3754535072 -7.38907858405104
128906.75894140244 -7.389030589535426
132680.47497147243 -7.388985285703348
136564.66567946097 -7.388942521741883
140562.56518642136 -7.388902155287534
144677.5022915648 -7.388864051953402
148912.90324394088 -7.3888280848824035
153272.2945952612 -7.388794134325746
157759.30613623615 -7.388762087245022
162377.67391887208 -7.388731836936202
167131.2433672486 -7.388703282675043
172023.97247935992 -7.388676329382192
177059.9351226898 -7.388650887306948
182243.32442626648 -7.3886268717287145
187578.45627201613 -7.388604202675318
193069.77288832495 -7.38858280465705
198721.84654880533 -7.388562606415386
204539.38337933904 -7.388543540685922
210527.22727657072 -7.388525543974827
216690.3639411181 -7.388508556347192
223033.9250288494 -7.388492521227967
229563.19242369095 -7.38847738521346
236283.6026355175 -7.388463097893634
243200.7513267945 -7.388449611684523
250320.39797173254 -7.388436881669539
257648.47065183744 -7.388424865450281
265191.0709918535 -7.388413523005202
272954.4792402007 -7.3884028165564235
280945.1594981406 -7.3883927104441005
289169.76510202966 -7.388383171007532
297635.14416313195 -7.388374166473252
306348.3452696084 -7.388365666849087
315316.62335543614 -7.3883576438244445
324547.44574113254 -7.388350070676047
334048.4983513244 -7.388342922178758
343827.6921143307 -7.388336174521886
353893.1695490984 -7.38832980522965
364253.3115449638 -7.3883237930865135
374916.74433988857 -7.388318118066394
385892.3467029899 -7.388312761266107
397189.25732733024 -7.388307704842299
408816.88243912894 -7.3883029319521265
420784.9036297398 -7.388298426697125
433103.2859169001 -7.388294174070217
445782.28604197066 -7.3882901599057895
458832.461010084 -7.388286370832541
472264.67688029545 -7.38828279422886
486090.117813063 -7.388279418180926
500320.2953825999 -7.388276231442852
514967.0581618343 -7.388273223399361
530042.6015879672 -7.388270384030415
545559.4781168514 -7.388267703877797
561530.6076746266 -7.388265174013624
577969.2884153313 -7.3882627860106345
594889.2077934331 -7.3882605319141605
612304.4539605178 -7.38825840421546
630229.5274956024 -7.3882563958269065
648679.3534788508 -7.388254500058294
667669.2939187557 -7.388252710594535
687215.1605431122 -7.388251021474627
707333.2279644439 -7.388249427071898
728040.2472308562 -7.388247922075115
749353.4597735757 -7.3882465014708725
771290.6117627992 -7.388245160526954
793869.9688838223 -7.388243894776354
817110.3315457187 -7.388242700002719
841031.0505352605 -7.388241572225992
865652.0431290936 -7.388240507689359
890993.8096776098 -7.388239502846644
917077.4506742931 -7.388238554350542
943924.6843247664 -7.388237659041389
971557.8646301847 -7.38823681393678
1000000.0 -7.388236016221491
