10.0 -0.28642823361820857
10.292747724096083 -0.2874148952836282
10.59406557118851 -0.288456353408419
10.904204429677526 -0.2895554203440296
11.223422532664179 -0.29071502566931356
11.551985672964793 -0.29193821782244617
11.890167424419898 -0.2932281653089628
12.238249369681931 -0.29458815741849864
12.596521334671401 -0.296021604377289
12.965281629896682 -0.29753203685743346
13.344837298838383 -0.29912310475799264
13.735504373605137 -0.30079857516741015
14.137608138073606 -0.3025623294106616
14.551483398731937 -0.3044183590797104
14.977474763452017 -0.3063707609404936
15.415936928422726 -0.3084237306060377
15.867234973483178 -0.3105815548614034
16.331744666101677 -0.31284860252458746
16.80985277425364 -0.3152293137261353
17.301957388458945 -0.31772818749157156
17.808468253246822 -0.320349767513168
18.329807108324356 -0.32309862600308137
18.866408039732583 -0.32597934552735264
19.418717841282557 -0.32899649873144227
19.987196386572506 -0.332154625881756
20.57231701189556 -0.33545821016592864
21.174566910357118 -0.3389116507161432
21.794447537529855 -0.34251923334630296
22.432475028984193 -0.34628509902440346
23.089180630041927 -0.35021321013686335
23.765111138110754 -0.35430731464164933
24.46082935796799 -0.35857090825153176
25.17691457037277 -0.3630071948377437
25.913963014396586 -0.36761904529709005
26.672588383874054 -0.37240895518157635
27.453422338387142 -0.3773790014478785
28.257115029208283 -0.3825307987439034
29.08433564064048 -0.38786545570916764
29.935772947204903 -0.39338353182399693
30.812135887140037 -0.3990849953973171
31.714154152689986 -0.40496918333246207
32.642578797673224 -0.41103476335240297
33.59818286283781 -0.417279699398879
34.58176201952381 -0.423701220940392
35.594135232168604 -0.43029579693142184
36.63614544020716 -0.437059115156452
37.708660259934554 -0.4439860676660371
38.81257270691538 -0.45107074296755
39.9488019395417 -0.45830642556832935
41.118294024358306 -0.46568560338521087
42.322022723792756 -0.4731999834307505
43.56099030694608 -0.4808405160652718
44.83622838411908 -0.4885974279664381
46.148798765769385 -0.4964602638176066
47.499794346614124 -0.504417936556282
48.890340015614456 -0.5124587858577158
50.32159359259993 -0.5205706443627292
51.7947467923121 -0.5287409109955602
53.31102621667033 -0.5369566305642849
54.87169437608604 -0.5452045786966327
56.47805074067555 -0.5534713510433753
58.131432822247135 -0.5617434555832944
59.83321728796288 -0.5700074067924378
61.58482110660264 -0.5782498203969543
63.38770272838487 -0.5864575074168773
65.24336329932625 -0.5946175662254525
67.15334791115141 -0.6027174713969774
69.11924688779365 -0.6107451581914133
71.14269710955735 -0.6186891016253531
73.22538337604533 -0.6265383892008336
75.36903980898542 -0.6342827865033223
77.57545129612417 -0.6419127950316437
79.84645497739086 -0.6494197017820458
82.18394177456803 -0.6567956202699522
84.58985796574301 -0.664033522832007
87.06620680585127 -0.6711272642034406
89.61505019466045 -0.6780715965076577
92.23851039358476 -0.6848621759228112
94.9387717927583 -0.6914955614024685
97.71808272983904 -0.6979692059218668
100.57875736205835 -0.704281440797021
103.52317759307378 -0.710431453681526
106.55379505623053 -0.7164192608848288
109.67313315588179 -0.7222456746781036
112.88378916846884 -0.7279122662602031
116.18843640511002 -0.7334213250487259
119.58982643749793 -0.738775814942374
123.09079138896018 -0.7439793281714735
126.69424629259063 -0.7490360373170233
130.40319151841317 -0.7539506460362897
134.2207152716012 -0.7587283389866162
138.14999616383224 -0.7633747313907525
142.19430585991677 -0.7678958186378777
146.357011801908 -0.7722979262654786
150.64158001295928 -0.7765876606202461
155.05157798326255 -0.780771860450914
159.5906776404731 -0.7848575496434734
164.26265840709303 -0.788851891270391
169.071410347358 -0.792762143089575
174.0209374062485 -0.7965956145967236
179.115360743323 -0.800359625706645
184.3589221641488 -0.8040614671142755
189.75598765218504 -0.8077083623651375
195.3110510040631 -0.8113074316479942
201.02873757128856 -0.814865657308368
206.913808111479 -0.8183898510716681
212.97116275234782 -0.8218866229576456
219.20584507173257 -0.8253623518641086
225.62304629706352 -0.8288231577978744
232.22810962777245 -0.8322748757326294
239.02653468423918 -0.8357230310792207
246.02398208697775 -0.8391728167609304
253.22627816987946 -0.8426290718964714
260.63941983143474 -0.846096262104715
268.26957952797244 -0.8495784614582831
276.1231104130753 -0.8530793361268819
284.2065516274511 -0.8566021297657356
292.5266337436645 -0.8601496507184976
301.09028437025927 -0.8637242611176233
309.9046339199427 -0.8673278679771478
318.97702154663216 -0.8709619163835509
328.3150012563047 -0.8746273848971489
337.9263481967431 -0.8783247832819421
347.819065131413 -0.8820541526816207
358.00138910285807 -0.8858150683563953
368.48179829116765 -0.8896066450865413
379.26901907322497 -0.8934275453352525
390.37203328860926 -0.8972759902441451
401.8000857182091 -0.9011497735108878
413.5626917817706 -0.9050462781681824
425.66964546078714 -0.9089624962490008
438.13102745333055 -0.9128950512836171
450.9572135676145 -0.9168402235307258
464.15888336127773 -0.9207939777994333
477.7470290335773 -0.9247519936711855
491.73296457790156 -0.9287096978828585
506.1283352022219 -0.9326622985855458
520.9451270253212 -0.9366048211496423
536.1956770568817 -0.9405321451470481
551.892683469738 -0.9444390421071348
568.0492161728429 -0.9483202136164524
584.6787276937589 -0.9521703293135475
601.7950643797334 -0.9559840643207962
619.412477926676 -0.9597561356557585
637.5456372456507 -0.9634813371751751
656.2096406767555 -0.9671545726249768
675.4200285605586 -0.9707708863999136
695.1927961775606 -0.9743254916547944
715.5444070664574 -0.9778137954552985
736.4918067322965 -0.981231420708058
758.0524367559261 -0.9845742246666139
780.2442493165045 -0.9878383138679526
803.0857221391512 -0.9910200554151084
826.5958738801812 -0.994116084579476
850.7942799627444 -0.9971233087538309
875.7010888760508 -1.0000389078392329
901.3370389517438 -1.002860331197065
927.7234756314059 -1.0055852913387135
954.8823692395666 -1.0082117545610205
982.8363332770031 -1.0107379287627358
1011.6086432495807 -1.0131622486989813
1041.2232560483055 -1.0154833589435672
1071.7048298967104 -1.0177000948366595
1103.078744882215 -1.019811461696304
1135.3711240885177 -1.0218166125671773
1168.608855346651 -1.0237148247717451
1202.8196136227775 -1.025505475515366
1238.0318840613968 -1.027188016781361
1274.2749857031336 -1.0287619497342586
1311.5790958968503 -1.0302267988303453
1349.9752754264298 -1.0315820858150107
1389.4954943731375 -1.0328273037676836
1430.172658735088 -1.0339618913365496
1472.0406378260013 -1.0349852072887016
1515.134292476053 -1.0358965054863507
1559.4895040582815 -1.0366949103874803
1605.1432043647615 -1.0373793931582735
1652.1334063573702 -1.0379487484782006
1700.4992358187922 -1.038401572112346
1750.2809639301013 -1.0387362393243973
1801.520040802024 -1.0389508842028232
1854.2591299878522 -1.0390433799757202
1908.542144006686 -1.039011320394461
1964.4142809066266 -1.0388520022720291
2021.9220618983536 -1.0385624092706343
2081.1133700903947 -1.0381391970415452
2142.037490358383 -1.037578679830348
2204.7451503814746 -1.036876818670847
2269.288562880081 -1.03602921130141
2335.7214690901214 -1.035031083947121
2404.0991835099717 -1.0338772851203657
2474.47863995735 -1.0325622816010667
2546.91843897454 -1.031080156763819
2621.478896621356 -1.0294246114250363
2698.222094696536 -1.0275889673859855
2777.211932429355 -1.0255661738498296
2858.5141796844714 -1.0233488168889602
2942.196531724374 -1.0209291321372853
3028.3286655749457 -1.0182990208766176
3116.9822980411436 -1.0154500696793132
3208.2312454210773 -1.0123735737607402
3302.1514849681753 -1.009060564183564
3398.8212181526674 -1.0055018390428558
3498.320935775036 -1.0016879987461167
3600.73348498562 -0.9976094854844377
3706.144138266228 -0.9932566269715666
3814.640664431178 -0.9886196845046319
3926.3134017068355 -0.9836889053752682
4041.2553329506004 -0.9784545796297245
4159.562163071847 -0.9729071011436009
4281.332398719392 -0.9670370329382592
4406.667430301786 -0.9608351766214769
4535.671616408702 -0.9542926457851073
4668.45237070379 -0.947400943135128
4805.1202513612425 -0.9401520410648094
4945.789053120639 -0.9325384653097436
5090.575902036681 -0.9245533812441126
5239.601353002645 -0.916190682290212
5392.98949012887 -0.9074450798206988
5550.868030059805 -0.8983121938343055
5713.36842831558 -0.888788643584292
5880.625988746757 -0.8788721372362167
6052.779976193349 -0.8685615595308114
6229.973732441841 -0.8578570563313948
6412.354795576917 -0.846760114849029
6600.075022827095 -0.8352736382640148
6793.290717006696 -0.82340201340576
6992.162756659375 -0.8111511701178475
7196.856730011514 -0.7985286309260581
7407.543072847163 -0.7855435496477992
7624.397210419138 -0.7722067376348846
7847.5997035146065 -0.7585306764320708
8077.3363987967105 -0.7445295157601306
8313.798583547334 -0.7302190558981808
8557.183144940002 -0.7156167137414213
8807.692733975462 -0.7007414720472156
9065.53593421636 -0.6856138116499445
9330.927435461663 -0.6702556267165694
9604.08821250538 -0.654690123426579
9885.24570912827 -0.6389417027794306
10174.634027476064 -0.6230358285559617
10472.494122981476 -0.6069988817720462
10779.074004992735 -0.5908580032591352
11094.628943275218 -0.5746409262717901
11419.421680558647 -0.5583758012522256
11753.722651306367 -0.5420910150657645
12097.810206889013 -0.5258150071522825
12451.97084735032 -0.5095760851142894
12816.499459957597 -0.4934022422772271
13191.699564735716 -0.4773209797123856
13577.883567189278 -0.4613591351083868
13975.373018422924 -0.4455427207188816
14384.498882876629 -0.42989677240431645
14805.6018138991 -0.4144452115359723
15239.032437388305 -0.3992107212429313
15685.151643735446 -0.38421463817753515
16144.330888316019 -0.369476860647397
16616.952500776908 -0.35501577363688885
17103.41000337838 -0.3408481909162861
17604.108438655527 -0.3269893141287732
18119.46470667122 -0.31345270845751383
18649.907912142942 -0.30025029421521154
19195.87972173111 -0.2873923534725612
19757.834731786996 -0.27488755065141984
20336.2408468667 -0.2627429658562002
20931.579669325736 -0.2509641396063506
21544.346900318822 -0.23955512755555486
22175.052752539294 -0.22851856374740942
22824.222375040976 -0.21785573095255337
23492.396290496577 -0.20756663665814762
24180.13084525718 -0.19765009333178707
24887.998672586673 -0.18810380165877877
25616.589169457267 -0.17892443554051413
26366.508987303554 -0.17010772774938107
27138.3825371428 -0.16164855524883473
27932.85250948253 -0.153541023306599
28750.580409448772 -0.1457785476527274
29592.247107579577 -0.13835393405218646
30458.55340674284 -0.13125945478106524
31350.220625651124 -0.12448692160365732
32267.991199458116 -0.11802775495530282
33212.62929793748 -0.11187304912510568
34184.92146175927 -0.10601363332335029
35185.677257392665 -0.10044012858832302
36215.72995118075 -0.09514300055519492
37275.93720314938 -0.0901126081611306
38367.18178112649 -0.08533924840665644
39490.37229576694 -0.08081319732542315
40646.44395709628 -0.07652474734292003
41836.359353200234 -0.0724642412182886
43061.10925171165 -0.06862210277638962
44321.713424760856 -0.0649888646393536
45619.221498074585 -0.061555193164319545
46954.71382493421 -0.05831191078987194
48329.30238571752 -0.05525001598045186
49744.13171377451 -0.052360700948967234
51200.37984840882 -0.04963536732102708
52699.259315756564 -0.04706563988955116
54242.01813838024 -0.044643378594271144
55829.94087441914 -0.0423606888436055
57464.34968715974 -0.04020993028336779
59146.605445917456 -0.038183724103374984
60878.108859147556 -0.036274958962267095
62660.30164072656 -0.03447679559923639
64494.667710376205 -0.032782670196070264
66382.73442923075 -0.031186296545185246
68326.07387157406 -0.029681667074694405
70326.30413380644 -0.028263052780670872
72385.09068173247 -0.02692500211331855
74504.14773728917 -0.025662338864761193
76685.2397058701 -0.024470159107188336
78930.18264543568 -0.0233438272312024
81240.84577862974 -0.02227897113542847
83619.15304916317 -0.021271476623473964
86067.08472376158 -0.020317481063610778
88586.67904100832 -0.01941336637153887
91180.03390845681 -0.01855575137789124
93849.3086494272 -0.017741483644522403
96596.72580093842 -0.016967630794903946
99424.57296427398 -0.016231471427301414
102335.20470972576 -0.015530485677104173
105331.04453709359 -0.014862345499327894
108414.5868935835 -0.014224904738987448
111588.3992507748 -0.013616189058608025
114855.12424239368 -0.013034385790844705
118217.48186466724 -0.012477833782040468
121678.27174109229 -0.011945013292186097
125240.3754535072 -0.011434536011977027
128906.75894140244 -0.010945135256780338
132680.47497147243 -0.010475656391948624
136564.66567946097 -0.0100250475411477
140562.56518642136 -0.009592350622897466
144677.5022915648 -0.009176692757972102
148912.90324394088 -0.008777278081715677
153272.2945952612 -0.008393379992414471
157759.30613623615 -0.008024333858700106
162377.67391887208 -0.007669530204289135
167131.2433672486 -0.007328408381075901
172023.97247935992 -0.007000450737335379
177059.9351226898 -0.006685177279630286
182243.32442626648 -0.0063821408240086076
187578.45627201613 -0.006090922625723072
193069.77288832495 -0.005811128472247291
198721.84654880533 -0.005542385221384391
204539.38337933904 -0.005284337761498517
210527.22727657072 -0.00503664636952137
216690.3639411181 -0.004798984439877673
223033.9250288494 -0.004571036555054341
229563.19242369095 -0.004352496869613244
236283.6026355175 -0.004143067776842929
243200.7513267945 -0.003942458830007181
250320.39797173254 -0.003750385887442995
257648.47065183744 -0.003566570455761776
265191.0709918535 -0.0033907392029568365
272954.4792402007 -0.0032226236172876867
280945.1594981406 -0.0030619597884398286
289169.76510202966 -0.0029084882896697074
297635.14416313195 -0.002761954141540405
306348.3452696084 -0.002622106840001244
315316.62335543614 -0.0024887004325572287
324547.44574113254 -0.0023614936304282488
334048.4983513244 -0.002240249943326982
343827.6921143307 -0.002124737828195554
353893.1695490984 -0.002014730842445413
364253.3115449638 -0.0019100077956238067
374916.74433988857 -0.0018103528932773517
385892.3467029899 -0.0017155558688785565
397189.25732733024 -0.0016254121007759875
408816.88243912894 -0.0015397227109204457
420784.9036297398 -0.0014582946448171653
433103.2859169001 -0.0013809407311478966
445782.28604197066 -0.0013074797203186802
458832.461010084 -0.001237736303627153
472264.67688029545 -0.001171541111753117
486090.117813063 -0.001108730694174248
500320.2953825999 -0.0010491474813352781
514967.0581618343 -0.000992639729121812
530042.6015879672 -0.000939061448351359
545559.4781168514 -0.0008882723204297558
561530.6076746266 -0.0008401375998890999
577969.2884153313 -0.0007945280062882506
594889.2077934331 -0.0007513196061380685
612304.4539605178 -0.0007103936865677672
630229.5274956024 -0.0006716366222028977
648679.3534788508 -0.0006349397360157865
667669.2939187557 -0.0006001991556239969
687215.1605431122 -0.000567315666526965
707333.2279644439 -0.0005361945624865109
728040.2472308562 -0.0005067454945213996
749353.4597735757 -0.00047888231939893756
771290.6117627992 -0.0004525229477439013
793869.9688838223 -0.0004275891935227611
817110.3315457187 -0.00040400662431591526
841031.0505352605 -0.00038170441369640137
865652.0431290936 -0.00036061519599214515
890993.8096776098 -0.00034067492354016645
917077.4506742931 -0.0003218227273571353
943924.6843247664 -0.00030400078048049465
971557.8646301847 -0.00028715416546312315
1000000.0 -0.00027123074531356555
