10.0 -0.47743053898519383
10.292747724096083 -0.4865615733181489
10.59406557118851 -0.4956952274803294
10.904204429677526 -0.5047989428669266
11.223422532664179 -0.513837699084019
11.551985672964793 -0.52277404578638
11.890167424419898 -0.5315681569228758
12.238249369681931 -0.5401779081846149
12.596521334671401 -0.5485589781447188
12.965281629896682 -0.5566649732538599
13.344837298838383 -0.5644475765172787
13.735504373605137 -0.5718567193198347
14.137608138073606 -0.5788407755416267
14.551483398731937 -0.5853467767527423
14.977474763452017 -0.5913206469914882
15.415936928422726 -0.5967074553431011
15.867234973483178 -0.6014516843116969
16.331744666101677 -0.6054975117878378
16.80985277425364 -0.6087891042853262
17.301957388458945 -0.611270919038241
17.808468253246822 -0.6128880125233688
18.329807108324356 -0.6135863529960548
18.866408039732583 -0.6133131347002625
19.418717841282557 -0.6120170915183177
19.987196386572506 -0.6096488079653619
20.57231701189556 -0.606161025592126
21.174566910357118 -0.6015089430252535
21.794447537529855 -0.5956505080445647
22.432475028984193 -0.5885467002444937
23.089180630041927 -0.5801618029690271
23.765111138110754 -0.5704636633046176
24.46082935796799 -0.5594239389990976
25.17691457037277 -0.547018331191857
25.913963014396586 -0.5332268018526172
26.672588383874054 -0.5180337747647689
27.453422338387142 -0.5014283188311657
28.257115029208283 -0.483404312362657
29.08433564064048 -0.4639605868988756
29.935772947204903 -0.44310104898185054
30.812135887140037 -0.4208347781783658
31.714154152689986 -0.3971760995438575
32.642578797673224 -0.37214462864754483
33.59818286283781 -0.3457652872458298
34.58176201952381 -0.3180682877133366
35.594135232168604 -0.2890890844335712
36.63614544020716 -0.2588682905061218
37.708660259934554 -0.22745155836902026
38.81257270691538 -0.1948894232531798
39.9488019395417 -0.16123710877661357
41.118294024358306 -0.126554294462562
42.322022723792756 -0.09090484549374725
43.56099030694608 -0.05435650560620399
44.83622838411908 -0.016980554651686595
46.148798765769385 0.02114856699588184
47.499794346614124 0.05995366436604962
48.890340015614456 0.09935522068875255
50.32159359259993 0.13927185301830453
51.7947467923121 0.1796207861012478
53.31102621667033 0.2203183394523469
54.87169437608604 0.261280422245495
56.47805074067555 0.30242303037386054
58.131432822247135 0.343662739901082
59.83321728796288 0.38491719112208284
61.58482110660264 0.42610555756768775
63.38770272838487 0.46714899453258774
65.24336329932625 0.5079710620699
67.15334791115141 0.5484981178585892
69.11924688779365 0.5886596759128747
71.14269710955735 0.6283887277381832
73.22538337604533 0.6676220232281193
75.36903980898542 0.7063003093251468
77.57545129612417 0.7443685252120005
79.84645497739086 0.7817759535381943
82.18394177456803 0.8184763279007197
84.58985796574301 0.8544278974737345
87.06620680585127 0.889593450298906
89.61505019466045 0.9239402972994216
92.23851039358476 0.9574402195548559
94.9387717927583 0.9900693817632599
97.71808272983904 1.021808215124025
100.57875736205835 1.052641273090605
103.52317759307378 1.082557063577951
106.55379505623053 1.1115478612643754
109.67313315588179 1.1396095036073184
112.88378916846884 1.1667411741111713
116.18843640511002 1.1929451762426386
119.58982643749793 1.2182267012027999
123.09079138896018 1.2425935925387177
126.69424629259063 1.2660561103239079
130.40319151841317 1.288626697363535
134.2207152716012 1.310319749595249
138.14999616383224 1.331151392568337
142.19430585991677 1.3511392655984602
146.357011801908 1.370302314917511
150.64158001295928 1.3886605968740953
155.05157798326255 1.4062350919918412
159.5906776404731 1.4230475304641088
164.26265840709303 1.4391202294550087
169.071410347358 1.4544759423912592
174.0209374062485 1.4691377202642748
179.115360743323 1.4831287848206653
184.3589221641488 1.496472413397946
189.75598765218504 1.5091918350618607
195.3110510040631 1.5213101376207885
201.02873757128856 1.5328501850271516
206.913808111479 1.5438345446293058
212.97116275234782 1.5542854237018355
219.20584507173257 1.564224614661636
225.62304629706352 1.5736734483665988
232.22810962777245 1.5826527548909253
239.02653468423918 1.5911828311803042
246.02398208697775 1.5992834150006872
253.22627816987946 1.6069736646137978
260.63941983143474 1.6142721436356788
268.26957952797244 1.6211968105581227
276.1231104130753 1.62776501244239
284.2065516274511 1.6339934823229916
292.5266337436645 1.6398983398888718
301.09028437025927 1.6454950950413259
309.9046339199427 1.6507986539555664
318.97702154663216 1.6558233273048684
328.3150012563047 1.6605828403331688
337.9263481967431 1.6650903444905027
347.819065131413 1.6693584303719287
358.00138910285807 1.6733991417251013
368.48179829116765 1.6772239903158814
379.26901907322497 1.6808439714628647
390.37203328860926 1.6842695800725562
401.8000857182091 1.687510827025993
413.5626917817706 1.6905772557847847
425.66964546078714 1.693477959101264
438.13102745333055 1.6962215957315683
450.9572135676145 1.6988164070647325
464.15888336127773 1.701270233592182
477.7470290335773 1.7035905311536426
491.73296457790156 1.70578438690538
506.1283352022219 1.7078585349657813
520.9451270253212 1.7098193717001944
536.1956770568817 1.7116729706161324
551.892683469738 1.7134250968441704
568.0492161728429 1.7150812211866229
584.6787276937589 1.7166465337208794
601.7950643797334 1.7181259569484977
619.412477926676 1.7195241584844894
637.5456372456507 1.7208455632855162
656.2096406767555 1.722094365417425
675.4200285605586 1.7232745393655235
695.1927961775606 1.724389850893583
715.5444070664574 1.7254438674575312
736.4918067322965 1.7264399681836842
758.0524367559261 1.7273813534203575
780.2442493165045 1.7282710538739245
803.0857221391512 1.729111939340877
826.5958738801812 1.7299067270477475
850.7942799627444 1.730657989611496
875.7010888760508 1.731368162633117
901.3370389517438 1.7320395519375917
927.7234756314059 1.732674340472917
954.8823692395666 1.7332745948817816
982.8363332770031 1.7338422717582191
1011.6086432495807 1.7343792236027316
1041.2232560483055 1.7348872044880141
1071.7048298967104 1.7353678754479884
1103.078744882215 1.7358228096022037
1135.3711240885177 1.736253497027149
1168.608855346651 1.7366613493865932
1202.8196136227775 1.737047704331192
1238.0318840613968 1.7374138296791442
1274.2749857031336 1.7377609273872832
1311.5790958968503 1.7380901373233315
1349.9752754264298 1.7384025408486894
1389.4954943731375 1.7386991642205012
1430.172658735088 1.7389809818228357
1472.0406378260013 1.7392489192341531
1515.134292476053 1.7395038561399467
1559.4895040582815 1.7397466290976782
1605.1432043647615 1.7399780341614712
1652.1334063573702 1.74019882937311
1700.4992358187922 1.7404097371256761
1750.2809639301013 1.740611446406302
1801.520040802024 1.7408046149230214
1854.2591299878522 1.740989871121097
1908.542144006686 1.7411678160940536
1964.4142809066266 1.741339025393211
2021.9220618983536 1.7415040507400437
2081.1133700903947 1.741663421645025
2142.037490358383 1.7418176469360507
2204.7451503814746 1.7419672161996045
2269.288562880081 1.742112601136444
2335.7214690901214 1.7422542568348294
2404.0991835099717 1.7423926229621283
2474.47863995735 1.742528124876347
2546.91843897454 1.742661174658955
2621.478896621356 1.7427921720686503
2698.222094696536 1.7429215054170308
2777.211932429355 1.7430495523654745
2858.5141796844714 1.7431766806427529
2942.196531724374 1.743303248682702
3028.3286655749457 1.743429606180522
3116.9822980411436 1.7435560945663864
3208.2312454210773 1.7436830473943936
3302.1514849681753 1.743810790645344
3398.8212181526674 1.7439396429410545
3498.320935775036 1.744069915668003
3600.73348498562 1.7442019130083086
3706.144138266228 1.7443359318760479
3814.640664431178 1.7444722617567954
3926.3134017068355 1.744611184448948
4041.2553329506004 1.7447529737054985
4159.562163071847 1.7448978947758622
4281.332398719392 1.7450462038471386
4406.667430301786 1.7451981473864653
4535.671616408702 1.7453539613853997
4668.45237070379 1.7455138705100022
4805.1202513612425 1.7456780871603814
4945.789053120639 1.7458468104456013
5090.575902036681 1.7460202250811738
5239.601353002645 1.7461985002187852
5392.98949012887 1.7463817882179524
5550.868030059805 1.74657022337417
5713.36842831558 1.7467639206169392
5880.625988746757 1.7469629741959998
6052.779976193349 1.7471674563731034
6229.973732441841 1.747377416141612
6412.354795576917 1.7475928779953132
6600.075022827095 1.747813840770274
6793.290717006696 1.7480402765853873
6992.162756659375 1.7482721299062007
7196.856730011514 1.7485093167586068
7407.543072847163 1.74875172411741
7624.397210419138 1.7489992094943616
7847.5997035146065 1.7492516007487366
8077.3363987967105 1.7495086961413284
8313.798583547334 1.7497702646488542
8557.183144940002 1.7500360465541642
8807.692733975462 1.7503057543211993
9065.53593421636 1.7505790737604263
9330.927435461663 1.7508556654849823
9604.08821250538 1.751135166651516
9885.24570912827 1.7514171929749542
10174.634027476064 1.751701341000265
10472.494122981476 1.7519871906081665
10779.074004992735 1.752274307728031
11094.628943275218 1.7525622472241256
11419.421680558647 1.7528505559194079
11753.722651306367 1.753138775716633
12097.810206889013 1.7534264467740384
12451.97084735032 1.7537131106923078
12816.499459957597 1.7539983136682964
13191.699564735716 1.7542816095719687
13577.883567189278 1.7545625629056805
13975.373018422924 1.7548407516056577
14384.498882876629 1.7551157696517676
14805.6018138991 1.7553872294536121
15239.032437388305 1.7556547639876325
15685.151643735446 1.7559180286643747
16144.330888316019 1.7561767029114181
16616.952500776908 1.7564304914624183
17103.41000337838 1.7566791253490117
17604.108438655527 1.7569223625975392
18119.46470667122 1.757159988637294
18649.907912142942 1.7573918164318663
19195.87972173111 1.7576176863491457
19757.834731786996 1.7578374657881104
20336.2408468667 1.7580510485847811
20931.579669325736 1.7582583542191623
21544.346900318822 1.7584593268494682
22175.052752539294 1.7586539341973104
22824.222375040976 1.7588421663103273
23492.396290496577 1.7590240342267398
24180.13084525718 1.7591995685655086
24887.998672586673 1.7593688180657183
25616.589169457267 1.759531848095616
26366.508987303554 1.7596887391510068
27138.3825371428 1.7598395853608815
27932.85250948253 1.7599844930150805
28750.580409448772 1.7601235791280203
29592.247107579577 1.7602569700494086
30458.55340674284 1.7603848001319613
31350.220625651124 1.7605072104629416
32267.991199458116 1.7606243476660024
33212.62929793748 1.7607363627769979
34184.92146175927 1.7608434101967885
35185.677257392665 1.760945646722126
36215.72995118075 1.7610432306555126
37275.93720314938 1.761136320992274
38367.18178112649 1.7612250766842759
39490.37229576694 1.761309655977682
40646.44395709628 1.7613902158212593
41836.359353200234 1.7614669113434178
43061.10925171165 1.7615398953930899
44321.713424760856 1.7616093181409083
45619.221498074585 1.7616753267376364
46954.71382493421 1.7617380650243577
48329.30238571752 1.7617976732918934
49744.13171377451 1.7618542880843344
51200.37984840882 1.7619080420433122
52699.259315756564 1.7619590637894507
54242.01813838024 1.7620074778369705
55829.94087441914 1.7620534045381755
57464.34968715974 1.7620969600547722
59146.605445917456 1.7621382563528973
60878.108859147556 1.7621774012187368
62660.30164072656 1.7622144982927834
64494.667710376205 1.7622496471192806
66382.73442923075 1.762282943209881
68326.07387157406 1.762314478118323
70326.30413380644 1.7623443395251974
72385.09068173247 1.7623726113302782
74504.14773728917 1.762399373751751
76685.2397058701 1.762424703430368
78930.18264543568 1.7624486735374147
81240.84577862974 1.7624713538858114
83619.15304916317 1.762492811042808
86067.08472376158 1.7625131084438834
88586.67904100832 1.7625323065069587
91180.03390845681 1.762550462746158
93849.3086494272 1.7625676318849601
96596.72580093842 1.7625838659675295
99424.57296427398 1.7625992144689542
102335.20470972576 1.762613724402636
105331.04453709359 1.7626274404260749
108414.5868935835 1.7626404049434754
111588.3992507748 1.762652658205952
114855.12424239368 1.762664238408522
118217.48186466724 1.762675181784543
121678.27174109229 1.762685522696308
125240.3754535072 1.7626952937233793
128906.75894140244 1.7627045257471012
132680.47497147243 1.7627132480322185
136564.66567946097 1.7627214883053366
140562.56518642136 1.762729272830247
144677.5022915648 1.7627366264801425
148912.90324394088 1.7627435728067957
153272.2945952612 1.7627501341068976
157759.30613623615 1.7627563314854735
162377.67391887208 1.7627621849162558
167131.2433672486 1.7627677132996729
172023.97247935992 1.7627729345179728
177059.9351226898 1.7627778654879926
182243.32442626648 1.7627825222110012
187578.45627201613 1.7627869198206567
193069.77288832495 1.7627910726286156
198721.84654880533 1.7627949941673977
204539.38337933904 1.7627986972318566
210527.22727657072 1.7628021939181926
216690.3639411181 1.7628054956610204
223033.9250288494 1.762808613268674
229563.19242369095 1.7628115569568623
236283.6026355175 1.7628143363802602
243200.7513267945 1.7628169606627542
250320.39797173254 1.7628194384261633
257648.47065183744 1.7628217778171864
265191.0709918535 1.7628239865333044
272954.4792402007 1.762826071846978
280945.1594981406 1.7628280406288659
289169.76510202966 1.7628298993697566
297635.14416313195 1.76283165420119
306348.3452696084 1.7628333109150984
315316.62335543614 1.7628348749824398
324547.44574113254 1.7628363515707377
334048.4983513244 1.7628377455607689
343827.6921143307 1.7628390615622511
353893.1695490984 1.7628403039288987
364253.3115449638 1.7628414767723406
374916.74433988857 1.7628425839755053
385892.3467029899 1.7628436292053689
397189.25732733024 1.7628446159248181
408816.88243912894 1.7628455474037
420784.9036297398 1.7628464267299306
433103.2859169001 1.7628472568192435
445782.28604197066 1.7628480404247573
458832.461010084 1.762848780146198
472264.67688029545 1.7628494784381394
486090.117813063 1.7628501376182566
500320.2953825999 1.7628507598748473
514967.0581618343 1.762851347273993
530042.6015879672 1.7628519017665292
545559.4781168514 1.7628524251941404
561530.6076746266 1.7628529192956912
577969.2884153313 1.762853385712979
594889.2077934331 1.7628538259958815
612304.4539605178 1.7628542416077084
630229.5274956024 1.7628546339298867
648679.3534788508 1.7628550042667985
667669.2939187557 1.7628553538496174
687215.1605431122 1.7628556838407647
707333.2279644439 1.7628559953376122
728040.2472308562 1.7628562893761757
749353.4597735757 1.7628565669344014
771290.6117627992 1.7628568289356106
793869.9688838223 1.762857076251358
817110.3315457187 1.7628573097044624
841031.0505352605 1.7628575300716387
865652.0431290936 1.7628577380861583
890993.8096776098 1.7628579344401856
917077.4506742931 1.7628581197871718
943924.6843247664 1.7628582947439475
971557.8646301847 1.7628584598927821
1000000.0 1.7628586157833972
