10.0 -1.8283649991774011
10.292747724096083 -1.914164654478352
10.59406557118851 -2.002580944370735
10.904204429677526 -2.0935646462258797
11.223422532664179 -2.187053324547489
11.551985672964793 -2.282970657988113
11.890167424419898 -2.381225800468489
12.238249369681931 -2.481712785309324
12.596521334671401 -2.584309982408538
12.965281629896682 -2.6888796197627602
13.344837298838383 -2.7952673820383103
13.735504373605137 -2.9033021004213255
14.137608138073606 -3.0127955495870595
14.551483398731937 -3.1235423692670103
14.977474763452017 -3.2353201294848692
15.415936928422726 -3.347889559968991
15.867234973483178 -3.4609949654007286
16.331744666101677 -3.5743648488609123
16.80985277425364 -3.6877127659014173
17.301957388458945 -3.8007384308919185
17.808468253246822 -3.913129095448988
18.329807108324356 -4.024561215630814
18.866408039732583 -4.134702419985831
19.418717841282557 -4.243213784323389
19.987196386572506 -4.349752411158538
20.57231701189556 -4.453974302194932
21.174566910357118 -4.5555375011059205
21.794447537529855 -4.654105471558908
22.432475028984193 -4.749350662378955
23.089180630041927 -4.840958198590385
23.765111138110754 -4.928629624600107
24.46082935796799 -5.012086614867729
25.17691457037277 -5.0910745589778035
25.913963014396586 -5.165365922975082
26.672588383874054 -5.234763287908109
27.453422338387142 -5.299101970289745
28.257115029208283 -5.358252137866057
29.08433564064048 -5.412120347561168
29.935772947204903 -5.460650450230631
30.812135887140037 -5.503823828025716
31.714154152689986 -5.5416589535675875
32.642578797673224 -5.574210284350607
33.59818286283781 -5.601566529366142
34.58176201952381 -5.623848346435267
35.594135232168604 -5.641205546920905
36.63614544020716 -5.653813898406516
37.708660259934554 -5.6618716249951255
38.81257270691538 -5.665595708896638
39.9488019395417 -5.6652180961103635
41.118294024358306 -5.6609819037752125
42.322022723792756 -5.653137717888713
43.56099030694608 -5.641940058490396
44.83622838411908 -5.627644076014272
46.148798765769385 -5.610502528270098
47.499794346614124 -5.590763073253929
48.890340015614456 -5.56866589940924
50.32159359259993 -5.544441702602184
51.7947467923121 -5.51831000830008
53.31102621667033 -5.490477828461618
54.87169437608604 -5.461138635526995
56.47805074067555 -5.430471630589022
58.131432822247135 -5.398641279206576
59.83321728796288 -5.365797086199534
61.58482110660264 -5.332073579923474
63.38770272838487 -5.297590476734396
65.24336329932625 -5.262452997390195
67.15334791115141 -5.226752308791172
69.11924688779365 -5.190566066545231
71.14269710955735 -5.153959036197275
73.22538337604533 -5.1169837734496815
75.36903980898542 -5.079681346217265
77.57545129612417 -5.0420820838206035
79.84645497739086 -5.004206340966421
82.18394177456803 -4.96606526634845
84.58985796574301 -4.927661567699769
87.06620680585127 -4.888990266922812
89.61505019466045 -4.85003944050802
92.23851039358476 -4.8107909418305
94.9387717927583 -4.771221103088469
97.71808272983904 -4.7313014156311475
100.57875736205835 -4.69099918822454
103.52317759307378 -4.6502781834397116
106.55379505623053 -4.609099232826853
109.67313315588179 -4.567420831879585
112.88378916846884 -4.525199716005596
116.18843640511002 -4.482391418818161
119.58982643749793 -4.438950814058529
123.09079138896018 -4.394832642364022
126.69424629259063 -4.349992023922445
130.40319151841317 -4.304384957809866
134.2207152716012 -4.25796880850828
138.14999616383224 -4.21070277975111
142.19430585991677 -4.16254837546031
146.357011801908 -4.113469847128705
150.64158001295928 -4.063434626577499
155.05157798326255 -4.012413742592779
159.5906776404731 -3.960382219528162
164.26265840709303 -3.9073194555669195
169.071410347358 -3.853209577976395
174.0209374062485 -3.798041772374769
179.115360743323 -3.74181058277549
184.3589221641488 -3.684516178990071
189.75598765218504 -3.626164587865558
195.3110510040631 -3.5667678848176227
201.02873757128856 -3.5063443422006473
206.913808111479 -3.444918531237906
212.97116275234782 -3.382521374519963
219.20584507173257 -3.319190146466755
225.62304629706352 -3.2549684196369326
232.22810962777245 -3.1899059553479923
239.02653468423918 -3.124058537735088
246.02398208697775 -3.057487751111672
253.22627816987946 -2.9902607012857603
260.63941983143474 -2.922449682315431
268.26957952797244 -2.85413179103448
276.1231104130753 -2.7853884925256738
284.2065516274511 -2.716305140540663
292.5266337436645 -2.6469704576432935
301.09028437025927 -2.5774759805632237
309.9046339199427 -2.507915476872793
318.97702154663216 -2.4383843396216016
328.3150012563047 -2.3689789669680748
337.9263481967431 -2.2997961341216047
347.819065131413 -2.2309323650457937
358.00138910285807 -2.1624833113681854
368.48179829116765 -2.0945431457943595
379.26901907322497 -2.0272039770376686
390.37203328860926 -1.9605552928587688
401.8000857182091 -1.894683437271135
413.5626917817706 -1.829671127325501
425.66964546078714 -1.7655970141538346
438.13102745333055 -1.7025352921513515
450.9572135676145 -1.6405553593237219
464.15888336127773 -1.5797215309471953
477.7470290335773 -1.520092807803428
491.73296457790156 -1.4617226993780987
506.1283352022219 -1.4046591015741337
520.9451270253212 -1.3489442277012254
536.1956770568817 -1.2946145907821554
551.892683469738 -1.2417010345719257
568.0492161728429 -1.1902288101308647
584.6787276937589 -1.140217694331909
601.7950643797334 -1.0916821463199329
619.412477926676 -1.0446314976779654
637.5456372456507 -0.999070171888232
656.2096406767555 -0.9549979286025918
675.4200285605586 -0.9124101282486115
695.1927961775606 -0.8712980125873158
715.5444070664574 -0.8316489969970576
736.4918067322965 -0.7934469704741296
758.0524367559261 -0.7566725996048608
780.2442493165045 -0.7213036330645237
803.0857221391512 -0.6873152035262939
826.5958738801812 -0.6546801242072486
850.7942799627444 -0.623369177630812
875.7010888760508 -0.5933513945367281
901.3370389517438 -0.5645943212141306
927.7234756314059 -0.5370642738647057
954.8823692395666 -0.5107265789166444
982.8363332770031 -0.48554579850147583
1011.6086432495807 -0.4614859405742033
1041.2232560483055 -0.43851065339806455
1071.7048298967104 -0.4165834043306707
1103.078744882215 -0.3956676430356447
1135.3711240885177 -0.3757269494054374
1168.608855346651 -0.35672516661649945
1202.8196136227775 -0.338626519849693
1238.0318840613968 -0.32139572129760924
1274.2749857031336 -0.30499806214893344
1311.5790958968503 -0.2893994922897466
1349.9752754264298 -0.2745666884941036
1389.4954943731375 -0.2604671118951361
1430.172658735088 -0.24706905553317887
1472.0406378260013 -0.23434168277250295
1515.134292476053 -0.22225505736388318
1559.4895040582815 -0.21078016590884724
1605.1432043647615 -0.1998889334537821
1652.1334063573702 -0.1895542329104975
1700.4992358187922 -0.17974988896390892
1750.2809639301013 -0.1704506770902216
1801.520040802024 -0.16163231826945582
1854.2591299878522 -0.15327146993685728
1908.542144006686 -0.1453457136771075
1964.4142809066266 -0.13783354012652727
2021.9220618983536 -0.13071433150943187
2081.1133700903947 -0.12396834219807189
2142.037490358383 -0.11757667764921192
2204.7451503814746 -0.11152127203679593
2269.288562880081 -0.10578486486773113
2335.7214690901214 -0.1003509768372585
2404.0991835099717 -0.09520388515215306
2474.47863995735 -0.09032859852314253
2546.91843897454 -0.08571083200359152
2621.478896621356 -0.08133698182829856
2698.222094696536 -0.07719410038560051
2777.211932429355 -0.07326987143623022
2858.5141796844714 -0.0695525856751687
2942.196531724374 -0.06603111671612051
3028.3286655749457 -0.06269489756395909
3116.9822980411436 -0.05953389762709392
3208.2312454210773 -0.05653860030976289
3302.1514849681753 -0.05369998121373029
3398.8212181526674 -0.051009486969193274
3498.320935775036 -0.048459014706598545
3600.73348498562 -0.04604089217379279
3706.144138266228 -0.043747858496398576
3814.640664431178 -0.0415730455747407
3926.3134017068355 -0.03950996010558526
4041.2553329506004 -0.03755246621441543
4159.562163071847 -0.03569476868057357
4281.332398719392 -0.03393139673688335
4406.667430301786 -0.03225718842341502
4535.671616408702 -0.03066727547587491
4668.45237070379 -0.02915706872827005
4805.1202513612425 -0.027722244011701463
4945.789053120639 -0.02635872853166179
5090.575902036681 -0.025062687708273405
5239.601353002645 -0.023830512466077293
5392.98949012887 -0.022658806962260754
5550.868030059805 -0.021544376744035473
5713.36842831558 -0.020484217329033088
5880.625988746757 -0.01947550320393687
6052.779976193349 -0.018515577239052193
6229.973732441841 -0.017601940517871267
6412.354795576917 -0.016732242582210857
6600.075022827095 -0.015904272094326447
6793.290717006696 -0.015115947917654148
6992.162756659375 -0.014365310618369364
7196.856730011514 -0.013650514388903927
7407.543072847163 -0.01296981939430391
7624.397210419138 -0.012321584540495418
7847.5997035146065 -0.011704260662937126
8077.3363987967105 -0.011116384131117677
8313.798583547334 -0.01055657086373096
8557.183144940002 -0.010023510746343806
8807.692733975462 -0.009515962441848274
9065.53593421636 -0.009032748581932476
9330.927435461663 -0.008572751325564513
9604.08821250538 -0.0081349082694526
9885.24570912827 -0.007718208693203191
10174.634027476064 -0.0073216901214162335
10472.494122981476 -0.006944435183258115
10779.074004992735 -0.006585568750134978
11094.628943275218 -0.006244255331150715
11419.421680558647 -0.005919696706415791
11753.722651306367 -0.005611129777999409
12097.810206889013 -0.0053178246191410705
12451.97084735032 -0.0050390827029040885
12816.499459957597 -0.0047742352919747325
13191.699564735716 -0.004522641972709306
13577.883567189278 -0.0042836893173625185
13975.373018422924 -0.0040567896595984304
14384.498882876629 -0.0038413799696385515
14805.6018138991 -0.003636920816705869
15239.032437388305 -0.0034428954074094643
15685.151643735446 -0.0032588086903227956
16144.330888316019 -0.0030841865174522816
16616.952500776908 -0.0029185748553896235
17103.41000337838 -0.0027615390389175818
17604.108438655527 -0.0026126630615083274
18119.46470667122 -0.002471548897776373
18649.907912142942 -0.0023378158535577905
19195.87972173111 -0.0022110999404328963
19757.834731786996 -0.002091053271447828
20336.2408468667 -0.001977343476213768
20931.579669325736 -0.0018696531330630972
21544.346900318822 -0.0017676792171705518
22175.052752539294 -0.001671132563343533
22824.222375040976 -0.00157973734265298
23492.396290496577 -0.0014932305524843642
24180.13084525718 -0.0014113615192864854
24887.998672586673 -0.001333891414024781
25616.589169457267 -0.0012605927799501078
26366.508987303554 -0.0011912490727275832
27138.3825371428 -0.0011256542129077964
27932.85250948253 -0.0010636121505812695
28750.580409448772 -0.001004936442491282
29592.247107579577 -0.0009494498412900753
30458.55340674284 -0.0008969838974143532
31350.220625651124 -0.0008473785731291611
32267.991199458116 -0.0008004818691031124
33212.62929793748 -0.0007561494632065362
34184.92146175927 -0.0007142443617032197
35185.677257392665 -0.0006746365625943353
36215.72995118075 -0.0006372027311640586
37275.93720314938 -0.0006018258872976627
38367.18178112649 -0.0005683951049274599
39490.37229576694 -0.0005368052227569544
40646.44395709628 -0.0005069565667689979
41836.359353200234 -0.0004787546836402401
43061.10925171165 -0.00045211008527913004
44321.713424760856 -0.0004269380041052121
45619.221498074585 -0.000403158158599052
46954.71382493421 -0.00038069452914714147
48329.30238571752 -0.0003594751437270882
49744.13171377451 -0.00033943187304132067
51200.37984840882 -0.0003205002351021783
52699.259315756564 -0.0003026192086262857
54242.01813838024 -0.0002857310550543632
55829.94087441914 -0.0002697811490754647
57464.34968715974 -0.00025471781700920173
59146.605445917456 -0.00024049218295029183
60878.108859147556 -0.00022705802244005636
62660.30164072656 -0.00021437162313739486
64494.667710376205 -0.00020239165239003637
66382.73442923075 -0.00019107903137068522
68326.07387157406 -0.00018039681542636324
70326.30413380644 -0.00017031008046772478
72385.09068173247 -0.00016078581514803573
74504.14773728917 -0.00015179281839351717
76685.2397058701 -0.00014330160227208103
78930.18264543568 -0.00013528429983554528
81240.84577862974 -0.00012771457763892561
83619.15304916317 -0.00012056755296927822
86067.08472376158 -0.00011381971513288267
88586.67904100832 -0.00010744885113224803
91180.03390845681 -0.00010143397506346504
93849.3086494272 -9.575526127324239e-05
96596.72580093842 -9.039398113368959e-05
99424.57296427398 -8.533244305762989e-05
102335.20470972576 -8.055393575815721e-05
105331.04453709359 -7.604267460572998e-05
108414.5868935835 -7.178375072491816e-05
111588.3992507748 -6.776308291556318e-05
114855.12424239368 -6.396737216585422e-05
118217.48186466724 -6.038405857594449e-05
121678.27174109229 -5.7001280570528316e-05
125240.3754535072 -5.380783653339218e-05
128906.75894140244 -5.079314818884781e-05
132680.47497147243 -4.794722628738038e-05
136564.66567946097 -4.526063796768447e-05
140562.56518642136 -4.272447596476923e-05
144677.5022915648 -4.033032955994768e-05
148912.90324394088 -3.8070256961198243e-05
153272.2945952612 -3.593675938098888e-05
157759.30613623615 -3.392275640651842e-05
162377.67391887208 -3.2021562786750345e-05
167131.2433672486 -3.022686644238784e-05
172023.97247935992 -2.85327077836323e-05
177059.9351226898 -2.6933460074375367e-05
182243.32442626648 -2.542381086788208e-05
187578.45627201613 -2.3998744618099733e-05
193069.77288832495 -2.2653526030703345e-05
198721.84654880533 -2.1383684507776444e-05
204539.38337933904 -2.0184999430570254e-05
210527.22727657072 -1.905348615304155e-05
216690.3639411181 -1.798538286045436e-05
223033.9250288494 -1.697713818889138e-05
229563.19242369095 -1.602539942244651e-05
236283.6026355175 -1.5127001424314638e-05
243200.7513267945 -1.4278956167732239e-05
250320.39797173254 -1.3478442872550455e-05
257648.47065183744 -1.27227985998947e-05
265191.0709918535 -1.2009509491022877e-05
272954.4792402007 -1.1336202398689432e-05
280945.1594981406 -1.0700637043125617e-05
289169.76510202966 -1.0100698615487329e-05
297635.14416313195 -9.534390686047753e-06
306348.3452696084 -8.999828631213933e-06
315316.62335543614 -8.495233380713867e-06
324547.44574113254 -8.018925512918193e-06
334048.4983513244 -7.569319687687504e-06
343827.6921143307 -7.144919327061617e-06
353893.1695490984 -6.744311726047742e-06
364253.3115449638 -6.366163325423374e-06
374916.74433988857 -6.009215222735021e-06
385892.3467029899 -5.672279124965223e-06
397189.25732733024 -5.354233284811373e-06
408816.88243912894 -5.0540187908777125e-06
420784.9036297398 -4.770636115347182e-06
433103.2859169001 -4.5031416983015255e-06
445782.28604197066 -4.250644882095837e-06
458832.461010084 -4.012304919989374e-06
472264.67688029545 -3.7873281593224048e-06
486090.117813063 -3.5749654734920593e-06
500320.2953825999 -3.3745096707864267e-06
514967.0581618343 -3.1852932416996443e-06
530042.6015879672 -3.0066860551392927e-06
545559.4781168514 -2.83809333139739e-06
561530.6076746266 -2.678953622837347e-06
577969.2884153313 -2.528736913194435e-06
594889.2077934331 -2.386942965673894e-06
612304.4539605178 -2.2530995186861884e-06
630229.5274956024 -2.1267608258481284e-06
648679.3534788508 -2.007506125588808e-06
667669.2939187557 -1.8949382071889962e-06
687215.1605431122 -1.7886821976521595e-06
707333.2279644439 -1.6883841576391436e-06
728040.2472308562 -1.5937100457764975e-06
749353.4597735757 -1.5043445489236758e-06
771290.6117627992 -1.4199900127306942e-06
793869.9688838223 -1.3403654175195223e-06
817110.3315457187 -1.265205625141837e-06
841031.0505352605 -1.1942602671071659e-06
865652.0431290936 -1.1272930300142506e-06
890993.8096776098 -1.0640808599790996e-06
917077.4506742931 -1.0044132027433488e-06
943924.6843247664 -9.48091336358243e-07
971557.8646301847 -8.949276219009204e-07
1000000.0 -8.447449952727244e-07
