10.0 -21.58362901176382
10.53310445370937 -21.583629012258196
11.094628943275218 -21.583629016301657
11.686088553466515 -21.58362901411136
12.309079138896024 -21.583629015253845
12.965281629896682 -21.58362901717881
13.65646656794611 -21.583629017913285
14.38449888287663 -21.583629017946286
15.15134292476053 -21.583629022312195
15.95906776404731 -21.583629023636522
16.80985277425364 -21.58362902283493
17.70599351226899 -21.58362902325216
18.64990791214297 -21.583629024516142
19.644142809066278 -21.583629024691366
20.6913808111479 -21.58362902800785
21.794447537529855 -21.583629028753627
22.956319242369098 -21.583629028236953
24.180130845257207 -21.583629031001898
25.4691843897454 -21.583629031499942
26.826957952797258 -21.58362903242498
28.257115029208283 -21.58362903345345
29.76351441631318 -21.583629034184156
31.350220625651154 -21.58362903507132
33.02151484968176 -21.58362903612825
34.7819065131413 -21.583629036663595
36.63614544020716 -21.583629037543513
38.58923467029903 -21.583629038396452
40.646443957096295 -21.583629038885803
42.81332398719393 -21.58362903968571
45.095721356761466 -21.583629040532607
47.499794346614124 -21.58362904087283
50.03202953826004 -21.583629041464754
52.699259315756564 -21.583629041863595
55.50868030059805 -21.583629042125487
58.467872769375894 -21.583629042597682
61.58482110660264 -21.58362904297703
64.86793534788511 -21.583629043234684
68.32607387157402 -21.583629043652564
71.96856730011521 -21.583629043936018
75.8052436755926 -21.583629044065113
79.84645497739086 -21.583629044337197
84.10310505352605 -21.583629044527648
88.58667904100822 -21.58362904474361
93.30927435461668 -21.58362904488806
98.28363332770026 -21.583629045078794
103.52317759307378 -21.58362904519337
109.04204429677526 -21.583629045334625
114.8551242423938 -21.583629045446145
120.97810206889012 -21.583629045546424
127.42749857031335 -21.583629045642635
134.2207152716012 -21.58362904572293
141.37608138073614 -21.583629045836066
148.91290324394086 -21.583629045887164
156.85151643735477 -21.58362904596205
165.213340635737 -21.583629046002116
174.0209374062485 -21.583629046072538
183.29807108324357 -21.583629046106054
193.06977288832496 -21.5836290461468
203.36240846866724 -21.58362904619727
214.2037490358383 -21.583629046218103
225.62304629706352 -21.58362904625223
237.65111138110728 -21.583629046287164
250.32039797173255 -21.583629046321427
263.6650898730358 -21.58362904634194
277.7211932429355 -21.58362904636668
292.5266337436645 -21.58362904638164
308.1213588714002 -21.583629046394584
324.54744574113323 -21.58362904640783
341.84921461759274 -21.583629046418892
360.073348498562 -21.583629046435163
379.26901907322497 -21.583629046441576
399.48801939541704 -21.583629046450955
420.78490362974026 -21.583629046459777
443.21713424760856 -21.58362904646864
466.84523707037897 -21.58362904647234
491.73296457790156 -21.583629046475345
517.9474679231213 -21.583629046478727
545.5594781168514 -21.58362904648277
574.6434968715973 -21.58362904648563
605.2779976193349 -21.583629046484404
637.5456372456507 -21.583629046486152
671.5334791115142 -21.58362904648545
707.3332279644438 -21.583629046482283
745.0414773728917 -21.583629046479626
784.7599703514607 -21.58362904647639
826.5958738801812 -21.583629046472126
870.6620680585127 -21.58362904646744
917.0774506742931 -21.5836290464604
965.9672580093833 -21.58362904645381
1017.4634027476063 -21.583629046445047
1071.7048298967104 -21.583629046434943
1128.8378916846884 -21.58362904642351
1189.01674244199 -21.583629046411144
1252.4037545350732 -21.583629046396506
1319.1699564735716 -21.583629046380732
1389.4954943731375 -21.58362904636202
1463.5701180190797 -21.58362904634208
1541.5936928422718 -21.58362904631938
1623.776739188721 -21.58362904629401
1710.3410003378397 -21.583629046265813
1801.520040802024 -21.583629046234456
1897.5598765218504 -21.583629046199352
1998.7196386572507 -21.583629046160627
2105.272272765707 -21.583629046117537
2217.505275253932 -21.58362904606946
2335.7214690901214 -21.583629046016245
2460.239820869775 -21.58362904595694
2591.3963014396572 -21.583629045891357
2729.5447924020073 -21.58362904581827
2875.0580409448803 -21.583629045737325
3028.3286655749457 -21.583629045647406
3189.7702154663216 -21.58362904554763
3359.818286283781 -21.583629045436883
3538.9316954909877 -21.583629045313998
3727.593720314938 -21.58362904517771
3926.3134017068355 -21.583629045026452
4135.626917817706 -21.583629044858586
4356.099030694608 -21.58362904467245
4588.324610100844 -21.58362904446591
4832.930238571752 -21.58362904423681
5090.575902036681 -21.58362904398263
5361.956770568817 -21.583629043700686
5647.805074067552 -21.583629043387944
5948.892077934331 -21.58362904304106
6266.030164072656 -21.583629042656305
6600.075022827095 -21.583629042229667
6951.927961775606 -21.58362904175626
7322.538337604534 -21.58362904123136
7712.906117627992 -21.58362904064921
8124.0845778629655 -21.58362904000378
8557.183144940002 -21.583629039287956
9013.37038951743 -21.58362903849433
9493.87717927582 -21.583629037614354
10000.0 -21.583629036638783
10533.104453709382 -21.58362903555751
11094.628943275218 -21.58362903435874
11686.088553466498 -21.583629033030185
12309.079138896019 -21.583629031557876
12965.281629896688 -21.583629029926534
13656.466567946096 -21.583629028119017
14384.498882876629 -21.58362902611688
15151.342924760515 -21.58362902389932
15959.06776404731 -21.583629021443706
16809.852774253653 -21.583629018725148
17705.99351226898 -21.583629015716006
18649.907912142942 -21.583629012386176
19644.142809066267 -21.583629008702438
20691.3808111479 -21.583629004628758
21794.447537529835 -21.58362900012512
22956.319242369096 -21.58362899514818
24180.13084525718 -21.583628989650666
25469.184389745402 -21.58362898358095
26826.957952797275 -21.583628976882938
28257.115029208268 -21.5836289694961
29763.51441631313 -21.583628961354844
31350.220625651124 -21.583628952388644
33021.51484968176 -21.583628942521873
34781.90651314134 -21.583628931673818
36636.14544020716 -21.58362891975841
38589.23467029899 -21.58362890668513
40646.44395709628 -21.58362889235886
42813.32398719396 -21.583628876680695
45095.721356761445 -21.583628859548767
47499.79434661403 -21.583628840859
50032.029538259994 -21.583628820507354
52699.259315756564 -21.583628798390983
55508.680300598106 -21.58362877441114
58467.87276937589 -21.583628748475782
61584.82110660255 -21.583628720503064
64867.935347885075 -21.583628690425574
68326.07387157406 -21.583628658194943
71968.56730011514 -21.583628623787444
75805.24367559262 -21.583628587209553
79846.45497739078 -21.58362854850445
84103.10505352604 -21.583628507758924
88586.67904100832 -21.58362846510984
93309.27435461663 -21.58362842075059
98283.63332770011 -21.583628374936108
103523.17759307378 -21.58362832798671
109042.04429677526 -21.58362828029059
114855.12424239368 -21.583628232300956
120978.10206889013 -21.583628184531484
127427.49857031321 -21.583628137545205
134220.7152716012 -21.5836280919383
141376.08138073614 -21.583628048317852
148912.90324394088 -21.583628007272576
156851.5164373548 -21.58362796933776
165213.34063573685 -21.583627934954727
174020.9374062485 -21.583627904427406
183298.07108324338 -21.583627877877948
193069.77288832495 -21.58362785520522
203362.40846866704 -21.583627836050127
214203.74903583832 -21.58362781977218
225623.04629706353 -21.58362780544173
237651.11138110727 -21.583627791850702
250320.39797173254 -21.583627777545466
263665.08987303555 -21.583627760881427
277721.1932429355 -21.583627740098017
292526.6337436642 -21.583627713410742
308121.35887140024 -21.5836276791142
324547.44574113254 -21.583627635687897
341849.21461759275 -21.583627581897677
360073.348498562 -21.583627516882252
379269.0190732246 -21.583627440218407
399488.019395417 -21.58362735195903
420784.9036297398 -21.583627252638724
443217.13424760854 -21.58362714324886
466845.2370703785 -21.58362702518316
491732.9645779016 -21.58362690015864
517947.46792312124 -21.583626770120325
545559.4781168514 -21.583626637136604
574643.4968715974 -21.583626503294695
605277.9976193343 -21.58362637060334
637545.6372456506 -21.58362624090955
671533.4791115135 -21.583626115833418
707333.2279644439 -21.583625996723384
745041.4773728917 -21.583625884632486
784759.9703514606 -21.583625780313653
826595.8738801812 -21.583625684231635
870662.0680585118 -21.583625596587556
917077.4506742931 -21.583625517352587
965967.2580093823 -21.583625446306808
1017463.4027476063 -21.58362538307953
1071704.8298967092 -21.58362532718875
1128837.8916846884 -21.583625278078017
1189016.74244199 -21.58362523514809
1252403.7545350718 -21.583625197784016
1319169.9564735717 -21.583625165376926
1389495.494373136 -21.583625137340718
1463570.1180190798 -21.583625113123603
1541593.6928422702 -21.58362509221654
1623776.739188721 -21.58362507415728
1710341.0003378377 -21.583625058532494
1801520.0408020238 -21.583625044977232
1897559.8765218505 -21.583625033173295
1998719.6386572486 -21.583625022846235
2105272.272765707 -21.583625013761893
2217505.2752539297 -21.583625005722244
2335721.4690901213 -21.583624998561575
2460239.8208697727 -21.583624992142276
2591396.3014396573 -21.583624986351477
2729544.792402007 -21.583624981096385
2875058.040944877 -21.583624976301984
3028328.6655749455 -21.583624971907533
3189770.215466318 -21.58362496786406
3359818.286283781 -21.583624964132294
3538931.6954909842 -21.5836249606804
3727593.720314938 -21.583624957482424
3926313.4017068394 -21.583624954517123
4135626.917817706 -21.583624951766602
4356099.030694608 -21.583624949215704
4588324.61010084 -21.583624946851224
4832930.238571752 -21.583624944661388
5090575.902036676 -21.583624942635325
5361956.770568817 -21.583624940763073
5647805.074067546 -21.583624939035314
5948892.077934331 -21.58362493744297
6266030.164072656 -21.58362493597746
6600075.022827089 -21.5836249346308
6951927.961775606 -21.58362493339487
7322538.337604526 -21.583624932262033
7712906.117627992 -21.583624931225334
8124084.5778629575 -21.583624930277274
8557183.144940002 -21.58362492941172
9013370.38951742 -21.58362492862214
9493877.17927582 -21.58362492790264
10000000.0 -21.583624927247463
10533104.45370936 -21.583624926651765
11094628.943275219 -21.58362492611022
11686088.553466497 -21.583624925618473
12309079.138896018 -21.583624925172103
12965281.629896663 -21.58362492476715
13656466.567946097 -21.58362492440031
14384498.882876629 -21.583624924067774
15151342.924760515 -21.58362492376671
15959067.76404731 -21.58362492349425
16809852.774253618 -21.583624923247612
17705993.51226898 -21.583624923024615
18649907.912142944 -21.583624922822985
19644142.809066266 -21.583624922640745
20691380.811147902 -21.583624922475963
21794447.537529834 -21.583624922327175
22956319.242369097 -21.583624922192854
24180130.84525718 -21.583624922071436
25469184.3897454 -21.58362492196188
26826957.95279722 -21.583624921862974
28257115.02920827 -21.58362492177368
29763514.41631313 -21.58362492169308
31350220.62565112 -21.583624921620412
33021514.849681754 -21.58362492155485
34781906.51314127 -21.5836249214955
36636145.44020716 -21.583624921442272
38589234.67029899 -21.583624921394037
40646443.95709628 -21.583624921350598
42813323.98719387 -21.583624921311312
45095721.35676145 -21.583624921276147
47499794.346614026 -21.583624921244166
50032029.53825999 -21.583624921215634
52699259.31575657 -21.58362492118957
55508680.300597996 -21.583624921166034
58467872.7693759 -21.583624921145216
61584821.10660254 -21.58362492112611
64867935.34788508 -21.5836249211091
68326073.87157391 -21.583624921093826
71968567.30011514 -21.583624921079846
75805243.67559262 -21.58362492106697
79846454.97739078 -21.583624921055943
84103105.05352604 -21.583624921045622
88586679.04100814 -21.583624921036506
93309274.35461664 -21.58362492102846
98283633.32770011 -21.583624921020395
103523177.59307377 -21.583624921013897
109042044.29677527 -21.58362492100808
114855124.24239345 -21.583624921002496
120978102.06889038 -21.58362492099767
127427498.57031322 -21.58362492099354
134220715.2716012 -21.583624920989564
141376081.38073614 -21.583624920985255
148912903.24394056 -21.583624920981826
156851516.43735445 -21.583624920979073
165213340.63573685 -21.583624920976373
174020937.40624848 -21.58362492097478
183298071.08324376 -21.583624920972817
193069772.88832456 -21.583624920970614
203362408.46866703 -21.58362492096845
214203749.0358383 -21.583624920966887
225623046.2970626 -21.583624920965725
237651111.38110778 -21.583624920964894
250320397.97173202 -21.583624920962716
263665089.87303555 -21.58362492096184
277721193.2429355 -21.583624920960418
292526633.74366355 -21.583624920959945
308121358.87140083 -21.583624920960812
324547445.74113256 -21.583624920958986
341849214.6175927 -21.583624920958115
360073348.49856204 -21.583624920958044
379269019.0732238 -21.58362492095716
399488019.39541787 -21.58362492095754
420784903.6297398 -21.583624920956552
443217134.24760854 -21.583624920956282
466845237.07037944 -21.583624920955696
491732964.5779006 -21.58362492095515
517947467.9231202 -21.583624920954435
545559478.1168514 -21.583624920954353
574643496.8715974 -21.583624920954847
605277997.6193355 -21.583624920953493
637545637.2456493 -21.58362492095464
671533479.1115135 -21.583624920953
707333227.9644439 -21.583624920952683
745041477.3728887 -21.583624920953405
784759970.3514622 -21.583624920952914
826595873.8801795 -21.58362492095424
870662068.0585117 -21.58362492095339
917077450.674293 -21.583624920952612
965967258.0093802 -21.58362492095291
1017463402.7476043 -21.583624920952744
1071704829.8967092 -21.583624920953064
1128837891.6846883 -21.583624920954318
1189016742.44199 -21.583624920953316
1252403754.5350692 -21.583624920953145
1319169956.473569 -21.58362492095271
1389495494.373136 -21.583624920952985
1463570118.0190797 -21.583624920952996
1541593692.8422735 -21.583624920953646
1623776739.1887176 -21.583624920952424
1710341000.337838 -21.583624920953554
1801520040.802024 -21.583624920954453
1897559876.5218503 -21.58362492095214
1998719638.6572526 -21.58362492095271
2105272272.7657027 -21.58362492095213
2217505275.2539296 -21.583624920952747
2335721469.0901213 -21.583624920952165
2460239820.8697777 -21.58362492095481
2591396301.439652 -21.583624920952126
2729544792.402002 -21.583624920953277
2875058040.944877 -21.58362492095165
3028328665.5749454 -21.58362492095305
3189770215.466325 -21.583624920950832
3359818286.2837744 -21.58362492095234
3538931695.4909844 -21.583624920952506
3727593720.314938 -21.583624920950918
3926313401.7068396 -21.583624920954044
4135626917.8176975 -21.583624920954918
4356099030.694599 -21.583624920954083
4588324610.100841 -21.58362492095285
4832930238.571753 -21.583624920956808
5090575902.036687 -21.583624920947678
5361956770.568806 -21.58362492095265
5647805074.067546 -21.583624920954954
5948892077.934331 -21.58362492094477
6266030164.072656 -21.58362492094982
6600075022.827075 -21.583624920960084
6951927961.775591 -21.58362492094462
7322538337.6045265 -21.583624920954975
7712906117.627993 -21.58362492095163
8124084577.862974 -21.583624920968525
8557183144.939984 -21.58362492094617
9013370389.51742 -21.583624920940974
9493877179.27582 -21.58362492093712
10000000000.0 -21.583624920959092
10.0 -16.079824453531852
10.53310445370937 -16.076256299416812
11.094628943275218 -16.072549969447635
11.686088553466515 -16.068718165872305
12.309079138896024 -16.064775795382317
12.965281629896682 -16.06073978128423
13.65646656794611 -16.056628796274598
14.38449888287663 -16.052462924326527
15.15134292476053 -16.04826325494561
15.95906776404731 -16.044051437741455
16.80985277425364 -16.03984920263967
17.70599351226899 -16.035677878786068
18.64990791214297 -16.0315579250831
19.644142809066278 -16.027508499376644
20.6913808111479 -16.02354707763944
21.794447537529855 -16.01968914380436
22.956319242369098 -16.015947953864966
24.180130845257207 -16.012334381040112
25.4691843897454 -16.008856841205084
26.826957952797258 -16.00552129356791
28.257115029208283 -16.002331307460697
29.76351441631318 -15.999288185234384
31.350220625651154 -15.996391131013848
33.02151484968176 -15.993637450869883
34.7819065131413 -15.99102277388835
36.63614544020716 -15.988541283982588
38.58923467029903 -15.986185954577266
40.646443957096295 -15.983948776458256
42.81332398719393 -15.981820977267787
45.095721356761466 -15.979793227091632
47.499794346614124 -15.977855828401122
50.03202953826004 -15.975998891430269
52.699259315756564 -15.974212493982172
55.50868030059805 -15.972486827178592
58.467872769375894 -15.970812329443604
61.58482110660264 -15.9691798096228
64.86793534788511 -15.967580561397746
68.32607387157402 -15.966006469383894
71.96856730011521 -15.964450109100488
75.8052436755926 -15.962904838970015
79.84645497739086 -15.96136488500359
84.10310505352605 -15.959825416197171
88.58667904100822 -15.958282608223488
93.30927435461668 -15.956733693095092
98.28363332770026 -15.955176991313921
103.52317759307378 -15.953611923335206
109.04204429677526 -15.952038997710636
114.8551242423938 -15.950459773052012
120.97810206889012 -15.948876793044366
127.42749857031335 -15.94729349441151
134.2207152716012 -15.945714088941191
141.37608138073614 -15.944143423727112
148.91290324394086 -15.942586823315146
156.85151643735477 -15.941049920479657
165.213340635737 -15.939538482266912
174.0209374062485 -15.938058238681904
183.29807108324357 -15.93661472102154
193.06977288832496 -15.935213116527592
203.36240846866724 -15.933858144364333
214.2037490358383 -15.932553956895049
225.62304629706352 -15.931304068199008
237.65111138110728 -15.930111310533789
250.32039797173255 -15.92897781728009
263.6650898730358 -15.927905030291999
277.7211932429355 -15.926893728213285
292.5266337436645 -15.925944071731307
308.1213588714002 -15.925055661781665
324.54744574113323 -15.924227606430453
341.84921461759274 -15.923458592542659
360.073348498562 -15.922746959035779
379.26901907322497 -15.922090768699494
399.48801939541704 -15.921487876462406
420.78490362974026 -15.920935992326644
443.21713424760856 -15.920432738120025
466.84523707037897 -15.919975697059241
491.73296457790156 -15.91956245620394
517.9474679231213 -15.919190641604164
545.5594781168514 -15.918857946538104
574.6434968715973 -15.918562153206622
605.2779976193349 -15.918301148399403
637.5456372456507 -15.918072933598587
671.5334791115142 -15.917875630296962
707.3332279644438 -15.917707480824676
745.0414773728917 -15.917566845414896
784.7599703514607 -15.917452195897955
826.5958738801812 -15.917362106636194
870.6620680585127 -15.917295242990061
917.0774506742931 -15.91725034803845
965.9672580093833 -15.91722622781126
1017.4634027476063 -15.917221735740439
1071.7048298967104 -15.917235756767381
1128.8378916846884 -15.917267191734465
1189.01674244199 -15.91731494271624
1252.4037545350732 -15.917377899841458
1319.1699564735716 -15.91745493030042
1389.4954943731375 -15.917544870087742
1463.5701180190797 -15.91764651897437
1541.5936928422718 -15.917758639086939
1623.776739188721 -15.917879957256398
1710.3410003378397 -15.91800917118543
1801.520040802024 -15.918144959123225
1897.5598765218504 -15.918285992689981
1998.7196386572507 -15.918430952107311
2105.272272765707 -15.918578543050248
2217.505275253932 -15.91872751419835
2335.7214690901214 -15.91887667452205
2460.239820869775 -15.919024909381665
2591.3963014396572 -15.919171194622624
2729.5447924020073 -15.91931460805515
2875.0580409448803 -15.919454337832995
3028.3286655749457 -15.91958968755314
3189.7702154663216 -15.91972007803811
3359.818286283781 -15.919845045996887
3538.9316954909877 -15.919964239904123
3727.593720314938 -15.920077413541136
3926.3134017068355 -15.920184417693612
4135.626917817706 -15.920285190567473
4356.099030694608 -15.920379747392815
4588.324610100844 -15.920468169714434
4832.930238571752 -15.920550594743471
5090.575902036681 -15.920627205114373
5361.956770568817 -15.920698219281448
5647.805074067552 -15.920763882730224
5948.892077934331 -15.920824460115519
6266.030164072656 -15.920880228369317
6600.075022827095 -15.920931470777145
6951.927961775606 -15.920978472004188
7322.538337604534 -15.921021513994587
7712.906117627992 -15.92106087268409
8124.0845778629655 -15.921096815430097
8557.183144940002 -15.921129599079622
9013.37038951743 -15.921159468581962
9493.87717927582 -15.921186656064862
10000.0 -15.92121138029659
10533.104453709382 -15.92123384646441
11094.628943275218 -15.921254246204924
11686.088553466498 -15.92127275783644
12309.079138896019 -15.921289546740294
12965.281629896688 -15.921304765858679
13656.466567946096 -15.92131855626879
14384.498882876629 -15.92133104781337
15151.342924760515 -15.921342359760738
15959.06776404731 -15.921352601477324
16809.852774253653 -15.921361873101281
17705.99351226898 -15.92137026620559
18649.907912142942 -15.921377864439698
19644.142809066267 -15.921384744150997
20691.3808111479 -15.921390974974335
21794.447537529835 -15.921396620392507
22956.319242369096 -15.921401738264091
24180.13084525718 -15.921406381320118
25469.184389745402 -15.921410597626387
26826.957952797275 -15.92141443101551
28257.115029208268 -15.921417921490486
29763.51441631313 -15.921421105595265
31350.220625651124 -15.921424016762717
33021.51484968176 -15.921426685634394
34781.90651314134 -15.921429140357706
36636.14544020716 -15.92143140686105
38589.23467029899 -15.921433509109548
40646.44395709628 -15.921435469341427
42813.32398719396 -15.921437308288835
45095.721356761445 -15.921439045382908
47499.79434661403 -15.921440698945887
50032.029538259994 -15.921442286370596
52699.259315756564 -15.921443824288602
55508.680300598106 -15.921445328728721
58467.87276937589 -15.921446815267043
61584.82110660255 -15.921448299167073
64867.935347885075 -15.921449795513604
68326.07387157406 -15.921451319337688
71968.56730011514 -15.921452885735325
75805.24367559262 -15.921454509977425
79846.45497739078 -15.921456207611781
84103.10505352604 -15.921457994556132
88586.67904100832 -15.921459887180609
93309.27435461663 -15.921461902377914
98283.63332770011 -15.921464057619136
103523.17759307378 -15.921466370992812
109042.04429677526 -15.921468861223982
114855.12424239368 -15.921471547668396
120978.10206889013 -15.921474450280133
127427.49857031321 -15.921477589545725
134220.7152716012 -15.921480986380276
141376.08138073614 -15.921484661982339
148912.90324394088 -15.92148863763988
156851.5164373548 -15.921492934484924
165213.34063573685 -15.921497573191745
174020.9374062485 -15.921502573616957
183298.07108324338 -15.921507954381028
193069.77288832495 -15.92151373239279
203362.40846866704 -15.921519922322672
214203.74903583832 -15.921526536033845
225623.04629706353 -15.92153358198477
237651.11138110727 -15.921541064621582
250320.39797173254 -15.921548983783635
263665.08987303555 -15.921557334149103
277721.1932429355 -15.921566104752669
292526.6337436642 -15.921575278606792
308121.35887140024 -15.921584832460425
324547.44574113254 -15.921594736724744
341849.21461759275 -15.921604955591754
360073.348498562 -15.921615447361287
379269.0190732246 -15.921626164983447
399488.019395417 -15.921637056810143
420784.9036297398 -15.921648067535259
443217.13424760854 -15.921659139291753
466845.2370703785 -15.921670212860985
491732.9645779016 -15.921681228941951
517947.46792312124 -15.921692129423622
545559.4781168514 -15.921702858602739
574643.4968715974 -15.92171336429436
605277.9976193343 -15.92172359878883
637545.6372456506 -15.921733519624011
671533.4791115135 -15.921743090147709
707333.2279644439 -15.921752279865851
745041.4773728917 -15.921761064579304
784759.9703514606 -15.921769426326804
826595.8738801812 -15.921777353156099
870662.0680585118 -15.921784838754458
917077.4506742931 -15.921791881971162
965967.2580093823 -15.921798486264338
1017463.4027476063 -15.921804659103591
1071704.8298967092 -15.921810411356198
1128837.8916846884 -15.92181575668073
1189016.74244199 -15.92182071094619
1252403.7545350718 -15.9218252916909
1319169.9564735717 -15.921829517632865
1389495.494373136 -15.92183340823225
1463570.1180190798 -15.921836983313755
1541593.6928422702 -15.921840262745091
1623776.739188721 -15.921843266170368
1710341.0003378377 -15.92184601279419
1801520.0408020238 -15.921848521212327
1897559.8765218505 -15.921850809283233
1998719.6386572486 -15.921852894035492
2105272.272765707 -15.921854791605927
2217505.2752539297 -15.921856517203112
2335721.4690901213 -15.921858085092547
2460239.8208697727 -15.921859508598676
2591396.3014396573 -15.921860800120228
2729544.792402007 -15.92186197115669
2875058.040944877 -15.921863032341637
3028328.6655749455 -15.921863993482166
3189770.215466318 -15.921864863602135
3359818.286283781 -15.921865650986831
3538931.6954909842 -15.921866363229519
3727593.720314938 -15.921867007277351
3926313.4017068394 -15.92186758947677
4135626.917817706 -15.921868115617661
4356099.030694608 -15.921868590975738
4588324.61010084 -15.921869020352936
4832930.238571752 -15.921869408115674
5090575.902036676 -15.921869758230923
5361956.770568817 -15.921870074299777
5647805.074067546 -15.921870359589107
5948892.077934331 -15.921870617060424
6266030.164072656 -15.921870849397017
6600075.022827089 -15.921871059028764
6951927.961775606 -15.921871248155142
7322538.337604526 -15.921871418766289
7712906.117627992 -15.921871572661805
8124084.5778629575 -15.92187171146911
8557183.144940002 -15.921871836659047
9013370.38951742 -15.921871949560488
9493877.17927582 -15.921872051374063
10000000.0 -15.921872143184254
10533104.45370936 -15.921872225970048
11094628.943275219 -15.92187230061561
11686088.553466497 -15.92187236791884
12309079.138896018 -15.921872428599965
12965281.629896663 -15.921872483309032
13656466.567946097 -15.92187253263216
14384498.882876629 -15.921872577098837
15151342.924760515 -15.921872617186214
15959067.76404731 -15.921872653324755
16809852.774253618 -15.921872685903306
17705993.51226898 -15.921872715271787
18649907.912142944 -15.921872741746125
19644142.809066266 -15.921872765611084
20691380.811147902 -15.921872787124094
21794447.537529834 -15.921872806515934
22956319.242369097 -15.921872823996388
24180130.84525718 -15.921872839753323
25469184.3897454 -15.921872853956716
26826957.95279722 -15.92187286675927
28257115.02920827 -15.921872878299565
29763514.41631313 -15.921872888701994
31350220.62565112 -15.921872898078028
33021514.849681754 -15.921872906529757
34781906.51314127 -15.921872914147839
36636145.44020716 -15.921872921014268
38589234.67029899 -15.921872927203587
40646443.95709628 -15.921872932782525
42813323.98719387 -15.921872937811044
45095721.35676145 -15.92187294234401
47499794.346614026 -15.921872946429144
50032029.53825999 -15.921872950111382
52699259.31575657 -15.92187295342994
55508680.300597996 -15.921872956422225
58467872.7693759 -15.92187295911819
61584821.10660254 -15.921872961548317
64867935.34788508 -15.921872963740757
68326073.87157391 -15.921872965713899
71968567.30011514 -15.921872967494862
75805243.67559262 -15.921872969099223
79846454.97739078 -15.92187297054462
84103105.05352604 -15.921872971847186
88586679.04100814 -15.921872973022865
93309274.35461664 -15.92187297408268
98283633.32770011 -15.921872975036123
103523177.59307377 -15.921872975898534
109042044.29677527 -15.921872976672384
114855124.24239345 -15.921872977372253
120978102.06889038 -15.921872977999474
127427498.57031322 -15.92187297856844
134220715.2716012 -15.921872979080941
141376081.38073614 -15.921872979544396
148912903.24394056 -15.92187297995743
156851516.43735445 -15.921872980331335
165213340.63573685 -15.921872980665972
174020937.40624848 -15.921872980973612
183298071.08324376 -15.921872981250988
193069772.88832456 -15.921872981496662
203362408.46866703 -15.921872981715381
214203749.0358383 -15.921872981919535
225623046.2970626 -15.921872982103372
237651111.38110778 -15.921872982254808
250320397.97173202 -15.921872982404835
263665089.87303555 -15.921872982538082
277721193.2429355 -15.921872982645798
292526633.74366355 -15.921872982755175
308121358.87140083 -15.921872982875595
324547445.74113256 -15.921872982942979
341849214.6175927 -15.921872983033698
360073348.49856204 -15.921872983127379
379269019.0732238 -15.921872983201567
399488019.39541787 -15.921872983226734
420784903.6297398 -15.921872983327878
443217134.24760854 -15.92187298329684
466845237.07037944 -15.921872983377188
491732964.5779006 -15.921872983396685
517947467.9231202 -15.921872983482487
545559478.1168514 -15.921872983455458
574643496.8715974 -15.921872983459286
605277997.6193355 -15.921872983509711
637545637.2456493 -15.921872983603079
671533479.1115135 -15.921872983530974
707333227.9644439 -15.921872983555055
745041477.3728887 -15.921872983657572
784759970.3514622 -15.921872983656272
826595873.8801795 -15.921872983683443
870662068.0585117 -15.92187298364787
917077450.674293 -15.921872983745725
965967258.0093802 -15.921872983751173
1017463402.7476043 -15.921872983706947
1071704829.8967092 -15.921872983682668
1128837891.6846883 -15.921872983540746
1189016742.44199 -15.92187298342684
1252403754.5350692 -15.921872983767521
1319169956.473569 -15.921872983851324
1389495494.373136 -15.921872983773316
1463570118.0190797 -15.92187298314544
1541593692.8422735 -15.921872983871578
1623776739.1887176 -15.92187298391097
1710341000.337838 -15.921872983743517
1801520040.802024 -15.92187298368957
1897559876.5218503 -15.921872983808177
1998719638.6572526 -15.921872983474588
2105272272.7657027 -15.921872984128278
2217505275.2539296 -15.921872983375927
2335721469.0901213 -15.921872984051237
2460239820.8697777 -15.9218729845039
2591396301.439652 -15.921872983150525
2729544792.402002 -15.921872982419803
2875058040.944877 -15.921872984322516
3028328665.5749454 -15.921872984830063
3189770215.466325 -15.921872983629257
3359818286.2837744 -15.921872984598423
3538931695.4909844 -15.921872984963603
3727593720.314938 -15.92187298287614
3926313401.7068396 -15.921872986172538
4135626917.8176975 -15.921872983223164
4356099030.694599 -15.92187298078985
4588324610.100841 -15.921872981943896
4832930238.571753 -15.921872983496929
5090575902.036687 -15.921872983300887
5361956770.568806 -15.921872982888903
5647805074.067546 -15.921872983005045
5948892077.934331 -15.921872981727027
6266030164.072656 -15.921872984149317
6600075022.827075 -15.92187298446724
6951927961.775591 -15.921872982657597
7322538337.6045265 -15.921872981191425
7712906117.627993 -15.921872973572178
8124084577.862974 -15.921872986332971
8557183144.939984 -15.921872981719735
9013370389.51742 -15.921872985639817
9493877179.27582 -15.921872992839827
10000000000.0 -15.921872987767948
10.0 -16.079824453531852
10.53310445370937 -16.076256299416812
11.094628943275218 -16.072549969447635
11.686088553466515 -16.068718165872305
12.309079138896024 -16.064775795382317
12.965281629896682 -16.06073978128423
13.65646656794611 -16.056628796274598
14.38449888287663 -16.052462924326527
15.15134292476053 -16.04826325494561
15.95906776404731 -16.044051437741455
16.80985277425364 -16.03984920263967
17.70599351226899 -16.035677878786068
18.64990791214297 -16.0315579250831
19.644142809066278 -16.027508499376644
20.6913808111479 -16.02354707763944
21.794447537529855 -16.01968914380436
22.956319242369098 -16.015947953864966
24.180130845257207 -16.012334381040112
25.4691843897454 -16.008856841205084
26.826957952797258 -16.00552129356791
28.257115029208283 -16.002331307460697
29.76351441631318 -15.999288185234384
31.350220625651154 -15.996391131013848
33.02151484968176 -15.993637450869883
34.7819065131413 -15.99102277388835
36.63614544020716 -15.988541283982588
38.58923467029903 -15.986185954577266
40.646443957096295 -15.983948776458256
42.81332398719393 -15.981820977267787
45.095721356761466 -15.979793227091632
47.499794346614124 -15.977855828401122
50.03202953826004 -15.975998891430269
52.699259315756564 -15.974212493982172
55.50868030059805 -15.972486827178592
58.467872769375894 -15.970812329443604
61.58482110660264 -15.9691798096228
64.86793534788511 -15.967580561397746
68.32607387157402 -15.966006469383894
71.96856730011521 -15.964450109100488
75.8052436755926 -15.962904838970015
79.84645497739086 -15.96136488500359
84.10310505352605 -15.959825416197171
88.58667904100822 -15.958282608223488
93.30927435461668 -15.956733693095092
98.28363332770026 -15.955176991313921
103.52317759307378 -15.953611923335206
109.04204429677526 -15.952038997710636
114.8551242423938 -15.950459773052012
120.97810206889012 -15.948876793044366
127.42749857031335 -15.94729349441151
134.2207152716012 -15.945714088941191
141.37608138073614 -15.944143423727112
148.91290324394086 -15.942586823315146
156.85151643735477 -15.941049920479657
165.213340635737 -15.939538482266912
174.0209374062485 -15.938058238681904
183.29807108324357 -15.93661472102154
193.06977288832496 -15.935213116527592
203.36240846866724 -15.933858144364333
214.2037490358383 -15.932553956895049
225.62304629706352 -15.931304068199008
237.65111138110728 -15.930111310533789
250.32039797173255 -15.92897781728009
263.6650898730358 -15.927905030291999
277.7211932429355 -15.926893728213285
292.5266337436645 -15.925944071731307
308.1213588714002 -15.925055661781665
324.54744574113323 -15.924227606430453
341.84921461759274 -15.923458592542659
360.073348498562 -15.922746959035779
379.26901907322497 -15.922090768699494
399.48801939541704 -15.921487876462406
420.78490362974026 -15.920935992326644
443.21713424760856 -15.920432738120025
466.84523707037897 -15.919975697059241
491.73296457790156 -15.91956245620394
517.9474679231213 -15.919190641604164
545.5594781168514 -15.918857946538104
574.6434968715973 -15.918562153206622
605.2779976193349 -15.918301148399403
637.5456372456507 -15.918072933598587
671.5334791115142 -15.917875630296962
707.3332279644438 -15.917707480824676
745.0414773728917 -15.917566845414896
784.7599703514607 -15.917452195897955
826.5958738801812 -15.917362106636194
870.6620680585127 -15.917295242990061
917.0774506742931 -15.91725034803845
965.9672580093833 -15.91722622781126
1017.4634027476063 -15.917221735740439
1071.7048298967104 -15.917235756767381
1128.8378916846884 -15.917267191734465
1189.01674244199 -15.91731494271624
1252.4037545350732 -15.917377899841458
1319.1699564735716 -15.91745493030042
1389.4954943731375 -15.917544870087742
1463.5701180190797 -15.91764651897437
1541.5936928422718 -15.917758639086939
1623.776739188721 -15.917879957256398
1710.3410003378397 -15.91800917118543
1801.520040802024 -15.918144959123225
1897.5598765218504 -15.918285992689981
1998.7196386572507 -15.918430952107311
2105.272272765707 -15.918578543050248
2217.505275253932 -15.91872751419835
2335.7214690901214 -15.91887667452205
2460.239820869775 -15.919024909381665
2591.3963014396572 -15.919171194622624
2729.5447924020073 -15.91931460805515
2875.0580409448803 -15.919454337832995
3028.3286655749457 -15.91958968755314
3189.7702154663216 -15.91972007803811
3359.818286283781 -15.919845045996887
3538.9316954909877 -15.919964239904123
3727.593720314938 -15.920077413541136
3926.3134017068355 -15.920184417693612
4135.626917817706 -15.920285190567473
4356.099030694608 -15.920379747392815
4588.324610100844 -15.920468169714434
4832.930238571752 -15.920550594743471
5090.575902036681 -15.920627205114373
5361.956770568817 -15.920698219281448
5647.805074067552 -15.920763882730224
5948.892077934331 -15.920824460115519
6266.030164072656 -15.920880228369317
6600.075022827095 -15.920931470777145
6951.927961775606 -15.920978472004188
7322.538337604534 -15.921021513994587
7712.906117627992 -15.92106087268409
8124.0845778629655 -15.921096815430097
8557.183144940002 -15.921129599079622
9013.37038951743 -15.921159468581962
9493.87717927582 -15.921186656064862
10000.0 -15.92121138029659
10533.104453709382 -15.92123384646441
11094.628943275218 -15.921254246204924
11686.088553466498 -15.92127275783644
12309.079138896019 -15.921289546740294
12965.281629896688 -15.921304765858679
13656.466567946096 -15.92131855626879
14384.498882876629 -15.92133104781337
15151.342924760515 -15.921342359760738
15959.06776404731 -15.921352601477324
16809.852774253653 -15.921361873101281
17705.99351226898 -15.92137026620559
18649.907912142942 -15.921377864439698
19644.142809066267 -15.921384744150997
20691.3808111479 -15.921390974974335
21794.447537529835 -15.921396620392507
22956.319242369096 -15.921401738264091
24180.13084525718 -15.921406381320118
25469.184389745402 -15.921410597626387
26826.957952797275 -15.92141443101551
28257.115029208268 -15.921417921490486
29763.51441631313 -15.921421105595265
31350.220625651124 -15.921424016762717
33021.51484968176 -15.921426685634394
34781.90651314134 -15.921429140357706
36636.14544020716 -15.92143140686105
38589.23467029899 -15.921433509109548
40646.44395709628 -15.921435469341427
42813.32398719396 -15.921437308288835
45095.721356761445 -15.921439045382908
47499.79434661403 -15.921440698945887
50032.029538259994 -15.921442286370596
52699.259315756564 -15.921443824288602
55508.680300598106 -15.921445328728721
58467.87276937589 -15.921446815267043
61584.82110660255 -15.921448299167073
64867.935347885075 -15.921449795513604
68326.07387157406 -15.921451319337688
71968.56730011514 -15.921452885735325
75805.24367559262 -15.921454509977425
79846.45497739078 -15.921456207611781
84103.10505352604 -15.921457994556132
88586.67904100832 -15.921459887180609
93309.27435461663 -15.921461902377914
98283.63332770011 -15.921464057619136
103523.17759307378 -15.921466370992812
109042.04429677526 -15.921468861223982
114855.12424239368 -15.921471547668396
120978.10206889013 -15.921474450280133
127427.49857031321 -15.921477589545725
134220.7152716012 -15.921480986380276
141376.08138073614 -15.921484661982339
148912.90324394088 -15.92148863763988
156851.5164373548 -15.921492934484924
165213.34063573685 -15.921497573191745
174020.9374062485 -15.921502573616957
183298.07108324338 -15.921507954381028
193069.77288832495 -15.92151373239279
203362.40846866704 -15.921519922322672
214203.74903583832 -15.921526536033845
225623.04629706353 -15.92153358198477
237651.11138110727 -15.921541064621582
250320.39797173254 -15.921548983783635
263665.08987303555 -15.921557334149103
277721.1932429355 -15.921566104752669
292526.6337436642 -15.921575278606792
308121.35887140024 -15.921584832460425
324547.44574113254 -15.921594736724744
341849.21461759275 -15.921604955591754
360073.348498562 -15.921615447361287
379269.0190732246 -15.921626164983447
399488.019395417 -15.921637056810143
420784.9036297398 -15.921648067535259
443217.13424760854 -15.921659139291753
466845.2370703785 -15.921670212860985
491732.9645779016 -15.921681228941951
517947.46792312124 -15.921692129423622
545559.4781168514 -15.921702858602739
574643.4968715974 -15.92171336429436
605277.9976193343 -15.92172359878883
637545.6372456506 -15.921733519624011
671533.4791115135 -15.921743090147709
707333.2279644439 -15.921752279865851
745041.4773728917 -15.921761064579304
784759.9703514606 -15.921769426326804
826595.8738801812 -15.921777353156099
870662.0680585118 -15.921784838754458
917077.4506742931 -15.921791881971162
965967.2580093823 -15.921798486264338
1017463.4027476063 -15.921804659103591
1071704.8298967092 -15.921810411356198
1128837.8916846884 -15.92181575668073
1189016.74244199 -15.92182071094619
1252403.7545350718 -15.9218252916909
1319169.9564735717 -15.921829517632865
1389495.494373136 -15.92183340823225
1463570.1180190798 -15.921836983313755
1541593.6928422702 -15.921840262745091
1623776.739188721 -15.921843266170368
1710341.0003378377 -15.92184601279419
1801520.0408020238 -15.921848521212327
1897559.8765218505 -15.921850809283233
1998719.6386572486 -15.921852894035492
2105272.272765707 -15.921854791605927
2217505.2752539297 -15.921856517203112
2335721.4690901213 -15.921858085092547
2460239.8208697727 -15.921859508598676
2591396.3014396573 -15.921860800120228
2729544.792402007 -15.92186197115669
2875058.040944877 -15.921863032341637
3028328.6655749455 -15.921863993482166
3189770.215466318 -15.921864863602135
3359818.286283781 -15.921865650986831
3538931.6954909842 -15.921866363229519
3727593.720314938 -15.921867007277351
3926313.4017068394 -15.92186758947677
4135626.917817706 -15.921868115617661
4356099.030694608 -15.921868590975738
4588324.61010084 -15.921869020352936
4832930.238571752 -15.921869408115674
5090575.902036676 -15.921869758230923
5361956.770568817 -15.921870074299777
5647805.074067546 -15.921870359589107
5948892.077934331 -15.921870617060424
6266030.164072656 -15.921870849397017
6600075.022827089 -15.921871059028764
6951927.961775606 -15.921871248155142
7322538.337604526 -15.921871418766289
7712906.117627992 -15.921871572661805
8124084.5778629575 -15.92187171146911
8557183.144940002 -15.921871836659047
9013370.38951742 -15.921871949560488
9493877.17927582 -15.921872051374063
10000000.0 -15.921872143184254
10533104.45370936 -15.921872225970048
11094628.943275219 -15.92187230061561
11686088.553466497 -15.92187236791884
12309079.138896018 -15.921872428599965
12965281.629896663 -15.921872483309032
13656466.567946097 -15.92187253263216
14384498.882876629 -15.921872577098837
15151342.924760515 -15.921872617186214
15959067.76404731 -15.921872653324755
16809852.774253618 -15.921872685903306
17705993.51226898 -15.921872715271787
18649907.912142944 -15.921872741746125
19644142.809066266 -15.921872765611084
20691380.811147902 -15.921872787124094
21794447.537529834 -15.921872806515934
22956319.242369097 -15.921872823996388
24180130.84525718 -15.921872839753323
25469184.3897454 -15.921872853956716
26826957.95279722 -15.92187286675927
28257115.02920827 -15.921872878299565
29763514.41631313 -15.921872888701994
31350220.62565112 -15.921872898078028
33021514.849681754 -15.921872906529757
34781906.51314127 -15.921872914147839
36636145.44020716 -15.921872921014268
38589234.67029899 -15.921872927203587
40646443.95709628 -15.921872932782525
42813323.98719387 -15.921872937811044
45095721.35676145 -15.92187294234401
47499794.346614026 -15.921872946429144
50032029.53825999 -15.921872950111382
52699259.31575657 -15.92187295342994
55508680.300597996 -15.921872956422225
58467872.7693759 -15.92187295911819
61584821.10660254 -15.921872961548317
64867935.34788508 -15.921872963740757
68326073.87157391 -15.921872965713899
71968567.30011514 -15.921872967494862
75805243.67559262 -15.921872969099223
79846454.97739078 -15.92187297054462
84103105.05352604 -15.921872971847186
88586679.04100814 -15.921872973022865
93309274.35461664 -15.92187297408268
98283633.32770011 -15.921872975036123
103523177.59307377 -15.921872975898534
109042044.29677527 -15.921872976672384
114855124.24239345 -15.921872977372253
120978102.06889038 -15.921872977999474
127427498.57031322 -15.92187297856844
134220715.2716012 -15.921872979080941
141376081.38073614 -15.921872979544396
148912903.24394056 -15.92187297995743
156851516.43735445 -15.921872980331335
165213340.63573685 -15.921872980665972
174020937.40624848 -15.921872980973612
183298071.08324376 -15.921872981250988
193069772.88832456 -15.921872981496662
203362408.46866703 -15.921872981715381
214203749.0358383 -15.921872981919535
225623046.2970626 -15.921872982103372
237651111.38110778 -15.921872982254808
250320397.97173202 -15.921872982404835
263665089.87303555 -15.921872982538082
277721193.2429355 -15.921872982645798
292526633.74366355 -15.921872982755175
308121358.87140083 -15.921872982875595
324547445.74113256 -15.921872982942979
341849214.6175927 -15.921872983033698
360073348.49856204 -15.921872983127379
379269019.0732238 -15.921872983201567
399488019.39541787 -15.921872983226734
420784903.6297398 -15.921872983327878
443217134.24760854 -15.92187298329684
466845237.07037944 -15.921872983377188
491732964.5779006 -15.921872983396685
517947467.9231202 -15.921872983482487
545559478.1168514 -15.921872983455458
574643496.8715974 -15.921872983459286
605277997.6193355 -15.921872983509711
637545637.2456493 -15.921872983603079
671533479.1115135 -15.921872983530974
707333227.9644439 -15.921872983555055
745041477.3728887 -15.921872983657572
784759970.3514622 -15.921872983656272
826595873.8801795 -15.921872983683443
870662068.0585117 -15.92187298364787
917077450.674293 -15.921872983745725
965967258.0093802 -15.921872983751173
1017463402.7476043 -15.921872983706947
1071704829.8967092 -15.921872983682668
1128837891.6846883 -15.921872983540746
1189016742.44199 -15.92187298342684
1252403754.5350692 -15.921872983767521
1319169956.473569 -15.921872983851324
1389495494.373136 -15.921872983773316
1463570118.0190797 -15.92187298314544
1541593692.8422735 -15.921872983871578
1623776739.1887176 -15.92187298391097
1710341000.337838 -15.921872983743517
1801520040.802024 -15.92187298368957
1897559876.5218503 -15.921872983808177
1998719638.6572526 -15.921872983474588
2105272272.7657027 -15.921872984128278
2217505275.2539296 -15.921872983375927
2335721469.0901213 -15.921872984051237
2460239820.8697777 -15.9218729845039
2591396301.439652 -15.921872983150525
2729544792.402002 -15.921872982419803
2875058040.944877 -15.921872984322516
3028328665.5749454 -15.921872984830063
3189770215.466325 -15.921872983629257
3359818286.2837744 -15.921872984598423
3538931695.4909844 -15.921872984963603
3727593720.314938 -15.92187298287614
3926313401.7068396 -15.921872986172538
4135626917.8176975 -15.921872983223164
4356099030.694599 -15.92187298078985
4588324610.100841 -15.921872981943896
4832930238.571753 -15.921872983496929
5090575902.036687 -15.921872983300887
5361956770.568806 -15.921872982888903
5647805074.067546 -15.921872983005045
5948892077.934331 -15.921872981727027
6266030164.072656 -15.921872984149317
6600075022.827075 -15.92187298446724
6951927961.775591 -15.921872982657597
7322538337.6045265 -15.921872981191425
7712906117.627993 -15.921872973572178
8124084577.862974 -15.921872986332971
8557183144.939984 -15.921872981719735
9013370389.51742 -15.921872985639817
9493877179.27582 -15.921872992839827
10000000000.0 -15.921872987767948
10.0 -60.75616454785834
10.53310445370937 -60.58422551012478
11.094628943275218 -60.063146229195056
11.686088553466515 -59.76905195367408
12.309079138896024 -58.506319781713536
12.965281629896682 -59.035377263375715
13.65646656794611 -58.47324429834573
14.38449888287663 -58.11674452452472
15.15134292476053 -57.432676642855576
15.95906776404731 -62.11877440429156
16.80985277425364 -56.05521191952249
17.70599351226899 -56.36832161008195
18.64990791214297 -55.62941148537198
19.644142809066278 -56.07892386609899
20.6913808111479 -54.60614606425366
21.794447537529855 -54.16576552309397
22.956319242369098 -53.468962786574195
24.180130845257207 -54.543052431129915
25.4691843897454 -51.123931229707146
26.826957952797258 -52.25242119428292
28.257115029208283 -51.898239011292794
29.76351441631318 -47.67071161207347
31.350220625651154 -50.85301607564689
33.02151484968176 -50.41805573418198
34.7819065131413 -46.34641266288071
36.63614544020716 -49.98225570653504
38.58923467029903 -49.19392802818046
40.646443957096295 -48.724374190828385
42.81332398719393 -48.20907718018843
45.095721356761466 -49.378573268003414
47.499794346614124 -47.96460756239604
50.03202953826004 -47.29730636815177
52.699259315756564 -46.25084561723345
55.50868030059805 -46.434165939846224
58.467872769375894 -46.86969195879428
61.58482110660264 -45.59690583699393
64.86793534788511 -45.634427127572394
68.32607387157402 -44.34165481317735
71.96856730011521 -43.67965081184023
75.8052436755926 -43.4732085479899
79.84645497739086 -42.460386016785435
84.10310505352605 -43.37781418141364
88.58667904100822 -41.91184871826511
93.30927435461668 -38.2178130824963
98.28363332770026 -41.80413276058876
103.52317759307378 -40.302957422119604
109.04204429677526 -38.203328356030084
114.8551242423938 -39.59805783790576
120.97810206889012 -38.33768415583707
127.42749857031335 -38.654466810145955
134.2207152716012 -38.49079362035128
141.37608138073614 -38.3242378204731
148.91290324394086 -37.7552699681228
156.85151643735477 -37.621374388092065
165.213340635737 -37.85976803967013
174.0209374062485 -36.36269715919499
183.29807108324357 -35.07977654462951
193.06977288832496 -35.49719851850234
203.36240846866724 -33.87785515950451
214.2037490358383 -34.62762094184604
225.62304629706352 -34.28209202661939
237.65111138110728 -32.632400726269836
250.32039797173255 -33.93882323427781
263.6650898730358 -29.492982616820598
277.7211932429355 -33.74912437146396
292.5266337436645 -32.3494869635161
308.1213588714002 -30.545868462087636
324.54744574113323 -31.845075018006597
341.84921461759274 -30.98223230288299
360.073348498562 -30.312486845727662
379.26901907322497 -30.14518513257286
399.48801939541704 -29.784272960670712
420.78490362974026 -29.170335359378953
443.21713424760856 -28.354471733250662
466.84523707037897 -28.79620544446665
491.73296457790156 -28.089345598129597
517.9474679231213 -27.77157107782767
545.5594781168514 -27.25530014039341
574.6434968715973 -26.752121069029545
605.2779976193349 -26.45597277614751
637.5456372456507 -25.98465256129524
671.5334791115142 -25.60208719797586
707.3332279644438 -25.19590192205075
745.0414773728917 -24.269275143487686
784.7599703514607 -25.04689802257859
826.5958738801812 -24.551104786564245
870.6620680585127 -24.08877749003591
917.0774506742931 -24.261321553770657
965.9672580093833 -23.616887186768636
1017.4634027476063 -19.9584137527516
1071.7048298967104 -23.085211466300798
1128.8378916846884 -23.49168059339018
1189.01674244199 -23.243560615323826
1252.4037545350732 -22.627883752617443
1319.1699564735716 -22.023171119852417
1389.4954943731375 -22.010524771415984
1463.5701180190797 -21.678689610344215
1541.5936928422718 -21.285439956444897
1623.776739188721 -16.186662116057796
1710.3410003378397 -21.20367052814759
1801.520040802024 -21.296622888348136
1897.5598765218504 -20.761616535158534
1998.7196386572507 -21.08480872561683
2105.272272765707 -20.641804454695134
2217.505275253932 -20.34239222809645
2335.7214690901214 -20.985782661389155
2460.239820869775 -18.923038066619455
2591.3963014396572 -20.255607813775324
2729.5447924020073 -20.00356213428732
2875.0580409448803 -20.432757507825073
3028.3286655749457 -20.456851635816136
3189.7702154663216 -20.397692985376832
3359.818286283781 -20.63362427688943
3538.9316954909877 -23.783763219021473
3727.593720314938 -19.036437903228883
3926.3134017068355 -18.851021736882455
4135.626917817706 -20.21961852700407
4356.099030694608 -18.41392248110485
4588.324610100844 -18.445645996049215
4832.930238571752 -19.897508642334085
5090.575902036681 -18.815110394728162
5361.956770568817 -18.502552244998608
5647.805074067552 -17.852446483171335
5948.892077934331 -18.75972834256306
6266.030164072656 -18.245953557716106
6600.075022827095 -22.115362944425314
6951.927961775606 -16.56818057888205
7322.538337604534 -17.406771309502997
7712.906117627992 -18.632750011762788
8124.0845778629655 -17.206579423252364
8557.183144940002 -18.558327596446425
9013.37038951743 -16.50244317136337
9493.87717927582 -15.556115371543298
10000.0 -15.862385152952953
10533.104453709382 -16.277966098568108
11094.628943275218 -15.309331509606546
11686.088553466498 -13.506709541826428
12309.079138896019 -24.058871761232638
12965.281629896688 -15.871759268726118
13656.466567946096 -13.500494911702535
14384.498882876629 -14.978203522400255
15151.342924760515 -13.619605258346844
15959.06776404731 -13.310706075898025
16809.852774253653 -13.340076293894263
17705.99351226898 -12.775076705879671
18649.907912142942 -12.777970130537215
19644.142809066267 -13.123356535350606
20691.3808111479 -12.32843930550443
21794.447537529835 -11.88747306622831
22956.319242369096 -12.774942239140266
24180.13084525718 -12.152387745616176
25469.184389745402 -10.437474110623658
26826.957952797275 -12.099079098880253
28257.115029208268 -11.033891075287487
29763.51441631313 -10.7780086022887
31350.220625651124 -10.83675793352733
33021.51484968176 -11.522703409829084
34781.90651314134 -10.319994352353785
36636.14544020716 -6.4955527138015405
38589.23467029899 -14.187652027032074
40646.44395709628 -10.225206410231353
42813.32398719396 -9.543779196488941
45095.721356761445 -9.758763661467798
47499.79434661403 -9.287730461413805
50032.029538259994 -8.715395778758161
52699.259315756564 -21.542057937578978
55508.680300598106 -8.991159444411725
58467.87276937589 -7.449493594575761
61584.82110660255 -9.450197294626614
64867.935347885075 -9.45686150392844
68326.07387157406 -9.951205854350963
71968.56730011514 -10.765468652967797
75805.24367559262 -6.172007250394379
79846.45497739078 -9.767029078291442
84103.10505352604 -8.052211582040895
88586.67904100832 -10.022619240154139
93309.27435461663 -9.292823363396053
98283.63332770011 -9.779441216907102
103523.17759307378 -9.788355487911991
109042.04429677526 -10.51749836819188
114855.12424239368 -6.95376056121244
120978.10206889013 -11.102961668817521
127427.49857031321 -10.386582818379653
134220.7152716012 -10.370483495592698
141376.08138073614 -11.33116970287369
148912.90324394088 -9.788336862719266
156851.5164373548 -11.578283511685639
165213.34063573685 -12.821472493562593
174020.9374062485 -12.629964731312437
183298.07108324338 -10.656195260252506
193069.77288832495 -13.024369009789915
203362.40846866704 -13.320820958444838
214203.74903583832 -13.806636299717379
225623.04629706353 -15.752023735745384
237651.11138110727 -14.490997825763287
250320.39797173254 -14.572820612569238
263665.08987303555 -13.926410615387093
277721.1932429355 -14.65581575220126
292526.6337436642 -15.289782762612056
308121.35887140024 -16.530205163909677
324547.44574113254 -15.254293900962363
341849.21461759275 -16.642281067207815
360073.348498562 -17.342453941135958
379269.0190732246 -17.597413181582915
399488.019395417 -20.111959910886043
420784.9036297398 -19.25582005901783
443217.13424760854 -19.138985191425835
466845.2370703785 -17.530476155684486
491732.9645779016 -19.76346039289476
517947.46792312124 -17.237616746265168
545559.4781168514 -18.732921146261493
574643.4968715974 -18.519581149244505
605277.9976193343 -23.081047096854167
637545.6372456506 -21.894769266605497
671533.4791115135 -21.93660733717912
707333.2279644439 -24.156221165403448
745041.4773728917 -21.619487097702116
784759.9703514606 -23.031999681197277
826595.8738801812 -24.659086082087565
870662.0680585118 -24.69572073167309
917077.4506742931 -25.15640639161075
965967.2580093823 -24.908397675774626
1017463.4027476063 -23.703817141066654
1071704.8298967092 -27.34367505718143
1128837.8916846884 -42.065793996389814
1189016.74244199 -24.810298848615048
1252403.7545350718 -26.532206730164525
1319169.9564735717 -27.076951537590954
1389495.494373136 -27.836983058795575
1463570.1180190798 -27.631361836944613
1541593.6928422702 -28.86368095948537
1623776.739188721 -28.357781947410054
1710341.0003378377 -30.461811118269118
1801520.0408020238 -29.8338234081979
1897559.8765218505 -30.939617342802855
1998719.6386572486 -30.464112260086303
2105272.272765707 -30.782102159579075
2217505.2752539297 -30.53438259645769
2335721.4690901213 -31.413920113460048
2460239.8208697727 -31.760367663184716
2591396.3014396573 -32.942442985050356
2729544.792402007 -33.039790220166246
2875058.040944877 -33.67094069754372
3028328.6655749455 -34.950470992989125
3189770.215466318 -34.18238555614066
3359818.286283781 -32.97280575419795
3538931.6954909842 -35.30745510234637
3727593.720314938 -35.31263940816709
3926313.4017068394 -36.48266298431895
4135626.917817706 -34.49435138337437
4356099.030694608 -37.45771883851543
4588324.61010084 -40.38278387649186
4832930.238571752 -38.891457194518686
5090575.902036676 -38.92305829580356
5361956.770568817 -40.98301382985049
5647805.074067546 -38.76670483986199
5948892.077934331 -39.5695096902477
6266030.164072656 -39.18671462959801
6600075.022827089 -41.36150129145921
6951927.961775606 -40.72478626780693
7322538.337604526 -41.67649995231156
7712906.117627992 -42.100645800425355
8124084.5778629575 -42.7298239017596
8557183.144940002 -42.14535008497914
9013370.38951742 -43.012911990718045
9493877.17927582 -45.909148618737696
10000000.0 -43.58565022514263
10533104.45370936 -45.15217719201339
11094628.943275219 -45.84499247993744
11686088.553466497 -45.57658644175063
12309079.138896018 -26.68292864795134
12965281.629896663 -45.82907532982121
13656466.567946097 -46.68953952246518
14384498.882876629 -47.38019041024184
15151342.924760515 -47.99966602450448
15959067.76404731 -48.072105485997966
16809852.774253618 -33.905006372638994
17705993.51226898 -32.52390466121448
18649907.912142944 -48.46114897970786
19644142.809066266 -49.45858103978136
20691380.811147902 -50.852559039632695
21794447.537529834 -51.08781632932932
22956319.242369097 -48.95135390793554
24180130.84525718 -51.834319712509995
25469184.3897454 -52.302512952401344
26826957.95279722 -52.83160838925073
28257115.02920827 -53.290402691725276
29763514.41631313 -53.53500521454453
31350220.62565112 -52.97069971020217
33021514.849681754 -52.29016186499074
34781906.51314127 -53.264823988973134
36636145.44020716 -54.993783987343846
38589234.67029899 -55.97842600320004
40646443.95709628 -56.36012803529992
42813323.98719387 -56.81731968845325
45095721.35676145 -57.01509354697666
47499794.346614026 -58.37932896164767
50032029.53825999 -58.221950467205275
52699259.31575657 -51.88483630383625
55508680.300597996 -58.872047985750285
58467872.7693759 -57.025691712880125
61584821.10660254 -60.219301850447636
64867935.34788508 -43.48980272858359
68326073.87157391 -60.77046618619386
71968567.30011514 -63.66699890818445
75805243.67559262 -62.0126436487829
79846454.97739078 -62.89934703337191
84103105.05352604 -64.00226512907378
88586679.04100814 -64.07670420290171
93309274.35461664 -63.34714268000681
98283633.32770011 -66.95345779671013
103523177.59307377 -68.2760153878008
109042044.29677527 -68.5217446770993
114855124.24239345 -65.54468795733372
120978102.06889038 -66.60521296343416
127427498.57031322 -70.41231427821081
134220715.2716012 -66.20662198114715
141376081.38073614 -64.26650191861003
148912903.24394056 -66.77981476793936
156851516.43735445 -68.87594580570968
165213340.63573685 -67.80355792465076
174020937.40624848 -68.71121975481097
183298071.08324376 -69.7392516820412
193069772.88832456 -69.94609663452331
203362408.46866703 -70.6256978012138
214203749.0358383 -70.96859257758851
225623046.2970626 -71.55561465873902
237651111.38110778 -72.00682556203235
250320397.97173202 -72.71998265023679
263665089.87303555 -75.18550028080908
277721193.2429355 -72.56393936068466
292526633.74366355 -73.75640992224932
308121358.87140083 -71.035059385959
324547445.74113256 -74.34472781041137
341849214.6175927 -75.72545915028468
360073348.49856204 -75.23208026389536
379269019.0732238 -75.05891703686821
399488019.39541787 -76.42715555630788
420784903.6297398 -74.38652582467589
443217134.24760854 -77.16268520189682
466845237.07037944 -69.5876948462329
491732964.5779006 -78.6720510592915
517947467.9231202 -77.88574055697089
545559478.1168514 -79.00044601430957
574643496.8715974 -79.16917248210252
605277997.6193355 -79.18640351802532
637545637.2456493 -79.88476262483591
671533479.1115135 -82.18876129567187
707333227.9644439 -80.95004505642153
745041477.3728887 -82.14030684074487
784759970.3514622 -85.7520136148093
826595873.8801795 -75.15149638603998
870662068.0585117 -82.45503150769481
917077450.674293 -82.9258968013316
965967258.0093802 -83.80603231641109
1017463402.7476043 -85.4505181271893
1071704829.8967092 -84.54970723026632
1128837891.6846883 -85.51596255948556
1189016742.44199 -85.3359066255843
1252403754.5350692 -86.47422159815142
1319169956.473569 -85.26494043180824
1389495494.373136 -85.66739434558573
1463570118.0190797 -87.18769636243681
1541593692.8422735 -88.36840999942956
1623776739.1887176 -88.14464857173631
1710341000.337838 -89.26901876622905
1801520040.802024 -88.95518368137533
1897559876.5218503 -89.91365303727508
1998719638.6572526 -88.36893617145671
2105272272.7657027 -90.10789417742603
2217505275.2539296 -91.28787336071392
2335721469.0901213 -92.30186409088472
2460239820.8697777 -91.7316739061797
2591396301.439652 -91.70409348030668
2729544792.402002 -93.17332058004399
2875058040.944877 -102.87516124482757
3028328665.5749454 -94.29923652515896
3189770215.466325 -93.26387560089435
3359818286.2837744 -94.33008070233913
3538931695.4909844 -94.73790649623044
3727593720.314938 -95.75419852035066
3926313401.7068396 -95.87611649670106
4135626917.8176975 -96.78775787383485
4356099030.694599 -96.65895117899399
4588324610.100841 -111.73442216361858
4832930238.571753 -98.78125273540275
5090575902.036687 -99.29454301314708
5361956770.568806 -96.16919157503249
5647805074.067546 -101.27050991066953
5948892077.934331 -104.85356043108597
6266030164.072656 -100.00163406461564
6600075022.827075 -102.30655686708688
6951927961.775591 -100.67322942667381
7322538337.6045265 -109.06207195264756
7712906117.627993 -102.03871923414702
8124084577.862974 -104.60820747456071
8557183144.939984 -102.64325650213013
9013370389.51742 -103.44263955762284
9493877179.27582 -102.6950790343754
10000000000.0 -105.58221395896531
