10.0 -0.3926094034312195
10.292747724096083 -0.39520653717883236
10.59406557118851 -0.3979043866745434
10.904204429677526 -0.4007041714588589
11.223422532664179 -0.4036068529906831
11.551985672964793 -0.40661310978515225
11.890167424419898 -0.40972331279551405
12.238249369681931 -0.41293750136612606
12.596521334671401 -0.41625536011205866
12.965281629896682 -0.41967619710515003
13.344837298838383 -0.4231989237655651
13.735504373605137 -0.42682203687054854
14.137608138073606 -0.4305436030970615
14.551483398731937 -0.4343612465112506
14.977474763452017 -0.43827213940410403
15.415936928422726 -0.44227299684839855
15.867234973483178 -0.44636007531719873
16.331744666101677 -0.45052917565763523
16.80985277425364 -0.4547756506565912
17.301957388458945 -0.45909441736741785
17.808468253246822 -0.4634799742901613
18.329807108324356 -0.4679264234134355
18.866408039732583 -0.4724274970359136
19.418717841282557 -0.47697658919223956
19.987196386572506 -0.48156679141351344
20.57231701189556 -0.4861909324606559
21.174566910357118 -0.4908416215810935
21.794447537529855 -0.495511294760097
22.432475028984193 -0.5001922633683777
23.089180630041927 -0.5048767645517052
23.765111138110754 -0.509557012666465
24.46082935796799 -0.5142252510402489
25.17691457037277 -0.5188738033285323
25.913963014396586 -0.5234951237484906
26.672588383874054 -0.5280818454976994
27.453422338387142 -0.5326268267090002
28.257115029208283 -0.5371231933502074
29.08433564064048 -0.5415643785483699
29.935772947204903 -0.5459441578984208
30.812135887140037 -0.5502566804045006
31.714154152689986 -0.554496494794633
32.642578797673224 -0.558658571043885
33.59818286283781 -0.562738317034329
34.58176201952381 -0.5667315903696166
35.594135232168604 -0.5706347054455386
36.63614544020716 -0.5744444359538033
37.708660259934554 -0.5781580130624532
38.81257270691538 -0.5817731195725849
39.9488019395417 -0.5852878803959369
41.118294024358306 -0.5887008497319637
42.322022723792756 -0.59201099534572
43.56099030694608 -0.5952176803605727
44.83622838411908 -0.5983206429824517
46.148798765769385 -0.6013199745662692
47.499794346614124 -0.6042160964221386
48.890340015614456 -0.6070097357386784
50.32159359259993 -0.6097019009762192
51.7947467923121 -0.6122938570538892
53.31102621667033 -0.6147871006229143
54.87169437608604 -0.6171833356858454
56.47805074067555 -0.6194844497871497
58.131432822247135 -0.6216924909676798
59.83321728796288 -0.6238096456425127
61.58482110660264 -0.6258382175307152
63.38770272838487 -0.6277806077364588
65.24336329932625 -0.6296392960537195
67.15334791115141 -0.6314168235427319
69.11924688779365 -0.6331157764041622
71.14269710955735 -0.6347387711580068
73.22538337604533 -0.6362884411173825
75.36903980898542 -0.6377674241336228
77.57545129612417 -0.6391783515769899
79.84645497739086 -0.6405238385081963
82.18394177456803 -0.6418064749882515
84.58985796574301 -0.6430288184688489
87.06620680585127 -0.6441933872012207
89.61505019466045 -0.6453026545992877
92.23851039358476 -0.6463590444914562
94.9387717927583 -0.6473649271953906
97.71808272983904 -0.6483226163506294
100.57875736205835 -0.6492343664458965
103.52317759307378 -0.6501023709793579
106.55379505623053 -0.6509287611930548
109.67313315588179 -0.6517156053255984
112.88378916846884 -0.6524649083301999
116.18843640511002 -0.6531786120084881
119.58982643749793 -0.653858595513953
123.09079138896018 -0.6545066761822581
126.69424629259063 -0.655124610649055
130.40319151841317 -0.6557140962192924
134.2207152716012 -0.6562767724551941
138.14999616383224 -0.6568142229532765
142.19430585991677 -0.6573279772836339
146.357011801908 -0.6578195130676989
150.64158001295928 -0.6582902581732096
155.05157798326255 -0.6587415930077354
159.5906776404731 -0.659174852894399
164.26265840709303 -0.6595913305155714
169.071410347358 -0.6599922784125022
174.0209374062485 -0.6603789115304786
179.115360743323 -0.6607524098011224
184.3589221641488 -0.6611139207547192
189.75598765218504 -0.6614645621571675
195.3110510040631 -0.6618054246674863
201.02873757128856 -0.6621375745126702
206.913808111479 -0.6624620561785151
212.97116275234782 -0.6627798951152558
219.20584507173257 -0.6630921004585213
225.62304629706352 -0.6633996677663851
232.22810962777245 -0.6637035817746582
239.02653468423918 -0.6640048191727765
246.02398208697775 -0.6643043514037688
253.22627816987946 -0.6646031474920644
260.63941983143474 -0.6649021769038367
268.26957952797244 -0.6652024124447942
276.1231104130753 -0.6655048332012349
284.2065516274511 -0.6658104275303101
292.5266337436645 -0.6661201961062939
301.09028437025927 -0.6664351550298087
309.9046339199427 -0.6667563390077175
318.97702154663216 -0.6670848046115779
328.3150012563047 -0.6674216336232929
337.9263481967431 -0.667767936476764
347.819065131413 -0.6681248558050146
358.00138910285807 -0.668493570102739
368.48179829116765 -0.6688752975144661
379.26901907322497 -0.6692712997593736
390.37203328860926 -0.6696828862039348
401.8000857182091 -0.6701114180944525
413.5626917817706 -0.6705583129617542
425.66964546078714 -0.6710250492110775
438.13102745333055 -0.6715131709107801
450.9572135676145 -0.6720242927939044
464.15888336127773 -0.672560105487576
477.7470290335773 -0.6731223809855149
491.73296457790156 -0.6737129783799327
506.1283352022219 -0.6743338498696376
520.9451270253212 -0.674987047061901
536.1956770568817 -0.6756747275864736
551.892683469738 -0.6763991620408971
568.0492161728429 -0.6771627412871057
584.6787276937589 -0.6779679841200701
601.7950643797334 -0.678817545330237
619.412477926676 -0.6797142241822776
637.5456372456507 -0.6806609733337556
656.2096406767555 -0.6816609082179838
675.4200285605586 -0.682717316916577
695.1927961775606 -0.6838336705480119
715.5444070664574 -0.6850136341994735
736.4918067322965 -0.6862610784302602
758.0524367559261 -0.6875800913760346
780.2442493165045 -0.6889749914839998
803.0857221391512 -0.6904503409102392
826.5958738801812 -0.6920109596110541
850.7942799627444 -0.6936619401612847
875.7010888760508 -0.6954086633330983
901.3370389517438 -0.6972568144696567
927.7234756314059 -0.699212400688538
954.8823692395666 -0.7012817689503871
982.8363332770031 -0.7034716250285402
1011.6086432495807 -0.705789053415654
1041.2232560483055 -0.7082415382033191
1071.7048298967104 -0.7108369849703813
1103.078744882215 -0.7135837437153729
1135.3711240885177 -0.7164906328674476
1168.608855346651 -0.7195669644092917
1202.8196136227775 -0.7228225701438457
1238.0318840613968 -0.7262678291347385
1274.2749857031336 -0.7299136963478663
1311.5790958968503 -0.7337717325184734
1349.9752754264298 -0.7378541352644514
1389.4954943731375 -0.7421737714621178
1430.172658735088 -0.7467442108954774
1472.0406378260013 -0.7515797611840496
1515.134292476053 -0.756695503986924
1559.4895040582815 -0.762107332472809
1605.1432043647615 -0.7678319900363767
1652.1334063573702 -0.7738871102302747
1700.4992358187922 -0.7802912578703368
1750.2809639301013 -0.7870639712576705
1801.520040802024 -0.7942258054457995
1854.2591299878522 -0.801798376463917
1908.542144006686 -0.8098044063882355
1964.4142809066266 -0.8182677691319058
2021.9220618983536 -0.8272135368006516
2081.1133700903947 -0.8366680264354963
2142.037490358383 -0.8466588469357648
2204.7451503814746 -0.857214945924577
2269.288562880081 -0.8683666562861434
2335.7214690901214 -0.880145742067835
2404.0991835099717 -0.8925854434017678
2474.47863995735 -0.9057205200593024
2546.91843897454 -0.9195872932084025
2621.478896621356 -0.9342236848977239
2698.222094696536 -0.949669254743368
2777.211932429355 -0.9659652332443287
2858.5141796844714 -0.9831545511013768
2942.196531724374 -1.0012818638622072
3028.3286655749457 -1.0203935711628924
3116.9822980411436 -1.0405378297844294
3208.2312454210773 -1.0617645596918508
3302.1514849681753 -1.0841254421763493
3398.8212181526674 -1.1076739091752905
3498.320935775036 -1.132465122806767
3600.73348498562 -1.1585559441213833
3706.144138266228 -1.1860048900499134
3814.640664431178 -1.2148720775102524
3926.3134017068355 -1.245219153634411
4041.2553329506004 -1.2771092110869224
4159.562163071847 -1.3106066874731575
4281.332398719392 -1.3457772478805103
4406.667430301786 -1.3826876496606066
4535.671616408702 -1.4214055886467305
4668.45237070379 -1.4619995261113243
4805.1202513612425 -1.504538495903066
4945.789053120639 -1.549091891364041
5090.575902036681 -1.595729231814835
5239.601353002645 -1.6445199086088733
5392.98949012887 -1.6955329109966868
5550.868030059805 -1.7488365323032968
5713.36842831558 -1.8044980572072775
5880.625988746757 -1.862583431212178
6052.779976193349 -1.923156913717995
6229.973732441841 -1.986280716425521
6412.354795576917 -2.052014629134341
6600.075022827095 -2.1204156353183463
6793.290717006696 -2.1915375201735463
6992.162756659375 -2.265430474124305
7196.856730011514 -2.342140695034957
7407.543072847163 -2.4217099925993733
7624.397210419138 -2.5041753985592585
7847.5997035146065 -2.589568786528366
8077.3363987967105 -2.6779165052663094
8313.798583547334 -2.7692390292467515
8557.183144940002 -2.8635506302979055
8807.692733975462 -2.9608590739554437
9065.53593421636 -3.0611653439606714
9330.927435461663 -3.1644633980604846
9604.08821250538 -3.270739957927851
9885.24570912827 -3.3799743356256884
10174.634027476064 -3.4921382985959157
10472.494122981476 -3.607195974673929
10779.074004992735 -3.7251037981263755
11094.628943275218 -3.8458104971913665
11419.421680558647 -3.969257123085913
11753.722651306367 -4.095377119942055
12097.810206889013 -4.224096434660442
12451.97084735032 -4.355333665232472
12816.499459957597 -4.489000245697002
13191.699564735716 -4.625000665565581
13577.883567189278 -4.763232721287817
13975.373018422924 -4.903587797126368
14384.498882876629 -5.045951172685246
14805.6018138991 -5.19020235427303
15239.032437388305 -5.3362154272883675
15685.151643735446 -5.4838594268801275
16144.330888316019 -5.632998724254885
16616.952500776908 -5.783493426166725
17103.41000337838 -5.935199785326647
17604.108438655527 -6.087970619692692
18119.46470667122 -6.241655738843007
18649.907912142942 -6.396102375879029
19195.87972173111 -6.551155623543833
19757.834731786996 -6.706658873464619
20336.2408468667 -6.8624542576267045
20931.579669325736 -7.018383091352989
21544.346900318822 -7.174286317191209
22175.052752539294 -7.330004949198119
22824.222375040976 -7.485380517148275
23492.396290496577 -7.640255510188208
24180.13084525718 -7.794473819401738
24887.998672586673 -7.947881178651884
25616.589169457267 -8.100325602924181
26366.508987303554 -8.251657823217384
27138.3825371428 -8.401731716821054
27932.85250948253 -8.550404731589722
28750.580409448772 -8.697538302582057
29592.247107579577 -8.84299825918865
30458.55340674284 -8.98665522063559
31350.220625651124 -9.128384977532363
32267.991199458116 -9.268068856942763
33212.62929793748 -9.40559406830698
34184.92146175927 -9.540854027440671
35185.677257392665 -9.673748655789236
36215.72995118075 -9.804184652131468
37275.93720314938 -9.932075734009699
38367.18178112649 -10.057342846312956
39490.37229576694 -10.179914334662028
40646.44395709628 -10.299726081531027
41836.359353200234 -10.416721603388751
43061.10925171165 -10.530852107547762
44321.713424760856 -10.642076507857736
45619.221498074585 -10.750361398864666
46954.71382493421 -10.855680988564975
48329.30238571752 -10.958016990401875
49744.13171377451 -11.057358475664163
51200.37984840882 -11.15370168794785
52699.259315756564 -11.247049821807401
54242.01813838024 -11.337412768153454
55829.94087441914 -11.424806829330436
57464.34968715974 -11.509254407127237
59146.605445917456 -11.590783667227475
60878.108859147556 -11.669428183792242
62660.30164072656 -11.745226567981458
64494.667710376205 -11.818222084266525
66382.73442923075 -11.888462258363061
68326.07387157406 -11.955998480525988
70326.30413380644 -12.020885607806855
72385.09068173247 -12.08318156867649
74504.14773728917 -12.142946973181097
76685.2397058701 -12.200244731525956
78930.18264543568 -12.255139683683304
81240.84577862974 -12.307698242305518
83619.15304916317 -12.357988050899412
86067.08472376158 -12.406077658887158
88586.67904100832 -12.452036214861057
91180.03390845681 -12.495933179022103
93849.3086494272 -12.537838055496834
96596.72580093842 -12.577820144949383
99424.57296427398 -12.615948317649803
102335.20470972576 -12.652290806926693
105331.04453709359 -12.68691502273147
108414.5868935835 -12.719887384857367
111588.3992507748 -12.751273175208782
114855.12424239368 -12.781136408385477
118217.48186466724 -12.809539719747816
121678.27174109229 -12.836544270045685
125240.3754535072 -12.862209665639288
128906.75894140244 -12.8865938932989
132680.47497147243 -12.909753268550045
136564.66567946097 -12.931742396524275
140562.56518642136 -12.952614144282617
144677.5022915648 -12.972419623597114
148912.90324394088 -12.991208183202978
153272.2945952612 -13.009027409570244
157759.30613623615 -13.025923135283005
162377.67391887208 -13.041939454162623
167131.2433672486 -13.057118742317368
172023.97247935992 -13.07150168435478
177059.9351226898 -13.085127304042937
182243.32442626648 -13.098032998760443
187578.45627201613 -13.110254577126579
193069.77288832495 -13.12182629925384
198721.84654880533 -13.132780919113593
204539.38337933904 -13.143149728555441
210527.22727657072 -13.152962602562372
216690.3639411181 -13.162248045370145
223033.9250288494 -13.171033237117502
229563.19242369095 -13.179344080732196
236283.6026355175 -13.187205248792944
243200.7513267945 -13.194640230139571
250320.39797173254 -13.201671376034136
257648.47065183744 -13.208319945702495
265191.0709918535 -13.214606151110877
272954.4792402007 -13.220549200856116
280945.1594981406 -13.226167343066306
289169.76510202966 -13.231477907229308
297635.14416313195 -13.236497344882562
306348.3452696084 -13.241241269111876
315316.62335543614 -13.2457244928205
324547.44574113254 -13.249961065741969
334048.4983513244 -13.253964310179214
343827.6921143307 -13.257746855463282
353893.1695490984 -13.261320671130381
364253.3115449638 -13.26469709882494
374916.74433988857 -13.267886882941403
385892.3467029899 -13.270900200021378
397189.25732733024 -13.273746686929197
408816.88243912894 -13.276435467829755
420784.9036297398 -13.278975179997802
433103.2859169001 -13.281373998487808
445782.28604197066 -13.2836396596975
458832.461010084 -13.285779483858489
472264.67688029545 -13.287800396487409
486090.117813063 -13.289708948834294
500320.2953825999 -13.291511337362286
514967.0581618343 -13.293213422295182
530042.6015879672 -13.294820745268021
545559.4781168514 -13.296338546115937
561530.6076746266 -13.297771778836529
577969.2884153313 -13.299125126759355
594889.2077934331 -13.300403016956679
612304.4539605178 -13.30160963392822
630229.5274956024 -13.302748932591635
648679.3534788508 -13.303824650610622
667669.2939187557 -13.30484032008961
687215.1605431122 -13.30579927866539
707333.2279644439 -13.306704680023856
728040.2472308562 -13.307559503868022
749353.4597735757 -13.3083665653651
771290.6117627992 -13.309128524096698
793869.9688838223 -13.309847892537256
817110.3315457187 -13.310527044083125
841031.0505352605 -13.31116822065571
865652.0431290936 -13.31177353989897
890993.8096776098 -13.31234500199221
917077.4506742931 -13.312884496098222
943924.6843247664 -13.313393806464184
971557.8646301847 -13.313874618194388
1000000.0 -13.314328522710921
