10.0 -15.217535219837
10.53310445370937 -15.217294231675133
11.094628943275218 -15.217048233916957
11.686088553466515 -15.21679457458114
12.309079138896024 -15.216530519670393
12.965281629896682 -15.21625322373638
13.65646656794611 -15.215959699908003
14.38449888287663 -15.215646787711796
15.15134292476053 -15.215311119442632
15.95906776404731 -15.214949083998642
16.80985277425364 -15.214556788623167
17.70599351226899 -15.214130018039677
18.64990791214297 -15.213664189361522
19.644142809066278 -15.213154303714374
20.6913808111479 -15.212594894121512
21.794447537529855 -15.211979967548066
22.956319242369098 -15.21130294255977
24.180130845257207 -15.210556580913027
25.4691843897454 -15.209732912490894
26.826957952797258 -15.20882315272165
28.257115029208283 -15.207817613254726
29.76351441631318 -15.206705602215642
31.350220625651154 -15.205475316751887
33.02151484968176 -15.204113723999376
34.7819065131413 -15.202606430986618
36.63614544020716 -15.200937542842167
38.58923467029903 -15.199089507100119
40.646443957096295 -15.19704294427794
42.81332398719393 -15.194776462755488
45.095721356761466 -15.192266458121582
47.499794346614124 -15.189486894214536
50.03202953826004 -15.186409067502735
52.699259315756564 -15.183001350978593
55.50868030059805 -15.179228920488125
58.467872769375894 -15.175053459079365
61.58482110660264 -15.170432843704608
64.86793534788511 -15.165320810699853
68.32607387157402 -15.159666604098568
71.96856730011521 -15.15341460620686
75.8052436755926 -15.146503954278451
79.84645497739086 -15.138868146334199
84.10310505352605 -15.130434641275334
88.58667904100822 -15.121124459375242
93.30927435461668 -15.1108517917434
98.28363332770026 -15.099523629027768
103.52317759307378 -15.087039422933294
109.04204429677526 -15.073290795001101
114.8551242423938 -15.05816131379687
120.97810206889012 -15.041526360519676
127.42749857031335 -15.023253111166712
134.2207152716012 -15.003200664544385
141.37608138073614 -14.981220349562088
148.91290324394086 -14.9571562489707
156.85151643735477 -14.930845981163028
165.213340635737 -14.90212177886261
174.0209374062485 -14.870811909810712
183.29807108324357 -14.836742478593404
193.06977288832496 -14.799739645403815
203.36240846866724 -14.759632290951908
214.2037490358383 -14.716255142804734
225.62304629706352 -14.669452365431411
237.65111138110728 -14.619081591239166
250.32039797173255 -14.565018348400201
263.6650898730358 -14.507160807935126
277.7211932429355 -14.445434741226071
292.5266337436645 -14.379798543838922
308.1213588714002 -14.31024814689656
324.54744574113323 -14.236821608671754
341.84921461759274 -14.159603153343095
360.073348498562 -14.07872641411611
379.26901907322497 -13.994376637365058
399.48801939541704 -13.906791624371081
420.78490362974026 -13.816261223306046
443.21713424760856 -13.723125239035074
466.84523707037897 -13.627769699573303
491.73296457790156 -13.530621501794382
517.9474679231213 -13.432141549334238
545.5594781168514 -13.332816583794099
574.6434968715973 -13.233149994965178
605.2779976193349 -13.133651958700565
637.5456372456507 -13.03482929883327
671.5334791115142 -12.937175485647273
707.3332279644438 -12.84116117539454
745.0414773728917 -12.747225659213026
784.7599703514607 -12.655769530160082
826.5958738801812 -12.56714879912983
870.6620680585127 -12.481670603960595
917.0774506742931 -12.399590563703855
965.9672580093833 -12.321111744682867
1017.4634027476063 -12.246385128208226
1071.7048298967104 -12.175511409634922
1128.8378916846884 -12.108543915019546
1189.01674244199 -12.045492397297462
1252.4037545350732 -11.986327466763822
1319.1699564735716 -11.930985418648028
1389.4954943731375 -11.879373240354035
1463.5701180190797 -11.831373609427027
1541.5936928422718 -11.786849726213395
1623.776739188721 -11.745649860192731
1710.3410003378397 -11.70761152260168
1801.520040802024 -11.672565209656122
1897.5598765218504 -11.64033768753806
1998.7196386572507 -11.610754812899968
2105.272272765707 -11.583643900611396
2217.505275253932 -11.55883566357004
2335.7214690901214 -11.536165758261973
2460.239820869775 -11.515475975507819
2591.3963014396572 -11.496615118110835
2729.5447924020073 -11.479439607735248
2875.0580409448803 -11.463813861690216
3028.3286655749457 -11.449610477853902
3189.7702154663216 -11.43671026279179
3359.818286283781 -11.425002134256468
3538.9316954909877 -11.41438292556284
3727.593720314938 -11.40475711558813
3926.3134017068355 -11.396036504515124
4135.626917817706 -11.388139852226391
4356.099030694608 -11.380992493213531
4588.324610100844 -11.374525939383965
4832.930238571752 -11.368677479603178
5090.575902036681 -11.363389783237752
5361.956770568817 -11.358610512851893
5647.805074067552 -11.354291950276583
5948.892077934331 -11.350390638726955
6266.030164072656 -11.346867043016749
6600.075022827095 -11.34368522898118
6951.927961775606 -11.340812562641931
7322.538337604534 -11.338219429412096
7712.906117627992 -11.33587897273572
8124.0845778629655 -11.333766852124427
8557.183144940002 -11.33186101944414
9013.37038951743 -11.330141512843635
9493.87717927582 -11.328590267331622
10000.0 -11.327190941102236
10533.104453709382 -11.325928756418369
11094.628943275218 -11.324790354297612
11686.088553466498 -11.323763661728833
12309.079138896019 -11.322837770825334
12965.281629896688 -11.322002828739215
13656.466567946096 -11.321249937405238
14384.498882876629 -11.320571062656873
15151.342924760515 -11.3199589515263
15959.06776404731 -11.319407057397788
16809.852774253653 -11.318909471961756
17705.99351226898 -11.318460863692907
18649.907912142942 -11.318056422128201
19644.142809066267 -11.317691807280125
20691.3808111479 -11.317363104140671
21794.447537529835 -11.317066781156743
22956.319242369096 -11.316799653199842
24180.13084525718 -11.316558847378806
25469.184389745402 -11.316341773043792
26826.957952797275 -11.316146093806445
28257.115029208268 -11.315969702947719
29763.51441631313 -11.315810700772918
31350.220625651124 -11.315667374341697
33021.51484968176 -11.315538179294508
34781.90651314134 -11.315421723223142
36636.14544020716 -11.315316750701296
38589.23467029899 -11.315222129909914
40646.44395709628 -11.315136840489902
42813.32398719396 -11.315059962573866
45095.721356761445 -11.314990666892566
47499.79434661403 -11.314928205884836
50032.029538259994 -11.314871905634723
52699.259315756564 -11.314821158637914
55508.680300598106 -11.314775417290337
58467.87276937589 -11.314734187938454
61584.82110660255 -11.314697025621413
64867.935347885075 -11.31466352917049
68326.07387157406 -11.314633337087347
71968.56730011514 -11.31460612339632
75805.24367559262 -11.314581594350141
79846.45497739078 -11.314559485098885
84103.10505352604 -11.314539557042478
88586.67904100832 -11.314521594939464
93309.27435461663 -11.314505404900297
98283.63332770011 -11.3144908120133
103523.17759307378 -11.314477658857454
109042.04429677526 -11.314465803322232
114855.12424239368 -11.314455117531885
120978.10206889013 -11.314445485801405
127427.49857031321 -11.314436804440493
134220.7152716012 -11.314428979592241
141376.08138073614 -11.314421926627919
148912.90324394088 -11.314415569628588
156851.5164373548 -11.314409839758646
165213.34063573685 -11.314404675161565
174020.9374062485 -11.314400020115606
183298.07108324338 -11.314395824401045
193069.77288832495 -11.314392042632136
203362.40846866704 -11.31438863394282
214203.74903583832 -11.314385561538396
225623.04629706353 -11.314382792317774
237651.11138110727 -11.31438029628548
250320.39797173254 -11.31437804649957
263665.08987303555 -11.314376018723827
277721.1932429355 -11.314374190944934
292526.6337436642 -11.314372543543394
308121.35887140024 -11.31437105870135
324547.44574113254 -11.314369720360029
341849.21461759275 -11.314368514135156
360073.348498562 -11.314367426644266
379269.0190732246 -11.314366446646435
399488.019395417 -11.314365563229835
420784.9036297398 -11.314364767115757
443217.13424760854 -11.31436404949464
466845.2370703785 -11.314363402799298
491732.9645779016 -11.314362819651908
517947.46792312124 -11.314362294213659
545559.4781168514 -11.314361820526548
574643.4968715974 -11.314361393546108
605277.9976193343 -11.314361008744033
637545.6372456506 -11.314360662036812
671533.4791115135 -11.314360349320857
707333.2279644439 -11.314360067553507
745041.4773728917 -11.314359813762016
784759.9703514606 -11.314359584969232
826595.8738801812 -11.314359378434496
870662.0680585118 -11.314359192678252
917077.4506742931 -11.314359024759124
965967.2580093823 -11.314358873856968
1017463.4027476063 -11.314358737648435
1071704.8298967092 -11.314358614728357
1128837.8916846884 -11.31435850442669
1189016.74244199 -11.314358404635254
1252403.7545350718 -11.314358314562568
1319169.9564735717 -11.314358233743773
1389495.494373136 -11.314358160531606
1463570.1180190798 -11.314358094411505
1541593.6928422702 -11.314358035415816
1623776.739188721 -11.314357981902457
1710341.0003378377 -11.314357933726331
1801520.0408020238 -11.314357889850001
1897559.8765218505 -11.314357851489515
1998719.6386572486 -11.314357815752594
2105272.272765707 -11.314357784144873
2217505.2752539297 -11.314357755195806
2335721.4690901213 -11.314357729705351
2460239.8208697727 -11.314357706422609
2591396.3014396573 -11.314357685360296
2729544.792402007 -11.31435766581628
2875058.040944877 -11.314357648198072
3028328.6655749455 -11.31435763431777
3189770.215466318 -11.314357620201843
3359818.286283781 -11.314357608734685
3538931.6954909842 -11.314357597262276
3727593.720314938 -11.31435758571343
3926313.4017068394 -11.314357577516624
4135626.917817706 -11.314357569805637
4356099.030694608 -11.31435756147429
4588324.61010084 -11.314357555235572
4832930.238571752 -11.314357548805067
5090575.902036676 -11.314357542752536
5361956.770568817 -11.314357539476953
5647805.074067546 -11.314357534561106
5948892.077934331 -11.314357529939203
6266030.164072656 -11.31435752669778
6600075.022827089 -11.314357523853154
6951927.961775606 -11.314357519288674
7322538.337604526 -11.31435751647219
7712906.117627992 -11.314357515078948
8124084.5778629575 -11.31435751225421
8557183.144940002 -11.314357510994608
9013370.38951742 -11.314357509025319
9493877.17927582 -11.314357508424916
10000000.0 -11.314357504404207
10533104.45370936 -11.31435750368366
11094628.943275219 -11.314357505244832
11686088.553466497 -11.314357502631156
12309079.138896018 -11.31435750261463
12965281.629896663 -11.314357500581007
13656466.567946097 -11.314357500850603
14384498.882876629 -11.314357499325688
15151342.924760515 -11.314357499408402
15959067.76404731 -11.314357500139335
16809852.774253618 -11.314357499375689
17705993.51226898 -11.3143574968019
18649907.912142944 -11.31435749547029
19644142.809066266 -11.314357497926666
20691380.811147902 -11.314357496787643
21794447.537529834 -11.314357496492796
22956319.242369097 -11.314357499625666
24180130.84525718 -11.31435749859728
25469184.3897454 -11.314357495347753
26826957.95279722 -11.314357496239412
28257115.02920827 -11.31435749353977
29763514.41631313 -11.314357497760986
31350220.62565112 -11.314357497170441
33021514.849681754 -11.314357495360943
34781906.51314127 -11.314357499736225
36636145.44020716 -11.314357491675718
38589234.67029899 -11.314357502368374
40646443.95709628 -11.314357494892473
42813323.98719387 -11.314357496016314
45095721.35676145 -11.314357489339088
47499794.346614026 -11.314357491596711
50032029.53825999 -11.314357486510794
52699259.31575657 -11.314357488608962
55508680.300597996 -11.314357491354126
58467872.7693759 -11.314357491254565
61584821.10660254 -11.314357488420587
64867935.34788508 -11.314357492006293
68326073.87157391 -11.31435749788957
71968567.30011514 -11.314357506312849
75805243.67559262 -11.314357494029395
79846454.97739078 -11.314357491542582
84103105.05352604 -11.314357490597839
88586679.04100814 -11.314357497351553
93309274.35461664 -11.31435749213249
98283633.32770011 -11.314357491808465
103523177.59307377 -11.314357509062498
109042044.29677527 -11.314357502882814
114855124.24239345 -11.314357510390742
120978102.06889038 -11.314357498395493
127427498.57031322 -11.314357487822218
134220715.2716012 -11.314357495766973
141376081.38073614 -11.314357502470463
148912903.24394056 -11.314357494120188
156851516.43735445 -11.31435753075959
165213340.63573685 -11.314357447602195
174020937.40624848 -11.314357528683615
183298071.08324376 -11.314357479909741
193069772.88832456 -11.314357478945926
203362408.46866703 -11.314357503836003
214203749.0358383 -11.314357513179207
225623046.2970626 -11.314357497214228
237651111.38110778 -11.314357496380472
250320397.97173202 -11.314357487496968
263665089.87303555 -11.314357521870326
277721193.2429355 -11.314357475857747
292526633.74366355 -11.314357485290216
308121358.87140083 -11.314357476697591
324547445.74113256 -11.314357518157372
341849214.6175927 -11.314357462202889
360073348.49856204 -11.314357530264532
379269019.0732238 -11.314357428927718
399488019.39541787 -11.314357459465343
420784903.6297398 -11.31435754545653
443217134.24760854 -11.314357472442651
466845237.07037944 -11.314357467502159
491732964.5779006 -11.314357573907234
517947467.9231202 -11.314357387846549
545559478.1168514 -11.314357499329619
574643496.8715974 -11.314357516448148
605277997.6193355 -11.314357597413082
637545637.2456493 -11.314357430126943
671533479.1115135 -11.314357571659743
707333227.9644439 -11.314357647928563
745041477.3728887 -11.314357641194299
784759970.3514622 -11.314357631950077
826595873.8801795 -11.314357422946111
870662068.0585117 -11.314357318971222
917077450.674293 -11.314357373501789
965967258.0093802 -11.31435753753458
1017463402.7476043 -11.31435745813707
1071704829.8967092 -11.314357477184707
1128837891.6846883 -11.314357444849716
1189016742.44199 -11.31435749599902
1252403754.5350692 -11.31435749032515
1319169956.473569 -11.314357199098101
1389495494.373136 -11.314357180520853
1463570118.0190797 -11.31435772402882
1541593692.8422735 -11.314357700584468
1623776739.1887176 -11.314357423656855
1710341000.337838 -11.314357586482844
1801520040.802024 -11.314357377775197
1897559876.5218503 -11.314357495180602
1998719638.6572526 -11.314357189413078
2105272272.7657027 -11.31435766921836
2217505275.2539296 -11.314357529349635
2335721469.0901213 -11.314357509731819
2460239820.8697777 -11.314357673540648
2591396301.439652 -11.314357711582034
2729544792.402002 -11.314358174636276
2875058040.944877 -11.314357052383329
3028328665.5749454 -11.314357022074864
3189770215.466325 -11.314357143802722
3359818286.2837744 -11.314357242353957
3538931695.4909844 -11.314356920664219
3727593720.314938 -11.314358159001339
3926313401.7068396 -11.314357999119053
4135626917.8176975 -11.314357309250283
4356099030.694599 -11.314357460809497
4588324610.100841 -11.31435696472158
4832930238.571753 -11.314357378258286
5090575902.036687 -11.314357413009201
5361956770.568806 -11.314356615612269
5647805074.067546 -11.314356229958884
5948892077.934331 -11.314358609552643
6266030164.072656 -11.314357877291465
6600075022.827075 -11.31435555602765
6951927961.775591 -11.314358187411468
7322538337.6045265 -11.314357628760078
7712906117.627993 -11.314357254323536
8124084577.862974 -11.314356695821914
8557183144.939984 -11.314358272675323
9013370389.51742 -11.314356808518898
9493877179.27582 -11.314358011149249
10000000000.0 -11.314357853899521
10.0 -43.602242252529315
10.53310445370937 -47.45897197217947
11.094628943275218 -47.63308643486983
11.686088553466515 -54.20065363815197
12.309079138896024 -52.92676196263319
12.965281629896682 -44.23564216336136
13.65646656794611 -37.5268800162263
14.38449888287663 -50.22544230765577
15.15134292476053 -61.023615077017446
15.95906776404731 -42.37709161929323
16.80985277425364 -48.90739773407185
17.70599351226899 -46.15587949974356
18.64990791214297 -42.981181537569846
19.644142809066278 -52.10512501656572
20.6913808111479 -36.73210186819215
21.794447537529855 -47.38372463177146
22.956319242369098 -43.352035061515
24.180130845257207 -45.71391065243706
25.4691843897454 -39.41983957230604
26.826957952797258 -39.93266038037572
28.257115029208283 -48.457676692473456
29.76351441631318 -43.626931472578335
31.350220625651154 -52.405367803145054
33.02151484968176 -40.69445090959115
34.7819065131413 -39.70377394277374
36.63614544020716 -48.70105899191428
38.58923467029903 -44.89404748651235
40.646443957096295 -42.590144933836
42.81332398719393 -36.63470490019671
45.095721356761466 -31.060364336211443
47.499794346614124 -43.77978707524648
50.03202953826004 -64.4585286421109
52.699259315756564 -42.81897605001564
55.50868030059805 -37.85129079090801
58.467872769375894 -45.86915166446435
61.58482110660264 -23.03099234298488
64.86793534788511 -53.45862156890895
68.32607387157402 -48.93629510976612
71.96856730011521 0.6320953720574918
75.8052436755926 -44.77263773430582
79.84645497739086 -49.580880748167544
84.10310505352605 -55.642387284089516
88.58667904100822 -49.62135257780855
93.30927435461668 -47.03075162148549
98.28363332770026 -32.30367571584389
103.52317759307378 -46.81784881369501
109.04204429677526 -25.16708351780574
114.8551242423938 -50.89446631456515
120.97810206889012 -34.04087980090792
127.42749857031335 -51.95834810858365
134.2207152716012 -49.70765316537306
141.37608138073614 -49.059997479899444
148.91290324394086 -55.746748311388885
156.85151643735477 -38.58109932464216
165.213340635737 -42.56861151039584
174.0209374062485 -61.022716403339025
183.29807108324357 -36.25959635774252
193.06977288832496 -38.77607163761036
203.36240846866724 -41.226610549086786
214.2037490358383 -39.41783505536328
225.62304629706352 -44.2052394598792
237.65111138110728 -44.90547785058663
250.32039797173255 -44.171983237149036
263.6650898730358 -34.42536668987225
277.7211932429355 -40.96891437744099
292.5266337436645 -42.16554057253711
308.1213588714002 -31.421984688436968
324.54744574113323 -42.22459357814891
341.84921461759274 -38.29259694941003
360.073348498562 -47.3787761714512
379.26901907322497 -34.747982751664146
399.48801939541704 -40.10437665328567
420.78490362974026 -59.02816465805653
443.21713424760856 -46.16264290889622
466.84523707037897 -52.04052754948534
491.73296457790156 -28.29897338600082
517.9474679231213 -35.60891949990483
545.5594781168514 -47.463072360993564
574.6434968715973 -42.005494696881186
605.2779976193349 -48.018245573809104
637.5456372456507 -38.41610887362216
671.5334791115142 -35.654502344739214
707.3332279644438 -32.60400097996018
745.0414773728917 -31.821840702233104
784.7599703514607 -38.17189302893807
826.5958738801812 -39.67251805239907
870.6620680585127 -43.011050547667374
917.0774506742931 -31.62822744030022
965.9672580093833 -28.564771542615432
1017.4634027476063 -34.061421465307006
1071.7048298967104 -33.01827309458799
1128.8378916846884 -33.449053630567526
1189.01674244199 -38.72483051963981
1252.4037545350732 -41.00144321843597
1319.1699564735716 -30.911719889064013
1389.4954943731375 -23.40546142671029
1463.5701180190797 -27.247230082324137
1541.5936928422718 -30.706014391061068
1623.776739188721 -38.9596282952435
1710.3410003378397 -25.378933179591638
1801.520040802024 -45.855252773606246
1897.5598765218504 -42.752126613418255
1998.7196386572507 -39.2171101755064
2105.272272765707 -44.24927519556556
2217.505275253932 -40.01663209843683
2335.7214690901214 -38.30303193940953
2460.239820869775 -51.53557119690936
2591.3963014396572 -36.88092303941026
2729.5447924020073 -34.19625289765845
2875.0580409448803 -34.42225077895534
3028.3286655749457 -21.65111993947503
3189.7702154663216 -28.77115302369129
3359.818286283781 -42.04387619011228
3538.9316954909877 -28.422062287049144
3727.593720314938 -25.595585982757534
3926.3134017068355 -31.07024522117119
4135.626917817706 -24.077246522403183
4356.099030694608 -44.32503629882417
4588.324610100844 -43.479455267345756
4832.930238571752 -29.961302922307418
5090.575902036681 -39.16015435679524
5361.956770568817 -25.57873957952246
5647.805074067552 -23.279054468189813
5948.892077934331 -30.82030006372255
6266.030164072656 -22.207460572032968
6600.075022827095 -39.77194547843071
6951.927961775606 -26.03862314515073
7322.538337604534 -26.61551801486135
7712.906117627992 -21.235838810940464
8124.0845778629655 -23.420756817594544
8557.183144940002 -25.09925655567613
9013.37038951743 -15.605647913751422
9493.87717927582 -29.289040863639045
10000.0 -34.23334808454738
10533.104453709382 -19.874117750158366
11094.628943275218 -22.750811478170743
11686.088553466498 -32.10796882495165
12309.079138896019 -40.14236473500795
12965.281629896688 -41.89853452984814
13656.466567946096 -28.85024982789586
14384.498882876629 -40.224712510292264
15151.342924760515 -28.017669464454826
15959.06776404731 -21.330477373514633
16809.852774253653 -32.57496736648165
17705.99351226898 -22.236019237505683
18649.907912142942 -9.785702614692292
19644.142809066267 -34.340260235180544
20691.3808111479 -33.927461828731616
21794.447537529835 -33.12710528368295
22956.319242369096 -19.878954418254708
24180.13084525718 -35.949312111476154
25469.184389745402 -27.03159222623544
26826.957952797275 -38.89069373395195
28257.115029208268 -35.49621566365659
29763.51441631313 -31.218825782963076
31350.220625651124 -33.922597992921624
33021.51484968176 -17.966137799869692
34781.90651314134 -21.815309506805022
36636.14544020716 -29.158844763282637
38589.23467029899 -10.90250191340594
40646.44395709628 -19.703556421820988
42813.32398719396 -19.765658569053137
45095.721356761445 -35.20594332473572
47499.79434661403 -15.522199572275433
50032.029538259994 -2.8591839074128695
52699.259315756564 -15.865502166621015
55508.680300598106 -46.52672723699838
58467.87276937589 -15.865929107389087
61584.82110660255 -30.31693442857065
64867.935347885075 -16.953255940794318
68326.07387157406 -7.189108154383707
71968.56730011514 -26.854618301793405
75805.24367559262 -29.956946300419503
79846.45497739078 -16.79222136481846
84103.10505352604 -27.21971432572826
88586.67904100832 -22.04643636379865
93309.27435461663 -28.511154271332202
98283.63332770011 -31.752446934247235
103523.17759307378 -22.140351403651056
109042.04429677526 -40.56116651553633
114855.12424239368 -25.582608115446902
120978.10206889013 -21.58136052928277
127427.49857031321 -42.17895794015611
134220.7152716012 -43.557615940639764
141376.08138073614 8.181571612787797
148912.90324394088 -23.30789621909672
156851.5164373548 -33.69192211094081
165213.34063573685 -25.3335047861917
174020.9374062485 -28.4350116038124
183298.07108324338 -25.764531623275474
193069.77288832495 -23.60407273059868
203362.40846866704 -33.76646419550776
214203.74903583832 -24.328025980551843
225623.04629706353 -33.741009914888444
237651.11138110727 -11.245235548650784
250320.39797173254 -30.690808080753435
263665.08987303555 -24.351444983061
277721.1932429355 -38.831645534364185
292526.6337436642 -23.919946540725242
308121.35887140024 -26.67674111523901
324547.44574113254 -2.7942800669642303
341849.21461759275 -27.644849182881067
360073.348498562 -33.37472673961411
379269.0190732246 -12.118818715456852
399488.019395417 15.732356564080021
420784.9036297398 -37.629848129538296
443217.13424760854 -23.72736766372137
466845.2370703785 -7.404512995095852
491732.9645779016 -6.7667985258121135
517947.46792312124 -13.510560070577052
545559.4781168514 -20.02604246613917
574643.4968715974 -29.5474178725842
605277.9976193343 -34.44315964867839
637545.6372456506 -22.908147458185375
671533.4791115135 -40.09122638580638
707333.2279644439 -30.592359591254194
745041.4773728917 -29.264978875117805
784759.9703514606 -36.85727937348942
826595.8738801812 -33.70881224503134
870662.0680585118 -15.018704154689607
917077.4506742931 -16.493807735390757
965967.2580093823 -28.148786452450732
1017463.4027476063 -20.06149907540097
1071704.8298967092 -10.213519382317333
1128837.8916846884 -19.865908342302994
1189016.74244199 -31.96298294563924
1252403.7545350718 -25.311194729224326
1319169.9564735717 -23.827474268985434
1389495.494373136 -25.00988600374172
1463570.1180190798 -43.18464854627841
1541593.6928422702 -14.252091654645751
1623776.739188721 -23.973135100594728
1710341.0003378377 -16.454929744869503
1801520.0408020238 -27.72519914399107
1897559.8765218505 -12.636877068782994
1998719.6386572486 -26.040656224519694
2105272.272765707 -28.99123307207127
2217505.2752539297 -37.59799796212683
2335721.4690901213 -14.377112934770455
2460239.8208697727 -57.72378403320811
2591396.3014396573 -36.55758638282788
2729544.792402007 -12.077411425595317
2875058.040944877 -31.34547487688718
3028328.6655749455 -23.444372685566115
3189770.215466318 -16.77621645252958
3359818.286283781 -35.78084485912731
3538931.6954909842 -26.83830928624765
3727593.720314938 -34.13567818481516
3926313.4017068394 -33.07999875359782
4135626.917817706 -26.62131634932014
4356099.030694608 -42.62502662873256
4588324.61010084 -0.17931119696283265
4832930.238571752 -6.272987976715844
5090575.902036676 -27.691837434138048
5361956.770568817 -45.79514891069417
5647805.074067546 -24.89217990108584
5948892.077934331 -22.782636320570294
6266030.164072656 -30.106118856606
6600075.022827089 -14.044933855995843
6951927.961775606 -47.17012917294927
7322538.337604526 -25.479817408957246
7712906.117627992 -30.525510522853317
8124084.5778629575 -30.661948775370277
8557183.144940002 -33.26962108147206
9013370.38951742 -22.218046927047187
9493877.17927582 -41.03497322830883
10000000.0 -38.86675308061499
10533104.45370936 -49.29968012803569
11094628.943275219 -55.975436923552664
11686088.553466497 -32.424400939168024
12309079.138896018 -30.9159485778261
12965281.629896663 -40.891487004317646
13656466.567946097 -33.39298299469927
14384498.882876629 -15.31634631662666
15151342.924760515 -34.67782707045658
15959067.76404731 -40.575883429297186
16809852.774253618 2.757779262967222
17705993.51226898 -32.9142242494741
18649907.912142944 -27.277969456303566
19644142.809066266 -25.701481329707686
20691380.811147902 -53.902010951889814
21794447.537529834 -63.87053816405285
22956319.242369097 -53.973019592069065
24180130.84525718 -19.25656531766814
25469184.3897454 -19.76563600143901
26826957.95279722 -20.158749520150124
28257115.02920827 -25.9158630522251
29763514.41631313 -33.3564910026946
31350220.62565112 -27.132457628563195
33021514.849681754 -31.570008624297174
34781906.51314127 -6.731867031661406
36636145.44020716 -29.526805089219657
38589234.67029899 -32.80276337293995
40646443.95709628 -44.61637200136411
42813323.98719387 -13.580725361874686
45095721.35676145 -10.68803803016426
47499794.346614026 -19.108929844256547
50032029.53825999 -41.4620671840803
52699259.31575657 -23.526721952398134
55508680.300597996 -32.85074150361556
58467872.7693759 -42.01219221381538
61584821.10660254 -35.57672403113169
64867935.34788508 -65.98055150967087
68326073.87157391 -35.72208562990541
71968567.30011514 19.295913371624614
75805243.67559262 -48.4732671404123
79846454.97739078 -49.70103452906361
84103105.05352604 -64.09075143593027
88586679.04100814 -28.309392444718586
93309274.35461664 -37.19608651388759
98283633.32770011 -36.72506467541766
103523177.59307377 -35.66406251969978
109042044.29677527 -33.49755375917998
114855124.24239345 -32.38299511054988
120978102.06889038 -33.102898281484194
127427498.57031322 -29.423886683812714
134220715.2716012 -18.90651734096076
141376081.38073614 -16.361724470193085
148912903.24394056 -53.36076592281991
156851516.43735445 -36.47169555324836
165213340.63573685 -40.83409530221884
174020937.40624848 -42.523599757983064
183298071.08324376 -35.507634587234456
193069772.88832456 -53.90323361258088
203362408.46866703 -27.599057271741387
214203749.0358383 -34.50300102273281
225623046.2970626 -38.91861943508422
237651111.38110778 -1.797699335841226
250320397.97173202 -43.64253749987527
263665089.87303555 -31.85992014975757
277721193.2429355 -19.982042502298757
292526633.74366355 -32.88767088693928
308121358.87140083 -35.77625045012844
324547445.74113256 -37.55859000561127
341849214.6175927 -23.196955500172688
360073348.49856204 -20.424105245996227
379269019.0732238 -11.990733090493674
399488019.39541787 -29.89341970900813
420784903.6297398 -34.566768872837585
443217134.24760854 -55.56515673460232
466845237.07037944 -8.901805300389471
491732964.5779006 -31.44747263963282
517947467.9231202 -22.814623187040297
545559478.1168514 -37.826505548115264
574643496.8715974 -39.32809307235216
605277997.6193355 -29.497202239445247
637545637.2456493 -23.48813156895074
671533479.1115135 -30.496788209764446
707333227.9644439 -63.35759192969232
745041477.3728887 -10.326460075619924
784759970.3514622 -50.91201710923198
826595873.8801795 -39.942584113302686
870662068.0585117 -67.71638931372281
917077450.674293 -34.92110660587667
965967258.0093802 -28.543087107134852
1017463402.7476043 -26.619481803802806
1071704829.8967092 -11.35299995982804
1128837891.6846883 -2.91209112281822
1189016742.44199 -55.67595092143874
1252403754.5350692 -35.675312125685664
1319169956.473569 -37.719893208749596
1389495494.373136 -25.813579028360234
1463570118.0190797 -39.67713683946567
1541593692.8422735 -40.37768181923554
1623776739.1887176 -11.543380410145536
1710341000.337838 -40.995792376130126
1801520040.802024 -15.632597412233434
1897559876.5218503 -49.77985815076729
1998719638.6572526 -23.471442684502996
2105272272.7657027 -28.790556013143398
2217505275.2539296 -68.23752890652342
2335721469.0901213 -10.324785388490383
2460239820.8697777 -32.43244563693206
2591396301.439652 -31.590115261319024
2729544792.402002 -40.34466540293934
2875058040.944877 -25.971625786072895
3028328665.5749454 -63.44718238710978
3189770215.466325 -13.734628515411455
3359818286.2837744 -35.834770474156784
3538931695.4909844 12.698374749838388
3727593720.314938 -13.014541323524618
3926313401.7068396 -70.69014933958339
4135626917.8176975 -36.93896814074671
4356099030.694599 -31.872324103571756
4588324610.100841 -24.37176228645464
4832930238.571753 -50.23407535463461
5090575902.036687 -50.30598774989699
5361956770.568806 -40.246525902568315
5647805074.067546 -26.292225557594996
5948892077.934331 -26.077176337217843
6266030164.072656 -27.897024533366203
6600075022.827075 -44.73423357011746
6951927961.775591 -30.33130140284105
7322538337.6045265 -10.737474308961021
7712906117.627993 -24.978018458821246
8124084577.862974 -8.177915226999138
8557183144.939984 -31.96614925717377
9013370389.51742 -30.846360823989293
9493877179.27582 -45.426612908329034
10000000000.0 -18.227645098537234
