10.0 -8.063917039860462
10.292747724096083 -8.035204141646929
10.59406557118851 -8.004719895072178
10.904204429677526 -7.972423143354581
11.223422532664179 -7.93827334652266
11.551985672964793 -7.902230813255774
11.890167424419898 -7.8642569534637055
12.238249369681931 -7.82431455070698
12.596521334671401 -7.7823680532811155
12.965281629896682 -7.738383882499317
13.344837298838383 -7.692330756408749
13.735504373605137 -7.644180026871239
14.137608138073606 -7.593906027635562
14.551483398731937 -7.541486430725307
14.977474763452017 -7.486902608178088
15.415936928422726 -7.430139995893391
15.867234973483178 -7.3711884560943375
16.331744666101677 -7.310042634684457
16.80985277425364 -7.2467023095888505
17.301957388458945 -7.1811727260239
17.808468253246822 -7.113464914536007
18.329807108324356 -7.043595987605746
18.866408039732583 -6.971589410619795
19.418717841282557 -6.897475243087639
19.987196386572506 -6.821290346110748
20.57231701189556 -6.743078552314435
21.174566910357118 -6.662890794712878
21.794447537529855 -6.580785191308225
22.432475028984193 -6.496827082608219
23.089180630041927 -6.411089019693162
23.765111138110754 -6.3236507009545315
24.46082935796799 -6.23459885616721
25.17691457037277 -6.144027077129676
25.913963014396586 -6.052035594710867
26.672588383874054 -5.958731002761912
27.453422338387142 -5.8642259299836255
28.257115029208283 -5.768638661470263
29.08433564064048 -5.6720927122738685
29.935772947204903 -5.574716355935056
30.812135887140037 -5.476642111503295
31.714154152689986 -5.378006193108485
32.642578797673224 -5.278947926642487
33.59818286283781 -5.1796091385527685
34.58176201952381 -5.080133522138732
35.594135232168604 -4.980665987063835
36.63614544020716 -4.881351998051847
37.708660259934554 -4.7823369089176095
38.81257270691538 -4.683765298187412
39.9488019395417 -4.5857803125907655
41.118294024358306 -4.488523024649419
42.322022723792756 -4.392131810451975
43.56099030694608 -4.296741753484035
44.83622838411908 -4.202484080083026
46.148798765769385 -4.10948563170968
47.499794346614124 -4.017868378777221
48.890340015614456 -3.927748980259805
50.32159359259993 -3.8392383927218376
51.7947467923121 -3.7524415317779485
53.31102621667033 -3.667456988318607
54.87169437608604 -3.5843768011313037
56.47805074067555 -3.5032862868239856
58.131432822247135 -3.4242639272268747
59.83321728796288 -3.3473813137281643
61.58482110660264 -3.272703147297647
63.38770272838487 -3.200287292285399
65.24336329932625 -3.130184881461186
67.15334791115141 -3.0624404691955363
69.11924688779365 -2.997092229182963
71.14269710955735 -2.9341721926812685
73.22538337604533 -2.873706522891319
75.36903980898542 -2.8157158208319193
77.57545129612417 -2.760215457877644
79.84645497739086 -2.707215930018982
82.18394177456803 -2.656723228872612
84.58985796574301 -2.608739224509757
87.06620680585127 -2.563262055274858
89.61505019466045 -2.5202865199283186
92.23851039358476 -2.4798044676567157
94.9387717927583 -2.441805181743809
97.71808272983904 -2.4062757529747323
100.57875736205835 -2.3732014391470067
103.52317759307378 -2.3425660073772328
106.55379505623053 -2.3143520562107507
109.67313315588179 -2.2885413148616083
112.88378916846884 -2.2651149172208536
116.18843640511002 -2.2440536485716995
119.58982643749793 -2.2253381632359943
123.09079138896018 -2.2089491716438956
126.69424629259063 -2.194867595570202
130.40319151841317 -2.1830746905124485
134.2207152716012 -2.1735521344019313
138.14999616383224 -2.1662820820395465
142.19430585991677 -2.1612471848368777
146.357011801908 -2.158430575622487
150.64158001295928 -2.1578158184481957
155.05157798326255 -2.1593868235036973
159.5906776404731 -2.163127727424698
164.26265840709303 -2.169022739464968
169.071410347358 -2.177055954198427
174.0209374062485 -2.187211131630365
179.115360743323 -2.199471445827716
184.3589221641488 -2.2138192034319766
189.75598765218504 -2.230235533694965
195.3110510040631 -2.2487000519814733
201.02873757128856 -2.269190499008887
206.913808111479 -2.2916823584483277
212.97116275234782 -2.3161484558851257
219.20584507173257 -2.342558542531998
225.62304629706352 -2.370878867495464
232.22810962777245 -2.401071742815384
239.02653468423918 -2.4330951059152057
246.02398208697775 -2.4669020845149046
253.22627816987946 -2.5024405694554814
260.63941983143474 -2.5396528012574695
268.26957952797244 -2.578474976571186
276.1231104130753 -2.618836880968114
284.2065516274511 -2.660661554753814
292.5266337436645 -2.7038649986465613
301.09028437025927 -2.7483559262490282
309.9046339199427 -2.794035570234417
318.97702154663216 -2.8407975490621604
328.3150012563047 -2.888527800824194
337.9263481967431 -2.937104590493895
347.819065131413 -2.986398596397439
358.00138910285807 -3.036273081149947
368.48179829116765 -3.086584151589334
379.26901907322497 -3.1371811114008197
390.37203328860926 -3.1879069091511885
401.8000857182091 -3.238598683349773
413.5626917817706 -3.2890884049226567
425.66964546078714 -3.339203616139947
438.13102745333055 -3.3887682635783993
450.9572135676145 -3.4376036211510588
464.15888336127773 -3.485529297607535
477.7470290335773 -3.5323643212270466
491.73296457790156 -3.5779282927194513
506.1283352022219 -3.6220425956499085
520.9451270253212 -3.664531652049974
536.1956770568817 -3.7052242093155012
551.892683469738 -3.743954643066222
568.0492161728429 -3.7805642594084983
584.6787276937589 -3.8149025790457665
601.7950643797334 -3.846828584983566
619.412477926676 -3.8762119152114236
637.5456372456507 -3.902933981768104
656.2096406767555 -3.926888998029568
675.4200285605586 -3.9479848969292197
695.1927961775606 -3.966144124129637
715.5444070664574 -3.9813042919023096
736.4918067322965 -3.993418681612759
758.0524367559261 -4.0024565852052225
780.2442493165045 -4.008403478872064
803.0857221391512 -4.011261025105378
826.5958738801812 -4.01104690247389
850.7942799627444 -4.007794465654156
875.7010888760508 -4.001552241375682
901.3370389517438 -3.992383268920294
927.7234756314059 -3.9803642965606385
954.8823692395666 -3.965584847751403
982.8363332770031 -3.9481461729397727
1011.6086432495807 -3.928160104487672
1041.2232560483055 -3.905747833372433
1071.7048298967104 -3.8810386270375643
1103.078744882215 -3.8541685080119796
1135.3711240885177 -3.82527891272109
1168.608855346651 -3.7945153493123134
1202.8196136227775 -3.7620260723567633
1238.0318840613968 -3.727960791017177
1274.2749857031336 -3.6924694257515727
1311.5790958968503 -3.655700926906163
1349.9752754264298 -3.6178021667048252
1389.4954943731375 -3.578916914215406
1430.172658735088 -3.539184900924932
1472.0406378260013 -3.4987409826256544
1515.134292476053 -3.4577144014499095
1559.4895040582815 -3.416228150123276
1605.1432043647615 -3.3743984388617236
1652.1334063573702 -3.3323342638449733
1700.4992358187922 -3.2901370748625336
1750.2809639301013 -3.2479005385682616
1801.520040802024 -3.205710392796653
1854.2591299878522 -3.163644386584577
1908.542144006686 -3.1217722999107647
1964.4142809066266 -3.080156036695068
2021.9220618983536 -3.038849784290594
2081.1133700903947 -2.9979002325299913
2142.037490358383 -2.957346845349797
2204.7451503814746 -2.917222178089114
2269.288562880081 -2.877552233730121
2335.7214690901214 -2.838356851597969
2404.0991835099717 -2.7996501223538854
2474.47863995735 -2.7614408234733228
2546.91843897454 -2.723732869800824
2621.478896621356 -2.686525774177231
2698.222094696536 -2.6498151135578163
2777.211932429355 -2.6135929964465543
2858.5141796844714 -2.577848527865985
2942.196531724374 -2.5425682684543482
3028.3286655749457 -2.5077366846212676
3116.9822980411436 -2.4733365870026134
3208.2312454210773 -2.4393495547281403
3302.1514849681753 -2.40575634325442
3398.8212181526674 -2.3725372737194426
3498.320935775036 -2.3396726019515137
3600.73348498562 -2.3071428654127657
3706.144138266228 -2.2749292064898685
3814.640664431178 -2.2430136706549995
3926.3134017068355 -2.21137947813597
4041.2553329506004 -2.1800112678406425
4159.562163071847 -2.148895312400465
4281.332398719392 -2.118019703334099
4406.667430301786 -2.087374505483837
4535.671616408702 -2.0569518800624493
4668.45237070379 -2.0267461758566996
4805.1202513612425 -1.9967539883783672
4945.789053120639 -1.9669741870269177
5090.575902036681 -1.937407910635193
5239.601353002645 -1.9080585320949752
5392.98949012887 -1.8789315931165045
5550.868030059805 -1.8500347105329924
5713.36842831558 -1.8213774559308678
5880.625988746757 -1.792971210743045
6052.779976193349 -1.7648289992868889
6229.973732441841 -1.7369653025359733
6412.354795576917 -1.7093958556865876
6600.075022827095 -1.6821374328035144
6793.290717006696 -1.655207621987964
6992.162756659375 -1.6286245946047806
7196.856730011514 -1.6024068721385878
7407.543072847163 -1.5765730941908314
7624.397210419138 -1.5511417910187917
7847.5997035146065 -1.5261311638253132
8077.3363987967105 -1.501558875755666
8313.798583547334 -1.477441856252437
8557.183144940002 -1.4537961210648387
8807.692733975462 -1.430636609818296
9065.53593421636 -1.4079770426404314
9330.927435461663 -1.385829796914425
9604.08821250538 -1.3642058048061734
9885.24570912827 -1.3431144718040453
10174.634027476064 -1.3225636161162764
10472.494122981476 -1.3025594284161097
10779.074004992735 -1.283106451103517
11094.628943275218 -1.2642075759709062
11419.421680558647 -1.2458640589395917
11753.722651306367 -1.228075550336989
12097.810206889013 -1.2108401390673151
12451.97084735032 -1.1941544089303149
12816.499459957597 -1.1780135053024345
13191.699564735716 -1.1624112104006643
13577.883567189278 -1.1473400253726225
13975.373018422924 -1.1327912575320216
14384.498882876629 -1.1187551111424945
14805.6018138991 -1.1052207802680738
15239.032437388305 -1.0921765423379524
15685.151643735446 -1.0796098512003525
16144.330888316019 -1.0675074286007138
16616.952500776908 -1.0558553531425672
17103.41000337838 -1.0446391459551083
17604.108438655527 -1.0338438524127174
18119.46470667122 -1.023454119397294
18649.907912142942 -1.0134542677069485
19195.87972173111 -1.0038283593410782
19757.834731786996 -0.9945602594834442
20336.2408468667 -0.9856336931107551
20931.579669325736 -0.9770322962209478
21544.346900318822 -0.9687396617648087
22175.052752539294 -0.9607393804086107
22824.222375040976 -0.953015076318287
23492.396290496577 -0.9455504381942431
24180.13084525718 -0.9383292458181512
24887.998672586673 -0.9313353924030068
25616.589169457267 -0.92455290306075
26366.508987303554 -0.9179659497062492
27138.3825371428 -0.9115588627422491
27932.85250948253 -0.9053161398621047
28750.580409448772 -0.899222452320871
29592.247107579577 -0.8932626490156939
30458.55340674284 -0.8874217587281914
31350.220625651124 -0.8816849908649131
32267.991199458116 -0.8760377350361058
33212.62929793748 -0.8704655598082262
34184.92146175927 -0.8649542109563721
35185.677257392665 -0.8594896095400494
36215.72995118075 -0.8540578501173935
37275.93720314938 -0.8486451994150861
38367.18178112649 -0.8432380957492001
39490.37229576694 -0.8378231495018174
40646.44395709628 -0.8323871449454749
41836.359353200234 -0.8269170436887819
43061.10925171165 -0.8213999900316771
44321.713424760856 -0.8158233184789536
45619.221498074585 -0.8101745636742942
46954.71382493421 -0.8044414729832473
48329.30238571752 -0.7986120219475655
49744.13171377451 -0.7926744328045727
51200.37984840882 -0.7866171962470154
52699.259315756564 -0.7804290965606306
54242.01813838024 -0.7740992402512993
55829.94087441914 -0.7676170882224999
57464.34968715974 -0.7609724915314252
59146.605445917456 -0.7541557306839561
60878.108859147556 -0.7471575583825619
62660.30164072656 -0.7399692455710252
64494.667710376205 -0.732582630544998
66382.73442923075 -0.7249901708283896
68326.07387157406 -0.7171849974264495
70326.30413380644 -0.7091609709865832
72385.09068173247 -0.700912739302022
74504.14773728917 -0.6924357955132938
76685.2397058701 -0.6837265362667129
78930.18264543568 -0.6747823190102821
81240.84577862974 -0.665601517525347
83619.15304916317 -0.6561835747268236
86067.08472376158 -0.6465290517076505
88586.67904100832 -0.6366396719586921
91180.03390845681 -0.6265183596854802
93849.3086494272 -0.6161692711176249
96596.72580093842 -0.6055978177700702
99424.57296427398 -0.5948106806232519
102335.20470972576 -0.5838158142999104
105331.04453709359 -0.5726224404094412
108414.5868935835 -0.5612410293697871
111588.3992507748 -0.5496832701891675
114855.12424239368 -0.5379620278530446
118217.48186466724 -0.526091288216855
121678.27174109229 -0.5140860904838472
125240.3754535072 -0.5019624476239347
128906.75894140244 -0.48973725531364476
132680.47497147243 -0.4774281902256733
136564.66567946097 -0.46505359873536867
140562.56518642136 -0.45263237731907574
144677.5022915648 -0.4401838461071338
148912.90324394088 -0.4277276172404927
153272.2945952612 -0.41528345977321035
157759.30613623615 -0.4028711629744527
162377.67391887208 -0.3905103999107914
167131.2433672486 -0.37822059318386214
172023.97247935992 -0.3660207846645714
177059.9351226898 -0.35392951094845293
182243.32442626648 -0.34196468616291226
187578.45627201613 -0.3301434935174388
193069.77288832495 -0.31848228690557584
198721.84654880533 -0.306996503512817
204539.38337933904 -0.2957005882577702
210527.22727657072 -0.28460793059862666
216690.3639411181 -0.273730814009447
223033.9250288494 -0.2630803781644138
229563.19242369095 -0.25266659370806355
236283.6026355175 -0.2424982492089443
243200.7513267945 -0.23258294975342278
250320.39797173254 -0.22292712647942844
257648.47065183744 -0.21353605617793617
265191.0709918535 -0.20441389005671287
272954.4792402007 -0.1955636906029794
280945.1594981406 -0.18698747551806175
289169.76510202966 -0.17868626762149922
297635.14416313195 -0.17066014963161896
306348.3452696084 -0.1629083228082184
315316.62335543614 -0.15542916840271606
324547.44574113254 -0.14822031097860644
334048.4983513244 -0.14127868274286617
343827.6921143307 -0.13460058803192199
353893.1695490984 -0.12818176729609482
364253.3115449638 -0.12201745988100872
374916.74433988857 -0.1161024651195275
385892.3467029899 -0.11043120124249907
397189.25732733024 -0.10499776173051159
408816.88243912894 -0.09979596882800175
420784.9036297398 -0.09481942397747103
433103.2859169001 -0.09006155503534974
445782.28604197066 -0.08551566013539613
458832.461010084 -0.08117494821544097
472264.67688029545 -0.07703257614369778
486090.117813063 -0.07308168255563952
500320.2953825999 -0.06931541841620883
514967.0581618343 -0.0657269744607858
530042.6015879672 -0.062309605613443717
545559.4781168514 -0.05905665254987223
561530.6076746266 -0.05596156052830197
577969.2884153313 -0.053017895707312745
594889.2077934331 -0.0502193590594473
612304.4539605178 -0.04755979809810469
630229.5274956024 -0.0450332165730607
648679.3534788508 -0.04263378231222989
667669.2939187557 -0.04035583334935793
687215.1605431122 -0.03819388253800311
707333.2279644439 -0.03614262076426161
728040.2472308562 -0.03419691892842135
749353.4597735757 -0.03235182881380633
771290.6117627992 -0.030602582997054803
793869.9688838223 -0.02894459386627661
817110.3315457187 -0.027373451932836364
841031.0505352605 -0.025884923462191976
865652.0431290936 -0.024474947570432996
890993.8096776098 -0.023139632848523224
917077.4506742931 -0.021875253578859652
943924.6843247664 -0.02067824566030093
971557.8646301847 -0.01954520224616982
1000000.0 -0.01847286919810136
