10.0 40.90221739993619
10.292747724096083 40.90196551980667
10.59406557118851 40.90169869259672
10.904204429677526 40.90141603233764
11.223422532664179 40.90111660067095
11.551985672964793 40.90079940376561
11.890167424419898 40.90046338905583
12.238249369681931 40.90010744178906
12.596521334671401 40.89973038137351
12.965281629896682 40.89933095751363
13.344837298838383 40.898907846121915
13.735504373605137 40.89845964499408
14.137608138073606 40.89798486923452
14.551483398731937 40.897481946418125
14.977474763452017 40.89694921147358
15.415936928422726 40.896384901272896
15.867234973483178 40.89578714891076
16.331744666101677 40.89515397765687
16.80985277425364 40.894483294563
17.301957388458945 40.893772883706575
17.808468253246822 40.89302039905039
18.329807108324356 40.89222335689839
18.866408039732583 40.89137912792569
19.418717841282557 40.89048492876017
19.987196386572506 40.88953781309226
20.57231701189556 40.888534662288066
21.174566910357118 40.8874721754801
21.794447537529855 40.88634685910908
22.432475028984193 40.88515501588862
23.089180630041927 40.88389273316393
23.765111138110754 40.88255587063452
24.46082935796799 40.881140047409694
25.17691457037277 40.87964062836444
25.913963014396586 40.8780527097627
26.672588383874054 40.87637110411347
27.453422338387142 40.87459032422452
28.257115029208283 40.872704566417696
29.08433564064048 40.870707692868535
29.935772947204903 40.868593213032725
30.812135887140037 40.866354264121014
31.714154152689986 40.86398359058367
32.642578797673224 40.86147352256571
33.59818286283781 40.85881595329355
34.58176201952381 40.85600231535416
35.594135232168604 40.85302355582827
36.63614544020716 40.84987011023988
37.708660259934554 40.84653187528524
38.81257270691538 40.84299818030651
39.9488019395417 40.8392577574767
41.118294024358306 40.83529871066556
42.322022723792756 40.831108482958996
43.56099030694608 40.82667382280839
44.83622838411908 40.82198074879096
46.148798765769385 40.81701451296772
47.499794346614124 40.811759562831554
48.890340015614456 40.806199501846365
50.32159359259993 40.800317048585384
51.7947467923121 40.794093994488
53.31102621667033 40.787511160264565
54.87169437608604 40.78054835099199
56.47805074067555 40.7731843099571
58.131432822247135 40.765396671320644
59.83321728796288 40.757161911693025
61.58482110660264 40.748455300732815
63.38770272838487 40.739250850901165
65.24336329932625 40.729521266529545
67.15334791115141 40.719237892385394
69.11924688779365 40.70837066194884
71.14269710955735 40.69688804564628
73.22538337604533 40.6847569993201
75.36903980898542 40.67194291325145
77.57545129612417 40.658409562092174
79.84645497739086 40.644119056104174
82.18394177456803 40.629031794149
84.58985796574301 40.613106418916665
87.06620680585127 40.596299774931914
89.61505019466045 40.5785668699255
92.23851039358476 40.559860840209524
94.9387717927583 40.54013292074749
97.71808272983904 40.51933242066081
100.57875736205835 40.4974067049644
103.52317759307378 40.47430118337143
106.55379505623053 40.44995930705334
109.67313315588179 40.42432257428098
112.88378916846884 40.39733054590805
116.18843640511002 40.368920871685
119.58982643749793 40.339029328409275
123.09079138896018 40.30758987092511
126.69424629259063 40.274534696979345
130.40319151841317 40.23979432691875
134.2207152716012 40.20329769917592
138.14999616383224 40.164972282433055
142.19430585991677 40.124744205274595
146.357011801908 40.082538404038424
150.64158001295928 40.038278789449876
155.05157798326255 39.99188843247179
159.5906776404731 39.94328976962789
164.26265840709303 39.892404827853426
169.071410347358 39.83915546869948
174.0209374062485 39.783463651465084
179.115360743323 39.725251714557416
184.3589221641488 39.66444267408768
189.75598765218504 39.600960538402916
195.3110510040631 39.53473063693677
201.02873757128856 39.46567996144153
206.913808111479 39.39373751734607
212.97116275234782 39.31883468267689
219.20584507173257 39.24090557169134
225.62304629706352 39.159887400110904
232.22810962777245 39.075720848617046
239.02653468423918 38.98835042109153
246.02398208697775 38.897724793954126
253.22627816987946 38.80379715288149
260.63941983143474 38.70652551318673
268.26957952797244 38.605873020204896
276.1231104130753 38.501808226166716
284.2065516274511 38.39430534025396
292.5266337436645 38.28334444881093
301.09028437025927 38.168911703035555
309.9046339199427 38.05099947188388
318.97702154663216 37.92960645838508
328.3150012563047 37.804737778070546
337.9263481967431 37.67640499875886
347.819065131413 37.54462614149556
358.00138910285807 37.4094256430093
368.48179829116765 37.27083428060044
379.26901907322497 37.12888906091125
390.37203328860926 36.98363307452631
401.8000857182091 36.835115318805066
413.5626917817706 36.683390491747474
425.66964546078714 36.528518760029286
438.13102745333055 36.370565504610106
450.9572135676145 36.20960104751227
464.15888336127773 36.045700363488834
477.7470290335773 35.8789427803475
491.73296457790156 35.709411671674374
506.1283352022219 35.53719414561424
520.9451270253212 35.36238073321619
536.1956770568817 35.18506507965369
551.892683469738 35.005343641383575
568.0492161728429 34.823315392027695
584.6787276937589 34.63908153945239
601.7950643797334 34.45274525619298
619.412477926676 34.26441142503127
637.5456372456507 34.07418640119017
656.2096406767555 33.882177792268855
675.4200285605586 33.68849425670878
695.1927961775606 33.493245321260886
715.5444070664574 33.296541217621105
736.4918067322965 33.09849273811788
758.0524367559261 32.89921111007359
780.2442493165045 32.69880788822277
803.0857221391512 32.49739486435511
826.5958738801812 32.29508399315919
850.7942799627444 32.09198733307409
875.7010888760508 31.888217000809508
901.3370389517438 31.683885138069428
927.7234756314059 31.479103888907645
954.8823692395666 31.273985386056474
982.8363332770031 31.068641744498954
1011.6086432495807 30.863185060499593
1041.2232560483055 30.657727414268948
1071.7048298967104 30.452380874410938
1103.078744882215 30.24725750228861
1135.3711240885177 30.042469354444744
1168.608855346651 29.838128481226423
1202.8196136227775 29.634346919789742
1238.0318840613968 29.43123667970115
1274.2749857031336 29.22890971940746
1311.5790958968503 29.027477911917785
1349.9752754264298 28.82705299812882
1389.4954943731375 28.62774652633169
1430.172658735088 28.429669776565014
1472.0406378260013 28.23293366862596
1515.134292476053 28.037648652720915
1559.4895040582815 27.843924581929752
1605.1432043647615 27.6518705658736
1652.1334063573702 27.46159480521601
1700.4992358187922 27.273204406889164
1750.2809639301013 27.086805180221706
1801.520040802024 26.902501414447933
1854.2591299878522 26.72039563839843
1908.542144006686 26.540588363505535
1964.4142809066266 26.363177811597566
2021.9220618983536 26.18825962929915
2081.1133700903947 26.015926591193352
2142.037490358383 25.84626829422813
2204.7451503814746 25.679370846156786
2269.288562880081 25.515316551080723
2335.7214690901214 25.354183595405022
2404.0991835099717 25.196045737714677
2474.47863995735 25.04097200622339
2546.91843897454 24.889026407531468
2621.478896621356 24.740267650447677
2698.222094696536 24.59474888857812
2777.211932429355 24.452517485260575
2858.5141796844714 24.313614804223995
2942.196531724374 24.17807602908219
3028.3286655749457 24.045930014431335
3116.9822980411436 23.917199170918675
3208.2312454210773 23.79189938619306
3302.1514849681753 23.67003998314616
3398.8212181526674 23.55162371631768
3498.320935775036 23.436646806782157
3600.73348498562 23.325099015271125
3706.144138266228 23.216963752726848
3814.640664431178 23.112218226946077
3926.3134017068355 23.010833623466326
4041.2553329506004 22.912775318385027
4159.562163071847 22.818003120393314
4281.332398719392 22.726471538959192
4406.667430301786 22.638130075315267
4535.671616408702 22.552923532698316
4668.45237070379 22.470792342152016
4805.1202513612425 22.3916729001416
4945.789053120639 22.315497914234502
5090.575902036681 22.242196753172855
5239.601353002645 22.171695797793433
5392.98949012887 22.103918789432853
5550.868030059805 22.038787172681896
5713.36842831558 21.976220429614564
5880.625988746757 21.9161364029058
6052.779976193349 21.858451605559193
6229.973732441841 21.803081515283242
6412.354795576917 21.749940851875124
6600.075022827095 21.69894383628735
6793.290717006696 21.650004430359473
6992.162756659375 21.603036556489027
7196.856730011514 21.55795429678911
7407.543072847163 21.514672071532107
7624.397210419138 21.473104796906505
7847.5997035146065 21.43316802231711
8077.3363987967105 21.394778047636187
8313.798583547334 21.357852020965055
8557.183144940002 21.32230801759309
8807.692733975462 21.288065100945182
9065.53593421636 21.255043366390453
9330.927435461663 21.223163968847434
9604.08821250538 21.192349135164132
9885.24570912827 21.162522162280247
10174.634027476064 21.133607402191714
10472.494122981476 21.105530234741106
10779.074004992735 21.078217029249316
11094.628943275218 21.051595095989445
11419.421680558647 21.025592628482666
11753.722651306367 21.00013863757109
12097.810206889013 20.975162878195096
12451.97084735032 20.95059576977406
12816.499459957597 20.926368311060898
13191.699564735716 20.9024119903137
13577.883567189278 20.878658691602606
13975.373018422924 20.85504059804808
14384.498882876629 20.831490092768263
14805.6018138991 20.807939658298636
15239.032437388305 20.78432177523776
15685.151643735446 20.760568820867494
16144.330888316019 20.73661296849614
16616.952500776908 20.712386088277714
17103.41000337838 20.687819650270136
17604.108438655527 20.66284463050905
18119.46470667122 20.637391420892474
18649.907912142942 20.611389743693174
19195.87972173111 20.584768571540444
19757.834731786996 20.557456053740456
20336.2408468667 20.529379449832135
20931.579669325736 20.500465071304568
21544.346900318822 20.47063823242897
22175.052752539294 20.439823211183516
22824.222375040976 20.407943221270052
23492.396290496577 20.37492039623706
24180.13084525718 20.3406757867305
24887.998672586673 20.30512937189258
25616.589169457267 20.268200085914305
26366.508987303554 20.22980586072064
27138.3825371428 20.189863685723495
27932.85250948253 20.14828968551648
28750.580409448772 20.104999216303906
29592.247107579577 20.059906981753272
30458.55340674284 20.012927168833894
31350.220625651124 19.96397360405304
32267.991199458116 19.912959930324238
33212.62929793748 19.859799804500554
34184.92146175927 19.804407115378147
35185.677257392665 19.746696221724687
36215.72995118075 19.686582209614222
37275.93720314938 19.62398116805867
38367.18178112649 19.55881048161973
39490.37229576694 19.49098913836866
40646.44395709628 19.420438051241064
41836.359353200234 19.347080390515895
43061.10925171165 19.270841924840514
44321.713424760856 19.19165136793375
45619.221498074585 19.10944072783675
46954.71382493421 19.02414565535302
48329.30238571752 18.935705788136175
49744.13171377451 18.844065086751044
51200.37984840882 18.749172158960704
52699.259315756564 18.650980568483888
54242.01813838024 18.549449124527474
55829.94087441914 18.44454214853199
57464.34968715974 18.336229714773967
59146.605445917456 18.2244878617458
60878.108859147556 18.109298771578914
62660.30164072656 17.990650915182847
64494.667710376205 17.86853916123364
66382.73442923075 17.742964847649638
68326.07387157406 17.613935814730578
70326.30413380644 17.48146639969341
72385.09068173247 17.34557739290228
74504.14773728917 17.20629595664809
76685.2397058701 17.063655507869694
78930.18264543568 16.917695566713277
81240.84577862974 16.768461573286388
83619.15304916317 16.616004675368647
86067.08472376158 16.460381490184282
88586.67904100832 16.30165384361726
91180.03390845681 16.139888490452318
93849.3086494272 15.97515681935514
96596.72580093842 15.80753454636191
99424.57296427398 15.637101400634918
102335.20470972576 15.463940806161764
105331.04453709359 15.288139562937499
108414.5868935835 15.10978753097609
111588.3992507748 14.928977320262396
114855.12424239368 14.745803989481303
118217.48186466724 14.560364756060363
121678.27174109229 14.372758719740693
125240.3754535072 14.183086601558214
128906.75894140244 13.991450499780719
132680.47497147243 13.797953664010834
136564.66567946097 13.602700288338967
140562.56518642136 13.405795324115925
144677.5022915648 13.207344312618481
148912.90324394088 13.007453237603507
153272.2945952612 12.806228397490711
157759.30613623615 12.603776296681728
162377.67391887208 12.400203555313967
167131.2433672486 12.195616836561527
172023.97247935992 11.990122790432986
177059.9351226898 11.783828012873624
182243.32442626648 11.576839018858578
187578.45627201613 11.369262228060963
193069.77288832495 11.161203961593216
198721.84654880533 10.95277044824959
204539.38337933904 10.744067838621943
210527.22727657072 10.535202225416395
216690.3639411181 10.326279668265602
223033.9250288494 10.117406221309048
229563.19242369095 9.908687961799433
236283.6026355175 9.70023101798907
243200.7513267945 9.492141594553607
250320.39797173254 9.28452599382334
257648.47065183744 9.07749063111408
265191.0709918535 8.871142042480898
272954.4792402007 8.6655868832615
280945.1594981406 8.460931915830226
289169.76510202966 8.257283985052089
297635.14416313195 8.05474998001058
306348.3452696084 7.853436780682719
315316.62335543614 7.65345118835411
324547.44574113254 7.454899838705961
334048.4983513244 7.257889096666181
343827.6921143307 7.062524932299981
353893.1695490984 6.868912777221338
364253.3115449638 6.677157361236916
374916.74433988857 6.487362529186484
385892.3467029899 6.2996310382186955
397189.25732733024 6.114064336036268
408816.88243912894 5.930762320956269
420784.9036297398 5.749823084956861
433103.2859169001 5.571342641216546
445782.28604197066 5.395414637988959
458832.461010084 5.222130060990656
472264.67688029545 5.051576926802889
486090.117813063 4.883839970093159
500320.2953825999 4.719000327740154
514967.0581618343 4.557135223188693
530042.6015879672 4.398317654559632
545559.4781168514 4.242616090186741
561530.6076746266 4.090094175340934
577969.2884153313 3.940810453924903
594889.2077934331 3.794818108874833
612304.4539605178 3.6521647248865956
630229.5274956024 3.51289207689146
648679.3534788508 3.3770359474412914
667669.2939187557 3.2446259758295266
687215.1605431122 3.115685541377462
707333.2279644439 2.9902316828629942
728040.2472308562 2.86827505557069
749353.4597735757 2.7498199269098382
771290.6117627992 2.634864210992296
793869.9688838223 2.523399541998628
817110.3315457187 2.4154113856030017
841031.0505352605 2.3108791871869307
865652.0431290936 2.2097765550632174
890993.8096776098 2.112071476465021
917077.4506742931 2.0177265636414647
943924.6843247664 1.9266993270487331
971557.8646301847 1.8389424723397823
1000000.0 1.7544042176418342
