10.0 -10.760436516068557
10.292747724096083 -10.53294341769731
10.59406557118851 -10.306499509063588
10.904204429677526 -10.081166332380533
11.223422532664179 -9.857007127069746
11.551985672964793 -9.634086841237822
11.890167424419898 -9.412472132421966
12.238249369681931 -9.192231356657175
12.596521334671401 -8.973434544901394
12.965281629896682 -8.756153365850768
13.344837298838383 -8.540461074185972
13.735504373605137 -8.326432443315367
14.137608138073606 -8.114143681722819
14.551483398731937 -7.903672332089852
14.977474763452017 -7.695097152445084
15.415936928422726 -7.488497978700176
15.867234973483178 -7.283955568062415
16.331744666101677 -7.081551422970543
16.80985277425364 -6.881367595382692
17.301957388458945 -6.683486471453773
17.808468253246822 -6.487990536873271
18.329807108324356 -6.294962123391489
18.866408039732583 -6.10448313734104
19.418717841282557 -5.916634771256729
19.987196386572506 -5.7314972000070705
20.57231701189556 -5.549149263169518
21.174566910357118 -5.369668135702092
21.794447537529855 -5.193128989280481
22.432475028984193 -5.0196046469733036
23.089180630041927 -4.849165234211315
23.765111138110754 -4.681877829260102
24.46082935796799 -4.517806116621877
25.17691457037277 -4.357010046961466
25.913963014396586 -4.199545507267669
26.672588383874054 -4.045464005015782
27.453422338387142 -3.8948123700859094
28.257115029208283 -3.7476324781096526
29.08433564064048 -3.603960998763504
29.935772947204903 -3.4638291723002173
30.812135887140037 -3.3272626173118662
31.714154152689986 -3.1942811723544535
32.642578797673224 -3.0648987736405675
33.59818286283781 -2.939123370531851
34.58176201952381 -2.816956880047706
35.594135232168604 -2.698395181062303
36.63614544020716 -2.583428148301567
37.708660259934554 -2.4720397256886564
38.81257270691538 -2.3642080380344193
39.9488019395417 -2.259905539541209
41.118294024358306 -2.1590991970967908
42.322022723792756 -2.061750705890674
43.56099030694608 -1.9678167344976454
44.83622838411908 -1.8772491962494462
46.148798765769385 -1.7899955434610861
47.499794346614124 -1.7059990808960315
48.890340015614456 -1.6251992947449927
50.32159359259993 -1.5475321933552868
51.7947467923121 -1.4729306559781332
53.31102621667033 -1.4013247858950375
54.87169437608604 -1.332642264434981
56.47805074067555 -1.266808702594311
58.131432822247135 -1.2037479872127734
59.83321728796288 -1.1433826189333653
61.58482110660264 -1.0856340394723047
63.38770272838487 -1.0304229460397756
65.24336329932625 -0.977669591074482
67.15334791115141 -0.9272940657778294
69.11924688779365 -0.8792165662507988
71.14269710955735 -0.8333576413420076
73.22538337604533 -0.7896384216049389
75.36903980898542 -0.7479808290319722
77.57545129612417 -0.7083077674797146
79.84645497739086 -0.6705432939226025
82.18394177456803 -0.6346127708685546
84.58985796574301 -0.6004430004411281
87.06620680585127 -0.5679623407776022
89.61505019466045 -0.5371008055122946
92.23851039358476 -0.507790147210188
94.9387717927583 -0.4799639256894359
97.71808272983904 -0.4535575622238738
100.57875736205835 -0.4285083806501538
103.52317759307378 -0.40475563642072115
106.55379505623053 -0.3822405346450031
109.67313315588179 -0.3609062381493753
112.88378916846884 -0.3406978665629768
116.18843640511002 -0.3215624874033923
119.58982643749793 -0.3034491000953194
123.09079138896018 -0.2863086138077042
126.69424629259063 -0.27009381994248294
130.40319151841317 -0.25475936005191674
134.2207152716012 -0.24026168990294808
138.14999616383224 -0.22655904034720492
142.19430585991677 -0.2136113755949796
146.357011801908 -0.20138034943200242
150.64158001295928 -0.18982925985962212
155.05157798326255 -0.17892300258285582
159.5906776404731 -0.16862802371748264
164.26265840709303 -0.1589122720371378
169.071410347358 -0.14974515103485614
174.0209374062485 -0.14109747103103373
179.115360743323 -0.13294140152120018
184.3589221641488 -0.12525042392297064
189.75598765218504 -0.11799928485158812
195.3110510040631 -0.11116395002770758
201.02873757128856 -0.1047215588994132
206.913808111479 -0.09865038004245802
212.97116275234782 -0.09292976738821498
219.20584507173257 -0.08754011731748274
225.62304629706352 -0.08246282664950713
232.22810962777245 -0.07768025154931499
239.02653468423918 -0.07317566737186929
246.02398208697775 -0.06893322945867233
253.22627816987946 -0.06493793490049875
260.63941983143474 -0.06117558527891581
268.26957952797244 -0.057632750398615436
276.1231104130753 -0.05429673302217508
284.2065516274511 -0.05115553461848651
292.5266337436645 -0.048197822135542856
301.09028437025927 -0.04541289580747056
309.9046339199427 -0.04279065800447035
318.97702154663216 -0.040321583132902794
328.3150012563047 -0.03799668859076495
337.9263481967431 -0.035807506781605485
347.819065131413 -0.033746058187354676
358.00138910285807 -0.03180482549783735
368.48179829116765 -0.02997672879170747
379.26901907322497 -0.02825510176059782
390.37203328860926 -0.026633668965243308
401.8000857182091 -0.025106524109282893
413.5626917817706 -0.02366810931362968
425.66964546078714 -0.022313195371646687
438.13102745333055 -0.02103686296278233
450.9572135676145 -0.01983448480017261
464.15888336127773 -0.018701708685693156
477.7470290335773 -0.017634441444354408
491.73296457790156 -0.016628833708446738
506.1283352022219 -0.015681265520857093
520.9451270253212 -0.014788332726093591
536.1956770568817 -0.013946834117102413
551.892683469738 -0.013153759305640179
568.0492161728429 -0.012406277283895564
584.6787276937589 -0.011701725645330202
601.7950643797334 -0.011037600432980488
619.412477926676 -0.010411546584011918
637.5456372456507 -0.009821348940014745
656.2096406767555 -0.009264923793329872
675.4200285605586 -0.008740310940505024
695.1927961775606 -0.008245666215099975
715.5444070664574 -0.007779254472890241
736.4918067322965 -0.007339443003825806
758.0524367559261 -0.006924695345935525
780.2442493165045 -0.006533565477773338
803.0857221391512 -0.006164692366839473
826.5958738801812 -0.005816794852745209
850.7942799627444 -0.005488666844832518
875.7010888760508 -0.005179172815146659
901.3370389517438 -0.004887243568599798
927.7234756314059 -0.004611872273269512
954.8823692395666 -0.004352110734702999
982.8363332770031 -0.0041070658990499265
1011.6086432495807 -0.003875896570740835
1041.2232560483055 -0.0036578103313014577
1071.7048298967104 -0.0034520606466928155
1103.078744882215 -0.0032579441513694253
1135.3711240885177 -0.0030747980979304347
1168.608855346651 -0.0029019979620088726
1202.8196136227775 -0.0027389551926270397
1238.0318840613968 -0.002585115098900246
1274.2749857031336 -0.0024399548645812506
1311.5790958968503 -0.002302981682364248
1349.9752754264298 -0.0021737310006023306
1389.4954943731375 -0.0020517648752652554
1430.172658735088 -0.0019366704207365623
1472.0406378260013 -0.0018280583532199743
1515.134292476053 -0.0017255616210698824
1559.4895040582815 -0.001628834116622821
1605.1432043647615 -0.0015375494645888963
1652.1334063573702 -0.0014513998821864221
1700.4992358187922 -0.0013700951067577172
1750.2809639301013 -0.0012933613865802939
1801.520040802024 -0.0012209405311709967
1854.2591299878522 -0.0011525890173587103
1908.542144006686 -0.0010880771478022563
1964.4142809066266 -0.0010271882587317206
2021.9220618983536 -0.0009697179739913541
2081.1133700903947 -0.0009154735025640962
2142.037490358383 -0.0008642729769606167
2204.7451503814746 -0.0008159448300593617
2269.288562880081 -0.0007703272080389063
2335.7214690901214 -0.0007272674173136146
2404.0991835099717 -0.0006866214033994816
2474.47863995735 -0.0006482532598234466
2546.91843897454 -0.0006120347653101696
2621.478896621356 -0.0005778449475439301
2698.222094696536 -0.000545569671946922
2777.211932429355 -0.0005151012540259366
2858.5141796844714 -0.0004863380938304751
2942.196531724374 -0.00045918433129740456
3028.3286655749457 -0.00043354952122599117
3116.9822980411436 -0.0004093483267096074
3208.2312454210773 -0.00038650023000128637
3302.1514849681753 -0.0003649292597656062
3398.8212181526674 -0.00034456373376520706
3498.320935775036 -0.0003253360161144451
3600.73348498562 -0.00030718228823971294
3706.144138266228 -0.0002900423327681669
3814.640664431178 -0.00027385932962275026
3926.3134017068355 -0.0002585796635842351
4041.2553329506004 -0.0002441527427537942
4159.562163071847 -0.0002305308272012579
4281.332398719392 -0.00021766886729553586
4406.667430301786 -0.00020552435117523408
4535.671616408702 -0.0001940571608021707
4668.45237070379 -0.0001832294361611361
4805.1202513612425 -0.0001730054471567898
4945.789053120639 -0.00016335147274805463
5090.575902036681 -0.00015423568694722698
5239.601353002645 -0.00014562805129083114
5392.98949012887 -0.0001375002134326936
5550.868030059805 -0.00012982541151169044
5713.36842831558 -0.0001225783839727
5880.625988746757 -0.00011573528454922473
6052.779976193349 -0.00010927360209014405
6229.973732441841 -0.00010317208500470046
6412.354795576917 -9.74106700082367e-05
6600.075022827095 -9.197041496308852e-05
6793.290717006696 -8.683343559652212e-05
6992.162756659375 -8.19828458130133e-05
7196.856730011514 -7.74027014589762e-05
7407.543072847163 -7.30779472813788e-05
7624.397210419138 -6.899436697598948e-05
7847.5997035146065 -6.513853604550249e-05
8077.3363987967105 -6.149777739320283e-05
8313.798583547334 -5.8060119426441e-05
8557.183144940002 -5.4814256572452216e-05
8807.692733975462 -5.1749512038665776e-05
9065.53593421636 -4.885580267280129e-05
9330.927435461663 -4.612360584845019e-05
9604.08821250538 -4.354392821023491e-05
9885.24570912827 -4.110827618111014e-05
10174.634027476064 -3.8808628153661646e-05
10472.494122981476 -3.663740823133023e-05
10779.074004992735 -3.458746145492406e-05
11094.628943275218 -3.265203041506901e-05
11419.421680558647 -3.0824733187894446e-05
11753.722651306367 -2.9099542478215547e-05
12097.810206889013 -2.747076596730238e-05
12451.97084735032 -2.59330277061059e-05
12816.499459957597 -2.4481250601179807e-05
13191.699564735716 -2.3110639824528283e-05
13577.883567189278 -2.181666717726318e-05
13975.373018422924 -2.0595056309663877e-05
14384.498882876629 -1.944176875037896e-05
14805.6018138991 -1.8352990741869295e-05
15239.032437388305 -1.7325120764437425e-05
15685.151643735446 -1.6354757771016826e-05
16144.330888316019 -1.543869008546355e-05
16616.952500776908 -1.4573884882377422e-05
17103.41000337838 -1.3757478283164352e-05
17604.108438655527 -1.2986765962259757e-05
18119.46470667122 -1.2259194317512102e-05
18649.907912142942 -1.1572352079360773e-05
19195.87972173111 -1.0923962421486912e-05
19757.834731786996 -1.0311875492895543e-05
20336.2408468667 -9.734061358890552e-06
20931.579669325736 -9.18860333647564e-06
21544.346900318822 -8.673691705857336e-06
22175.052752539294 -8.187617756582377e-06
22824.222375040976 -7.728768170236772e-06
23492.396290496577 -7.2956197088467975e-06
24180.13084525718 -6.886734211873872e-06
24887.998672586673 -6.500753847799894e-06
25616.589169457267 -6.136396648267762e-06
26366.508987303554 -5.792452274631196e-06
27138.3825371428 -5.4677780390927425e-06
27932.85250948253 -5.161295124498328e-06
28750.580409448772 -4.871985020145689e-06
29592.247107579577 -4.5988861668559405e-06
30458.55340674284 -4.341090780449314e-06
31350.220625651124 -4.097741840124112e-06
32267.991199458116 -3.868030280311635e-06
33212.62929793748 -3.6511922751090774e-06
34184.92146175927 -3.4465067522246737e-06
35185.677257392665 -3.2532929840710413e-06
36215.72995118075 -3.070908328331101e-06
37275.93720314938 -2.8987461257110022e-06
38367.18178112649 -2.7362336642330496e-06
39490.37229576694 -2.5828302930006985e-06
40646.44395709628 -2.4380256304687686e-06
41836.359353200234 -2.3013378710760773e-06
43061.10925171165 -2.172312187347407e-06
44321.713424760856 -2.0505192178214155e-06
45619.221498074585 -1.935553649483367e-06
46954.71382493421 -1.8270328705944054e-06
48329.30238571752 -1.724595697774615e-06
49744.13171377451 -1.6279011725181687e-06
51200.37984840882 -1.5366274483557183e-06
52699.259315756564 -1.4504706944107442e-06
54242.01813838024 -1.3691441127469205e-06
55829.94087441914 -1.2923769643947396e-06
57464.34968715974 -1.2199136860252099e-06
59146.605445917456 -1.1515130345893039e-06
60878.108859147556 -1.0869472724593846e-06
62660.30164072656 -1.0260014374316597e-06
64494.667710376205 -9.684726117644798e-07
66382.73442923075 -9.141692403975039e-07
68326.07387157406 -8.629105060663268e-07
70326.30413380644 -8.145257333470618e-07
72385.09068173247 -7.688538042729601e-07
74504.14773728917 -7.257426318107866e-07
76685.2397058701 -6.85048654552487e-07
78930.18264543568 -6.466363564794503e-07
81240.84577862974 -6.103778233712868e-07
83619.15304916317 -5.761523001789967e-07
86067.08472376158 -5.438458120438116e-07
88586.67904100832 -5.1335076313655e-07
91180.03390845681 -4.845655923923443e-07
93849.3086494272 -4.573944388886783e-07
96596.72580093842 -4.3174680240182516e-07
99424.57296427398 -4.0753727050191367e-07
102335.20470972576 -3.846852070749213e-07
105331.04453709359 -3.6311450256165405e-07
108414.5868935835 -3.4275331262481705e-07
111588.3992507748 -3.235338189956376e-07
114855.12424239368 -3.053920096070563e-07
118217.48186466724 -2.882674587269331e-07
121678.27174109229 -2.7210313119945507e-07
125240.3754535072 -2.5684518186491907e-07
128906.75894140244 -2.424427954812799e-07
132680.47497147243 -2.2884798903693667e-07
136564.66567946097 -2.1601549313838142e-07
140562.56518642136 -2.0390255818031217e-07
144677.5022915648 -1.9246883862627871e-07
148912.90324394088 -1.816762483595105e-07
153272.2945952612 -1.7148883821328224e-07
157759.30613623615 -1.61872675429939e-07
162377.67391887208 -1.5279572504858093e-07
167131.2433672486 -1.442277582939216e-07
172023.97247935992 -1.3614023107099737e-07
177059.9351226898 -1.285062058546169e-07
182243.32442626648 -1.2130025139928134e-07
187578.45627201613 -1.1449836559296631e-07
193069.77288832495 -1.0807789059628647e-07
198721.84654880533 -1.0201743762493661e-07
204539.38337933904 -9.629682330406439e-08
210527.22727657072 -9.08969886647499e-08
216690.3639411181 -8.579994610598357e-08
223033.9250288494 -8.098872249933528e-08
229563.19242369095 -7.644728107842011e-08
236283.6026355175 -7.216049925935876e-08
243200.7513267945 -6.811410017351989e-08
250320.39797173254 -6.429460059383038e-08
257648.47065183744 -6.068927814763578e-08
265191.0709918535 -5.728612406464916e-08
272954.4792402007 -5.407380074653806e-08
280945.1594981406 -5.104160801545898e-08
289169.76510202966 -4.81794445409551e-08
297635.14416313195 -4.547777698147406e-08
306348.3452696084 -4.292760623290375e-08
315316.62335543614 -4.052043464143581e-08
324547.44574113254 -3.8248246717014077e-08
334048.4983513244 -3.610346959590627e-08
343827.6921143307 -3.4078963397427636e-08
353893.1695490984 -3.216797879353068e-08
364253.3115449638 -3.036415315149391e-08
374916.74433988857 -2.8661477746786635e-08
385892.3467029899 -2.705428040517344e-08
397189.25732733024 -2.5537206216163806e-08
408816.88243912894 -2.410520210377174e-08
420784.9036297398 -2.2753496575638173e-08
433103.2859169001 -2.147759007975554e-08
445782.28604197066 -2.027322800329808e-08
458832.461010084 -1.9136404529931145e-08
472264.67688029545 -1.8063326959694363e-08
486090.117813063 -1.7050419566311123e-08
500320.2953825999 -1.6094314918240922e-08
514967.0581618343 -1.5191820127217662e-08
530042.6015879672 -1.43399361347987e-08
545559.4781168514 -1.353582010359331e-08
561530.6076746266 -1.277679602486461e-08
577969.2884153313 -1.2060333503325025e-08
594889.2077934331 -1.138404872146358e-08
612304.4539605178 -1.0745683224341428e-08
630229.5274956024 -1.0143117420176247e-08
648679.3534788508 -9.574338757535673e-09
667669.2939187557 -9.037454261594258e-09
687215.1605431122 -8.530675104893868e-09
707333.2279644439 -8.052317571671073e-09
728040.2472308562 -7.600781842652764e-09
749353.4597735757 -7.174567424295565e-09
771290.6117627992 -6.772250004926536e-09
793869.9688838223 -6.392493991000197e-09
817110.3315457187 -6.0340332205491255e-09
841031.0505352605 -5.695668070201506e-09
865652.0431290936 -5.3762857060578975e-09
890993.8096776098 -5.074809938662905e-09
917077.4506742931 -4.790238831776361e-09
943924.6843247664 -4.521623487169022e-09
971557.8646301847 -4.268074794914811e-09
1000000.0 -4.0287412538590435e-09
