10.0 -29.366984041644187
10.292747724096083 -29.366506951700412
10.59406557118851 -29.3659998521351
10.904204429677526 -29.3654610601465
11.223422532664179 -29.36488878840272
11.551985672964793 -29.364281139187057
11.890167424419898 -29.363636098191485
12.238249369681931 -29.362951527938293
12.596521334671401 -29.362225160809405
12.965281629896682 -29.36145459166302
13.344837298838383 -29.360637270014305
13.735504373605137 -29.35977049175762
14.137608138073606 -29.35885139040431
14.551483398731937 -29.35787692781107
14.977474763452017 -29.35684388437195
15.415936928422726 -29.355748848643607
15.867234973483178 -29.35458820637613
16.331744666101677 -29.35335812891654
16.80985277425364 -29.35205456095253
17.301957388458945 -29.35067320756235
17.808468253246822 -29.349209520534334
18.329807108324356 -29.3476586839196
18.866408039732583 -29.34601559877791
19.418717841282557 -29.344274867076926
19.987196386572506 -29.342430774702333
20.57231701189556 -29.340477273534095
21.174566910357118 -29.338407962546068
21.794447537529855 -29.336216067878638
22.432475028984193 -29.333894421838846
23.089180630041927 -29.33143544077574
23.765111138110754 -29.328831101781887
24.46082935796799 -29.32607291816606
25.17691457037277 -29.323151913645194
25.913963014396586 -29.320058595200166
26.672588383874054 -29.316782924539147
27.453422338387142 -29.31331428811298
28.257115029208283 -29.309641465626463
29.08433564064048 -29.305752596986995
29.935772947204903 -29.301635147636702
30.812135887140037 -29.297275872210587
31.714154152689986 -29.292660776467248
32.642578797673224 -29.28777507743883
33.59818286283781 -29.282603161751734
34.58176201952381 -29.277128542068617
35.594135232168604 -29.27133381160994
36.63614544020716 -29.265200596717598
37.708660259934554 -29.25870950742628
38.81257270691538 -29.251840086018277
39.9488019395417 -29.244570753545812
41.118294024358306 -29.236878754311295
42.322022723792756 -29.22874009831193
43.56099030694608 -29.22012950166446
44.83622838411908 -29.21102032504322
46.148798765769385 -29.2013845101809
47.499794346614124 -29.19119251449998
48.890340015614456 -29.18041324396809
50.32159359259993 -29.169013984290757
51.7947467923121 -29.156960330585928
53.31102621667033 -29.144216115715015
54.87169437608604 -29.130743337478453
56.47805074067555 -29.11650208492138
58.131432822247135 -29.101450464039157
59.83321728796288 -29.08554452321394
61.58482110660264 -29.06873817876655
63.38770272838487 -29.05098314106
65.24336329932625 -29.032228841649832
67.15334791115141 -29.01242236203768
69.11924688779365 -28.99150836465303
71.14269710955735 -28.969429026756778
73.22538337604533 -28.946123978037413
75.36903980898542 -28.921530242745558
77.57545129612417 -28.895582187297293
79.84645497739086 -28.868211474357857
82.18394177456803 -28.83934702450413
84.58985796574301 -28.808914986650215
87.06620680585127 -28.77683871850419
89.61505019466045 -28.743038778410238
92.23851039358476 -28.707432930007585
94.9387717927583 -28.669936161213823
97.71808272983904 -28.630460719104246
100.57875736205835 -28.588916162316266
103.52317759307378 -28.545209432650157
106.55379505623053 -28.499244947564115
109.67313315588179 -28.450924715267924
112.88378916846884 -28.400148474105332
116.18843640511002 -28.346813857871645
119.58982643749793 -28.29081658864157
123.09079138896018 -28.23205069857768
126.69424629259063 -28.17040878204359
130.40319151841317 -28.105782279166164
134.2207152716012 -28.038061791760818
138.14999616383224 -27.96713743226413
142.19430585991677 -27.892899205994176
146.357011801908 -27.81523742669404
150.64158001295928 -27.734043164895873
155.05157798326255 -27.649208728178362
159.5906776404731 -27.560628171887984
164.26265840709303 -27.468197838344555
169.071410347358 -27.371816921976464
174.0209374062485 -27.27138805722558
179.115360743323 -27.166817925444494
184.3589221641488 -27.058017876384397
189.75598765218504 -26.944904559259385
195.3110510040631 -26.827400557782248
201.02873757128856 -26.70543502301589
206.913808111479 -26.578944297387483
212.97116275234782 -26.44787252279176
219.20584507173257 -26.312172225370972
225.62304629706352 -26.17180486933606
232.22810962777245 -26.026741372078423
239.02653468423918 -25.876962572848647
246.02398208697775 -25.722459647448296
253.22627816987946 -25.563234461694776
260.63941983143474 -25.39929985690051
268.26957952797244 -25.23067986123387
276.1231104130753 -25.057409821615032
284.2065516274511 -24.879536451724064
292.5266337436645 -24.69711779275805
301.09028437025927 -24.51022308474126
309.9046339199427 -24.31893254745851
318.97702154663216 -24.123337071407263
328.3150012563047 -23.923537820537156
337.9263481967431 -23.719645749920076
347.819065131413 -23.51178104285089
358.00138910285807 -23.300072473179863
368.48179829116765 -23.084656699890182
379.26901907322497 -22.865677502033886
390.37203328860926 -22.64328496309165
401.8000857182091 -22.417634614609167
413.5626917817706 -22.188886549559086
425.66964546078714 -21.957204516275503
438.13102745333055 -21.722755003989217
450.9572135676145 -21.485706330963893
464.15888336127773 -21.246227745987905
477.7470290335773 -21.00448855353321
491.73296457790156 -20.760657272255077
506.1283352022219 -20.5149008357051
520.9451270253212 -20.267383843178656
536.1956770568817 -20.01826786755148
551.892683469738 -19.767710825804304
568.0492161728429 -19.515866416722524
584.6787276937589 -19.262883629020244
601.7950643797334 -19.008906321905215
619.412477926676 -18.75407287890518
637.5456372456507 -18.498515934636796
656.2096406767555 -18.242362173146446
675.4200285605586 -17.985732195499935
695.1927961775606 -17.728740453462816
715.5444070664574 -17.471495245405894
736.4918067322965 -17.214098769992987
758.0524367559261 -16.95664723276684
780.2442493165045 -16.699231000435457
803.0857221391512 -16.44193479747536
826.5958738801812 -16.18483793959577
850.7942799627444 -15.928014598641449
875.7010888760508 -15.671534093636868
901.3370389517438 -15.415461202877779
927.7234756314059 -15.159856492243527
954.8823692395666 -14.904776655219901
982.8363332770031 -14.650274860476129
1011.6086432495807 -14.396401103215364
1041.2232560483055 -14.143202556906285
1071.7048298967104 -13.890723922392391
1103.078744882215 -13.639007771757184
1135.3711240885177 -13.388094884689703
1168.608855346651 -13.138024575439262
1202.8196136227775 -12.888835008768107
1238.0318840613968 -12.640563503599324
1274.2749857031336 -12.39324682331648
1311.5790958968503 -12.14692145189645
1349.9752754264298 -11.901623855249888
1389.4954943731375 -11.657390727304138
1430.172658735088 -11.414259220493078
1472.0406378260013 -11.172267160417759
1515.134292476053 -10.931453244515009
1559.4895040582815 -10.691857224618316
1605.1432043647615 -10.453520073320963
1652.1334063573702 -10.216484134057355
1700.4992358187922 -9.980793254807374
1750.2809639301013 -9.746492905304509
1801.520040802024 -9.51363027759331
1854.2591299878522 -9.282254369738785
1908.542144006686 -9.052416052443222
1964.4142809066266 -8.824168118276688
2021.9220618983536 -8.59756531318004
2081.1133700903947 -8.37266434985594
2142.037490358383 -8.149523902627596
2204.7451503814746 -7.928204583319291
2269.288562880081 -7.708768897700483
2335.7214690901214 -7.491281182038333
2404.0991835099717 -7.275807519325675
2474.47863995735 -7.062415634794144
2546.91843897454 -6.8511747703875585
2621.478896621356 -6.642155537961911
2698.222094696536 -6.435429751094521
2777.211932429355 -6.23107023552926
2858.5141796844714 -6.029150618456416
2942.196531724374 -5.829745097023865
3028.3286655749457 -5.632928186701536
3116.9822980411436 -5.438774450369156
3208.2312454210773 -5.247358209267129
3302.1514849681753 -5.0587532372372666
3398.8212181526674 -4.873032439979034
3498.320935775036 -4.690267521352348
3600.73348498562 -4.510528639063742
3706.144138266228 -4.33388405236952
3814.640664431178 -4.160399764711869
3926.3134017068355 -3.990139164460585
4041.2553329506004 -3.8231626671575825
4159.562163071847 -3.659527362843656
4281.332398719392 -3.4992866721793576
4406.667430301786 -3.342490015147837
4535.671616408702 -3.1891824961390154
4668.45237070379 -3.039404609158444
4805.1202513612425 -2.893191966777071
4945.789053120639 -2.750575056237729
5090.575902036681 -2.611579025864119
5239.601353002645 -2.476223504578232
5392.98949012887 -2.3445224569312986
5550.868030059805 -2.216484075597305
5713.36842831558 -2.0921107127766008
5880.625988746757 -1.9713988514220344
6052.779976193349 -1.8543391166430765
6229.973732441841 -1.7409163270783798
6412.354795576917 -1.6311095854673505
6600.075022827095 -1.5248924071091716
6793.290717006696 -1.4222328843887726
6992.162756659375 -1.3230938850804452
7196.856730011514 -1.2274332817265357
7407.543072847163 -1.1352042090340384
7624.397210419138 -1.0463553459462656
7847.5997035146065 -0.9608312188311705
8077.3363987967105 -0.8785725220851698
8313.798583547334 -0.7995164523815235
8557.183144940002 -0.7235970527911796
8807.692733975462 -0.6507455630691894
9065.53593421636 -0.5808907725244731
9330.927435461663 -0.5139593720673187
9604.08821250538 -0.44987630225151926
9885.24570912827 -0.38856509438520564
10174.634027476064 -0.32994820207124076
10472.494122981476 -0.2739473208422847
10779.074004992735 -0.22048369387206165
11094.628943275218 -0.16947840206307493
11419.421680558647 -0.120852637128806
11753.722651306367 -0.07452795659292656
12097.810206889013 -0.03042651992267665
12451.97084735032 0.011528694713097117
12816.499459957597 0.05141369331833118
13191.699564735716 0.08930328860356161
13577.883567189278 0.12527094200199962
13975.373018422924 0.15938862481212107
14384.498882876629 0.19172669795558783
14805.6018138991 0.2223538097121905
15239.032437388305 0.25133681068412533
15685.151643735446 0.27874068516006534
16144.330888316019 0.304628497981992
16616.952500776908 0.32906135597271335
17103.41000337838 0.35209838294810786
17604.108438655527 0.3737967073221271
18119.46470667122 0.3942114613029036
18649.907912142942 0.41339579068375176
19195.87972173111 0.4314008742395117
19757.834731786996 0.4482759517564095
20336.2408468667 0.4640683597418674
20931.579669325736 0.4788235738834717
21544.346900318822 0.49258525735115605
22175.052752539294 0.505395314061327
22824.222375040976 0.5172939460476781
23492.396290496577 0.5283197141106202
24180.13084525718 0.5385096009419814
24887.998672586673 0.5478990759495548
25616.589169457267 0.5565221610327855
26366.508987303554 0.5644114965903027
27138.3825371428 0.5715984070689538
27932.85250948253 0.5781129653996596
28750.580409448772 0.5839840556993021
29592.247107579577 0.589239433662087
30458.55340674284 0.5939057841063852
31350.220625651124 0.5980087751991736
32267.991199458116 0.601573108933774
33212.62929793748 0.6046225675050105
34184.92146175927 0.6071800552936403
35185.677257392665 0.6092676362512245
36215.72995118075 0.6109065665570197
37275.93720314938 0.6121173225058325
38367.18178112649 0.612919623675688
39490.37229576694 0.6133324515135289
40646.44395709628 0.6133740635693931
41836.359353200234 0.6130620036959308
43061.10925171165 0.6124131086131942
44321.713424760856 0.611443511315529
45619.221498074585 0.6101686418628636
46954.71382493421 0.6086032261560093
48329.30238571752 0.6067612833393099
49744.13171377451 0.604656122500428
51200.37984840882 0.6023003393581451
52699.259315756564 0.5997058136206412
54242.01813838024 0.5968837076906013
55829.94087441914 0.5938444673549983
57464.34968715974 0.590597825061193
59146.605445917456 0.5871528063214052
60878.108859147556 0.583517739722121
62660.30164072656 0.5797002709411813
64494.667710376205 0.575707381093396
66382.73442923075 0.5715454096366211
68326.07387157406 0.5672200819836241
70326.30413380644 0.5627365418730305
72385.09068173247 0.5580993884613662
74504.14773728917 0.5533127180120093
76685.2397058701 0.5483801699685873
78930.18264543568 0.5433049771226298
81240.84577862974 0.5380900195046342
83619.15304916317 0.5327378815578929
86067.08472376158 0.5272509120904648
88586.67904100832 0.5216312864331405
91180.03390845681 0.5158810701869615
93849.3086494272 0.5100022838880439
96596.72580093842 0.5039969678779438
99424.57296427398 0.4978672466390367
102335.20470972576 0.4916153918191291
105331.04453709359 0.4852438831606716
108414.5868935835 0.4787554665391498
111588.3992507748 0.472153208315036
114855.12424239368 0.46544054522244466
118217.48186466724 0.45862132904463626
121678.27174109229 0.4516998653631444
125240.3754535072 0.4446809457288004
128906.75894140244 0.4375698726669622
132680.47497147243 0.4303724770202956
136564.66567946097 0.42309512722849635
140562.56518642136 0.4157447302574756
144677.5022915648 0.40832872402108844
148912.90324394088 0.4008550612678604
153272.2945952612 0.3933321850536717
157759.30613623615 0.3857689960653143
162377.67391887208 0.37817481220905114
167131.2433672486 0.3705593210261148
172023.97247935992 0.36293252562077355
177059.9351226898 0.3553046849360333
182243.32442626648 0.3476862492947736
187578.45627201613 0.3400877922281219
193069.77288832495 0.33251993968187654
198721.84654880533 0.3249932977285277
204539.38337933904 0.3175183799336651
210527.22727657072 0.31010553551227416
216690.3639411181 0.30276487937225816
223033.9250288494 0.295506225099843
229563.19242369095 0.2883390218209621
236283.6026355175 0.28127229581381813
243200.7513267945 0.2743145975890474
250320.39797173254 0.267473955043896
257648.47065183744 0.2607578331587208
265191.0709918535 0.254173100533009
272954.4792402007 0.24772600296311217
280945.1594981406 0.2414221440683268
289169.76510202966 0.2352664728981423
297635.14416313195 0.22926327828736942
306348.3452696084 0.2234161896522395
315316.62335543614 0.21772818381472192
324547.44574113254 0.212201597377484
334048.4983513244 0.20683814410649293
343827.6921143307 0.20163893674034217
353893.1695490984 0.1966045126318956
364253.3115449638 0.19173486259470798
374916.74433988857 0.1870294623747641
385892.3467029899 0.18248730610805716
397189.25732733024 0.17810694125040155
408816.88243912894 0.1738865044100665
420784.9036297398 0.1698237576098344
433103.2859169001 0.16591612452739163
445782.28604197066 0.1621607263183748
458832.461010084 0.1585544166739411
472264.67688029545 0.15509381581307935
486090.117813063 0.15177534317115735
500320.2953825999 0.14859524855729478
514967.0581618343 0.14554964164969608
530042.6015879672 0.14263451970385363
545559.4781168514 0.13984579337561695
561530.6076746266 0.1371793106423699
577969.2884153313 0.13463087877750507
594889.2077934331 0.13219628440475656
612304.4539605178 0.12987131165978527
630229.5274956024 0.12765175849832677
648679.3534788508 0.1255334512376843
667669.2939187557 0.12351225736411511
687215.1605431122 0.1215840967591149
707333.2279644439 0.11974495135554383
728040.2472308562 0.11799087338866059
749353.4597735757 0.11631799230353743
771290.6117627992 0.1147225204202992
793869.9688838223 0.11320075747046875
817110.3315457187 0.11174909408599318
841031.0505352605 0.11036401434283138
865652.0431290936 0.10904209744759503
890993.8096776098 0.1077800186593303
917077.4506742931 0.1065745495066922
943924.6843247664 0.10542255741800803
971557.8646301847 0.10432100479122554
1000000.0 0.10326694761276504
