10.0 -0.0034650709556906553
10.292747724096083 -0.0035395453238947524
10.59406557118851 -0.0036183629370418694
10.904204429677526 -0.0037017723064956816
11.223422532664179 -0.0037900355559879807
11.551985672964793 -0.0038834290949462838
11.890167424419898 -0.003982244316150283
12.238249369681931 -0.0040867883173538325
12.596521334671401 -0.0041973846463969205
12.965281629896682 -0.004314374069043499
13.344837298838383 -0.004438115358487797
13.735504373605137 -0.004568986105287736
14.137608138073606 -0.004707383545956836
14.551483398731937 -0.0048537254082488225
14.977474763452017 -0.005008450770602736
15.415936928422726 -0.005172020932784143
15.867234973483178 -0.005344920294247832
16.331744666101677 -0.005527657236057876
16.80985277425364 -0.005720765001678298
17.301957388458945 -0.005924802571074833
17.808468253246822 -0.006140355521893145
18.329807108324356 -0.006368036870528612
18.866408039732583 -0.006608487885009241
19.418717841282557 -0.006862378860563883
19.987196386572506 -0.007130409847639183
20.57231701189556 -0.007413311320995973
21.174566910357118 -0.007711844777160234
21.794447537529855 -0.008026803246308997
22.432475028984193 -0.00835901170309701
23.089180630041927 -0.008709327359648886
23.765111138110754 -0.009078639822247866
24.46082935796799 -0.009467871091806135
25.17691457037277 -0.009877975386589986
25.913963014396586 -0.010309938764120688
26.672588383874054 -0.010764778517526264
27.453422338387142 -0.011243542320266364
28.257115029208283 -0.011747307091652783
29.08433564064048 -0.012277177554372222
29.935772947204903 -0.012834284454164846
30.812135887140037 -0.01341978241096337
31.714154152689986 -0.01403484737036428
32.642578797673224 -0.014680673624083292
33.59818286283781 -0.015358470368552672
34.58176201952381 -0.016069457771557626
35.594135232168604 -0.0168148625184725
36.63614544020716 -0.017595912811897332
37.708660259934554 -0.01841383280149864
38.81257270691538 -0.01926983642509375
39.9488019395417 -0.020165120646807085
41.118294024358306 -0.02110085808438935
42.322022723792756 -0.02207818902502632
43.56099030694608 -0.023098212837421493
44.83622838411908 -0.024161978797692264
46.148798765769385 -0.025270476357521807
47.499794346614124 -0.026424624895180333
48.890340015614456 -0.027625263003249093
50.32159359259993 -0.028873137381105238
51.7947467923121 -0.030168891415337313
53.31102621667033 -0.03151305354658942
54.87169437608604 -0.032906025537579306
56.47805074067555 -0.03434807077217843
58.131432822247135 -0.035839302731175256
59.83321728796288 -0.0373796738040023
61.58482110660264 -0.03896896460855734
63.38770272838487 -0.04060677400158066
65.24336329932625 -0.04229250996980779
67.15334791115141 -0.04402538159667892
69.11924688779365 -0.0458043922998137
71.14269710955735 -0.047628334531091825
73.22538337604533 -0.049495786122502335
75.36903980898542 -0.05140510844762036
77.57545129612417 -0.05335444654991962
79.84645497739086 -0.05534173136528004
82.18394177456803 -0.05736468413724394
84.58985796574301 -0.05942082309022187
87.06620680585127 -0.0615074723882741
89.61505019466045 -0.06362177336666415
92.23851039358476 -0.065760697980302
94.9387717927583 -0.06792106436936415
97.71808272983904 -0.07009955439848387
100.57875736205835 -0.07229273298360084
103.52317759307378 -0.07449706898100658
106.55379505623053 -0.0767089573777199
109.67313315588179 -0.07892474249232061
112.88378916846884 -0.08114074187159538
116.18843640511002 -0.08335327055194536
119.58982643749793 -0.08555866534583607
123.09079138896018 -0.08775330881294814
126.69424629259063 -0.08993365258346447
130.40319151841317 -0.09209623971611247
134.2207152716012 -0.0942377257966292
138.14999616383224 -0.09635489851122865
142.19430585991677 -0.09844469546460953
146.357011801908 -0.10050422005078337
150.64158001295928 -0.10253075522703317
155.05157798326255 -0.104521775084846
159.5906776404731 -0.10647495415554775
164.26265840709303 -0.10838817443130164
169.071410347358 -0.11025953012303569
174.0209374062485 -0.11208733021453929
179.115360743323 -0.11387009890602631
184.3589221641488 -0.11560657406969377
189.75598765218504 -0.1172957038643328
195.3110510040631 -0.11893664167548613
201.02873757128856 -0.12052873956160354
206.913808111479 -0.12207154039600189
212.97116275234782 -0.12356476889870405
219.20584507173257 -0.12500832175229348
225.62304629706352 -0.12640225699212718
232.22810962777245 -0.12774678285398078
239.02653468423918 -0.12904224625236502
246.02398208697775 -0.13028912105048995
253.22627816987946 -0.13148799626909613
260.63941983143474 -0.13263956436661328
268.26957952797244 -0.13374460970732027
276.1231104130753 -0.1348039973187597
284.2065516274511 -0.1358186620239429
292.5266337436645 -0.1367895980189665
301.09028437025927 -0.1377178489523312
309.9046339199427 -0.13860449854894388
318.97702154663216 -0.1394506618095447
328.3150012563047 -0.140257476805225
337.9263481967431 -0.14102609707680175
347.819065131413 -0.14175768464024008
358.00138910285807 -0.14245340359188366
368.48179829116765 -0.143114414300992
379.26901907322497 -0.1437418681718542
390.37203328860926 -0.14433690295381382
401.8000857182091 -0.14490063857412688
413.5626917817706 -0.1454341734663224
425.66964546078714 -0.145938581365212
438.13102745333055 -0.1464149085385838
450.9572135676145 -0.1468641714254411
464.15888336127773 -0.14728735465062673
477.7470290335773 -0.14768540938630623
491.73296457790156 -0.14805925203153586
506.1283352022219 -0.14840976318242974
520.9451270253212 -0.14873778686658173
536.1956770568817 -0.1490441300171047
551.892683469738 -0.14932956216302912
568.0492161728429 -0.14959481531472638
584.6787276937589 -0.1498405840244032
601.7950643797334 -0.1500675256037579
619.412477926676 -0.15027626048227824
637.5456372456507 -0.15046737269145216
656.2096406767555 -0.15064141046167157
675.4200285605586 -0.15079888692006663
695.1927961775606 -0.15094028087891304
715.5444070664574 -0.15106603770553595
736.4918067322965 -0.15117657026574066
758.0524367559261 -0.1512722599338716
780.2442493165045 -0.15135345766340702
803.0857221391512 -0.1514204851128861
826.5958738801812 -0.15147363582232698
850.7942799627444 -0.15151317643595918
875.7010888760508 -0.15153934796718296
901.3370389517438 -0.1515523671018622
927.7234756314059 -0.1515524275359957
954.8823692395666 -0.15153970134349
982.8363332770031 -0.1515143403695104
1011.6086432495807 -0.15147647764416997
1041.2232560483055 -0.15142622881077517
1071.7048298967104 -0.15136369356183896
1103.078744882215 -0.1512889570752785
1135.3711240885177 -0.15120209144201227
1168.608855346651 -0.1511031570751403
1202.8196136227775 -0.15099220408976796
1238.0318840613968 -0.15086927364115565
1274.2749857031336 -0.1507343992081449
1311.5790958968503 -0.15058760780742103
1349.9752754264298 -0.15042892112360803
1389.4954943731375 -0.15025835653938838
1430.172658735088 -0.15007592804959552
1472.0406378260013 -0.14988164704303655
1515.134292476053 -0.14967552293629077
1559.4895040582815 -0.14945756364445315
1605.1432043647615 -0.14922777587493008
1652.1334063573702 -0.1489861652323386
1700.4992358187922 -0.14873273612464505
1750.2809639301013 -0.148467491463519
1801.520040802024 -0.14819043215517763
1854.2591299878522 -0.14790155638167107
1908.542144006686 -0.14760085867674302
1964.4142809066266 -0.14728832880474302
2021.9220618983536 -0.14696395045594013
2081.1133700903947 -0.14662769977614928
2142.037490358383 -0.14627954375362423
2204.7451503814746 -0.14591943849051878
2269.288562880081 -0.1455473273910065
2335.7214690901214 -0.14516313930174726
2404.0991835099717 -0.1447667866441705
2474.47863995735 -0.14435816358079626
2546.91843897454 -0.14393714425996076
2621.478896621356 -0.14350358118477763
2698.222094696536 -0.14305730375265024
2777.211932429355 -0.1425981170114801
2858.5141796844714 -0.14212580067755762
2942.196531724374 -0.14164010845832933
3028.3286655749457 -0.14114076772040635
3116.9822980411436 -0.1406274795401917
3208.2312454210773 -0.14009991917018938
3302.1514849681753 -0.1395577369499403
3398.8212181526674 -0.13900055968536632
3498.320935775036 -0.13842799251522941
3600.73348498562 -0.13783962127762564
3706.144138266228 -0.13723501538379343
3814.640664431178 -0.13661373120034215
3926.3134017068355 -0.13597531593480167
4041.2553329506004 -0.135319312013085
4159.562163071847 -0.13464526193081489
4281.332398719392 -0.1339527135539097
4406.667430301786 -0.13324122583681475
4535.671616408702 -0.1325103749199521
4668.45237070379 -0.1317597605606183
4805.1202513612425 -0.13098901284456216
4945.789053120639 -0.13019779911779839
5090.575902036681 -0.1293858310712529
5239.601353002645 -0.12855287190340076
5392.98949012887 -0.1276987434789785
5550.868030059805 -0.12682333339569477
5713.36842831558 -0.12592660186431476
5880.625988746757 -0.12500858830294923
6052.779976193349 -0.12406941754192811
6229.973732441841 -0.12310930553316225
6412.354795576917 -0.122128564456953
6600.075022827095 -0.1211276071198589
6793.290717006696 -0.1201069505404765
6992.162756659375 -0.1190672186253775
7196.856730011514 -0.11800914384510502
7407.543072847163 -0.11693356783112242
7624.397210419138 -0.11584144082706492
7847.5997035146065 -0.11473381994392061
8077.3363987967105 -0.11361186618618441
8313.798583547334 -0.112476840236234
8557.183144940002 -0.11133009700553989
8807.692733975462 -0.11017307898407772
9065.53593421636 -0.10900730844240442
9330.927435461663 -0.1078343785638553
9604.08821250538 -0.10665594360644348
9885.24570912827 -0.10547370821493414
10174.634027476064 -0.10428941602169933
10472.494122981476 -0.10310483769100276
10779.074004992735 -0.10192175857307582
11094.628943275218 -0.10074196614356136
11419.421680558647 -0.09956723740737425
11753.722651306367 -0.09839932644686966
12097.810206889013 -0.09723995228941358
12451.97084735032 -0.09609078726140913
12816.499459957597 -0.09495344598361544
13191.699564735716 -0.09382947514697026
13577.883567189278 -0.09272034418965369
13975.373018422924 -0.09162743697574635
14384.498882876629 -0.0905520445533539
14805.6018138991 -0.0894953590474145
15239.032437388305 -0.08845846871899685
15685.151643735446 -0.08744235420053739
16144.330888316019 -0.08644788589503521
16616.952500776908 -0.0854758225071381
17103.41000337838 -0.08452681065699087
17604.108438655527 -0.08360138551169934
18119.46470667122 -0.08269997235716213
18649.907912142942 -0.08182288902268692
19195.87972173111 -0.08097034906391146
19757.834731786996 -0.08014246560445763
20336.2408468667 -0.07933925573538585
20931.579669325736 -0.07856064537079538
21544.346900318822 -0.07780647446088354
22175.052752539294 -0.07707650246736093
22824.222375040976 -0.07637041401121909
23492.396290496577 -0.07568782461003587
24180.13084525718 -0.07502828642853543
24887.998672586673 -0.07439129397455149
25616.589169457267 -0.07377628968033961
26366.508987303554 -0.07318266931787709
27138.3825371428 -0.07260978720435998
27932.85250948253 -0.07205696116253965
28750.580409448772 -0.07152347720768651
29592.247107579577 -0.07100859393999771
30458.55340674284 -0.07051154662777338
31350.220625651124 -0.07003155097254134
32267.991199458116 -0.06956780655230194
33212.62929793748 -0.06911949994386417
34184.92146175927 -0.06868580752912429
35185.677257392665 -0.06826589799337701
36215.72995118075 -0.06785893452696243
37275.93720314938 -0.06746407674360957
38367.18178112649 -0.06708048233041784
39490.37229576694 -0.06670730844693813
40646.44395709628 -0.06634371289062518
41836.359353200234 -0.06598885504775537
43061.10925171165 -0.06564189664914097
44321.713424760856 -0.06530200235002913
45619.221498074585 -0.06496834015452019
46954.71382493421 -0.06464008170398632
48329.30238571752 -0.06431640244966078
49744.13171377451 -0.06399648172925088
51200.37984840882 -0.06367950276695772
52699.259315756564 -0.06336465261656622
54242.01813838024 -0.06305112206700805
55829.94087441914 -0.06273810552930492
57464.34968715974 -0.06242480092384034
59146.605445917456 -0.062110409587109804
60878.108859147556 -0.061794136216068926
62660.30164072656 -0.061475188869148864
64494.667710376205 -0.06115277904197901
66382.73442923075 -0.06082612183605052
68326.07387157406 -0.06049443623879272
70326.30413380644 -0.06015694553217836
72385.09068173247 -0.05981287784802497
74504.14773728917 -0.059461466886654234
76685.2397058701 -0.05910195281553693
78930.18264543568 -0.058733583363542397
81240.84577862974 -0.05835561512567534
83619.15304916317 -0.05796731509213722
86067.08472376158 -0.05756796241300371
88586.67904100832 -0.05715685040956345
91180.03390845681 -0.056733288839751775
93849.3086494272 -0.05629660642332794
96596.72580093842 -0.0558461536288973
99424.57296427398 -0.05538130572162109
102335.20470972576 -0.05490146606599752
105331.04453709359 -0.05440606967468179
108414.5868935835 -0.053894586987195896
111588.3992507748 -0.0533665278598457
114855.12424239368 -0.05282144573880442
118217.48186466724 -0.052258941985926274
121678.27174109229 -0.05167867031676876
125240.3754535072 -0.051080341306362596
128906.75894140244 -0.05046372691034157
132680.47497147243 -0.0498286649429367
136564.66567946097 -0.04917506344748721
140562.56518642136 -0.04850290488919398
144677.5022915648 -0.04781225009598287
148912.90324394088 -0.04710324186886251
153272.2945952612 -0.046376108181556235
157759.30613623615 -0.04563116488782778
162377.67391887208 -0.04486881785665044
167131.2433672486 -0.044089564457606596
172023.97247935992 -0.04329399432377837
177059.9351226898 -0.042482789327459775
182243.32442626648 -0.04165672271247739
187578.45627201613 -0.04081665733760234
193069.77288832495 -0.03996354300109962
198721.84654880533 -0.0390984128303752
204539.38337933904 -0.03822237873457112
210527.22727657072 -0.037336625942161084
216690.3639411181 -0.03644240665626939
223033.9250288494 -0.0355410328849013
229563.19242369095 -0.03463386851605142
236283.6026355175 -0.03372232072941719
243200.7513267945 -0.03280783084712336
250320.39797173254 -0.03189186474198697
257648.47065183744 -0.030975902932502516
265191.0709918535 -0.030061430497199865
272954.4792402007 -0.029149926952174287
280945.1594981406 -0.028242856231126476
289169.76510202966 -0.027341656906743356
297635.14416313195 -0.026447732787824314
306348.3452696084 -0.02556244401485339
315316.62335543614 -0.024687098768714902
324547.44574113254 -0.023822945689083063
334048.4983513244 -0.02297116708892464
343827.6921143307 -0.02213287302591056
353893.1695490984 -0.021309096281814953
364253.3115449638 -0.0205007882797655
374916.74433988857 -0.01970881594645503
385892.3467029899 -0.018933959517746186
397189.25732733024 -0.018176911263098647
408816.88243912894 -0.01743827509229324
420784.9036297398 -0.01671856699652508
433103.2859169001 -0.01601821626499342
445782.28604197066 -0.015337567404390339
458832.461010084 -0.014676882693316178
472264.67688029545 -0.014036345287206538
486090.117813063 -0.01341606279748629
500320.2953825999 -0.012816071262123283
514967.0581618343 -0.012236339426873336
530042.6015879672 -0.011676773264447285
545559.4781168514 -0.011137220653152934
561530.6076746266 -0.010617476154158851
577969.2884153313 -0.010117285818787996
594889.2077934331 -0.009636351974258928
612304.4539605178 -0.009174337936571686
630229.5274956024 -0.008730872609310998
648679.3534788508 -0.00830555492958994
667669.2939187557 -0.007897958132832929
687215.1605431122 -0.007507633812269078
707333.2279644439 -0.007134115754022686
728040.2472308562 -0.006776923534532192
749353.4597735757 -0.0064355658733802265
771290.6117627992 -0.0061095437324692
793869.9688838223 -0.00579835316812039
817110.3315457187 -0.005501487930907313
841031.0505352605 -0.005218441823316178
865652.0431290936 -0.0049487108205708945
890993.8096776098 -0.0046917949631060775
917077.4506742931 -0.004447200033753822
943924.6843247664 -0.004214439026387703
971557.8646301847 -0.003993033424136643
1000000.0 -0.0037825142944756178
