10.0 -3.9219159644505663
10.292747724096083 -3.921275436245129
10.59406557118851 -3.9205970997626456
10.904204429677526 -3.9198787385489635
11.223422532664179 -3.919118008069862
11.551985672964793 -3.9183124285360855
11.890167424419898 -3.9174593773540463
12.238249369681931 -3.9165560811863385
12.596521334671401 -3.9155996076055604
12.965281629896682 -3.914586856325131
13.344837298838383 -3.9135145499904302
13.735504373605137 -3.9123792245137903
14.137608138073606 -3.911177218936816
14.551483398731937 -3.9099046648038986
14.977474763452017 -3.908557475031053
15.415936928422726 -3.907131332254909
15.867234973483178 -3.9056216766472422
16.331744666101677 -3.904023693181673
16.80985277425364 -3.9023322983401094
17.301957388458945 -3.9005421262482667
17.808468253246822 -3.8986475142312997
18.329807108324356 -3.896642487782842
18.866408039732583 -3.8945207449433292
19.418717841282557 -3.892275640086633
19.987196386572506 -3.8899001671174926
20.57231701189556 -3.887386942086508
21.174566910357118 -3.884728185234115
21.794447537529855 -3.8819157024805655
22.432475028984193 -3.8789408663849887
23.089180630041927 -3.8757945966038596
23.765111138110754 -3.872467339887064
24.46082935796799 -3.8689490496587124
25.17691457037277 -3.865229165240014
25.913963014396586 -3.861296590782643
26.672588383874054 -3.857139673993481
27.453422338387142 -3.85274618474559
28.257115029208283 -3.848103293685252
29.08433564064048 -3.843197550961909
29.935772947204903 -3.83801486522602
30.812135887140037 -3.832540483059759
31.714154152689986 -3.826758969027464
32.642578797673224 -3.8206541865556973
33.59818286283781 -3.8142092798784577
34.58176201952381 -3.8074066573095635
35.594135232168604 -3.800227976133228
36.63614544020716 -3.7926541294337905
37.708660259934554 -3.7846652352175503
38.81257270691538 -3.776240628212534
39.9488019395417 -3.76735885476624
41.118294024358306 -3.7579976712962093
42.322022723792756 -3.7481340467834756
43.56099030694608 -3.7377441698338947
44.83622838411908 -3.7268034608666896
46.148798765769385 -3.7152865900222034
47.499794346614124 -3.703167501411262
48.890340015614456 -3.690419444355732
50.32159359259993 -3.677015012292368
51.7947467923121 -3.662926190029265
53.31102621667033 -3.6481244100539674
54.87169437608604 -3.6325806185938414
56.47805074067555 -3.6162653521203363
58.131432822247135 -3.599148824968089
59.83321728796288 -3.5812010287051512
61.58482110660264 -3.5623918438403157
63.38770272838487 -3.5426911643859436
65.24336329932625 -3.5220690357073785
67.15334791115141 -3.500495805982011
69.11924688779365 -3.4779422914604434
71.14269710955735 -3.4543799555677994
73.22538337604533 -3.4297811017044104
75.36903980898542 -3.4041190794014082
77.57545129612417 -3.3773685032584955
79.84645497739086 -3.3495054838394105
82.18394177456803 -3.3205078694269297
84.58985796574301 -3.2903554972469844
87.06620680585127 -3.2590304524633638
89.61505019466045 -3.2265173329264476
92.23851039358476 -3.1928035173365856
94.9387717927583 -3.1578794341622443
97.71808272983904 -3.1217388283431484
100.57875736205835 -3.0843790225177363
103.52317759307378 -3.0458011692526505
106.55379505623053 -3.006010490528877
109.67313315588179 -2.9650165005661067
112.88378916846884 -2.922833207952867
116.18843640511002 -2.8794792930059625
119.58982643749793 -2.834978256316569
123.09079138896018 -2.7893585345601863
126.69424629259063 -2.7426535798587004
130.40319151841317 -2.694901899288937
134.2207152716012 -2.646147051533769
138.14999616383224 -2.596437598167221
142.19430585991677 -2.54582700764926
146.357011801908 -2.494373510769901
150.64158001295928 -2.4421399070154393
155.05157798326255 -2.3891933221168498
159.5906776404731 -2.335604917864642
164.26265840709303 -2.2814495561165873
169.071410347358 -2.226805419763531
174.0209374062485 -2.1717535942319794
179.115360743323 -2.1163776138682286
184.3589221641488 -2.0607629782459425
189.75598765218504 -2.004996644047083
195.3110510040631 -1.949166498666906
201.02873757128856 -1.8933608220727458
206.913808111479 -1.8376677436915256
212.97116275234782 -1.7821747012051499
219.20584507173257 -1.726967908092969
225.62304629706352 -1.6721318365773974
232.22810962777245 -1.617748722308268
239.02653468423918 -1.563898096673387
246.02398208697775 -1.5106563520604765
253.22627816987946 -1.458096344735881
260.63941983143474 -1.4062870392675795
268.26957952797244 -1.3552931976249394
276.1231104130753 -1.305175115257347
284.2065516274511 -1.2559884056106394
292.5266337436645 -1.2077838337054765
301.09028437025927 -1.1606071985957667
309.9046339199427 -1.1144992637660505
318.97702154663216 -1.0694957338304047
328.3150012563047 -1.0256272752742088
337.9263481967431 -0.9829195784445346
347.819065131413 -0.9413934575508351
358.00138910285807 -0.9010649850889016
368.48179829116765 -0.8619456568478551
379.26901907322497 -0.8240425834999971
390.37203328860926 -0.7873587047019949
401.8000857182091 -0.7518930216462226
413.5626917817706 -0.7176408440849735
425.66964546078714 -0.6845940479982997
438.13102745333055 -0.6527413402783386
450.9572135676145 -0.6220685270484758
464.15888336127773 -0.5925587825150709
477.7470290335773 -0.5641929155518062
491.73296457790156 -0.5369496315336264
506.1283352022219 -0.5108057872599024
520.9451270253212 -0.4857366371275201
536.1956770568817 -0.4617160690276378
551.892683469738 -0.4387168287397789
568.0492161728429 -0.41671073187935953
584.6787276937589 -0.39566886271639945
601.7950643797334 -0.3755617594222155
619.412477926676 -0.3563595855155504
637.5456372456507 -0.3380322874695184
656.2096406767555 -0.3205497386059638
675.4200285605586 -0.3038818695449102
695.1927961775606 -0.2879987855947395
715.5444070664574 -0.2728708715650651
736.4918067322965 -0.2584688845604006
758.0524367559261 -0.2447640353705964
780.2442493165045 -0.23172805911528208
803.0857221391512 -0.2193332758264015
826.5958738801812 -0.2075526416667277
850.7942799627444 -0.19635979148536686
875.7010888760508 -0.18572907340478428
901.3370389517438 -0.17563557611998992
927.7234756314059 -0.16605514957007378
954.8823692395666 -0.1569644196170986
982.8363332770031 -0.14834079733829486
1011.6086432495807 -0.14016248350561622
1041.2232560483055 -0.1324084687931037
1071.7048298967104 -0.12505853021781793
1103.078744882215 -0.11809322428473562
1135.3711240885177 -0.11149387727116426
1168.608855346651 -0.10524257305160178
1202.8196136227775 -0.09932213883040884
1238.0318840613968 -0.09371612911738514
1274.2749857031336 -0.08840880825028469
1311.5790958968503 -0.08338513173901291
1349.9752754264298 -0.07863072667847557
1389.4954943731375 -0.07413187145116848
1430.172658735088 -0.06987547491624688
1472.0406378260013 -0.06584905525948594
1515.134292476053 -0.06204071865767335
1559.4895040582815 -0.0584391378919905
1605.1432043647615 -0.05503353102743267
1652.1334063573702 -0.0518136402593897
1700.4992358187922 -0.04876971101406842
1750.2809639301013 -0.04589247137638613
1801.520040802024 -0.043173111907043954
1854.2591299878522 -0.04060326590009042
1908.542144006686 -0.03817499012262308
1964.4142809066266 -0.03588074606995366
2021.9220618983536 -0.03371338176199758
2081.1133700903947 -0.031666114100061114
2142.037490358383 -0.02973251179735407
2204.7451503814746 -0.027906478891400736
2269.288562880081 -0.02618223884217536
2335.7214690901214 -0.024554319215779198
2404.0991835099717 -0.023017536950291045
2474.47863995735 -0.02156698419750219
2546.91843897454 -0.020198014731865534
2621.478896621356 -0.018906230915966254
2698.222094696536 -0.017687471210166582
2777.211932429355 -0.01653779821271536
2858.5141796844714 -0.015453487215551457
2942.196531724374 -0.014431015260163403
3028.3286655749457 -0.01346705067734048
3116.9822980411436 -0.012558443094154444
3208.2312454210773 -0.011702213891401539
3302.1514849681753 -0.010895547094508733
3398.8212181526674 -0.010135780681156649
3498.320935775036 -0.009420398288949437
3600.73348498562 -0.008747021306816738
3706.144138266228 -0.00811340133425026
3814.640664431178 -0.007517412992974972
3926.3134017068355 -0.006957047076226016
4041.2553329506004 -0.006430404021490468
4159.562163071847 -0.005935687693189654
4281.332398719392 -0.005471199462648537
4406.667430301786 -0.005035332573394862
4535.671616408702 -0.004626566780637842
4668.45237070379 -0.004243463254719726
4805.1202513612425 -0.0038846597389441974
4945.789053120639 -0.0035488659532141456
5090.575902036681 -0.003234859235525415
5239.601353002645 -0.0029414804141253727
5392.98949012887 -0.002667629903934724
5550.868030059805 -0.002412264021200361
5713.36842831558 -0.002174391511065725
5880.625988746757 -0.0019530702830286382
6052.779976193349 -0.0017474043495472526
6229.973732441841 -0.0015565409632982636
6412.354795576917 -0.001379667948492181
6600.075022827095 -0.0012160112216697617
6793.290717006696 -0.0010648324971301959
6992.162756659375 -0.000925427171738698
7196.856730011514 -0.0007971223834756258
7407.543072847163 -0.0006792752374842121
7624.397210419138 -0.0005712711926962298
7847.5997035146065 -0.00047252260149101304
8077.3363987967105 -0.00038246739408435277
8313.798583547334 -0.0003005678986323511
8557.183144940002 -0.00022630978733869682
8807.692733975462 -0.00015920113832646837
9065.53593421636 -9.877160241529993e-05
9330.927435461663 -4.457166365022045e-05
9604.08821250538 3.8280178960371984e-06
9885.24570912827 4.6837192491215444e-05
10174.634027476064 8.484654775929003e-05
10472.494122981476 0.0001182281874217762
10779.074004992735 0.0001473360725163955
11094.628943275218 0.00017250643506028752
11419.421680558647 0.00019405817358861697
11753.722651306367 0.00021229323881063794
12097.810206889013 0.00022749701695368009
12451.97084735032 0.00023993871696709337
12816.499459957597 0.0002498717668806941
13191.699564735716 0.0002575342233819911
13577.883567189278 0.0002631491975022657
13975.373018422924 0.0002669252983646998
14384.498882876629 0.0002690570957968719
14805.6018138991 0.0002697256018005041
15239.032437388305 0.00026909876995975145
15685.151643735446 0.00026733201126829685
16144.330888316019 0.0002645687241986123
16616.952500776908 0.000260940836376627
17103.41000337838 0.00025656935499640776
17604.108438655527 0.00025156492275360467
18119.46470667122 0.00024602837604463155
18649.907912142942 0.00024005130219312488
19195.87972173111 0.00023371659247215356
19757.834731786996 0.00022709898787701702
20336.2408468667 0.00022026561480147127
20931.579669325736 0.00021327650803965888
21544.346900318822 0.00020618511879201947
22175.052752539294 0.0001990388056673799
22824.222375040976 0.0001918793070047661
23492.396290496577 0.0001847431931621601
24180.13084525718 0.0001776622976525158
24887.998672586673 0.00017066412644491184
25616.589169457267 0.00016377224488161167
26366.508987303554 0.00015700664202229617
27138.3825371428 0.00015038407241562137
27932.85250948253 0.00014391837547752056
28750.580409448772 0.00013762077291596178
29592.247107579577 0.0001315001447459664
30458.55340674284 0.00012556328449651454
31350.220625651124 0.00011981513447130364
32267.991199458116 0.00011425900191759798
33212.62929793748 0.00010889675692461276
34184.92146175927 0.00010372901314481318
35185.677257392665 9.875529221550642e-05
36215.72995118075 9.397417295868831e-05
37275.93720314938 8.938342625003986e-05
38367.18178112649 8.498013667748556e-05
39490.37229576694 8.076081179537014e-05
40646.44395709628 7.672148001754398e-05
41836.359353200234 7.285777799015194e-05
43061.10925171165 6.916502828107404e-05
44321.713424760856 6.563830828662202e-05
45619.221498074585 6.22725109957391e-05
46954.71382493421 5.9062398462180756e-05
48329.30238571752 5.6002648547794756e-05
49744.13171377451 5.3087895677461386e-05
51200.37984840882 5.0312766105180226e-05
52699.259315756564 4.767190829108538e-05
54242.01813838024 4.516001884645605e-05
55829.94087441914 4.277186456743896e-05
57464.34968715974 4.050230092776869e-05
59146.605445917456 3.834628742006101e-05
60878.108859147556 3.62989001680446e-05
62660.30164072656 3.435534203344776e-05
64494.667710376205 3.251095056662069e-05
66382.73442923075 3.076120405547181e-05
68326.07387157406 2.9101725931155202e-05
70326.30413380644 2.7528287686728597e-05
72385.09068173247 2.6036810563363783e-05
74504.14773728917 2.4623366125614558e-05
76685.2397058701 2.3284175943680716e-05
78930.18264543568 2.201561045210086e-05
81240.84577862974 2.081418714109616e-05
83619.15304916317 1.9676568192428647e-05
86067.08472376158 1.8599557660065664e-05
88586.67904100832 1.7580098238082827e-05
91180.03390845681 1.6615267754670177e-05
93849.3086494272 1.570227541345879e-05
96596.72580093842 1.4838457834243129e-05
99424.57296427398 1.4021274997248351e-05
102335.20470972576 1.3248306063943015e-05
105331.04453709359 1.2517245151545059e-05
108414.5868935835 1.1825897105581562e-05
111588.3992507748 1.1172173253145924e-05
114855.12424239368 1.055408721592857e-05
118217.48186466724 9.969750734806219e-06
121678.27174109229 9.417369594708841e-06
125240.3754535072 8.895239613121127e-06
128906.75894140244 8.401742725006478e-06
132680.47497147243 7.93534316801186e-06
136564.66567946097 7.49458375445375e-06
140562.56518642136 7.07808230530347e-06
144677.5022915648 6.6845281304534365e-06
148912.90324394088 6.312678684484752e-06
153272.2945952612 5.961356316933286e-06
157759.30613623615 5.6294451575565575e-06
162377.67391887208 5.315888098028781e-06
167131.2433672486 5.01968390285171e-06
172023.97247935992 4.739884462982193e-06
177059.9351226898 4.475592130459948e-06
182243.32442626648 4.225957178394895e-06
187578.45627201613 3.990175380528393e-06
193069.77288832495 3.7674856891534663e-06
198721.84654880533 3.557168024894843e-06
204539.38337933904 3.358541153276518e-06
210527.22727657072 3.170960688578779e-06
216690.3639411181 2.993817169053906e-06
223033.9250288494 2.8265342131439806e-06
229563.19242369095 2.6685668049172927e-06
236283.6026355175 2.51939963736328e-06
243200.7513267945 2.378545515474766e-06
250320.39797173254 2.245543894335119e-06
257648.47065183744 2.1199594403484764e-06
265191.0709918535 2.0013806850446765e-06
272954.4792402007 1.8894187560297346e-06
280945.1594981406 1.7837061484374985e-06
289169.76510202966 1.6838955850989102e-06
297635.14416313195 1.5896589172125567e-06
306348.3452696084 1.5006860925177316e-06
315316.62335543614 1.4166841716834976e-06
324547.44574113254 1.3373763986997575e-06
334048.4983513244 1.2625013214130575e-06
343827.6921143307 1.191811954492536e-06
353893.1695490984 1.1250749906120081e-06
364253.3115449638 1.062070055990905e-06
374916.74433988857 1.0025889890788845e-06
385892.3467029899 9.464351906005042e-07
397189.25732733024 8.934229658851291e-07
408816.88243912894 8.433769443428976e-07
420784.9036297398 7.961315027978837e-07
433103.2859169001 7.515302196796276e-07
445782.28604197066 7.09425385145566e-07
458832.461010084 6.696775131320314e-07
472264.67688029545 6.321548784776933e-07
486090.117813063 5.967330964773356e-07
500320.2953825999 5.632947120788525e-07
514967.0581618343 5.31728823795977e-07
530042.6015879672 5.01930713406928e-07
545559.4781168514 4.738014910822541e-07
561530.6076746266 4.4724780801555907e-07
577969.2884153313 4.2218150926589567e-07
594889.2077934331 3.985193637463218e-07
612304.4539605178 3.761827922837773e-07
630229.5274956024 3.5509760725086495e-07
648679.3534788508 3.3519375605492145e-07
667669.2939187557 3.164051070574759e-07
687215.1605431122 2.986692277790726e-07
707333.2279644439 2.819271708186987e-07
728040.2472308562 2.661232829170566e-07
749353.4597735757 2.5120502944906373e-07
771290.6117627992 2.3712281313037791e-07
793869.9688838223 2.238298023671867e-07
817110.3315457187 2.1128179625043183e-07
841031.0505352605 1.9943706062020305e-07
865652.0431290936 1.882562007745677e-07
890993.8096776098 1.7770202453512042e-07
917077.4506742931 1.677394188131117e-07
943924.6843247664 1.5833524546212062e-07
971557.8646301847 1.4945820627224522e-07
1000000.0 1.410787716099005e-07
