10.0 0.003948213822228314
10.292747724096083 0.003949968003323629
10.59406557118851 0.003951570330858774
10.904204429677526 0.003953025984354403
11.223422532664179 0.003954339723698918
11.551985672964793 0.0039555159035327605
11.890167424419898 0.003956558487081216
12.238249369681931 0.003957471059474306
12.596521334671401 0.003958256840509435
12.965281629896682 0.003958918696993685
13.344837298838383 0.003959459154631054
13.735504373605137 0.003959880409560686
14.137608138073606 0.003960184339548011
14.551483398731937 0.003960372514904
14.977474763452017 0.0039604462092115815
15.415936928422726 0.003960406409886188
15.867234973483178 0.0039602538286533685
16.331744666101677 0.003959988912010906
16.80985277425364 0.003959611851775723
17.301957388458945 0.003959122595694338
17.808468253246822 0.0039585208583212544
18.329807108324356 0.003957806132136337
18.866408039732583 0.003956977699016874
19.418717841282557 0.00395603464214334
19.987196386572506 0.0039549758584005714
20.57231701189556 0.0039538000713225455
21.174566910357118 0.003952505844665582
21.794447537529855 0.003951091596671666
22.432475028984193 0.003949555615039257
23.089180630041927 0.003947896072649748
23.765111138110754 0.0039461110440824005
24.46082935796799 0.0039441985229119285
25.17691457037277 0.003942156439761788
25.913963014396586 0.003939982681105438
26.672588383874054 0.003937675108786681
27.453422338387142 0.003935231580079798
28.257115029208283 0.003932649968293341
29.08433564064048 0.0039299281837074694
29.935772947204903 0.00392706419471952
30.812135887140037 0.003924056048956856
31.714154152689986 0.003920901894137238
32.642578797673224 0.003917599998424164
33.59818286283781 0.003914148769962987
34.58176201952381 0.0039105467752546365
35.594135232168604 0.003906792756048898
36.63614544020716 0.0039028856443061163
37.708660259934554 0.0038988245749381843
38.81257270691538 0.003894608895814075
39.9488019395417 0.0038902381746732865
41.118294024358306 0.003885712202544271
42.322022723792756 0.0038810309932861475
43.56099030694608 0.00387619477881221
44.83622838411908 0.0038712039997947224
46.148798765769385 0.0038660592914770008
47.499794346614124 0.003860761464398029
48.890340015614456 0.00385531147987152
50.32159359259993 0.003849710420153833
51.7947467923121 0.0038439594532930083
53.31102621667033 0.003838059792709003
54.87169437608604 0.0038320126517826926
56.47805074067555 0.00382581919361168
58.131432822247135 0.003819480476347348
59.83321728796288 0.003812997394546877
61.58482110660264 0.003806370617037551
63.38770272838487 0.003799600521885167
65.24336329932625 0.003792687129060261
67.15334791115141 0.003785630031501927
69.11924688779365 0.00377842832523464
71.14269710955735 0.0037710805392436467
73.22538337604533 0.0037635845657778386
75.36903980898542 0.0037559375917278343
77.57545129612417 0.003748136031692299
79.84645497739086 0.0037401754633185277
82.18394177456803 0.0037320505653664657
84.58985796574301 0.0037237550589356754
87.06620680585127 0.00371528165228129
89.61505019466045 0.0037066219893403794
92.23851039358476 0.003697766602340765
94.9387717927583 0.0036887048684826297
97.71808272983904 0.0036794249708605943
100.57875736205835 0.0036699138635433366
103.52317759307378 0.0036601572408454
106.55379505623053 0.003650139510685115
109.67313315588179 0.0036398437719148344
112.88378916846884 0.0036292517955848493
116.18843640511002 0.0036183440099828526
119.58982643749793 0.0036070994894025817
123.09079138896018 0.0035954959466280773
126.69424629259063 0.003583509729116122
130.40319151841317 0.003571115818926873
134.2207152716012 0.003558287836622394
138.14999616383224 0.0035449980492679237
142.19430585991677 0.003531217382923296
146.357011801908 0.0035169154400119277
150.64158001295928 0.0035020605220743095
155.05157798326255 0.003486619658613476
159.5906776404731 0.003470558642732204
164.26265840709303 0.003453842074450676
169.071410347358 0.0034364334127495073
174.0209374062485 0.0034182950375006844
179.115360743323 0.0033993883224798715
184.3589221641488 0.0033796737209832303
189.75598765218504 0.003359110865481401
195.3110510040631 0.003337658683096151
201.02873757128856 0.0033152755286023974
206.913808111479 0.0032919193369148536
212.97116275234782 0.0032675477971227584
219.20584507173257 0.00324211855012862
225.62304629706352 0.003215589412170683
232.22810962777245 0.0031879186264666196
239.02653468423918 0.003159065145341482
246.02398208697775 0.003128988945164616
253.22627816987946 0.0030976513764204966
260.63941983143474 0.003065015551234869
268.26957952797244 0.0030310467705178534
276.1231104130753 0.002995712992797289
284.2065516274511 0.002958985346615395
292.5266337436645 0.0029208386880671773
301.09028437025927 0.002881252204822155
309.9046339199427 0.002840210067545203
318.97702154663216 0.002797702129119696
328.3150012563047 0.0027537246716464077
337.9263481967431 0.0027082812005381697
347.819065131413 0.0026613832842610216
358.00138910285807 0.0026130514376633027
368.48179829116765 0.0025633160458852964
379.26901907322497 0.0025122183249952556
390.37203328860926 0.00245981131453689
401.8000857182091 0.0024061608962972544
413.5626917817706 0.0023513468324923383
425.66964546078714 0.002295463815725699
438.13102745333055 0.0022386225220770066
450.9572135676145 0.0021809506579389126
464.15888336127773 0.0021225939902678255
477.7470290335773 0.0020637173496455352
491.73296457790156 0.0020045055947957163
506.1283352022219 0.0019451645272135572
520.9451270253212 0.001885921744555687
536.1956770568817 0.0018270274217232604
551.892683469738 0.001768755009234557
568.0492161728429 0.0017114018394342378
584.6787276937589 0.0016552896322994662
601.7950643797334 0.0016007648942656196
619.412477926676 0.0015481992052650407
637.5456372456507 0.0014979893914871373
656.2096406767555 0.001450557583606267
675.4200285605586 0.0014063511628751235
695.1927961775606 0.001365842600081083
715.5444070664574 0.0013295291951695846
736.4918067322965 0.0012979327278372411
758.0524367559261 0.001271599031969765
780.2442493165045 0.0012510975091604495
803.0857221391512 0.001237020598234846
826.5958738801812 0.0012299832196325576
850.7942799627444 0.001230622214261465
875.7010888760508 0.0012395957972482013
901.3370389517438 0.001257583047010748
927.7234756314059 0.0012852834494845762
954.8823692395666 0.00132341651637986
982.8363332770031 0.0013727214945998606
1011.6086432495807 0.0014339571819205373
1041.2232560483055 0.0015079018613793228
1071.7048298967104 0.0015953533638398292
1103.078744882215 0.0016971292649951746
1135.3711240885177 0.0018140672193622076
1168.608855346651 0.0019470254303177157
1202.8196136227775 0.0020968832512725808
1238.0318840613968 0.0022645419094211817
1274.2749857031336 0.002450925339668948
1311.5790958968503 0.002656981112826831
1349.9752754264298 0.002883681438516722
1389.4954943731375 0.0031320242201819883
1430.172658735088 0.0034030341362577465
1472.0406378260013 0.0036977637189275886
1515.134292476053 0.004017294399046365
1559.4895040582815 0.004362737483512455
1605.1432043647615 0.004735235029034435
1652.1334063573702 0.0051359605742040335
1700.4992358187922 0.005566119689871685
1750.2809639301013 0.006026950306083462
1801.520040802024 0.006519722772219886
1854.2591299878522 0.007045739605471496
1908.542144006686 0.00760633488149633
1964.4142809066266 0.008202873219971955
2021.9220618983536 0.008836748316618927
2081.1133700903947 0.009509380972795582
2142.037490358383 0.010222216573008577
2204.7451503814746 0.010976721960851523
2269.288562880081 0.011774381664047193
2335.7214690901214 0.012616693420252857
2404.0991835099717 0.013505162956716294
2474.47863995735 0.01444129797934259
2546.91843897454 0.0154266013297079
2621.478896621356 0.016462563272958915
2698.222094696536 0.017550652884838442
2777.211932429355 0.01869230851284928
2858.5141796844714 0.019888927294614157
2942.196531724374 0.021141853726286762
3028.3286655749457 0.02245236728508849
3116.9822980411436 0.023821669123127297
3208.2312454210773 0.02525086786441518
3302.1514849681753 0.026740964553375778
3398.8212181526674 0.028292836821338114
3498.320935775036 0.02990722235697723
3600.73348498562 0.03158470178750834
3706.144138266228 0.03332568109931304
3814.640664431178 0.03513037374884255
3926.3134017068355 0.03699878263736576
4041.2553329506004 0.03893068214478028
4159.562163071847 0.04092560043886938
4281.332398719392 0.042982802295098634
4406.667430301786 0.04510127267853163
4535.671616408702 0.04727970135224548
4668.45237070379 0.049516468785163276
4805.1202513612425 0.05180963363558281
4945.789053120639 0.05415692208424627
5090.575902036681 0.05655571928163977
5239.601353002645 0.05900306315810171
5392.98949012887 0.061495640821643716
5550.868030059805 0.06402978773740083
5713.36842831558 0.06660148984379251
5880.625988746757 0.06920638871523595
6052.779976193349 0.07183978982908816
6229.973732441841 0.07449667393756315
6412.354795576917 0.07717171148424162
6600.075022827095 0.07985927994105439
6793.290717006696 0.0825534838775708
6992.162756659375 0.08524817751118585
7196.856730011514 0.0879369894268136
7407.543072847163 0.09061334909992162
7624.397210419138 0.09327051480856231
7847.5997035146065 0.09590160248075368
8077.3363987967105 0.09849961499387098
8313.798583547334 0.10105747142424731
8557.183144940002 0.10356803573809387
8807.692733975462 0.1060241444198258
9065.53593421636 0.10841863255015913
9330.927435461663 0.11074435787405701
9604.08821250538 0.1129942224357417
9885.24570912827 0.11516119140423062
10174.634027476064 0.11723830876564237
10472.494122981476 0.11921870961671843
10779.074004992735 0.12109562885518405
11094.628943275218 0.12286240612517903
11419.421680558647 0.12451248693777618
11753.722651306367 0.12603941994615458
12097.810206889013 0.12743685041046598
12451.97084735032 0.1286985099377589
12816.499459957597 0.129818202626477
13191.699564735716 0.13078978778191191
13577.883567189278 0.1316071593990622
13975.373018422924 0.1322642226311148
14384.498882876629 0.13275486747697077
14805.6018138991 0.1330729399286611
15239.032437388305 0.13321221082094362
15685.151643735446 0.13316634262053398
16144.330888316019 0.13292885438297833
16616.952500776908 0.13249308509102348
17103.41000337838 0.1318521555712228
17604.108438655527 0.1309989291656738
18119.46470667122 0.1299259713142863
18649.907912142942 0.1286255081807008
19195.87972173111 0.12708938443222792
19757.834731786996 0.12530902026213545
20336.2408468667 0.12327536772118866
20931.579669325736 0.1209788664055709
21544.346900318822 0.11840939853004143
22175.052752539294 0.1155562433991737
22824.222375040976 0.11240803127556132
23492.396290496577 0.10895269663244564
24180.13084525718 0.10517743076930049
24887.998672586673 0.10106863376251929
25616.589169457267 0.0966118657197329
26366.508987303554 0.09179179730517593
27138.3825371428 0.08659215950515073
27932.85250948253 0.0809956926069204
28750.580409448772 0.07498409437130953
29592.247107579577 0.06853796738881476
30458.55340674284 0.06163676562129871
31350.220625651124 0.05425874014624894
32267.991199458116 0.04638088413815976
33212.62929793748 0.03797887714189102
34184.92146175927 0.02902702871598766
35185.677257392665 0.019498221549871537
36215.72995118075 0.009363854187518799
37275.93720314938 -0.0014062164779728352
38367.18178112649 -0.01284373273989236
39490.37229576694 -0.02498209340666389
40646.44395709628 -0.03785641064643163
41836.359353200234 -0.051503566026014316
43061.10925171165 -0.06596226537634062
44321.713424760856 -0.08127309206652819
45619.221498074585 -0.09747855821630966
46954.71382493421 -0.11462315332191744
48329.30238571752 -0.13275338971260253
49744.13171377451 -0.15191784419654383
51200.37984840882 -0.17216719519398696
52699.259315756564 -0.19355425459434467
54242.01813838024 -0.2161339935128796
55829.94087441914 -0.23996356106235683
57464.34968715974 -0.2651022951968397
59146.605445917456 -0.29161172462998086
60878.108859147556 -0.31955556078019887
62660.30164072656 -0.34899967865145953
64494.667710376205 -0.38001208552290844
66382.73442923075 -0.4126628762959259
68326.07387157406 -0.4470241743342628
70326.30413380644 -0.483170056635343
72385.09068173247 -0.5211764621906146
74504.14773728917 -0.5611210824318449
76685.2397058701 -0.6030832327221225
78930.18264543568 -0.6471437039371049
81240.84577862974 -0.6933845932950233
83619.15304916317 -0.7418891137371465
86067.08472376158 -0.792741381333951
88586.67904100832 -0.8460261803973712
91180.03390845681 -0.9018287062185402
93849.3086494272 -0.9602342856199814
96596.72580093842 -1.021328075814814
99424.57296427398 -1.0851947423954886
102335.20470972576 -1.1519181176335194
105331.04453709359 -1.2215808406504516
108414.5868935835 -1.2942639814161918
111588.3992507748 -1.3700466509360265
114855.12424239368 -1.4490056003933172
118217.48186466724 -1.5312148124128024
121678.27174109229 -1.61674508798902
125240.3754535072 -1.7056636329740749
128906.75894140244 -1.7980336483273929
132680.47497147243 -1.8939139285868398
136564.66567946097 -1.9933584732120226
140562.56518642136 -2.0964161155683243
144677.5022915648 -2.2031301743533858
148912.90324394088 -2.313538132209431
153272.2945952612 -2.4276713461093706
157759.30613623615 -2.5455547938481877
162377.67391887208 -2.6672068606157846
167131.2433672486 -2.792639169173239
172023.97247935992 -2.9218564566107452
177059.9351226898 -3.054856500039974
182243.32442626648 -3.1916300928792256
187578.45627201613 -3.3321610726429842
193069.77288832495 -3.4764264003649084
198721.84654880533 -3.6243962909843166
204539.38337933904 -3.77603439323293
210527.22727657072 -3.9312980167891713
216690.3639411181 -4.090138403744558
223033.9250288494 -4.25250104076686
229563.19242369095 -4.418326007766831
236283.6026355175 -4.587548358391834
243200.7513267945 -4.760098527292139
250320.39797173254 -4.935902758841381
257648.47065183744 -5.114883551843969
265191.0709918535 -5.296960114731748
272954.4792402007 -5.482048825830518
280945.1594981406 -5.670063693463206
289169.76510202966 -5.860916810935514
297635.14416313195 -6.054518801810474
306348.3452696084 -6.250779251307478
315316.62335543614 -6.44960712014221
324547.44574113254 -6.650911137640135
334048.4983513244 -6.854600171494819
343827.6921143307 -7.060583572085157
353893.1695490984 -7.268771489801042
364253.3115449638 -7.479075164343217
374916.74433988857 -7.691407185447256
385892.3467029899 -7.905681724929899
397189.25732733024 -8.121814740356466
408816.88243912894 -8.339724150983068
420784.9036297398 -8.559329986928777
433103.2859169001 -8.780554512783397
445782.28604197066 -9.003322327056889
458832.461010084 -9.227560439027815
472264.67688029545 -9.453198324653844
486090.117813063 -9.68016796327243
500320.2953825999 -9.908403856847748
514967.0581618343 -10.137843033514944
530042.6015879672 -10.368425037141327
545559.4781168514 -10.600091904570112
561530.6076746266 -10.83278813213865
577969.2884153313 -11.066460632977869
594889.2077934331 -11.30105868650226
612304.4539605178 -11.53653388139748
630229.5274956024 -11.772840053305202
648679.3534788508 -12.009933218297888
667669.2939187557 -12.247771503129457
687215.1605431122 -12.486315073143487
707333.2279644439 -12.725526058622084
728040.2472308562 -12.965368480263093
749353.4597735757 -13.205808174385435
771290.6117627992 -13.446812718379753
793869.9688838223 -13.688351356846544
817110.3315457187 -13.93039492879401
841031.0505352605 -14.1729157962064
865652.0431290936 -14.415887774236786
890993.8096776098 -14.659286063229032
917077.4506742931 -14.90308718272847
943924.6843247664 -15.147268907602827
971557.8646301847 -15.391810206360796
1000000.0 -15.636691181725874
