10.0 -0.19590433018067985
10.292747724096083 -0.19617589245365058
10.59406557118851 -0.19643065884772315
10.904204429677526 -0.19666931185027625
11.223422532664179 -0.19689250299766808
11.551985672964793 -0.1971008533996296
11.890167424419898 -0.19729495436808958
12.238249369681931 -0.19747536813860755
12.596521334671401 -0.19764262867415716
12.965281629896682 -0.19779724254200043
13.344837298838383 -0.19793968985551624
13.735504373605137 -0.19807042527383112
14.137608138073606 -0.19818987905308008
14.551483398731937 -0.19829845814367847
14.977474763452017 -0.1983965473287816
15.415936928422726 -0.19848451039956394
15.867234973483178 -0.19856269136336058
16.331744666101677 -0.19863141568087414
16.80985277425364 -0.19869099152897027
17.301957388458945 -0.19874171108538918
17.808468253246822 -0.19878385183165706
18.329807108324356 -0.1988176778703599
18.866408039732583 -0.19884344125237655
19.418717841282557 -0.19886138330940717
19.987196386572506 -0.19887173598643626
20.57231701189556 -0.19887472316831203
21.174566910357118 -0.1988705619937884
21.794447537529855 -0.1988594641497345
22.432475028984193 -0.19884163713759007
23.089180630041927 -0.19881728550314062
23.765111138110754 -0.19878661202041265
24.46082935796799 -0.1987498188196743
25.17691457037277 -0.19870710844901315
25.913963014396586 -0.19865868485891408
26.672588383874054 -0.19860475429888352
27.453422338387142 -0.19854552611538112
28.257115029208283 -0.1984812134407385
29.08433564064048 -0.1984120337631901
29.935772947204903 -0.19833820936915134
30.812135887140037 -0.19825996765024123
31.714154152689986 -0.19817754126859594
32.642578797673224 -0.19809116817633723
33.59818286283781 -0.19800109148671607
34.58176201952381 -0.1979075591967715
35.594135232168604 -0.19781082376376438
36.63614544020716 -0.19771114154034114
37.708660259934554 -0.197608772075328
38.81257270691538 -0.1975039772904287
39.9488019395417 -0.19739702054465358
41.118294024358306 -0.19728816560101156
42.322022723792756 -0.1971776755117312
43.56099030694608 -0.19706581143974256
44.83622838411908 -0.19695283143570289
46.148798765769385 -0.19683898919011703
47.499794346614124 -0.19672453278076843
48.890340015614456 -0.19660970343534853
50.32159359259993 -0.19649473432843043
51.7947467923121 -0.1963798494310304
53.31102621667033 -0.19626526242923467
54.87169437608604 -0.19615117572682206
56.47805074067555 -0.1960377795442597
58.131432822247135 -0.1959252511244888
59.83321728796288 -0.19581375405311507
61.58482110660264 -0.1957034376981861
63.38770272838487 -0.1955944367721689
65.24336329932625 -0.1954868710161617
67.15334791115141 -0.19538084500436007
69.11924688779365 -0.1952764480641951
71.14269710955735 -0.19517375430624984
73.22538337604533 -0.19507282275604773
75.36903980898542 -0.194973697578666
77.57545129612417 -0.19487640838622355
79.84645497739086 -0.19478097061739175
82.18394177456803 -0.19468738597794943
84.58985796574301 -0.19459564293092899
87.06620680585127 -0.19450571722531587
89.61505019466045 -0.19441757245241836
92.23851039358476 -0.1943311606195766
94.9387717927583 -0.19424642273141274
97.71808272983904 -0.19416328936980407
100.57875736205835 -0.19408168126437553
103.52317759307378 -0.19400150984631884
106.55379505623053 -0.19392267777922798
109.67313315588179 -0.19384507946159318
112.88378916846884 -0.193768601496359
116.18843640511002 -0.1936931231241502
119.58982643749793 -0.19361851661704618
123.09079138896018 -0.19354464763123197
126.69424629259063 -0.19347137551692398
130.40319151841317 -0.19339855358504104
134.2207152716012 -0.19332602933057186
138.14999616383224 -0.1932536446128931
142.19430585991677 -0.19318123579415455
146.357011801908 -0.19310863383683768
150.64158001295928 -0.19303566436233985
155.05157798326255 -0.19296214767233114
159.5906776404731 -0.19288789873535606
164.26265840709303 -0.19281272714100545
169.071410347358 -0.19273643702444163
174.0209374062485 -0.19265882696423722
179.115360743323 -0.1925796898565182
184.3589221641488 -0.19249881276882083
189.75598765218504 -0.1924159767771172
195.3110510040631 -0.19233095678964904
201.02873757128856 -0.19224352136151457
206.913808111479 -0.19215343250411518
212.97116275234782 -0.19206044549378526
219.20584507173257 -0.19196430868423514
225.62304629706352 -0.1918647633277443
232.22810962777245 -0.19176154341029433
239.02653468423918 -0.19165437550626102
246.02398208697775 -0.19154297865852699
253.22627816987946 -0.1914270642905066
260.63941983143474 -0.1913063361567251
268.26957952797244 -0.191180490339307
276.1231104130753 -0.19104921529797347
284.2065516274511 -0.19091219198192533
292.5266337436645 -0.1907690940121552
301.09028437025927 -0.1906195879434885
309.9046339199427 -0.19046333361611742
318.97702154663216 -0.19029998460665734
328.3150012563047 -0.19012918878952248
337.9263481967431 -0.18995058901950862
347.819065131413 -0.18976382394689048
358.00138910285807 -0.18956852897669452
368.48179829116765 -0.1893643373836201
379.26901907322497 -0.18915088159426854
390.37203328860926 -0.18892779464810702
401.8000857182091 -0.18869471184798162
413.5626917817706 -0.18845127261057687
425.66964546078714 -0.18819712252609222
438.13102745333055 -0.18793191563533007
450.9572135676145 -0.18765531693059861
464.15888336127773 -0.18736700508519477
477.7470290335773 -0.1870666754135614
491.73296457790156 -0.18675404306165225
506.1283352022219 -0.18642884642385998
520.9451270253212 -0.18609085077905407
536.1956770568817 -0.18573985213433475
551.892683469738 -0.18537568126072057
568.0492161728429 -0.1849982078997096
584.6787276937589 -0.1846073451150244
601.7950643797334 -0.18420305375788598
619.412477926676 -0.18378534700882646
637.5456372456507 -0.1833542949532718
656.2096406767555 -0.18291002914258647
675.4200285605586 -0.1824527470868862
695.1927961775606 -0.18198271662102808
715.5444070664574 -0.18150028008095004
736.4918067322965 -0.18100585822396403
758.0524367559261 -0.18049995382417527
780.2442493165045 -0.17998315487294272
803.0857221391512 -0.17945613731455484
826.5958738801812 -0.1789196672487915
850.7942799627444 -0.17837460253569654
875.7010888760508 -0.17782189374300017
901.3370389517438 -0.17726258438345854
927.7234756314059 -0.17669781039843613
954.8823692395666 -0.17612879885424593
982.8363332770031 -0.17555686582979868
1011.6086432495807 -0.17498341348719892
1041.2232560483055 -0.17440992633116248
1071.7048298967104 -0.17383796667754972
1103.078744882215 -0.1732691693662872
1135.3711240885177 -0.17270523576821506
1168.608855346651 -0.17214792714897192
1202.8196136227775 -0.17159905746554208
1238.0318840613968 -0.17106048568116589
1274.2749857031336 -0.17053410769321176
1311.5790958968503 -0.1700218479740184
1349.9752754264298 -0.1695256510280639
1389.4954943731375 -0.16904747276897086
1430.172658735088 -0.16858927191696554
1472.0406378260013 -0.1681530015119395
1515.134292476053 -0.16774060062859986
1559.4895040582815 -0.16735398636949564
1605.1432043647615 -0.16699504619866715
1652.1334063573702 -0.16666563066395954
1700.4992358187922 -0.16636754654014058
1750.2809639301013 -0.16610255040859118
1801.520040802024 -0.16587234267242013
1854.2591299878522 -0.16567856198975575
1908.542144006686 -0.1655227800924082
1964.4142809066266 -0.16540649694304876
2021.9220618983536 -0.16533113617169817
2081.1133700903947 -0.1652980407220898
2142.037490358383 -0.16530846863035042
2204.7451503814746 -0.16536358885345045
2269.288562880081 -0.16546447706182826
2335.7214690901214 -0.16561211131098647
2404.0991835099717 -0.16580736750978808
2474.47863995735 -0.16605101460874874
2546.91843897454 -0.16634370944026539
2621.478896621356 -0.1666859911536388
2698.222094696536 -0.16707827520119178
2777.211932429355 -0.16752084684760543
2858.5141796844714 -0.1680138541923935
2942.196531724374 -0.1685573007148537
3028.3286655749457 -0.16915103737214543
3116.9822980411436 -0.16979475430330537
3208.2312454210773 -0.1704879722151088
3302.1514849681753 -0.17123003354946653
3398.8212181526674 -0.17202009355529044
3498.320935775036 -0.17285711141103247
3600.73348498562 -0.1737398415659511
3706.144138266228 -0.17466682548840867
3814.640664431178 -0.17563638402764134
3926.3134017068355 -0.176646610610362
4041.2553329506004 -0.17769536550501644
4159.562163071847 -0.17878027139382352
4281.332398719392 -0.17989871049490447
4406.667430301786 -0.18104782347376921
4535.671616408702 -0.18222451037437495
4668.45237070379 -0.18342543378496123
4805.1202513612425 -0.1846470244320506
4945.789053120639 -0.18588548936819257
5090.575902036681 -0.187136822884855
5239.601353002645 -0.18839682024191284
5392.98949012887 -0.18966109426017577
5550.868030059805 -0.19092509477411496
5713.36842831558 -0.19218413088925412
5880.625988746757 -0.1934333959343449
6052.779976193349 -0.19466799494308606
6229.973732441841 -0.19588297444577002
6412.354795576917 -0.1970733542990568
6600.075022827095 -0.19823416123364973
6793.290717006696 -0.19936046375606398
6992.162756659375 -0.20044740800368221
7196.856730011514 -0.20149025412218552
7407.543072847163 -0.2024844127127323
7624.397210419138 -0.20342548088305903
7847.5997035146065 -0.20430927743212457
8077.3363987967105 -0.2051318767027916
8313.798583547334 -0.20588964064999032
8557.183144940002 -0.20657924869339184
8807.692733975462 -0.20719772495262145
9065.53593421636 -0.20774246249864686
9330.927435461663 -0.20821124429691013
9604.08821250538 -0.2086022605642412
9885.24570912827 -0.20891412231212975
10174.634027476064 -0.2091458709029112
10472.494122981476 -0.20929698350086778
10779.074004992735 -0.20936737435750963
11094.628943275218 -0.20935739192776023
11419.421680558647 -0.20926781187070112
11753.722651306367 -0.20909982604464872
12097.810206889013 -0.2088550276604465
12451.97084735032 -0.20853539280807035
12816.499459957597 -0.20814325862024036
13191.699564735716 -0.20768129838040839
13577.883567189278 -0.20715249392205415
13975.373018422924 -0.2065601056998886
14384.498882876629 -0.20590764094135589
14805.6018138991 -0.20519882030756195
15239.032437388305 -0.2044375435062517
15685.151643735446 -0.20362785430583338
16144.330888316019 -0.2027739053968898
16616.952500776908 -0.2018799235383893
17103.41000337838 -0.20095017540787208
17604.108438655527 -0.19998893455031225
18119.46470667122 -0.1990004497886892
18649.907912142942 -0.19798891542200772
19195.87972173111 -0.19695844349412697
19757.834731786996 -0.19591303837072668
20336.2408468667 -0.19485657381318383
20931.579669325736 -0.19379277268811756
21544.346900318822 -0.1927251894016178
22175.052752539294 -0.19165719509830337
22824.222375040976 -0.19059196561911126
23492.396290496577 -0.1895324721685111
24180.13084525718 -0.18848147460307546
24887.998672586673 -0.187441517218857
25616.589169457267 -0.18641492688643058
26366.508987303554 -0.18540381335861641
27138.3825371428 -0.184410071558201
27932.85250948253 -0.18343538564034445
28750.580409448772 -0.18248123461698848
29592.247107579577 -0.18154889932816917
30458.55340674284 -0.18063947054696908
31350.220625651124 -0.1797538580102846
32267.991199458116 -0.17889280017667059
33212.62929793748 -0.17805687452388763
34184.92146175927 -0.17724650821225554
35185.677257392665 -0.17646198895495402
36215.72995118075 -0.17570347595241873
37275.93720314938 -0.17497101076412444
38367.18178112649 -0.17426452800784054
39490.37229576694 -0.17358386579220006
40646.44395709628 -0.1729287758044107
41836.359353200234 -0.1722989329891522
43061.10925171165 -0.1716939447687543
44321.713424760856 -0.17111335976721287
45619.221498074585 -0.1705566760118719
46954.71382493421 -0.1700233485968079
48329.30238571752 -0.16951279680077788
49744.13171377451 -0.16902441066031143
51200.37984840882 -0.16855755700495972
52699.259315756564 -0.16811158496709927
54242.01813838024 -0.16768583098331122
55829.94087441914 -0.1672796233074823
57464.34968715974 -0.1668922860588095
59146.605445917456 -0.16652314282948577
60878.108859147556 -0.16617151987836867
62660.30164072656 -0.16583674893743983
64494.667710376205 -0.16551816965836202
66382.73442923075 -0.16521513172597993
68326.07387157406 -0.1649269966654193
70326.30413380644 -0.16465313936852638
72385.09068173247 -0.1643929493645473
74504.14773728917 -0.16414583185870327
76685.2397058701 -0.16391120856135064
78930.18264543568 -0.16368851832885914
81240.84577862974 -0.16347721763619116
83619.15304916317 -0.16327678089977246
86067.08472376158 -0.16308670066783099
88586.67904100832 -0.16290648769422103
91180.03390845681 -0.1627356709102988
93849.3086494272 -0.16257379730821936
96596.72580093842 -0.162420431747996
99424.57296427398 -0.1622751566992847
102335.20470972576 -0.16213757192797906
105331.04453709359 -0.1620072941366789
108414.5868935835 -0.1618839565671788
111588.3992507748 -0.1617672085721036
114855.12424239368 -0.16165671516232893
118217.48186466724 -0.16155215653582417
121678.27174109229 -0.161453227592972
125240.3754535072 -0.161359637442907
128906.75894140244 -0.16127110890463886
132680.47497147243 -0.1611873780064636
136564.66567946097 -0.16110819348656152
140562.56518642136 -0.16103331629722983
144677.5022915648 -0.16096251911499407
148912.90324394088 -0.16089558585838282
153272.2945952612 -0.16083231121480443
157759.30613623615 -0.16077250017790434
162377.67391887208 -0.1607159675963277
167131.2433672486 -0.1606625377347024
172023.97247935992 -0.16061204384752453
177059.9351226898 -0.16056432776633428
182243.32442626648 -0.16051923950056116
187578.45627201613 -0.16047663685222982
193069.77288832495 -0.16043638504457325
198721.84654880533 -0.1603983563646288
204539.38337933904 -0.16036242981970014
210527.22727657072 -0.16032849080754213
216690.3639411181 -0.16029643080008132
223033.9250288494 -0.16026614704043995
229563.19242369095 -0.1602375422529456
236283.6026355175 -0.1602105243658607
243200.7513267945 -0.1601850062464373
250320.39797173254 -0.16016090544800698
257648.47065183744 -0.1601381439686534
265191.0709918535 -0.16011664802115988
272954.4792402007 -0.16009634781379117
280945.1594981406 -0.16007717734156507
289169.76510202966 -0.16005907418754653
297635.14416313195 -0.16004197933386077
306348.3452696084 -0.16002583698197564
315316.62335543614 -0.16001059438190413
324547.44574113254 -0.1599962016699288
334048.4983513244 -0.15998261171450112
343827.6921143307 -0.1599697799699467
353893.1695490984 -0.15995766433762493
364253.3115449638 -0.15994622503422515
374916.74433988857 -0.1599354244668394
385892.3467029899 -0.15992522711450266
397189.25732733024 -0.15991559941594194
408816.88243912894 -0.15990650966314313
420784.9036297398 -0.15989792790056
433103.2859169001 -0.15988982582961503
445782.28604197066 -0.15988217671823182
458832.461010084 -0.1598749553152361
472264.67688029545 -0.15986813776925685
486090.117813063 -0.15986170155199167
500320.2953825999 -0.15985562538557788
514967.0581618343 -0.1598498891738667
530042.6015879672 -0.15984447393741694
545559.4781168514 -0.1598393617519532
561530.6076746266 -0.15983453569021508
577969.2884153313 -0.15982997976691918
594889.2077934331 -0.15982567888670912
612304.4539605178 -0.15982161879497436
630229.5274956024 -0.15981778603132016
648679.3534788508 -0.15981416788559072
667669.2939187557 -0.15981075235628406
687215.1605431122 -0.15980752811127516
707333.2279644439 -0.15980448445065115
728040.2472308562 -0.1598016112716304
749353.4597735757 -0.15979889903539726
771290.6117627992 -0.15979633873571591
793869.9688838223 -0.15979392186936475
817110.3315457187 -0.15979164040811022
841031.0505352605 -0.159789486772316
865652.0431290936 -0.15978745380590736
890993.8096776098 -0.15978553475281354
917077.4506742931 -0.15978372323467288
943924.6843247664 -0.15978201322977625
971557.8646301847 -0.15978039905315927
1000000.0 -0.15977887533784052
