10.0 -23.416188507069148
10.53310445370937 -23.41619292812873
11.094628943275218 -23.416197826973104
11.686088553466515 -23.416203254501198
12.309079138896024 -23.41620926687534
12.965281629896682 -23.416215926015486
13.65646656794611 -23.416223300147337
14.38449888287663 -23.416231464385238
15.15134292476053 -23.41624050138769
15.95906776404731 -23.41625050199582
16.80985277425364 -23.416261565962834
17.70599351226899 -23.416273802702978
18.64990791214297 -23.416287332101685
19.644142809066278 -23.41630228531267
20.6913808111479 -23.416318805620897
21.794447537529855 -23.41633704933201
22.956319242369098 -23.41635718661404
24.180130845257207 -23.416379402411707
25.4691843897454 -23.41640389727551
26.826957952797258 -23.416430888194792
28.257115029208283 -23.416460609344636
29.76351441631318 -23.416493312757808
31.350220625651154 -23.41652926887619
33.02151484968176 -23.416568767012667
34.7819065131413 -23.416612115531585
36.63614544020716 -23.41665964197837
38.58923467029903 -23.416711692866254
40.646443957096295 -23.416768633326743
42.81332398719393 -23.416830846456907
45.095721356761466 -23.416898732484977
47.499794346614124 -23.416972707741095
50.03202953826004 -23.417053203462213
52.699259315756564 -23.417140664638275
55.50868030059805 -23.417235548858066
58.467872769375894 -23.417338325457898
61.58482110660264 -23.41744947518068
64.86793534788511 -23.417569490431415
68.32607387157402 -23.41769887662517
71.96856730011521 -23.417838154765462
75.8052436755926 -23.41798786560733
79.84645497739086 -23.418148575723595
84.10310505352605 -23.418320885638373
88.58667904100822 -23.41850544032994
93.30927435461668 -23.41870294212669
98.28363332770026 -23.418914166046317
103.52317759307378 -23.419139977500155
109.04204429677526 -23.419381352097876
114.8551242423938 -23.419639397304728
120.97810206889012 -23.419915375597657
127.42749857031335 -23.420210728501164
134.2207152716012 -23.420527101236267
141.37608138073614 -23.420866367408124
148.91290324394086 -23.42123065321183
156.85151643735477 -23.421622360898716
165.213340635737 -23.422044191010833
174.0209374062485 -23.42249916314013
183.29807108324357 -23.42299063493811
193.06977288832496 -23.423522319021465
203.36240846866724 -23.42409829762328
214.2037490358383 -23.42472303447527
225.62304629706352 -23.425401383552078
237.65111138110728 -23.4261385941296
250.32039797173255 -23.42694031134194
263.6650898730358 -23.42781257138062
277.7211932429355 -23.42876179025485
292.5266337436645 -23.42979474485231
308.1213588714002 -23.43091854484884
324.54744574113323 -23.432140593997232
341.84921461759274 -23.433468539154244
360.073348498562 -23.434910205539058
379.26901907322497 -23.43647351671848
399.48801939541704 -23.43816639822084
420.78490362974026 -23.439996663932728
443.21713424760856 -23.441971885138653
466.84523707037897 -23.444099242724178
491.73296457790156 -23.446385364103488
517.9474679231213 -23.448836147271187
545.5594781168514 -23.45145657599785
574.6434968715973 -23.4542505308709
605.2779976193349 -23.45722060253218
637.5456372456507 -23.460367914215343
671.5334791115142 -23.46369196141039
707.3332279644438 -23.46719047689114
745.0414773728917 -23.470859328937838
784.7599703514607 -23.47469245980017
826.5958738801812 -23.478681869901795
870.6620680585127 -23.482817651157948
917.0774506742931 -23.487088070128724
965.9672580093833 -23.49147969880281
1017.4634027476063 -23.495977587762344
1071.7048298967104 -23.50056547365629
1128.8378916846884 -23.505226010457033
1189.01674244199 -23.509941012165648
1252.4037545350732 -23.514691694105004
1319.1699564735716 -23.519458899425885
1389.4954943731375 -23.52422329936423
1463.5701180190797 -23.52896555721042
1541.5936928422718 -23.533666449278808
1623.776739188721 -23.538306939789297
1710.3410003378397 -23.5428682104348
1801.520040802024 -23.547331649779473
1897.5598765218504 -23.551678811561366
1998.7196386572507 -23.555891354569127
2105.272272765707 -23.559950979376453
2217.505275253932 -23.563839378741992
2335.7214690901214 -23.567538218997885
2460.239820869775 -23.57102916810841
2591.3963014396572 -23.574293983863175
2729.5447924020073 -23.577314671194554
2875.0580409448803 -23.580073712909847
3028.3286655749457 -23.582554371947108
3189.7702154663216 -23.584741057482024
3359.818286283781 -23.586619741098286
3538.9316954909877 -23.588178404376823
3727.593720314938 -23.589407494995243
3926.3134017068355 -23.590300366170492
4135.626917817706 -23.590853673300206
4356.099030694608 -23.59106770245905
4588.324610100844 -23.590946608231103
4832.930238571752 -23.590498542154123
5090.575902036681 -23.589735658691666
5361.956770568817 -23.588673991810815
5647.805074067552 -23.58733320223886
5948.892077934331 -23.585736202727077
6266.030164072656 -23.583908674998675
6600.075022827095 -23.5818784988087
6951.927961775606 -23.57967511757827
7322.538337604534 -23.577328868844756
7712.906117627992 -23.574870308820493
8124.0845778629655 -23.572329559848768
8557.183144940002 -23.569735706888455
9013.37038951743 -23.56711626516472
9493.87717927582 -23.564496735626484
10000.0 -23.56190025873928
10533.104453709382 -23.559347371226174
11094.628943275218 -23.55685586409209
11686.088553466498 -23.554440735600245
12309.079138896019 -23.552114228826078
12965.281629896688 -23.549885940592695
13656.466567946096 -23.54776298727873
14384.498882876629 -23.545750212632626
15151.342924760515 -23.54385042326205
15959.06776404731 -23.542064638931386
16809.852774253653 -23.540392346492073
17705.99351226898 -23.53883174832305
18649.907912142942 -23.537379998258675
19644.142809066267 -23.53603342001947
20691.3808111479 -23.53478770485814
21794.447537529835 -23.533638086653145
22956.319242369096 -23.53257949408238
24180.13084525718 -23.53160668023705
25469.184389745402 -23.53071433095746
26826.957952797275 -23.529897153474217
28257.115029208268 -23.52914994727794
29763.51441631313 -23.52846765938793
31350.220625651124 -23.527845425872442
33021.51484968176 -23.527278601871128
34781.90651314134 -23.526762781736096
36636.14544020716 -23.52629381117842
38589.23467029899 -23.52586779283453
40646.44395709628 -23.525481086573464
42813.32398719396 -23.52513030576101
45095.721356761445 -23.524812310391816
47499.79434661403 -23.524524197919575
50032.029538259994 -23.524263292470224
52699.259315756564 -23.524027133011188
55508.680300598106 -23.52381346084784
58467.87276937589 -23.523620206899558
61584.82110660255 -23.523445478926742
64867.935347885075 -23.523287549025795
68326.07387157406 -23.523144841438153
71968.56730011514 -23.523015920879335
75805.24367559262 -23.522899481406796
79846.45497739078 -23.522794335902507
84103.10505352604 -23.52269940618065
88586.67904100832 -23.522613713751138
93309.27435461663 -23.52253637120899
98283.63332770011 -23.52246657425184
103523.17759307378 -23.52240359430688
109042.04429677526 -23.522346771729726
114855.12424239368 -23.522295509546222
120978.10206889013 -23.522249267724096
127427.49857031321 -23.522207557908978
134220.7152716012 -23.522169938634136
141376.08138073614 -23.522136010928666
148912.90324394088 -23.52210541432216
156851.5164373548 -23.52207782321052
165213.34063573685 -23.52205294354343
174020.9374062485 -23.522030509819043
183298.07108324338 -23.52201028235385
193069.77288832495 -23.521992044804108
203362.40846866704 -23.521975601923376
214203.74903583832 -23.52196077752366
225623.04629706353 -23.521947412638035
237651.11138110727 -23.521935363848577
250320.39797173254 -23.521924501777388
263665.08987303555 -23.521914709724268
277721.1932429355 -23.52190588243004
292526.6337436642 -23.52189792496201
308121.35887140024 -23.52189075170817
324547.44574113254 -23.521884285461926
341849.21461759275 -23.52187845660493
360073.348498562 -23.521873202360585
379269.0190732246 -23.521868466125614
399488.019395417 -23.521864196865423
420784.9036297398 -23.521860348565898
443217.13424760854 -23.52185687974224
466845.2370703785 -23.52185375299294
491732.9645779016 -23.52185093459971
517947.46792312124 -23.52184839416625
545559.4781168514 -23.521846104288016
574643.4968715974 -23.521844040262
605277.9976193343 -23.521842179818798
637545.6372456506 -23.521840502883688
671533.4791115135 -23.521838991360184
707333.2279644439 -23.52183762893589
745041.4773728917 -23.521836400906313
784759.9703514606 -23.521835294016235
826595.8738801812 -23.521834296318094
870662.0680585118 -23.521833397042453
917077.4506742931 -23.521832586479373
965967.2580093823 -23.52183185588002
1017463.4027476063 -23.521831197356544
1071704.8298967092 -23.52183060379838
1128837.8916846884 -23.521830068797456
1189016.74244199 -23.52182958657781
1252403.7545350718 -23.521829151931772
1319169.9564735717 -23.52182876016672
1389495.494373136 -23.521828407052144
1463570.1180190798 -23.52182808877491
1541593.6928422702 -23.521827801898585
1623776.739188721 -23.521827543325216
1710341.0003378377 -23.521827310262363
1801520.0408020238 -23.52182710019344
1897559.8765218505 -23.521826910850862
1998719.6386572486 -23.521826740187247
2105272.272765707 -23.52182658636268
2217505.2752539297 -23.521826447713494
2335721.4690901213 -23.52182632274411
2460239.8208697727 -23.521826210104603
2591396.3014396573 -23.521826108578097
2729544.792402007 -23.521826017068097
2875058.040944877 -23.521825934586758
3028328.6655749455 -23.52182586024317
3189770.215466318 -23.521825793234633
3359818.286283781 -23.521825732837307
3538931.6954909842 -23.52182567839887
3727593.720314938 -23.521825629331452
3926313.4017068394 -23.521825585105024
4135626.917817706 -23.521825545242038
4356099.030694608 -23.52182550931223
4588324.61010084 -23.52182547692707
4832930.238571752 -23.521825447737378
5090575.902036676 -23.521825421427387
5361956.770568817 -23.52182539771345
5647805.074067546 -23.52182537633903
5948892.077934331 -23.52182535707382
6266030.164072656 -23.52182533970884
6600075.022827089 -23.521825324057566
6951927.961775606 -23.5218253099504
7322538.337604526 -23.521825297235004
7712906.117627992 -23.521825285774298
8124084.5778629575 -23.521825275444254
8557183.144940002 -23.52182526613346
9013370.38951742 -23.52182525774133
9493877.17927582 -23.521825250177105
10000000.0 -23.521825243359068
10533104.45370936 -23.5218252372143
11094628.943275219 -23.52182523167491
11686088.553466497 -23.52182522668322
12309079.138896018 -23.521825222183274
12965281.629896663 -23.521825218127518
13656466.567946097 -23.521825214471725
14384498.882876629 -23.521825211177383
15151342.924760515 -23.521825208207314
15959067.76404731 -23.521825205530853
16809852.774253618 -23.52182520311849
17705993.51226898 -23.521825200943923
18649907.912142944 -23.521825198983816
19644142.809066266 -23.521825197217826
20691380.811147902 -23.5218251956257
21794447.537529834 -23.52182519419069
22956319.242369097 -23.52182519289755
24180130.84525718 -23.521825191732006
25469184.3897454 -23.521825190681707
26826957.95279722 -23.52182518973459
28257115.02920827 -23.521825188881614
29763514.41631313 -23.521825188112622
31350220.62565112 -23.52182518741948
33021514.849681754 -23.521825186795162
34781906.51314127 -23.521825186232547
36636145.44020716 -23.521825185725383
38589234.67029899 -23.521825185268316
40646443.95709628 -23.5218251848569
42813323.98719387 -23.52182518448524
45095721.35676145 -23.521825184151478
47499794.346614026 -23.52182518385019
50032029.53825999 -23.52182518357897
52699259.31575657 -23.521825183334883
55508680.300597996 -23.521825183114508
58467872.7693759 -23.521825182916082
61584821.10660254 -23.521825182737153
64867935.34788508 -23.521825182576123
68326073.87157391 -23.521825182431183
71968567.30011514 -23.521825182300866
75805243.67559262 -23.52182518218251
79846454.97739078 -23.52182518207687
84103105.05352604 -23.521825181981338
88586679.04100814 -23.521825181895526
93309274.35461664 -23.521825181818162
98283633.32770011 -23.52182518174843
103523177.59307377 -23.521825181685372
109042044.29677527 -23.52182518162879
114855124.24239345 -23.521825181578127
120978102.06889038 -23.521825181531746
127427498.57031322 -23.521825181490655
134220715.2716012 -23.521825181453302
141376081.38073614 -23.52182518141956
148912903.24394056 -23.521825181389286
156851516.43735445 -23.52182518136212
165213340.63573685 -23.52182518133762
174020937.40624848 -23.521825181315535
183298071.08324376 -23.521825181295345
193069772.88832456 -23.521825181277546
203362408.46866703 -23.521825181261477
214203749.0358383 -23.52182518124645
225623046.2970626 -23.521825181233513
237651111.38110778 -23.521825181221708
250320397.97173202 -23.521825181210932
263665089.87303555 -23.521825181201535
277721193.2429355 -23.52182518119257
292526633.74366355 -23.521825181184997
308121358.87140083 -23.52182518117775
324547445.74113256 -23.521825181171376
341849214.6175927 -23.52182518116574
360073348.49856204 -23.521825181160786
379269019.0732238 -23.521825181155855
399488019.39541787 -23.521825181151975
420784903.6297398 -23.521825181148284
443217134.24760854 -23.521825181144656
466845237.07037944 -23.521825181141537
491732964.5779006 -23.52182518113887
517947467.9231202 -23.52182518113654
545559478.1168514 -23.521825181134346
574643496.8715974 -23.521825181132193
605277997.6193355 -23.521825181130293
637545637.2456493 -23.521825181128825
671533479.1115135 -23.52182518112712
707333227.9644439 -23.5218251811257
745041477.3728887 -23.521825181124424
784759970.3514622 -23.52182518112344
826595873.8801795 -23.521825181122622
870662068.0585117 -23.521825181121518
917077450.674293 -23.521825181120978
965967258.0093802 -23.521825181120114
1017463402.7476043 -23.52182518111959
1071704829.8967092 -23.52182518111896
1128837891.6846883 -23.521825181118547
1189016742.44199 -23.521825181118036
1252403754.5350692 -23.521825181117375
1319169956.473569 -23.521825181116633
1389495494.373136 -23.52182518111622
1463570118.0190797 -23.521825181116323
1541593692.8422735 -23.52182518111654
1623776739.1887176 -23.521825181115993
1710341000.337838 -23.521825181115688
1801520040.802024 -23.521825181115524
1897559876.5218503 -23.521825181114792
1998719638.6572526 -23.521825181115368
2105272272.7657027 -23.52182518111473
2217505275.2539296 -23.52182518111504
2335721469.0901213 -23.521825181114213
2460239820.8697777 -23.52182518111446
2591396301.439652 -23.5218251811149
2729544792.402002 -23.521825181114583
2875058040.944877 -23.521825181114544
3028328665.5749454 -23.521825181113947
3189770215.466325 -23.521825181113964
3359818286.2837744 -23.521825181114156
3538931695.4909844 -23.52182518111411
3727593720.314938 -23.521825181114124
3926313401.7068396 -23.52182518111411
4135626917.8176975 -23.521825181113698
4356099030.694599 -23.521825181114522
4588324610.100841 -23.52182518111396
4832930238.571753 -23.521825181113808
5090575902.036687 -23.521825181114192
5361956770.568806 -23.521825181113112
5647805074.067546 -23.52182518111428
5948892077.934331 -23.52182518111372
6266030164.072656 -23.521825181113577
6600075022.827075 -23.52182518111373
6951927961.775591 -23.52182518111432
7322538337.6045265 -23.521825181113854
7712906117.627993 -23.521825181112845
8124084577.862974 -23.52182518111373
8557183144.939984 -23.521825181113428
9013370389.51742 -23.52182518111278
9493877179.27582 -23.521825181113503
10000000000.0 -23.521825181113712
10.0 -23.416188507069148
10.53310445370937 -23.41619292812873
11.094628943275218 -23.416197826973104
11.686088553466515 -23.416203254501198
12.309079138896024 -23.41620926687534
12.965281629896682 -23.416215926015486
13.65646656794611 -23.416223300147337
14.38449888287663 -23.416231464385238
15.15134292476053 -23.41624050138769
15.95906776404731 -23.41625050199582
16.80985277425364 -23.416261565962834
17.70599351226899 -23.416273802702978
18.64990791214297 -23.416287332101685
19.644142809066278 -23.41630228531267
20.6913808111479 -23.416318805620897
21.794447537529855 -23.41633704933201
22.956319242369098 -23.41635718661404
24.180130845257207 -23.416379402411707
25.4691843897454 -23.41640389727551
26.826957952797258 -23.416430888194792
28.257115029208283 -23.416460609344636
29.76351441631318 -23.416493312757808
31.350220625651154 -23.41652926887619
33.02151484968176 -23.416568767012667
34.7819065131413 -23.416612115531585
36.63614544020716 -23.41665964197837
38.58923467029903 -23.416711692866254
40.646443957096295 -23.416768633326743
42.81332398719393 -23.416830846456907
45.095721356761466 -23.416898732484977
47.499794346614124 -23.416972707741095
50.03202953826004 -23.417053203462213
52.699259315756564 -23.417140664638275
55.50868030059805 -23.417235548858066
58.467872769375894 -23.417338325457898
61.58482110660264 -23.41744947518068
64.86793534788511 -23.417569490431415
68.32607387157402 -23.41769887662517
71.96856730011521 -23.417838154765462
75.8052436755926 -23.41798786560733
79.84645497739086 -23.418148575723595
84.10310505352605 -23.418320885638373
88.58667904100822 -23.41850544032994
93.30927435461668 -23.41870294212669
98.28363332770026 -23.418914166046317
103.52317759307378 -23.419139977500155
109.04204429677526 -23.419381352097876
114.8551242423938 -23.419639397304728
120.97810206889012 -23.419915375597657
127.42749857031335 -23.420210728501164
134.2207152716012 -23.420527101236267
141.37608138073614 -23.420866367408124
148.91290324394086 -23.42123065321183
156.85151643735477 -23.421622360898716
165.213340635737 -23.422044191010833
174.0209374062485 -23.42249916314013
183.29807108324357 -23.42299063493811
193.06977288832496 -23.423522319021465
203.36240846866724 -23.42409829762328
214.2037490358383 -23.42472303447527
225.62304629706352 -23.425401383552078
237.65111138110728 -23.4261385941296
250.32039797173255 -23.42694031134194
263.6650898730358 -23.42781257138062
277.7211932429355 -23.42876179025485
292.5266337436645 -23.42979474485231
308.1213588714002 -23.43091854484884
324.54744574113323 -23.432140593997232
341.84921461759274 -23.433468539154244
360.073348498562 -23.434910205539058
379.26901907322497 -23.43647351671848
399.48801939541704 -23.43816639822084
420.78490362974026 -23.439996663932728
443.21713424760856 -23.441971885138653
466.84523707037897 -23.444099242724178
491.73296457790156 -23.446385364103488
517.9474679231213 -23.448836147271187
545.5594781168514 -23.45145657599785
574.6434968715973 -23.4542505308709
605.2779976193349 -23.45722060253218
637.5456372456507 -23.460367914215343
671.5334791115142 -23.46369196141039
707.3332279644438 -23.46719047689114
745.0414773728917 -23.470859328937838
784.7599703514607 -23.47469245980017
826.5958738801812 -23.478681869901795
870.6620680585127 -23.482817651157948
917.0774506742931 -23.487088070128724
965.9672580093833 -23.49147969880281
1017.4634027476063 -23.495977587762344
1071.7048298967104 -23.50056547365629
1128.8378916846884 -23.505226010457033
1189.01674244199 -23.509941012165648
1252.4037545350732 -23.514691694105004
1319.1699564735716 -23.519458899425885
1389.4954943731375 -23.52422329936423
1463.5701180190797 -23.52896555721042
1541.5936928422718 -23.533666449278808
1623.776739188721 -23.538306939789297
1710.3410003378397 -23.5428682104348
1801.520040802024 -23.547331649779473
1897.5598765218504 -23.551678811561366
1998.7196386572507 -23.555891354569127
2105.272272765707 -23.559950979376453
2217.505275253932 -23.563839378741992
2335.7214690901214 -23.567538218997885
2460.239820869775 -23.57102916810841
2591.3963014396572 -23.574293983863175
2729.5447924020073 -23.577314671194554
2875.0580409448803 -23.580073712909847
3028.3286655749457 -23.582554371947108
3189.7702154663216 -23.584741057482024
3359.818286283781 -23.586619741098286
3538.9316954909877 -23.588178404376823
3727.593720314938 -23.589407494995243
3926.3134017068355 -23.590300366170492
4135.626917817706 -23.590853673300206
4356.099030694608 -23.59106770245905
4588.324610100844 -23.590946608231103
4832.930238571752 -23.590498542154123
5090.575902036681 -23.589735658691666
5361.956770568817 -23.588673991810815
5647.805074067552 -23.58733320223886
5948.892077934331 -23.585736202727077
6266.030164072656 -23.583908674998675
6600.075022827095 -23.5818784988087
6951.927961775606 -23.57967511757827
7322.538337604534 -23.577328868844756
7712.906117627992 -23.574870308820493
8124.0845778629655 -23.572329559848768
8557.183144940002 -23.569735706888455
9013.37038951743 -23.56711626516472
9493.87717927582 -23.564496735626484
10000.0 -23.56190025873928
10533.104453709382 -23.559347371226174
11094.628943275218 -23.55685586409209
11686.088553466498 -23.554440735600245
12309.079138896019 -23.552114228826078
12965.281629896688 -23.549885940592695
13656.466567946096 -23.54776298727873
14384.498882876629 -23.545750212632626
15151.342924760515 -23.54385042326205
15959.06776404731 -23.542064638931386
16809.852774253653 -23.540392346492073
17705.99351226898 -23.53883174832305
18649.907912142942 -23.537379998258675
19644.142809066267 -23.53603342001947
20691.3808111479 -23.53478770485814
21794.447537529835 -23.533638086653145
22956.319242369096 -23.53257949408238
24180.13084525718 -23.53160668023705
25469.184389745402 -23.53071433095746
26826.957952797275 -23.529897153474217
28257.115029208268 -23.52914994727794
29763.51441631313 -23.52846765938793
31350.220625651124 -23.527845425872442
33021.51484968176 -23.527278601871128
34781.90651314134 -23.526762781736096
36636.14544020716 -23.52629381117842
38589.23467029899 -23.52586779283453
40646.44395709628 -23.525481086573464
42813.32398719396 -23.52513030576101
45095.721356761445 -23.524812310391816
47499.79434661403 -23.524524197919575
50032.029538259994 -23.524263292470224
52699.259315756564 -23.524027133011188
55508.680300598106 -23.52381346084784
58467.87276937589 -23.523620206899558
61584.82110660255 -23.523445478926742
64867.935347885075 -23.523287549025795
68326.07387157406 -23.523144841438153
71968.56730011514 -23.523015920879335
75805.24367559262 -23.522899481406796
79846.45497739078 -23.522794335902507
84103.10505352604 -23.52269940618065
88586.67904100832 -23.522613713751138
93309.27435461663 -23.52253637120899
98283.63332770011 -23.52246657425184
103523.17759307378 -23.52240359430688
109042.04429677526 -23.522346771729726
114855.12424239368 -23.522295509546222
120978.10206889013 -23.522249267724096
127427.49857031321 -23.522207557908978
134220.7152716012 -23.522169938634136
141376.08138073614 -23.522136010928666
148912.90324394088 -23.52210541432216
156851.5164373548 -23.52207782321052
165213.34063573685 -23.52205294354343
174020.9374062485 -23.522030509819043
183298.07108324338 -23.52201028235385
193069.77288832495 -23.521992044804108
203362.40846866704 -23.521975601923376
214203.74903583832 -23.52196077752366
225623.04629706353 -23.521947412638035
237651.11138110727 -23.521935363848577
250320.39797173254 -23.521924501777388
263665.08987303555 -23.521914709724268
277721.1932429355 -23.52190588243004
292526.6337436642 -23.52189792496201
308121.35887140024 -23.52189075170817
324547.44574113254 -23.521884285461926
341849.21461759275 -23.52187845660493
360073.348498562 -23.521873202360585
379269.0190732246 -23.521868466125614
399488.019395417 -23.521864196865423
420784.9036297398 -23.521860348565898
443217.13424760854 -23.52185687974224
466845.2370703785 -23.52185375299294
491732.9645779016 -23.52185093459971
517947.46792312124 -23.52184839416625
545559.4781168514 -23.521846104288016
574643.4968715974 -23.521844040262
605277.9976193343 -23.521842179818798
637545.6372456506 -23.521840502883688
671533.4791115135 -23.521838991360184
707333.2279644439 -23.52183762893589
745041.4773728917 -23.521836400906313
784759.9703514606 -23.521835294016235
826595.8738801812 -23.521834296318094
870662.0680585118 -23.521833397042453
917077.4506742931 -23.521832586479373
965967.2580093823 -23.52183185588002
1017463.4027476063 -23.521831197356544
1071704.8298967092 -23.52183060379838
1128837.8916846884 -23.521830068797456
1189016.74244199 -23.52182958657781
1252403.7545350718 -23.521829151931772
1319169.9564735717 -23.52182876016672
1389495.494373136 -23.521828407052144
1463570.1180190798 -23.52182808877491
1541593.6928422702 -23.521827801898585
1623776.739188721 -23.521827543325216
1710341.0003378377 -23.521827310262363
1801520.0408020238 -23.52182710019344
1897559.8765218505 -23.521826910850862
1998719.6386572486 -23.521826740187247
2105272.272765707 -23.52182658636268
2217505.2752539297 -23.521826447713494
2335721.4690901213 -23.52182632274411
2460239.8208697727 -23.521826210104603
2591396.3014396573 -23.521826108578097
2729544.792402007 -23.521826017068097
2875058.040944877 -23.521825934586758
3028328.6655749455 -23.52182586024317
3189770.215466318 -23.521825793234633
3359818.286283781 -23.521825732837307
3538931.6954909842 -23.52182567839887
3727593.720314938 -23.521825629331452
3926313.4017068394 -23.521825585105024
4135626.917817706 -23.521825545242038
4356099.030694608 -23.52182550931223
4588324.61010084 -23.52182547692707
4832930.238571752 -23.521825447737378
5090575.902036676 -23.521825421427387
5361956.770568817 -23.52182539771345
5647805.074067546 -23.52182537633903
5948892.077934331 -23.52182535707382
6266030.164072656 -23.52182533970884
6600075.022827089 -23.521825324057566
6951927.961775606 -23.5218253099504
7322538.337604526 -23.521825297235004
7712906.117627992 -23.521825285774298
8124084.5778629575 -23.521825275444254
8557183.144940002 -23.52182526613346
9013370.38951742 -23.52182525774133
9493877.17927582 -23.521825250177105
10000000.0 -23.521825243359068
10533104.45370936 -23.5218252372143
11094628.943275219 -23.52182523167491
11686088.553466497 -23.52182522668322
12309079.138896018 -23.521825222183274
12965281.629896663 -23.521825218127518
13656466.567946097 -23.521825214471725
14384498.882876629 -23.521825211177383
15151342.924760515 -23.521825208207314
15959067.76404731 -23.521825205530853
16809852.774253618 -23.52182520311849
17705993.51226898 -23.521825200943923
18649907.912142944 -23.521825198983816
19644142.809066266 -23.521825197217826
20691380.811147902 -23.5218251956257
21794447.537529834 -23.52182519419069
22956319.242369097 -23.52182519289755
24180130.84525718 -23.521825191732006
25469184.3897454 -23.521825190681707
26826957.95279722 -23.52182518973459
28257115.02920827 -23.521825188881614
29763514.41631313 -23.521825188112622
31350220.62565112 -23.52182518741948
33021514.849681754 -23.521825186795162
34781906.51314127 -23.521825186232547
36636145.44020716 -23.521825185725383
38589234.67029899 -23.521825185268316
40646443.95709628 -23.5218251848569
42813323.98719387 -23.52182518448524
45095721.35676145 -23.521825184151478
47499794.346614026 -23.52182518385019
50032029.53825999 -23.52182518357897
52699259.31575657 -23.521825183334883
55508680.300597996 -23.521825183114508
58467872.7693759 -23.521825182916082
61584821.10660254 -23.521825182737153
64867935.34788508 -23.521825182576123
68326073.87157391 -23.521825182431183
71968567.30011514 -23.521825182300866
75805243.67559262 -23.52182518218251
79846454.97739078 -23.52182518207687
84103105.05352604 -23.521825181981338
88586679.04100814 -23.521825181895526
93309274.35461664 -23.521825181818162
98283633.32770011 -23.52182518174843
103523177.59307377 -23.521825181685372
109042044.29677527 -23.52182518162879
114855124.24239345 -23.521825181578127
120978102.06889038 -23.521825181531746
127427498.57031322 -23.521825181490655
134220715.2716012 -23.521825181453302
141376081.38073614 -23.52182518141956
148912903.24394056 -23.521825181389286
156851516.43735445 -23.52182518136212
165213340.63573685 -23.52182518133762
174020937.40624848 -23.521825181315535
183298071.08324376 -23.521825181295345
193069772.88832456 -23.521825181277546
203362408.46866703 -23.521825181261477
214203749.0358383 -23.52182518124645
225623046.2970626 -23.521825181233513
237651111.38110778 -23.521825181221708
250320397.97173202 -23.521825181210932
263665089.87303555 -23.521825181201535
277721193.2429355 -23.52182518119257
292526633.74366355 -23.521825181184997
308121358.87140083 -23.52182518117775
324547445.74113256 -23.521825181171376
341849214.6175927 -23.52182518116574
360073348.49856204 -23.521825181160786
379269019.0732238 -23.521825181155855
399488019.39541787 -23.521825181151975
420784903.6297398 -23.521825181148284
443217134.24760854 -23.521825181144656
466845237.07037944 -23.521825181141537
491732964.5779006 -23.52182518113887
517947467.9231202 -23.52182518113654
545559478.1168514 -23.521825181134346
574643496.8715974 -23.521825181132193
605277997.6193355 -23.521825181130293
637545637.2456493 -23.521825181128825
671533479.1115135 -23.52182518112712
707333227.9644439 -23.5218251811257
745041477.3728887 -23.521825181124424
784759970.3514622 -23.52182518112344
826595873.8801795 -23.521825181122622
870662068.0585117 -23.521825181121518
917077450.674293 -23.521825181120978
965967258.0093802 -23.521825181120114
1017463402.7476043 -23.52182518111959
1071704829.8967092 -23.52182518111896
1128837891.6846883 -23.521825181118547
1189016742.44199 -23.521825181118036
1252403754.5350692 -23.521825181117375
1319169956.473569 -23.521825181116633
1389495494.373136 -23.52182518111622
1463570118.0190797 -23.521825181116323
1541593692.8422735 -23.52182518111654
1623776739.1887176 -23.521825181115993
1710341000.337838 -23.521825181115688
1801520040.802024 -23.521825181115524
1897559876.5218503 -23.521825181114792
1998719638.6572526 -23.521825181115368
2105272272.7657027 -23.52182518111473
2217505275.2539296 -23.52182518111504
2335721469.0901213 -23.521825181114213
2460239820.8697777 -23.52182518111446
2591396301.439652 -23.5218251811149
2729544792.402002 -23.521825181114583
2875058040.944877 -23.521825181114544
3028328665.5749454 -23.521825181113947
3189770215.466325 -23.521825181113964
3359818286.2837744 -23.521825181114156
3538931695.4909844 -23.52182518111411
3727593720.314938 -23.521825181114124
3926313401.7068396 -23.52182518111411
4135626917.8176975 -23.521825181113698
4356099030.694599 -23.521825181114522
4588324610.100841 -23.52182518111396
4832930238.571753 -23.521825181113808
5090575902.036687 -23.521825181114192
5361956770.568806 -23.521825181113112
5647805074.067546 -23.52182518111428
5948892077.934331 -23.52182518111372
6266030164.072656 -23.521825181113577
6600075022.827075 -23.52182518111373
6951927961.775591 -23.52182518111432
7322538337.6045265 -23.521825181113854
7712906117.627993 -23.521825181112845
8124084577.862974 -23.52182518111373
8557183144.939984 -23.521825181113428
9013370389.51742 -23.52182518111278
9493877179.27582 -23.521825181113503
10000000000.0 -23.521825181113712
10.0 -64.49534070996305
10.53310445370937 -30.122741892963376
11.094628943275218 -42.00133057968692
11.686088553466515 -65.65729094928676
12.309079138896024 -84.66268798375967
12.965281629896682 -73.59181155316939
13.65646656794611 -57.46955631044561
14.38449888287663 -47.725700598414285
15.15134292476053 -62.686687810195735
15.95906776404731 -68.67035097004232
16.80985277425364 -26.891796823774534
17.70599351226899 -63.17568250776458
18.64990791214297 -35.92717286251946
19.644142809066278 -70.00022139217458
20.6913808111479 -49.26254605945475
21.794447537529855 -46.229149064136294
22.956319242369098 -45.07900980330465
24.180130845257207 -68.31085079178794
25.4691843897454 -67.90098073575454
26.826957952797258 -26.71859179369752
28.257115029208283 -60.34637372348144
29.76351441631318 -53.0901860225496
31.350220625651154 -63.37124809454487
33.02151484968176 -51.011281516549836
34.7819065131413 -43.89080592976229
36.63614544020716 -59.043607376901484
38.58923467029903 -73.66196756824922
40.646443957096295 -53.40747714633228
42.81332398719393 -58.11097828491842
45.095721356761466 -44.61451639719138
47.499794346614124 -63.06084275137414
50.03202953826004 -64.1070273897804
52.699259315756564 -62.07214930195529
55.50868030059805 -43.01935472008629
58.467872769375894 -61.65034811594857
61.58482110660264 -61.035460892950624
64.86793534788511 -45.487044780547336
68.32607387157402 -42.8695033073092
71.96856730011521 -47.41478416889913
75.8052436755926 -49.04012668893057
79.84645497739086 -55.33169735359526
84.10310505352605 -46.66276358417842
88.58667904100822 -62.70990321524671
93.30927435461668 -56.34212758913951
98.28363332770026 -44.78253588246255
103.52317759307378 -42.61375942994445
109.04204429677526 -50.90735416074268
114.8551242423938 -45.699242877494854
120.97810206889012 -45.09203378894897
127.42749857031335 -56.298233351599805
134.2207152716012 -44.82362432690627
141.37608138073614 -42.88003562079651
148.91290324394086 -41.96997191160554
156.85151643735477 -53.22885196936113
165.213340635737 -39.05799855263747
174.0209374062485 -34.2160068162343
183.29807108324357 -46.04853368124803
193.06977288832496 -46.7285547969363
203.36240846866724 -38.657648814448294
214.2037490358383 -35.87774208263441
225.62304629706352 -49.48218757341905
237.65111138110728 -30.275089839399012
250.32039797173255 -41.675006763873625
263.6650898730358 -42.199531186463794
277.7211932429355 -30.752273805018383
292.5266337436645 -50.97282119581784
308.1213588714002 -45.93129027070562
324.54744574113323 -33.33736365766847
341.84921461759274 -32.03196602249164
360.073348498562 -9.079901549130815
379.26901907322497 -46.8957367762227
399.48801939541704 -22.894507398663457
420.78490362974026 -33.427848929398834
443.21713424760856 -15.148735895820046
466.84523707037897 -25.59467156214459
491.73296457790156 -47.02152399193796
517.9474679231213 -21.41309314959274
545.5594781168514 -19.28939002529876
574.6434968715973 -35.063740278816766
605.2779976193349 -19.31671822590995
637.5456372456507 -24.658252139500117
671.5334791115142 -38.63116485400206
707.3332279644438 -46.15234593373942
745.0414773728917 -24.169181611630556
784.7599703514607 -31.58818311315585
826.5958738801812 -33.48466921919092
870.6620680585127 -43.290978542764876
917.0774506742931 -21.975695363852278
965.9672580093833 -36.45717861340137
1017.4634027476063 -26.101576776522318
1071.7048298967104 -20.277705579823582
1128.8378916846884 -26.500685444394772
1189.01674244199 -29.308186020255377
1252.4037545350732 -23.804704161384187
1319.1699564735716 -17.871259253285977
1389.4954943731375 -25.704083406694892
1463.5701180190797 -21.405083459676728
1541.5936928422718 -28.567538107377448
1623.776739188721 -18.864206692783306
1710.3410003378397 -24.4571024916513
1801.520040802024 -20.255690590469612
1897.5598765218504 -25.897207754395033
1998.7196386572507 -22.02928143784851
2105.272272765707 -16.984173270165094
2217.505275253932 -13.439512141665553
2335.7214690901214 -23.005926805102046
2460.239820869775 -27.788372452824497
2591.3963014396572 -23.61623881737269
2729.5447924020073 -29.616512244819063
2875.0580409448803 -25.19201948469263
3028.3286655749457 -24.781143790912097
3189.7702154663216 -21.617332855654695
3359.818286283781 -43.345543281300436
3538.9316954909877 -14.370357050423683
3727.593720314938 -31.278189937954615
3926.3134017068355 -22.929986818132836
4135.626917817706 -27.82250800743585
4356.099030694608 -10.175799433454708
4588.324610100844 -18.748886617945292
4832.930238571752 -10.5952781577263
5090.575902036681 -23.918202455617326
5361.956770568817 -13.1259670089708
5647.805074067552 -16.803446345539143
5948.892077934331 -6.68456909969125
6266.030164072656 -12.233395481403074
6600.075022827095 -24.743507350364734
6951.927961775606 -14.533975510800142
7322.538337604534 -13.644272379750355
7712.906117627992 -18.969241363105876
8124.0845778629655 -14.82874723377239
8557.183144940002 -21.65593206283578
9013.37038951743 -13.343343591695437
9493.87717927582 -5.103328901298135
10000.0 -10.87042598494591
10533.104453709382 -15.859986268570195
11094.628943275218 -6.32361972547801
11686.088553466498 -25.411459260475517
12309.079138896019 -18.459460562402054
12965.281629896688 -31.54223406277643
13656.466567946096 -24.567018954558865
14384.498882876629 -18.299673763193237
15151.342924760515 -4.0995699780943715
15959.06776404731 -11.799268149671214
16809.852774253653 -21.958059007932803
17705.99351226898 -18.709350969644124
18649.907912142942 -25.81726531936502
19644.142809066267 -21.74040610155421
20691.3808111479 -25.64906303504326
21794.447537529835 -10.351344388699356
22956.319242369096 -21.984641238929676
24180.13084525718 -15.893810103346462
25469.184389745402 -21.619058814209616
26826.957952797275 -22.676017696738434
28257.115029208268 -27.18059175737956
29763.51441631313 -28.566327463516746
31350.220625651124 -2.6883905903899747
33021.51484968176 -13.013077621915041
34781.90651314134 -8.238846638440322
36636.14544020716 -3.0061172359832526
38589.23467029899 -25.723231411527593
40646.44395709628 -8.23395964370797
42813.32398719396 -14.085295338464904
45095.721356761445 -20.41286177301967
47499.79434661403 -20.30995684793163
50032.029538259994 -23.743731640401982
52699.259315756564 -19.63004189017017
55508.680300598106 -4.637733527406627
58467.87276937589 -16.38580894943683
61584.82110660255 -18.63556674871935
64867.935347885075 -4.841673299040394
68326.07387157406 -4.071215331372226
71968.56730011514 -17.291019570185476
75805.24367559262 -5.632495174575861
79846.45497739078 -19.06812503868667
84103.10505352604 -18.812665556876908
88586.67904100832 -11.465364681567445
93309.27435461663 -11.955265026110084
98283.63332770011 -15.929082075152817
103523.17759307378 -8.184802271796768
109042.04429677526 -18.41960966934079
114855.12424239368 -17.691499158069533
120978.10206889013 -3.838347476487429
127427.49857031321 -12.276128346365848
134220.7152716012 -23.099223336863062
141376.08138073614 -16.08332622487426
148912.90324394088 -27.0348399760364
156851.5164373548 -9.089585067007505
165213.34063573685 -17.63386581730102
174020.9374062485 -3.9525865316425834
183298.07108324338 -13.044734855408011
193069.77288832495 -17.454377710004607
203362.40846866704 -22.192204012870018
214203.74903583832 -17.206273864871008
225623.04629706353 -8.260097423007938
237651.11138110727 4.344209842074047
250320.39797173254 -4.09869752882963
263665.08987303555 -16.664432739854107
277721.1932429355 -21.631884383645186
292526.6337436642 -16.74822577257475
308121.35887140024 -4.707762551113524
324547.44574113254 -16.588979858855765
341849.21461759275 -11.651145372847067
360073.348498562 -25.631951207868156
379269.0190732246 -14.260576383486129
399488.019395417 -0.4424565543682851
420784.9036297398 -16.342274011780706
443217.13424760854 -16.307052412513507
466845.2370703785 -16.269599100843656
491732.9645779016 -25.4483370177687
517947.46792312124 -0.426385044881371
545559.4781168514 -16.24138963073832
574643.4968715974 -14.245116375623194
605277.9976193343 6.710642601824492
637545.6372456506 -16.175624229083933
671533.4791115135 -19.01318442093913
707333.2279644439 -17.90403672288035
745041.4773728917 -16.122852993215474
784759.9703514606 -5.344397086827636
826595.8738801812 -16.120873618624675
870662.0680585118 -18.36429149772201
917077.4506742931 -29.348195097058856
965967.2580093823 5.269307587629848
1017463.4027476063 -4.866777830610026
1071704.8298967092 -4.048350889158922
1128837.8916846884 -16.074039954898787
1189016.74244199 -6.190762991659636
1252403.7545350718 -12.86509176922059
1319169.9564735717 -12.37605972286988
1389495.494373136 -7.666925747917393
1463570.1180190798 -16.045980324084045
1541593.6928422702 -1.6801884438973627
1623776.739188721 -16.183935490973184
1710341.0003378377 -11.979235502271221
1801520.0408020238 -12.546623364848346
1897559.8765218505 -14.387126145106121
1998719.6386572486 -14.560493018374634
2105272.272765707 -17.99940157379464
2217505.2752539297 -35.15564770642345
2335721.4690901213 -15.94111450646183
2460239.8208697727 -31.96782875473516
2591396.3014396573 -13.193327099367693
2729544.792402007 -16.384418976606593
2875058.040944877 -8.558262225432987
3028328.6655749455 -16.946704571671205
3189770.215466318 -16.621405113204784
3359818.286283781 -9.19735189892056
3538931.6954909842 -10.420115438893284
3727593.720314938 -16.93857438972922
3926313.4017068394 -17.123425465055664
4135626.917817706 -16.53371086283701
4356099.030694608 -2.1071561299881885
4588324.61010084 -15.491902815700946
4832930.238571752 -26.170405576017963
5090575.902036676 -15.117255569108984
5361956.770568817 -14.496915378953979
5647805.074067546 -17.466974687509758
5948892.077934331 -22.674767144935544
6266030.164072656 -17.53832813244339
6600075.022827089 -21.406298414814774
6951927.961775606 5.252854624222863
7322538.337604526 -14.655869537550723
7712906.117627992 -34.7664666884967
8124084.5778629575 -15.006744026006881
8557183.144940002 -15.651537899042472
9013370.38951742 -17.627363653267835
9493877.17927582 -19.70221443283649
10000000.0 -6.405665549657392
10533104.45370936 -16.881454735280222
11094628.943275219 -6.341141385717059
11686088.553466497 -18.395696212196682
12309079.138896018 4.06803411033923
12965281.629896663 -19.698269664254372
13656466.567946097 -25.324354589125466
14384498.882876629 -9.7893828798023
15151342.924760515 -18.320123371706355
15959067.76404731 -13.609015211168964
16809852.774253618 -14.840368224813108
17705993.51226898 -12.606788508701976
18649907.912142944 -14.903627755048488
19644142.809066266 -11.143666564831257
20691380.811147902 -17.206127229982314
21794447.537529834 -13.770573939731491
22956319.242369097 -14.421337009510946
24180130.84525718 -12.424138065960946
25469184.3897454 -13.591066856381824
26826957.95279722 -22.844822446642237
28257115.02920827 -15.460137590132998
29763514.41631313 -8.87250822068891
31350220.62565112 -18.477292055130363
33021514.849681754 -7.246174051825905
34781906.51314127 -12.595873023517143
36636145.44020716 -16.852892599959574
38589234.67029899 -18.84012387782389
40646443.95709628 -17.684261617069414
42813323.98719387 -10.444364457816862
45095721.35676145 0.8978585328722866
47499794.346614026 -2.516118087459001
50032029.53825999 -10.978337685284698
52699259.31575657 -11.888307575270417
55508680.300597996 -14.982825364626006
58467872.7693759 -10.491745540408266
61584821.10660254 -10.052303355946536
64867935.34788508 -13.80654765540294
68326073.87157391 -15.493316171585231
71968567.30011514 -18.807085246643048
75805243.67559262 2.488499356864682
79846454.97739078 -13.771685561068782
84103105.05352604 -28.460057412083515
88586679.04100814 -16.337997216432218
93309274.35461664 -16.424825761023058
98283633.32770011 -14.709251337757417
103523177.59307377 -12.831187789948732
109042044.29677527 -14.13352614255766
114855124.24239345 -33.55672570209963
120978102.06889038 -19.17075945633685
127427498.57031322 -28.613460878714818
134220715.2716012 -13.314605385564395
141376081.38073614 -12.474431572471211
148912903.24394056 -11.226949644427426
156851516.43735445 -14.291254546072896
165213340.63573685 -13.91655131927731
174020937.40624848 -11.664393396761476
183298071.08324376 -13.545063862780529
193069772.88832456 -21.736249747516553
203362408.46866703 -21.83870611412202
214203749.0358383 -16.66303343986551
225623046.2970626 -20.597823648481754
237651111.38110778 -22.097735455443438
250320397.97173202 -26.6121948180434
263665089.87303555 -26.40609442280315
277721193.2429355 -14.841100240267897
292526633.74366355 -12.930683453949399
308121358.87140083 11.821348175576041
324547445.74113256 -17.997842985956844
341849214.6175927 -10.690818969573462
360073348.49856204 -46.41196232078211
379269019.0732238 -16.122194738650084
399488019.39541787 -19.122144508418888
420784903.6297398 -18.42967805412786
443217134.24760854 -16.259804353982418
466845237.07037944 -14.68359262449856
491732964.5779006 -16.669053184610906
517947467.9231202 -10.770843033320833
545559478.1168514 -29.49215490898872
574643496.8715974 -20.39295083517663
605277997.6193355 -15.481134418132678
637545637.2456493 -13.490831866334045
671533479.1115135 -37.59480373585546
707333227.9644439 -14.586824284401615
745041477.3728887 -19.82457863469159
784759970.3514622 -14.98860452714293
826595873.8801795 -12.694273176749785
870662068.0585117 -17.45713993643458
917077450.674293 -14.48622260094349
965967258.0093802 -30.29780599126005
1017463402.7476043 -23.5899302084228
1071704829.8967092 -16.895508699977555
1128837891.6846883 -6.4262115722393665
1189016742.44199 -22.48650932581324
1252403754.5350692 -3.1297370953207593
1319169956.473569 -33.055991221742744
1389495494.373136 -15.063350248157029
1463570118.0190797 -15.464692234018695
1541593692.8422735 -39.025740632038804
1623776739.1887176 -19.646485313637367
1710341000.337838 -11.212746225859224
1801520040.802024 -16.41447353659525
1897559876.5218503 -17.382005157911948
1998719638.6572526 -18.83077658584402
2105272272.7657027 -18.978581810990217
2217505275.2539296 -2.324385179506499
2335721469.0901213 -18.7515402047119
2460239820.8697777 -19.23736778341525
2591396301.439652 -18.325342967716768
2729544792.402002 -21.124436348251336
2875058040.944877 -15.337116799119787
3028328665.5749454 -14.78105765063146
3189770215.466325 -10.405184663107052
3359818286.2837744 -16.602424150641312
3538931695.4909844 -10.376895735875033
3727593720.314938 6.220112967005745
3926313401.7068396 -12.526983466409416
4135626917.8176975 -24.90892046394822
4356099030.694599 -10.798909892131219
4588324610.100841 11.309688081579651
4832930238.571753 -16.42526740320314
5090575902.036687 -12.318549496409382
5361956770.568806 -14.164857226986694
5647805074.067546 -15.723768063060708
5948892077.934331 -10.506163359527891
6266030164.072656 -17.90618377956656
6600075022.827075 -20.26632862323787
6951927961.775591 -15.432520206648213
7322538337.6045265 -12.967858731291113
7712906117.627993 -10.110909917371302
8124084577.862974 -22.25627910062608
8557183144.939984 -15.43171988441162
9013370389.51742 4.640727523222481
9493877179.27582 -16.9448445495714
10000000000.0 -18.7130527448421
