10.0 -26.2934551149719
10.53310445370937 -26.29718065299914
11.094628943275218 -26.30119597089889
11.686088553466515 -26.305511282377736
12.309079138896024 -26.31013459232163
12.965281629896682 -26.315071152707695
13.65646656794611 -26.32032284393506
14.38449888287663 -26.325887552903
15.15134292476053 -26.331758491488767
15.95906776404731 -26.337923538025283
16.80985277425364 -26.344364642078627
17.70599351226899 -26.35105724959128
18.64990791214297 -26.35796981134909
19.644142809066278 -26.3650634385704
20.6913808111479 -26.372291659807775
21.794447537529855 -26.37960040149506
22.956319242369098 -26.386928052373044
24.180130845257207 -26.39420580073823
25.4691843897454 -26.401358053683516
26.826957952797258 -26.408303066455915
28.257115029208283 -26.41495366053426
29.76351441631318 -26.421217992020157
31.350220625651154 -26.427000362698863
33.02151484968176 -26.432201988994798
34.7819065131413 -26.43672166236097
36.63614544020716 -26.440456280241772
38.58923467029903 -26.443301188970448
40.646443957096295 -26.445150307320084
42.81332398719393 -26.445896000633976
45.095721356761466 -26.44542872105763
47.499794346614124 -26.44363640785923
50.03202953826004 -26.440403655379143
52.699259315756564 -26.435610651545343
55.50868030059805 -26.429131997880706
58.467872769375894 -26.420835328814167
61.58482110660264 -26.410579830210814
64.86793534788511 -26.398214737395147
68.32607387157402 -26.383577703298666
71.96856730011521 -26.366493224589863
75.8052436755926 -26.346771061562126
79.84645497739086 -26.32420469643581
84.10310505352605 -26.298569893200373
88.58667904100822 -26.269623391129038
93.30927435461668 -26.237101684592258
98.28363332770026 -26.200720059279018
103.52317759307378 -26.160171795658695
109.04204429677526 -26.11512770923964
114.8551242423938 -26.06523595821237
120.97810206889012 -26.010122264539074
127.42749857031335 -25.949390571408905
134.2207152716012 -25.882624182117215
141.37608138073614 -25.809387465521624
148.91290324394086 -25.729228157375154
156.85151643735477 -25.64168031204213
165.213340635737 -25.5462679378141
174.0209374062485 -25.442509305345098
183.29807108324357 -25.32992194857519
193.06977288832496 -25.20802828023605
203.36240846866724 -25.076361789955406
214.2037490358383 -24.93447368958442
225.62304629706352 -24.781939880863277
237.65111138110728 -24.618368079316998
250.32039797173255 -24.443404900869112
263.6650898730358 -24.256742703236306
277.7211932429355 -24.05812597129735
292.5266337436645 -23.847357045472563
308.1213588714002 -23.62430100816804
324.54744574113323 -23.388889577740997
341.84921461759274 -23.141123906691657
360.073348498562 -22.881076224275123
379.26901907322497 -22.60889031870418
399.48801939541704 -22.32478090765088
420.78490362974026 -22.029031982121765
443.21713424760856 -21.72199424532693
466.84523707037897 -21.40408179266518
491.73296457790156 -21.075768178881773
517.9474679231213 -20.73758202236748
545.5594781168514 -20.390102276378045
574.6434968715973 -20.033953279985163
605.2779976193349 -19.669799678359915
637.5456372456507 -19.298341280493563
671.5334791115142 -18.9203079051469
707.3332279644438 -18.53645425836178
745.0414773728917 -18.14755488088204
784.7599703514607 -17.754399209744168
826.5958738801812 -17.357786803695156
870.6620680585127 -16.95852279384267
917.0774506742931 -16.55741362660763
965.9672580093833 -16.1552631664114
1017.4634027476063 -15.752869221161044
1071.7048298967104 -15.351020537120428
1128.8378916846884 -14.950494287127572
1189.01674244199 -14.552054045574526
1252.4037545350732 -14.156448211298194
1319.1699564735716 -13.764408802808482
1389.4954943731375 -13.376650523173232
1463.5701180190797 -12.993869963288864
1541.5936928422718 -12.61674480153173
1623.776739188721 -12.245932852331267
1710.3410003378397 -11.88207082140482
1801.520040802024 -11.525772650808593
1897.5598765218504 -11.177627362557237
1998.7196386572507 -10.838196350202535
2105.272272765707 -10.508010115924503
2217.505275253932 -10.187564495530097
2335.7214690901214 -9.877316468613282
2460.239820869775 -9.577679692775694
2591.3963014396572 -9.289019945749406
2729.5447924020073 -9.011650682435185
2875.0580409448803 -8.745828935206259
3028.3286655749457 -8.491751785797545
3189.7702154663216 -8.249553621720805
3359.818286283781 -8.01930436125268
3538.9316954909877 -7.801008786423673
3727.593720314938 -7.594607070889554
3926.3134017068355 -7.399976530916987
4135.626917817706 -7.2169345606094275
4356.099030694608 -7.0452426633731635
4588.324610100844 -6.884611434578618
4832.930238571752 -6.7347063159465295
5090.575902036681 -6.5951539147701705
5361.956770568817 -6.4655486720071735
5647.805074067552 -6.3454596638386365
5948.892077934331 -6.234437337338098
6266.030164072656 -6.132020002571258
6600.075022827095 -6.037739936810144
6951.927961775606 -5.951128984948239
7322.538337604534 -5.871723579252633
7712.906117627992 -5.799069131622387
8124.0845778629655 -5.732723780760141
8557.183144940002 -5.672261503073537
9013.37038951743 -5.617274614394924
9493.87717927582 -5.56737570727808
10000.0 -5.522199076226846
10533.104453709382 -5.481401691275385
11094.628943275218 -5.444663782907492
11686.088553466498 -5.411689099995448
12309.079138896019 -5.382204902057609
12965.281629896688 -5.355961741449481
13656.466567946096 -5.332733086754349
14384.498882876629 -5.312314834913252
15151.342924760515 -5.29452475131966
15959.06776404731 -5.279201873927072
16809.852774253653 -5.26620591149238
17705.99351226898 -5.255416660534281
18649.907912142942 -5.24673346261742
19644.142809066267 -5.240074718341688
20691.3808111479 -5.235377471883494
21794.447537529835 -5.232597075892049
22956.319242369096 -5.231706945014251
24180.13084525718 -5.23269840249823
25469.184389745402 -5.235580622928575
26826.957952797275 -5.240380671879148
28257.115029208268 -5.2471436404629
29763.51441631313 -5.255932871561779
31350.220625651124 -5.266830271155682
33021.51484968176 -5.279936696511519
34781.90651314134 -5.295372409383726
36636.14544020716 -5.313277579813683
38589.23467029899 -5.333812821939081
40646.44395709628 -5.357159739743698
42813.32398719396 -5.383521455597969
45095.721356761445 -5.413123089947298
47499.79434661403 -5.44621215511758
50032.029538259994 -5.483058820584281
52699.259315756564 -5.523956001670975
55508.680300598106 -5.569219218450119
58467.87276937589 -5.619186166899528
61584.82110660255 -5.6742159410436255
64867.935347885075 -5.734687842972744
68326.07387157406 -5.800999718334814
71968.56730011514 -5.873565758321665
75805.24367559262 -5.9528137168563955
79846.45497739078 -6.03918150335249
84103.10505352604 -6.133113127878267
88586.67904100832 -6.235053997582211
93309.27435461663 -6.345445589454424
98283.63332770011 -6.464719555706124
103523.17759307378 -6.593291351005021
109042.04429677526 -6.731553506785568
114855.12424239368 -6.8798687102707765
120978.10206889013 -7.038562876321811
127427.49857031321 -7.2079184223326145
134220.7152716012 -7.388167969152978
141376.08138073614 -7.579488691529962
148912.90324394088 -7.781997528300362
156851.5164373548 -7.995747435095594
165213.34063573685 -8.220724822279163
174020.9374062485 -8.456848269446658
183298.07108324338 -8.703968550246309
193069.77288832495 -8.961869939916227
203362.40846866704 -9.230272719679045
214203.74903583832 -9.508836739462806
225623.04629706353 -9.79716585840405
237651.11138110727 -10.094813053421333
250320.39797173254 -10.401285971089695
263665.08987303555 -10.716052696877412
277721.1932429355 -11.038547528153462
292526.6337436642 -11.368176559499503
308121.35887140024 -11.70432291972423
324547.44574113254 -12.046351535215114
341849.21461759275 -12.393613332369481
360073.348498562 -12.745448828648458
379269.0190732246 -13.10119109781291
399488.019395417 -13.46016812600239
420784.9036297398 -13.821704603181516
443217.13424760854 -14.185123216982685
466845.2370703785 -14.549745534243147
491732.9645779016 -14.914892569259816
517947.46792312124 -15.27988514743707
545559.4781168514 -15.6440441790229
574643.4968715974 -16.00669096018624
605277.9976193343 -16.367147617973625
637545.6372456506 -16.724737811417665
671533.4791115135 -17.0787877936978
707333.2279644439 -17.42862792834132
745041.4773728917 -17.77359473717925
784759.9703514606 -18.113033537097927
826595.8738801812 -18.446301698073384
870662.0680585118 -18.772772525172854
917077.4506742931 -19.09183973396807
965967.2580093823 -19.40292245224963
1017463.4027476063 -19.705470643004645
1071704.8298967092 -19.998970806738136
1128837.8916846884 -20.28295178777452
1189016.74244199 -20.556990481413123
1252403.7545350718 -20.82071722179643
1319169.9564735717 -21.073820623031075
1389495.494373136 -21.316051654443193
1463570.1180190798 -21.54722675203392
1541593.6928422702 -21.76722980358875
1623776.739188721 -21.97601289253242
1710341.0003378377 -22.173595740954855
1801520.0408020238 -22.360063853163968
1897559.8765218505 -22.535565420509634
1998719.6386572486 -22.700307104333326
2105272.272765707 -22.854548859763014
2217505.2752539297 -22.998597998063907
2335721.4690901213 -23.13280270600085
2460239.8208697727 -23.257545247410892
2591396.3014396573 -23.37323506622596
2729544.792402007 -23.480301992329153
2875058.040944877 -23.579189725726756
3028328.6655749455 -23.670349742642284
3189770.215466318 -23.754235732967736
3359818.286283781 -23.831298643447987
3538931.6954909842 -23.90198236915758
3727593.720314938 -23.96672010638543
3926313.4017068394 -24.025931356186373
4135626.917817706 -24.08001954832394
4356099.030694608 -24.129370241293554
4588324.61010084 -24.174349844235298
4832930.238571752 -24.215304801555728
5090575.902036676 -24.252561178371398
5361956.770568817 -24.286424586427838
5647805.074067546 -24.31718039190787
5948892.077934331 -24.34509415155769
6266030.164072656 -24.37041222832387
6600075.022827089 -24.39336254278368
6951927.961775606 -24.41415542293346
7322538.337604526 -24.432984520302107
7712906.117627992 -24.450027764841103
8124084.5778629575 -24.465448336811846
8557183.144940002 -24.479395637392827
9013370.38951742 -24.49200624395914
9493877.17927582 -24.503404839053818
10000000.0 -24.51370510476803
10533104.45370936 -24.523010576871236
11094628.943275219 -24.531415454695214
11686088.553466497 -24.539005364649057
12309079.138896018 -24.54585807585396
12965281.629896663 -24.55204416850365
13656466.567946097 -24.55762765522875
14384498.882876629 -24.562666556763105
15151342.924760515 -24.56721343413882
15959067.76404731 -24.571315878639552
16809852.774253618 -24.57501696253747
17705993.51226898 -24.578355652486664
18649907.912142944 -24.581367187998428
19644142.809066266 -24.584083427448007
20691380.811147902 -24.58653316407037
21794447.537529834 -24.588742413799118
22956319.242369097 -24.59073467747766
24180130.84525718 -24.59253117971641
25469184.3897454 -24.594151085069306
26826957.95279722 -24.595611695256107
28257115.02920827 -24.596928627943683
29763514.41631313 -24.59811597796302
31350220.62565112 -24.59918646507829
33021514.849681754 -24.60015156609208
34781906.51314127 -24.60102163530837
36636145.44020716 -24.601806013435695
38589234.67029899 -24.602513126994676
40646443.95709628 -24.60315057528449
42813323.98719387 -24.60372521299266
45095721.35676145 -24.60424322183789
47499794.346614026 -24.60471017685022
50032029.53825999 -24.605131104373434
52699259.31575657 -24.60551053769056
55508680.300597996 -24.60585256413761
58467872.7693759 -24.60616086881261
61584821.10660254 -24.606438774400594
64867935.34788508 -24.60668927630448
68326073.87157391 -24.60691507632324
71968567.30011514 -24.607118607809436
75805243.67559262 -24.60730206717606
79846454.97739078 -24.607467432698208
84103105.05352604 -24.607616488213402
88586679.04100814 -24.60775084113646
93309274.35461664 -24.607871943213514
98283633.32770011 -24.60798109902605
103523177.59307377 -24.6080794881421
109042044.29677527 -24.60816817171285
114855124.24239345 -24.608248106660863
120978102.06889038 -24.608320156702618
127427498.57031322 -24.6083850994198
134220715.2716012 -24.608443634773206
141376081.38073614 -24.608496396202998
148912903.24394056 -24.60854395225102
156851516.43735445 -24.608586816941447
165213340.63573685 -24.608625452757458
174020937.40624848 -24.608660276419407
183298071.08324376 -24.608691665669724
193069772.88832456 -24.608719957472758
203362408.46866703 -24.60874545775016
214203749.0358383 -24.608768442643093
225623046.2970626 -24.608789160262113
237651111.38110778 -24.608807834283745
250320397.97173202 -24.608824664405653
263665089.87303555 -24.608839834339854
277721193.2429355 -24.608853508146034
292526633.74366355 -24.60886583384569
308121358.87140083 -24.608876942069287
324547445.74113256 -24.608886955249073
341849214.6175927 -24.608895979066723
360073348.49856204 -24.6089041141432
379269019.0732238 -24.608911446237933
399488019.39541787 -24.608918055614083
420784903.6297398 -24.608924010610824
443217134.24760854 -24.60892938014661
466845237.07037944 -24.608934219897513
491732964.5779006 -24.60893858067594
517947467.9231202 -24.608942511994872
545559478.1168514 -24.608946055436093
574643496.8715974 -24.608949249994115
605277997.6193355 -24.60895212846328
637545637.2456493 -24.60895472412099
671533479.1115135 -24.60895705972872
707333227.9644439 -24.608959168740157
745041477.3728887 -24.608961071847464
784759970.3514622 -24.60896278208953
826595873.8801795 -24.60896432898261
870662068.0585117 -24.608965719994814
917077450.674293 -24.608966970593215
965967258.0093802 -24.60896810101017
1017463402.7476043 -24.608969119329984
1071704829.8967092 -24.608970037754766
1128837891.6846883 -24.608970867203787
1189016742.44199 -24.60897161314596
1252403754.5350692 -24.60897228518661
1319169956.473569 -24.608972887659224
1389495494.373136 -24.60897343494072
1463570118.0190797 -24.608973928164524
1541593692.8422735 -24.608974372847022
1623776739.1887176 -24.608974774938265
1710341000.337838 -24.60897512636102
1801520040.802024 -24.608975454928025
1897559876.5218503 -24.60897575132334
1998719638.6572526 -24.608976011813247
2105272272.7657027 -24.608976251535296
2217505275.2539296 -24.608976469015257
2335721469.0901213 -24.60897666340677
2460239820.8697777 -24.608976836337032
2591396301.439652 -24.608976987940444
2729544792.402002 -24.60897712769345
2875058040.944877 -24.608977264869097
3028328665.5749454 -24.608977370010475
3189770215.466325 -24.608977487019597
3359818286.2837744 -24.608977557696615
3538931695.4909844 -24.608977651072372
3727593720.314938 -24.60897773958012
3926313401.7068396 -24.608977783363688
4135626917.8176975 -24.608977879505034
4356099030.694599 -24.608977919629904
4588324610.100841 -24.608977969884855
4832930238.571753 -24.608978025479267
5090575902.036687 -24.608978043255753
5361956770.568806 -24.60897809773175
5647805074.067546 -24.60897814712328
5948892077.934331 -24.608978177813864
6266030164.072656 -24.608978167036135
6600075022.827075 -24.608978183812347
6951927961.775591 -24.608978256757194
7322538337.6045265 -24.608978237516993
7712906117.627993 -24.608978222068618
8124084577.862974 -24.608978299763287
8557183144.939984 -24.608978317586875
9013370389.51742 -24.60897830328512
9493877179.27582 -24.608978290493845
10000000000.0 -24.608978263054926
10.0 -17.925554269848355
10.53310445370937 -21.918293259560397
11.094628943275218 -17.71267248676586
11.686088553466515 -16.94463464758102
12.309079138896024 -18.562061552010274
12.965281629896682 -18.0425949348778
13.65646656794611 -16.892976230351273
14.38449888287663 -21.90899182800296
15.15134292476053 12.574991142437897
15.95906776404731 -15.674524578967414
16.80985277425364 -31.532086992512646
17.70599351226899 -16.316224545780912
18.64990791214297 -17.124943231920536
19.644142809066278 -15.995160596059588
20.6913808111479 -25.015343661287716
21.794447537529855 -16.824367863128572
22.956319242369098 1.3176833964908752
24.180130845257207 -15.765677525250144
25.4691843897454 -8.313098453799586
26.826957952797258 -17.81348821552018
28.257115029208283 -23.032545841513894
29.76351441631318 1.1165537798410843
31.350220625651154 -22.665447377446423
33.02151484968176 -15.361128401216952
34.7819065131413 -14.964531890884436
36.63614544020716 -11.910605231740307
38.58923467029903 -8.39413574153665
40.646443957096295 -25.627106741004546
42.81332398719393 -12.608051971879037
45.095721356761466 0.43717997073024323
47.499794346614124 -12.445244136046247
50.03202953826004 -10.191969027734038
52.699259315756564 -15.658270426225032
55.50868030059805 -12.70124550703226
58.467872769375894 -25.004490891224464
61.58482110660264 -12.142381849953768
64.86793534788511 -8.855932825143674
68.32607387157402 -10.874093867137606
71.96856730011521 -11.140668216405398
75.8052436755926 -8.720880685484437
79.84645497739086 1.889832744547819
84.10310505352605 -12.67909438823745
88.58667904100822 -15.833420213390097
93.30927435461668 -6.279504998438393
98.28363332770026 -13.3723053111176
103.52317759307378 -2.24892083015622
109.04204429677526 -15.32495404938912
114.8551242423938 -11.041175499047238
120.97810206889012 -11.264418004950866
127.42749857031335 10.557037098531193
134.2207152716012 -10.034935279172934
141.37608138073614 -8.83320983048738
148.91290324394086 -10.919501921557158
156.85151643735477 -9.624806117692975
165.213340635737 -10.531866713768759
174.0209374062485 -7.347283628788821
183.29807108324357 -2.4055422953862093
193.06977288832496 -11.553771412749128
203.36240846866724 -9.513909906175297
214.2037490358383 -9.371033572345404
225.62304629706352 -11.423154609538164
237.65111138110728 -7.78958268218246
250.32039797173255 -3.621386862955851
263.6650898730358 -18.55802862682922
277.7211932429355 -6.476941195616888
292.5266337436645 -4.271287120225155
308.1213588714002 -1.0072350830561017
324.54744574113323 1.099558404073403
341.84921461759274 -4.908755822512837
360.073348498562 -8.31634557080785
379.26901907322497 -3.8943754325986655
399.48801939541704 2.343065403044423
420.78490362974026 -6.478520130435249
443.21713424760856 -4.358528579186368
466.84523707037897 -3.5621197285207122
491.73296457790156 -1.432766144062645
517.9474679231213 -5.191885684524448
545.5594781168514 -5.238196265650096
574.6434968715973 2.4309883032712705
605.2779976193349 -6.79465117607415
637.5456372456507 -9.716005906827522
671.5334791115142 -8.558714248721909
707.3332279644438 -9.44221444476797
745.0414773728917 -4.992303075733412
784.7599703514607 -16.00307217395003
826.5958738801812 -4.328654929222763
870.6620680585127 -13.00504641022344
917.0774506742931 -9.695782157962055
965.9672580093833 -8.710516911072554
1017.4634027476063 -6.64280262269058
1071.7048298967104 -9.163696311566266
1128.8378916846884 -13.237201686977375
1189.01674244199 -8.229142326054289
1252.4037545350732 -3.202771533799047
1319.1699564735716 -7.829766368731809
1389.4954943731375 -15.731033464553795
1463.5701180190797 0.6784502789055341
1541.5936928422718 -1.6665053628526247
1623.776739188721 0.6100867357182207
1710.3410003378397 -1.9875403425715075
1801.520040802024 -7.489079954419476
1897.5598765218504 -5.614408245469692
1998.7196386572507 -3.7352340850683814
2105.272272765707 -6.498215470539199
2217.505275253932 -10.190393661689328
2335.7214690901214 -7.065930533584002
2460.239820869775 0.795006207050075
2591.3963014396572 -5.3173360325403305
2729.5447924020073 -1.5267826829876474
2875.0580409448803 -18.008827667200926
3028.3286655749457 -22.426122432040717
3189.7702154663216 6.919788800402044
3359.818286283781 -15.587437189363278
3538.9316954909877 -3.3944247133254244
3727.593720314938 -13.702421184522933
3926.3134017068355 -6.074160325556686
4135.626917817706 -9.135033078870698
4356.099030694608 -0.9530662582797201
4588.324610100844 -6.047813986940022
4832.930238571752 -12.215747898581332
5090.575902036681 -6.8270897240055115
5361.956770568817 -7.9227575700619415
5647.805074067552 -11.65453066026
5948.892077934331 -6.196192923216561
6266.030164072656 -2.617862295287029
6600.075022827095 -7.028618055987882
6951.927961775606 3.07770453307677
7322.538337604534 -6.865657177005909
7712.906117627992 -11.253022312872359
8124.0845778629655 -4.46266387234356
8557.183144940002 -14.613988817132228
9013.37038951743 9.198680390492362
9493.87717927582 -9.396160753229948
10000.0 -2.0328634838378625
10533.104453709382 -24.50677244334916
11094.628943275218 -13.976416250084645
11686.088553466498 -19.500260144269188
12309.079138896019 -24.081806787870732
12965.281629896688 -26.32850978841254
13656.466567946096 -13.935087847422729
14384.498882876629 -7.29114037236334
15151.342924760515 -11.009945982176333
15959.06776404731 -15.090501234847508
16809.852774253653 -17.26839995842216
17705.99351226898 -12.393997136698808
18649.907912142942 -15.633302202642135
19644.142809066267 -8.08436527526431
20691.3808111479 -23.019580954217513
21794.447537529835 -24.16923822547881
22956.319242369096 -22.783927518400297
24180.13084525718 -15.563187955704858
25469.184389745402 -12.669323600303073
26826.957952797275 -12.293595366754635
28257.115029208268 -22.796431763277244
29763.51441631313 -17.516775117857946
31350.220625651124 -18.794789907469806
33021.51484968176 -20.004497493956436
34781.90651314134 -17.339663496662737
36636.14544020716 -21.991926674907873
38589.23467029899 -20.39619265390657
40646.44395709628 -1.386242841613177
42813.32398719396 -17.890950572358022
45095.721356761445 -29.17041133408548
47499.79434661403 -16.30909574735375
50032.029538259994 -20.87709622500247
52699.259315756564 -17.44394572217293
55508.680300598106 5.10086492002161
58467.87276937589 -27.570099499617964
61584.82110660255 -25.982938327542755
64867.935347885075 -18.22831346829167
68326.07387157406 -17.937224375279264
71968.56730011514 -19.72584844502183
75805.24367559262 -8.812063494957668
79846.45497739078 1.887253873045219
84103.10505352604 -17.943959666592285
88586.67904100832 -18.019375786602396
93309.27435461663 -14.41289288807019
98283.63332770011 -18.680181233453773
103523.17759307378 -12.79754748009709
109042.04429677526 -16.620101725669144
114855.12424239368 -12.308963012368023
120978.10206889013 -32.157841188162564
127427.49857031321 -14.742192264840305
134220.7152716012 -20.04957080571753
141376.08138073614 -34.55491404853044
148912.90324394088 -24.269209136953847
156851.5164373548 -22.62671260652967
165213.34063573685 -18.48470445389859
174020.9374062485 5.790094984034266
183298.07108324338 -33.02376130999414
193069.77288832495 -26.796584689110357
203362.40846866704 -35.60589751582708
214203.74903583832 -11.514913685603636
225623.04629706353 -24.715346167666855
237651.11138110727 -31.2194564003088
250320.39797173254 -20.916643974425597
263665.08987303555 -14.382546457388711
277721.1932429355 -26.69244103513649
292526.6337436642 -25.004171399648918
308121.35887140024 -27.310928406459716
324547.44574113254 -13.497250695325668
341849.21461759275 -11.552246221771028
360073.348498562 -16.48655594898113
379269.0190732246 -7.357876875708272
399488.019395417 -10.493353543611567
420784.9036297398 -17.226580414441564
443217.13424760854 -24.33516690287142
466845.2370703785 -7.582382009049136
491732.9645779016 -26.990529735351455
517947.46792312124 -25.833036049826227
545559.4781168514 -25.717303927234852
574643.4968715974 -19.000751764571127
605277.9976193343 29.389520522488507
637545.6372456506 -10.088544478235677
671533.4791115135 -10.044577099521126
707333.2279644439 -22.70075492995737
745041.4773728917 -17.498476488428082
784759.9703514606 -21.563827578591912
826595.8738801812 -17.522155040780298
870662.0680585118 -16.840937519236803
917077.4506742931 -26.654019459102123
965967.2580093823 -24.022446805953088
1017463.4027476063 -17.9660924400875
1071704.8298967092 -28.469949003170555
1128837.8916846884 -10.478327441602552
1189016.74244199 -23.033901382174825
1252403.7545350718 -22.10624127544991
1319169.9564735717 -33.00369722322231
1389495.494373136 -7.019466607386425
1463570.1180190798 -18.829275171012803
1541593.6928422702 -42.915709699604356
1623776.739188721 -16.34656582453277
1710341.0003378377 -30.300859315587225
1801520.0408020238 -20.19642816014334
1897559.8765218505 -16.196428502313324
1998719.6386572486 -15.472643131955405
2105272.272765707 -27.072388145602737
2217505.2752539297 -21.883514495207418
2335721.4690901213 -25.07799240989712
2460239.8208697727 -10.121255626495895
2591396.3014396573 -20.189643782060372
2729544.792402007 -29.634357705237573
2875058.040944877 -34.02303346277928
3028328.6655749455 -20.48241905948682
3189770.215466318 -14.979485872591017
3359818.286283781 -10.903698582966193
3538931.6954909842 -34.309508513167614
3727593.720314938 -13.599868528333177
3926313.4017068394 -22.601009500430095
4135626.917817706 -28.541380840758098
4356099.030694608 -24.302669193099153
4588324.61010084 -26.636782437088115
4832930.238571752 -10.219871625971278
5090575.902036676 -14.478991584878125
5361956.770568817 -30.747064277104833
5647805.074067546 -20.680338400394668
5948892.077934331 -21.716743957746175
6266030.164072656 -21.953606478054247
6600075.022827089 -30.297050884734908
6951927.961775606 -36.04872191947581
7322538.337604526 -13.829268800903659
7712906.117627992 -28.0898581591561
8124084.5778629575 0.8379515769792734
8557183.144940002 -29.29709346740197
9013370.38951742 -20.58685121323284
9493877.17927582 -23.74498223068557
10000000.0 -22.447464694659857
10533104.45370936 -22.846041911771714
11094628.943275219 -19.632983670119163
11686088.553466497 -22.31639354713646
12309079.138896018 -15.417723305665536
12965281.629896663 -25.697560264407112
13656466.567946097 -21.99918673008762
14384498.882876629 -24.164953731917972
15151342.924760515 -25.338875541986603
15959067.76404731 -21.708017058440902
16809852.774253618 -14.904343070336413
17705993.51226898 -29.71880490325419
18649907.912142944 -15.581842647712138
19644142.809066266 -10.801104081471385
20691380.811147902 0.6846435538288597
21794447.537529834 -24.538387187761842
22956319.242369097 -17.370874940334577
24180130.84525718 -23.805379841092666
25469184.3897454 -24.245653913468438
26826957.95279722 -30.932985373267833
28257115.02920827 -16.440959511395683
29763514.41631313 -21.166691794073756
31350220.62565112 -15.878210745344676
33021514.849681754 -7.14938719815761
34781906.51314127 -1.4166367636940125
36636145.44020716 -7.3561837528513285
38589234.67029899 -21.52947258987782
40646443.95709628 -18.35698776474047
42813323.98719387 -10.447708037499693
45095721.35676145 -30.651600655475626
47499794.346614026 -23.69716490064662
50032029.53825999 -31.337387315236963
52699259.31575657 -26.22470631795403
55508680.300597996 -19.906153093405603
58467872.7693759 -29.245266750270005
61584821.10660254 -19.19390268504108
64867935.34788508 -17.977388850343964
68326073.87157391 -23.7808260293575
71968567.30011514 -19.98249166899889
75805243.67559262 -24.667861507988572
79846454.97739078 -13.96585747948019
84103105.05352604 -26.794649337089787
88586679.04100814 -19.444487200588718
93309274.35461664 -12.70590950517429
98283633.32770011 -20.911372113999086
103523177.59307377 -14.253639510083634
109042044.29677527 -20.322208126583416
114855124.24239345 -29.434777225305872
120978102.06889038 -31.925448601782342
127427498.57031322 -52.97083402556123
134220715.2716012 -28.36830555549243
141376081.38073614 -16.44009205426255
148912903.24394056 -26.423813408787314
156851516.43735445 -21.13352257029878
165213340.63573685 -24.956068357441232
174020937.40624848 -30.946347261492186
183298071.08324376 -30.537189844896826
193069772.88832456 -24.338397372460836
203362408.46866703 -29.038387242067575
214203749.0358383 -17.02758345554612
225623046.2970626 -21.628834902405494
237651111.38110778 -15.288097370884326
250320397.97173202 -21.04467489335979
263665089.87303555 -22.24879358597439
277721193.2429355 -21.673328944614134
292526633.74366355 -27.090633081584016
308121358.87140083 -3.19752802062181
324547445.74113256 -19.790527826552577
341849214.6175927 -22.48993415145071
360073348.49856204 -26.87747212239988
379269019.0732238 -25.57467037014158
399488019.39541787 -24.57552688430709
420784903.6297398 -7.443533577944801
443217134.24760854 -25.985242263353996
466845237.07037944 -12.441682992155457
491732964.5779006 -22.631576741282437
517947467.9231202 -17.9810673943759
545559478.1168514 -0.1526582110514548
574643496.8715974 -26.36314528549359
605277997.6193355 -27.15924070638929
637545637.2456493 -26.045845520759613
671533479.1115135 -19.132558694272298
707333227.9644439 -23.416563472220993
745041477.3728887 -23.03048055986009
784759970.3514622 -14.632252873228149
826595873.8801795 -22.296094711983688
870662068.0585117 -24.809601754414334
917077450.674293 -16.555988632678083
965967258.0093802 -27.947511427043807
1017463402.7476043 -27.528712875737394
1071704829.8967092 -12.857031838641007
1128837891.6846883 -11.413537876773944
1189016742.44199 -22.3525046407106
1252403754.5350692 -25.885335161810026
1319169956.473569 -6.049135250343144
1389495494.373136 -16.073465895831283
1463570118.0190797 -21.51259467153774
1541593692.8422735 -13.626435549410228
1623776739.1887176 -19.006862386058398
1710341000.337838 -23.382898563750594
1801520040.802024 -36.8614657553806
1897559876.5218503 -41.321675068725135
1998719638.6572526 -7.940450548252926
2105272272.7657027 -37.79001054353708
2217505275.2539296 -20.21061528648342
2335721469.0901213 -18.871648727830436
2460239820.8697777 -19.877309416492707
2591396301.439652 -26.74245831152758
2729544792.402002 -22.965155282932812
2875058040.944877 -22.48179104613054
3028328665.5749454 -22.927220095328998
3189770215.466325 -20.35051891410534
3359818286.2837744 -21.20039916702485
3538931695.4909844 -25.747504930691694
3727593720.314938 -24.39962180221557
3926313401.7068396 -15.42459951401026
4135626917.8176975 -18.050444860610234
4356099030.694599 -22.98530491505248
4588324610.100841 -22.86434963979837
4832930238.571753 -25.347632205040824
5090575902.036687 -19.61081766558029
5361956770.568806 -43.366020307577394
5647805074.067546 -22.16115562542924
5948892077.934331 -25.816204158924588
6266030164.072656 -23.465970370773192
6600075022.827075 -20.87107963462254
6951927961.775591 -26.67563045755133
7322538337.6045265 -19.7752648200243
7712906117.627993 -23.640058690898744
8124084577.862974 -21.000238993219863
8557183144.939984 -13.989738664249064
9013370389.51742 -28.66978634177498
9493877179.27582 -25.079012391838454
10000000000.0 -19.149629457507544
