10.0 0.3752412603834698
10.292747724096083 0.36218873991827105
10.59406557118851 0.3491054225184032
10.904204429677526 0.3360128541362155
11.223422532664179 0.32293273188542243
11.551985672964793 0.3098867629106717
11.890167424419898 0.29689652320498655
12.238249369681931 0.28398331837735974
12.596521334671401 0.271168048324608
12.965281629896682 0.2584710776669095
13.344837298838383 0.245912113669159
13.735504373605137 0.23351009319466354
14.137608138073606 0.2212830800307355
14.551483398731937 0.2092481736933703
14.977474763452017 0.19742143056940806
15.415936928422726 0.18581779799621628
15.867234973483178 0.17445106161929103
16.331744666101677 0.16333380611465492
16.80985277425364 0.15247738912220865
17.301957388458945 0.14189192801378536
17.808468253246822 0.13158629892087967
18.329807108324356 0.1215681472747898
18.866408039732583 0.11184390896899239
19.418717841282557 0.1024188411410671
19.987196386572506 0.09329706148934724
20.57231701189556 0.08448159498704752
21.174566910357118 0.07597442683196705
21.794447537529855 0.06777656047085763
22.432475028984193 0.05988807956102421
23.089180630041927 0.052308212774869425
23.765111138110754 0.04503540041216628
24.46082935796799 0.038067361856797294
25.17691457037277 0.031401162996123916
25.913963014396586 0.025033282808872608
26.672588383874054 0.018959678418941788
27.453422338387142 0.013175848005088447
28.257115029208283 0.0076768910480233465
29.08433564064048 0.002457565485511126
29.935772947204903 -0.0024876585692870778
30.812135887140037 -0.00716454881107284
31.714154152689986 -0.011579064618284177
32.642578797673224 -0.015737314944823638
33.59818286283781 -0.019645520289722537
34.58176201952381 -0.023309978751691416
35.594135232168604 -0.026737036126912635
36.63614544020716 -0.029933059965403096
37.708660259934554 -0.032904417463725355
38.81257270691538 -0.03565745703917439
39.9488019395417 -0.038198493402574064
41.118294024358306 -0.04053379592226341
42.322022723792756 -0.04266958005141447
43.56099030694608 -0.04461200157293804
44.83622838411908 -0.04636715340134365
46.148798765769385 -0.04794106466844208
47.499794346614124 -0.049339701809659936
48.890340015614456 -0.05056897135957762
50.32159359259993 -0.05163472415972643
51.7947467923121 -0.05254276067805842
53.31102621667033 -0.05329883713850161
54.87169437608604 -0.05390867216065573
56.47805074067555 -0.054377953614145935
58.131432822247135 -0.05471234539999861
59.83321728796288 -0.05491749388238394
61.58482110660264 -0.05499903370920693
63.38770272838487 -0.0549625927785192
65.24336329932625 -0.05481379613059549
67.15334791115141 -0.05455826857215168
69.11924688779365 -0.05420163586949956
71.14269710955735 -0.05374952438148135
73.22538337604533 -0.05320755903986878
75.36903980898542 -0.05258135962433458
77.57545129612417 -0.051876535319903785
79.84645497739086 -0.05109867758673613
82.18394177456803 -0.05025335141331408
84.58985796574301 -0.049346085064260276
87.06620680585127 -0.048382358471769256
89.61505019466045 -0.04736759045353429
92.23851039358476 -0.04630712496986215
94.9387717927583 -0.04520621665673393
97.71808272983904 -0.04407001588954108
100.57875736205835 -0.04290355364374758
103.52317759307378 -0.04171172642292762
106.55379505623053 -0.040499281522020196
109.67313315588179 -0.0392708028842275
112.88378916846884 -0.038030697793945356
116.18843640511002 -0.036783184626520846
119.58982643749793 -0.03553228184906864
123.09079138896018 -0.03428179843595073
126.69424629259063 -0.033035325829250686
130.40319151841317 -0.03179623153932284
134.2207152716012 -0.030567654444872555
138.14999616383224 -0.029352501816687054
142.19430585991677 -0.028153448055374564
146.357011801908 -0.026972935102030287
150.64158001295928 -0.025813174452294137
155.05157798326255 -0.02467615067963843
159.5906776404731 -0.023563626352709144
164.26265840709303 -0.022477148215366234
169.071410347358 -0.02141805448546523
174.0209374062485 -0.020387483120691698
179.115360743323 -0.019386380895566012
184.3589221641488 -0.018415513133461524
189.75598765218504 -0.017475473940454
195.3110510040631 -0.016566696793632936
201.02873757128856 -0.015689465344797184
206.913808111479 -0.014843924310541826
212.97116275234782 -0.014030090331349629
219.20584507173257 -0.01324786269498335
225.62304629706352 -0.012497033832446127
232.22810962777245 -0.011777299508337086
239.02653468423918 -0.011088268640559989
246.02398208697775 -0.010429472697196242
253.22627816987946 -0.009800374630550234
260.63941983143474 -0.009200377319809916
268.26957952797244 -0.008628831504133207
276.1231104130753 -0.008085043197413374
284.2065516274511 -0.007568280584248143
292.5266337436645 -0.007077780403850591
301.09028437025927 -0.006612753834539241
309.9046339199427 -0.006172391896582096
318.97702154663216 -0.005755870394831445
328.3150012563047 -0.005362354425672599
337.9263481967431 -0.004991002474481718
347.819065131413 -0.004640970131307034
358.00138910285807 -0.004311413452352026
368.48179829116765 -0.004001491994949916
379.26901907322497 -0.003710371552610525
390.37203328860926 -0.0034372266155133138
401.8000857182091 -0.003181242580071316
413.5626917817706 -0.002941617729274604
425.66964546078714 -0.0027175650034608418
438.13102745333055 -0.002508313578861339
450.9572135676145 -0.002313110269182025
464.15888336127773 -0.00213122076333616
477.7470290335773 -0.001961930710476641
491.73296457790156 -0.0018045466616502335
506.1283352022219 -0.0016583968758968372
520.9451270253212 -0.001522831997333758
536.1956770568817 -0.001397225608605049
551.892683469738 -0.0012809746654730762
568.0492161728429 -0.0011734998167095166
584.6787276937589 -0.0010742456132456085
601.7950643797334 -0.0009826806104540366
619.412477926676 -0.000898297367630809
637.5456372456507 -0.0008206123489508604
656.2096406767555 -0.0007491657306597081
675.4200285605586 -0.0006835211195799922
695.1927961775606 -0.0006232651887192898
715.5444070664574 -0.0005680072359460304
736.4918067322965 -0.0005173786724250263
758.0524367559261 -0.0004710324477324336
780.2442493165045 -0.0004286424188245126
803.0857221391512 -0.0003899026704493653
826.5958738801812 -0.00035452679434803383
850.7942799627444 -0.0003222471349600405
875.7010888760508 -0.00029281400888587784
901.3370389517438 -0.0002659949053747021
927.7234756314059 -0.0002415736746920469
954.8823692395666 -0.00021934971083297446
982.8363332770031 -0.00019913713464502346
1011.6086432495807 -0.00018076398290070675
1041.2232560483055 -0.00016407140823526388
1071.7048298967104 -0.00014891289450735652
1103.078744882215 -0.00013515349132803904
1135.3711240885177 -0.00012266907111323604
1168.608855346651 -0.0001113456114009959
1202.8196136227775 -0.00010107850462724374
1238.0318840613968 -9.17718970745571e-05
1274.2749857031336 -8.333805824846128e-05
1311.5790958968503 -7.56967814920024e-05
1349.9752754264298 -6.877481628941702e-05
1389.4954943731375 -6.250533229664873e-05
1430.172658735088 -5.682741495089834e-05
1472.0406378260013 -5.168559216856737e-05
1515.134292476053 -4.7029391374248385e-05
1559.4895040582815 -4.281292613462857e-05
1605.1432043647615 -3.899451120570469e-05
1652.1334063573702 -3.553630500351226e-05
1700.4992358187922 -3.2403978214671396e-05
1750.2809639301013 -2.9566407254560005e-05
1801.520040802024 -2.6995391318691638e-05
1854.2591299878522 -2.4665391654396308e-05
1908.542144006686 -2.2553291733052255e-05
1964.4142809066266 -2.0638177021532993e-05
2021.9220618983536 -1.8901133059327033e-05
2081.1133700903947 -1.7325060565210925e-05
2142.037490358383 -1.5894506429524036e-05
2204.7451503814746 -1.4595509362313377e-05
2269.288562880081 -1.3415459140269195e-05
2335.7214690901214 -1.234296838093839e-05
2404.0991835099717 -1.1367755862410849e-05
2474.47863995735 -1.0480540473233915e-05
2546.91843897454 -9.672944855147984e-06
2621.478896621356 -8.937408031725237e-06
2698.222094696536 -8.267106123139609e-06
2777.211932429355 -7.65588060507172e-06
2858.5141796844714 -7.098173274675913e-06
2942.196531724374 -6.588967468417225e-06
3028.3286655749457 -6.123734918441522e-06
3116.9822980411436 -5.698387712257102e-06
3208.2312454210773 -5.309234903441839e-06
3302.1514849681753 -4.952943380881245e-06
3398.8212181526674 -4.6265025027907845e-06
3498.320935775036 -4.32719227468257e-06
3600.73348498562 -4.0525545939269275e-06
3706.144138266228 -3.8003673709303912e-06
3814.640664431178 -3.568621200018153e-06
3926.3134017068355 -3.3554983466497167e-06
4041.2553329506004 -3.1593538243474906e-06
4159.562163071847 -2.978698359791183e-06
4281.332398719392 -2.812183054174601e-06
4406.667430301786 -2.658585573030061e-06
4535.671616408702 -2.5167977237271093e-06
4668.45237070379 -2.3858142731022048e-06
4805.1202513612425 -2.264722890463401e-06
4945.789053120639 -2.1526950693914033e-06
5090.575902036681 -2.048978007121134e-06
5239.601353002645 -1.9528872476733907e-06
5392.98949012887 -1.8638000964507784e-06
5550.868030059805 -1.7811496491121296e-06
5713.36842831558 -1.7044194829414937e-06
5880.625988746757 -1.6331388120599444e-06
6052.779976193349 -1.5668781566250347e-06
6229.973732441841 -1.5052454372995898e-06
6412.354795576917 -1.4478824554522535e-06
6600.075022827095 -1.3944617147306046e-06
6793.290717006696 -1.3446835743634675e-06
6992.162756659375 -1.2982736666894002e-06
7196.856730011514 -1.2549805625177265e-06
7407.543072847163 -1.2145736766074293e-06
7624.397210419138 -1.1768413804767259e-06
7847.5997035146065 -1.1415892955421045e-06
8077.3363987967105 -1.1086387164417642e-06
8313.798583547334 -1.0778252571188712e-06
8557.183144940002 -1.0489975586219048e-06
8807.692733975462 -1.022016154090504e-06
9065.53593421636 -9.967524359601274e-07
9330.927435461663 -9.730877186352154e-07
9604.08821250538 -9.509123821659368e-07
9885.24570912827 -9.301251133220712e-07
10174.634027476064 -9.106321987406275e-07
10472.494122981476 -8.923468865407597e-07
10779.074004992735 -8.751888250849215e-07
11094.628943275218 -8.590835258482387e-07
11419.421680558647 -8.439618889691975e-07
11753.722651306367 -8.297597702664396e-07
12097.810206889013 -8.164175839356956e-07
12451.97084735032 -8.038799409268522e-07
12816.499459957597 -7.920953220368262e-07
13191.699564735716 -7.810157808966049e-07
13577.883567189278 -7.705966633518617e-07
13975.373018422924 -7.607963586663935e-07
14384.498882876629 -7.515760565115286e-07
14805.6018138991 -7.428995753157802e-07
15239.032437388305 -7.347331038250258e-07
15685.151643735446 -7.270450998480836e-07
16144.330888316019 -7.198060617110537e-07
16616.952500776908 -7.129884173596267e-07
17103.41000337838 -7.065663729596365e-07
17604.108438655527 -7.005157875344612e-07
18119.46470667122 -6.948140601386827e-07
18649.907912142942 -6.894400122101126e-07
19195.87972173111 -6.843738027089547e-07
19757.834731786996 -6.795968162558e-07
20336.2408468667 -6.750916004503252e-07
20931.579669325736 -6.708417723315122e-07
21544.346900318822 -6.668319499103867e-07
22175.052752539294 -6.630476846670819e-07
22824.222375040976 -6.594753940479052e-07
23492.396290496577 -6.561023151776113e-07
24180.13084525718 -6.529164363921416e-07
24887.998672586673 -6.499064644514844e-07
25616.589169457267 -6.470617589653984e-07
26366.508987303554 -6.443722909273249e-07
27138.3825371428 -6.418286253564896e-07
27932.85250948253 -6.394218557236278e-07
28750.580409448772 -6.371435769498108e-07
29592.247107579577 -6.349858593696001e-07
30458.55340674284 -6.32941214015255e-07
31350.220625651124 -6.310025579009391e-07
32267.991199458116 -6.291631966648239e-07
33212.62929793748 -6.274167879246407e-07
34184.92146175927 -6.257573306700766e-07
35185.677257392665 -6.241791286183273e-07
36215.72995118075 -6.226767767135114e-07
37275.93720314938 -6.212451466617553e-07
38367.18178112649 -6.198793531797301e-07
39490.37229576694 -6.185747520659948e-07
40646.44395709628 -6.173269103068432e-07
41836.359353200234 -6.161316022189925e-07
43061.10925171165 -6.149847805197575e-07
44321.713424760856 -6.138825724697396e-07
45619.221498074585 -6.128212750511889e-07
46954.71382493421 -6.117973077159549e-07
48329.30238571752 -6.108072384223295e-07
49744.13171377451 -6.098477643484965e-07
51200.37984840882 -6.089156704264467e-07
52699.259315756564 -6.080078563431493e-07
54242.01813838024 -6.071213076107257e-07
55829.94087441914 -6.062530772442256e-07
57464.34968715974 -6.05400314691454e-07
59146.605445917456 -6.045601992943702e-07
60878.108859147556 -6.037299827195e-07
62660.30164072656 -6.029069445988684e-07
64494.667710376205 -6.02088408923568e-07
66382.73442923075 -6.012717180069162e-07
68326.07387157406 -6.004542392347464e-07
70326.30413380644 -5.996333467431864e-07
72385.09068173247 -5.98806415632692e-07
74504.14773728917 -5.979708142534277e-07
76685.2397058701 -5.971239080625762e-07
78930.18264543568 -5.96263038409133e-07
81240.84577862974 -5.953855186765964e-07
83619.15304916317 -5.944886284970019e-07
86067.08472376158 -5.935696176082331e-07
88586.67904100832 -5.926256749955401e-07
91180.03390845681 -5.916539655359864e-07
93849.3086494272 -5.90651556709556e-07
96596.72580093842 -5.896154880307363e-07
99424.57296427398 -5.885427083672285e-07
102335.20470972576 -5.874301019767908e-07
105331.04453709359 -5.862744730779989e-07
108414.5868935835 -5.850725410286075e-07
111588.3992507748 -5.83820933575259e-07
114855.12424239368 -5.825161791388621e-07
118217.48186466724 -5.811547251368165e-07
121678.27174109229 -5.797329100175139e-07
125240.3754535072 -5.782469690463038e-07
128906.75894140244 -5.766930381628044e-07
132680.47497147243 -5.750671453019541e-07
136564.66567946097 -5.733652123226681e-07
140562.56518642136 -5.715830463288908e-07
144677.5022915648 -5.697163637777841e-07
148912.90324394088 -5.677607779434703e-07
153272.2945952612 -5.657117931310678e-07
157759.30613623615 -5.635648336065168e-07
162377.67391887208 -5.613152127380997e-07
167131.2433672486 -5.589581918204207e-07
172023.97247935992 -5.564889405369778e-07
177059.9351226898 -5.539025726402821e-07
182243.32442626648 -5.51194167167064e-07
187578.45627201613 -5.483587491517238e-07
193069.77288832495 -5.453913494146387e-07
198721.84654880533 -5.422869785253204e-07
204539.38337933904 -5.390407000913081e-07
210527.22727657072 -5.356475941137233e-07
216690.3639411181 -5.321028457054025e-07
223033.9250288494 -5.284017238756928e-07
229563.19242369095 -5.245396287825006e-07
236283.6026355175 -5.205121438059793e-07
243200.7513267945 -5.163150394058392e-07
250320.39797173254 -5.119443338739822e-07
257648.47065183744 -5.073963241929822e-07
265191.0709918535 -5.026676255735146e-07
272954.4792402007 -4.977552283496786e-07
280945.1594981406 -4.926565249801687e-07
289169.76510202966 -4.873693669435969e-07
297635.14416313195 -4.818920936683175e-07
306348.3452696084 -4.762236173932486e-07
315316.62335543614 -4.703634250965244e-07
324547.44574113254 -4.6431163731947273e-07
334048.4983513244 -4.5806907181222883e-07
343827.6921143307 -4.5163723485478516e-07
353893.1695490984 -4.4501841190377495e-07
364253.3115449638 -4.382156502345736e-07
374916.74433988857 -4.312328225869115e-07
385892.3467029899 -4.240746329508343e-07
397189.25732733024 -4.1674661945968164e-07
408816.88243912894 -4.0925518235558045e-07
420784.9036297398 -4.0160758206078507e-07
433103.2859169001 -3.9381188613965876e-07
445782.28604197066 -3.8587703680159504e-07
458832.461010084 -3.7781273421738316e-07
472264.67688029545 -3.6962946448470123e-07
486090.117813063 -3.6133841766027294e-07
500320.2953825999 -3.529514569013825e-07
514967.0581618343 -3.4448105482025467e-07
530042.6015879672 -3.3594020380159315e-07
545559.4781168514 -3.2734236103590854e-07
561530.6076746266 -3.1870136269436784e-07
577969.2884153313 -3.1003132846036916e-07
594889.2077934331 -3.0134656220380693e-07
612304.4539605178 -2.926614835138187e-07
630229.5274956024 -2.839905206584317e-07
648679.3534788508 -2.753479910079534e-07
667669.2939187557 -2.667480422109951e-07
687215.1605431122 -2.5820453743950175e-07
707333.2279644439 -2.4973098788582905e-07
728040.2472308562 -2.4134042064987984e-07
749353.4597735757 -2.3304537584612524e-07
771290.6117627992 -2.2485778027670656e-07
793869.9688838223 -2.1678890596535791e-07
817110.3315457187 -2.0884930554746856e-07
841031.0505352605 -2.010487814116085e-07
865652.0431290936 -1.9339634519777854e-07
890993.8096776098 -1.8590017440267868e-07
917077.4506742931 -1.7856762877328043e-07
943924.6843247664 -1.7140519823314727e-07
971557.8646301847 -1.6441853084793694e-07
1000000.0 -1.5761243089675086e-07
