10.0 -5.477165722217039
10.292747724096083 -5.299368477143284
10.59406557118851 -5.1245882101478735
10.904204429677526 -4.9528944077396115
11.223422532664179 -4.784353672621907
11.551985672964793 -4.619029371694495
11.890167424419898 -4.456981289806983
12.238249369681931 -4.298265292938598
12.596521334671401 -4.142933004551177
12.965281629896682 -3.9910314988705435
13.344837298838383 -3.8426030147895043
13.735504373605137 -3.697684693952199
14.137608138073606 -3.5563083463726546
14.551483398731937 -3.4185002466624868
14.977474763452017 -3.2842809635972214
15.415936928422726 -3.15366522534315
15.867234973483178 -3.0266618222058908
16.331744666101677 -2.9032735482570375
16.80985277425364 -2.7834971826581825
17.301957388458945 -2.6673235109450193
17.808468253246822 -2.5547373859711167
18.329807108324356 -2.445717827655142
18.866408039732583 -2.3402381601401827
19.418717841282557 -2.2382661844715326
19.987196386572506 -2.1397643844417815
20.57231701189556 -2.044690162848652
21.174566910357118 -1.9529961050697051
21.794447537529855 -1.86463026658489
22.432475028984193 -1.7795364808759875
23.089180630041927 -1.6976546840033027
23.765111138110754 -1.6189212521028722
24.46082935796799 -1.5432693480600608
25.17691457037277 -1.4706292736922921
25.913963014396586 -1.4009288239095066
26.672588383874054 -1.334093639507922
27.453422338387142 -1.2700475554833908
28.257115029208283 -1.208712942016145
29.08433564064048 -1.1500110355705844
29.935772947204903 -1.0938622578636013
30.812135887140037 -1.0401865207744188
31.714154152689986 -0.9889035155907849
32.642578797673224 -0.9399329853036535
33.59818286283781 -0.8931949789696801
34.58176201952381 -0.8486100874526004
35.594135232168604 -0.8060996601273872
36.63614544020716 -0.7655860023815184
37.708660259934554 -0.726992553974099
38.81257270691538 -0.6902440485142076
39.9488019395417 -0.6552666544947079
41.118294024358306 -0.6219880984665275
42.322022723792756 -0.5903377710620062
43.56099030694608 -0.5602468166756149
44.83622838411908 -0.5316482076871307
46.148798765769385 -0.5044768041686838
47.499794346614124 -0.47866940005411035
48.890340015614456 -0.45416475676951773
50.32159359259993 -0.430903625329109
51.7947467923121 -0.40882875789303436
53.31102621667033 -0.38788490976540757
54.87169437608604 -0.36801883278318737
56.47805074067555 -0.3491792610116287
58.131432822247135 -0.3313168896213569
59.83321728796288 -0.3143843477768753
61.58482110660264 -0.29833616631830984
63.38770272838487 -0.2831287409677462
65.24336329932625 -0.26872029174047474
67.15334791115141 -0.2550708191899212
69.11924688779365 -0.24214205806411226
71.14269710955735 -0.2298974289015583
73.22538337604533 -0.21830198804611262
75.36903980898542 -0.20732237651370927
77.57545129612417 -0.1969267680995163
79.84645497739086 -0.1870848170717866
82.18394177456803 -0.17776760575919107
84.58985796574301 -0.1689475923009462
87.06620680585127 -0.16059855879467688
89.61505019466045 -0.1526955600445518
92.23851039358476 -0.14521487308279518
94.9387717927583 -0.1381339476102646
97.71808272983904 -0.1314313574769688
100.57875736205835 -0.12508675330081978
103.52317759307378 -0.11908081630235506
106.55379505623053 -0.11339521341485767
109.67313315588179 -0.10801255371282506
112.88378916846884 -0.10291634618725183
116.18843640511002 -0.09809095888341919
119.58982643749793 -0.09352157940582305
123.09079138896018 -0.08919417678540933
126.69424629259063 -0.08509546469633199
130.40319151841317 -0.08121286600296722
134.2207152716012 -0.07753447861266048
138.14999616383224 -0.0740490426057376
142.19430585991677 -0.07074590861156868
146.357011801908 -0.0676150073975767
150.64158001295928 -0.0646468206373081
155.05157798326255 -0.061832352823685516
159.5906776404731 -0.05916310429409318
164.26265840709303 -0.056631045335377175
169.071410347358 -0.054228591338321565
174.0209374062485 -0.05194857897333134
179.115360743323 -0.04978424336114601
184.3589221641488 -0.047729196214683973
189.75598765218504 -0.04577740493037927
195.3110510040631 -0.043923172609311084
201.02873757128856 -0.0421611189903897
206.913808111479 -0.04048616227922136
212.97116275234782 -0.038893501857514036
219.20584507173257 -0.037378601858498034
225.62304629706352 -0.0359371755942342
232.22810962777245 -0.03456517082042568
239.02653468423918 -0.03325875582391428
246.02398208697775 -0.032014306317113383
253.22627816987946 -0.03082839312232845
260.63941983143474 -0.02969777062752625
268.26957952797244 -0.028619365993382634
276.1231104130753 -0.027590269089553747
284.2065516274511 -0.026607723136341244
292.5266337436645 -0.02566911602589103
301.09028437025927 -0.024771972295285907
309.9046339199427 -0.02391394572209998
318.97702154663216 -0.023092812511315283
328.3150012563047 -0.022306465041098428
337.9263481967431 -0.021552906133558182
347.819065131413 -0.02083024381559254
358.00138910285807 -0.020136686533976766
368.48179829116765 -0.01947053878819248
379.26901907322497 -0.018830197144054046
390.37203328860926 -0.018214146590870697
401.8000857182091 -0.01762095720486374
413.5626917817706 -0.017049281081707616
425.66964546078714 -0.016497849501469826
438.13102745333055 -0.015965470289767334
450.9572135676145 -0.015451025339879618
464.15888336127773 -0.014953468261621012
477.7470290335773 -0.01447182212411661
491.73296457790156 -0.01400517726143787
506.1283352022219 -0.013552689111789256
520.9451270253212 -0.013113576063509848
536.1956770568817 -0.012687117283545718
551.892683469738 -0.01227265050710416
568.0492161728429 -0.011869569770420061
584.6787276937589 -0.011477323072021988
601.7950643797334 -0.011095409951774816
619.412477926676 -0.010723378980721215
637.5456372456507 -0.010360825158941316
656.2096406767555 -0.010007387222657371
675.4200285605586 -0.009662744865824396
695.1927961775606 -0.009326615885335662
715.5444070664574 -0.008998753262583136
736.4918067322965 -0.008678942197297167
758.0524367559261 -0.008366997112554786
780.2442493165045 -0.008062758652005356
803.0857221391512 -0.0077660906921052635
826.5958738801812 -0.007476877393319095
850.7942799627444 -0.007195020314500664
875.7010888760508 -0.006920435614607237
901.3370389517438 -0.006653051364789258
927.7234756314059 -0.0063928049926230595
954.8823692395666 -0.006139640878034924
982.8363332770031 -0.005893508118064031
1011.6086432495807 -0.00565435847467534
1041.2232560483055 -0.005422144516743448
1071.7048298967104 -0.00519681796394417
1103.078744882215 -0.00497832823701332
1135.3711240885177 -0.004766621215397577
1168.608855346651 -0.004561638200235826
1202.8196136227775 -0.00436331507759966
1238.0318840613968 -0.004171581674191438
1274.2749857031336 -0.003986361295459298
1311.5790958968503 -0.0038075704340291916
1349.9752754264298 -0.0036351186348599395
1389.4954943731375 -0.003468908502298471
1430.172658735088 -0.0033088358334964238
1472.0406378260013 -0.0031547898622416555
1515.134292476053 -0.003006653597230214
1559.4895040582815 -0.0028643042390110915
1605.1432043647615 -0.0027276136604677905
1652.1334063573702 -0.0025964489363877194
1700.4992358187922 -0.0024706729086607657
1750.2809639301013 -0.002350144774664196
1801.520040802024 -0.0022347206876657684
1854.2591299878522 -0.0021242543592007923
1908.542144006686 -0.0020185976546787453
1964.4142809066266 -0.0019176011746916757
2021.9220618983536 -0.0018211148157485828
2081.1133700903947 -0.0017289883052100984
2142.037490358383 -0.001641071706391444
2204.7451503814746 -0.0015572158906594696
2269.288562880081 -0.001477272974395405
2335.7214690901214 -0.0014010967193645266
2404.0991835099717 -0.0013285428958529908
2474.47863995735 -0.0012594696084762425
2546.91843897454 -0.001193737585102742
2621.478896621356 -0.001131210429810554
2698.222094696536 -0.0010717548411109496
2777.211932429355 -0.0010152407969416326
2858.5141796844714 -0.0009615417082190312
2942.196531724374 -0.0009105345428128403
3028.3286655749457 -0.0008620999219704699
3116.9822980411436 -0.0008161221912225218
3208.2312454210773 -0.0007724894679013427
3302.1514849681753 -0.0007310936672896638
3398.8212181526674 -0.0006918305094411733
3498.320935775036 -0.0006545995086799753
3600.73348498562 -0.0006193039476256429
3706.144138266228 -0.0005858508375364722
3814.640664431178 -0.000554150866729706
3926.3134017068355 -0.0005241183386040699
4041.2553329506004 -0.000495671100802474
4159.562163071847 -0.00046873046685117647
4281.332398719392 -0.00044322113155963324
4406.667430301786 -0.00041907108134860073
4535.671616408702 -0.0003962115005159304
4668.45237070379 -0.0003745766744524331
4805.1202513612425 -0.0003541038905858981
4945.789053120639 -0.00033473333791241065
5090.575902036681 -0.00031640800569450467
5239.601353002645 -0.0002990735820050727
5392.98949012887 -0.00028267835261374844
5550.868030059805 -0.00026717310064792527
5713.36842831558 -0.0002525110074644863
5880.625988746757 -0.0002386475550806217
6052.779976193349 -0.0002255404303694354
6229.973732441841 -0.00021314943138521608
6412.354795576917 -0.00020143637586505624
6600.075022827095 -0.00019036501223706933
6793.290717006696 -0.00017990093310772478
6992.162756659375 -0.0001700114914053023
7196.856730011514 -0.00016066571924463997
7407.543072847163 -0.00015183424950316747
7624.397210419138 -0.00014348924023325617
7847.5997035146065 -0.00013560430178618222
8077.3363987967105 -0.00012815442676122025
8313.798583547334 -0.00012111592267932594
8557.183144940002 -0.00011446634735321505
8807.692733975462 -0.00010818444697967095
9065.53593421636 -0.00010225009678513556
9330.927435461663 -9.66442442822763e-05
9604.08821250538 -9.134885498886942e-05
9885.24570912827 -8.634686058379039e-05
10174.634027476064 -8.162210943055523e-05
10472.494122981476 -7.715931935354636e-05
10779.074004992735 -7.294403263692812e-05
11094.628943275218 -6.896257316997933e-05
11419.421680558647 -6.520200559314757e-05
11753.722651306367 -6.16500964669321e-05
12097.810206889013 -5.829527732659427e-05
12451.97084735032 -5.512660953295396e-05
12816.499459957597 -5.213375090668289e-05
13191.699564735716 -4.93069240255058e-05
13577.883567189278 -4.6636886104227474e-05
13975.373018422924 -4.4114900438261095e-05
14384.498882876629 -4.1732709290082065e-05
14805.6018138991 -3.948250819736162e-05
15239.032437388305 -3.735692158606873e-05
15685.151643735446 -3.5348979695265994e-05
16144.330888316019 -3.3452096675678494e-05
16616.952500776908 -3.1660049877444994e-05
17103.41000337838 -2.9966960219029097e-05
17604.108438655527 -2.8367273614130662e-05
18119.46470667122 -2.685574338715161e-05
18649.907912142942 -2.5427413644416366e-05
19195.87972173111 -2.4077603524953693e-05
19757.834731786996 -2.2801892324079472e-05
20336.2408468667 -2.159610541937552e-05
20931.579669325736 -2.0456300957590126e-05
21544.346900318822 -1.937875727545205e-05
22175.052752539294 -1.83599609917101e-05
22824.222375040976 -1.7396595775214296e-05
23492.396290496577 -1.6485531693564873e-05
24180.13084525718 -1.5623815179933466e-05
24887.998672586673 -1.4808659505225872e-05
25616.589169457267 -1.4037435794155978e-05
26366.508987303554 -1.330766450615262e-05
27138.3825371428 -1.2617007393632776e-05
27932.85250948253 -1.1963259866278167e-05
28750.580409448772 -1.1344343761313035e-05
29592.247107579577 -1.0758300506280364e-05
30458.55340674284 -1.020328461549074e-05
31350.220625651124 -9.677557539428766e-06
32267.991199458116 -9.179481798648234e-06
33212.62929793748 -8.707515430120337e-06
34184.92146175927 -8.26020670649625e-06
35185.677257392665 -7.836189100317528e-06
36215.72995118075 -7.434176507638368e-06
37275.93720314938 -7.052958690557064e-06
38367.18178112649 -6.691396929012691e-06
39490.37229576694 -6.348419904025887e-06
40646.44395709628 -6.023019755487775e-06
41836.359353200234 -5.714248338604737e-06
43061.10925171165 -5.421213645247062e-06
44321.713424760856 -5.143076433595825e-06
45619.221498074585 -4.879046974476471e-06
46954.71382493421 -4.628382001168266e-06
48329.30238571752 -4.390381808686985e-06
49744.13171377451 -4.164387490004272e-06
51200.37984840882 -3.949778336204653e-06
52699.259315756564 -3.745969379364747e-06
54242.01813838024 -3.55240906947555e-06
55829.94087441914 -3.3685770998725433e-06
57464.34968715974 -3.193982355136615e-06
59146.605445917456 -3.028160994001927e-06
60878.108859147556 -2.8706746556986797e-06
62660.30164072656 -2.7211087993739387e-06
64494.667710376205 -2.5790711187307625e-06
66382.73442923075 -2.444190125425349e-06
68326.07387157406 -2.316113777788166e-06
70326.30413380644 -2.1945082541947587e-06
72385.09068173247 -2.0790568084048777e-06
74504.14773728917 -1.969458683726002e-06
76685.2397058701 -1.8654281554328187e-06
78930.18264543568 -1.7666936223677316e-06
81240.84577862974 -1.6729967670089313e-06
83619.15304916317 -1.5840917926849374e-06
86067.08472376158 -1.4997447263636495e-06
88586.67904100832 -1.4197327600147167e-06
91180.03390845681 -1.3438436450101087e-06
93849.3086494272 -1.271875146313169e-06
96596.72580093842 -1.203634526561975e-06
99424.57296427398 -1.1389380619756419e-06
102335.20470972576 -1.0776106141917511e-06
105331.04453709359 -1.0194852098185076e-06
108414.5868935835 -9.64402649881152e-07
111588.3992507748 -9.122111626632029e-07
114855.12424239368 -8.627660555834526e-07
118217.48186466724 -8.159293988958451e-07
121678.27174109229 -7.715697277116449e-07
125240.3754535072 -7.295617546292675e-07
128906.75894140244 -6.897861026150439e-07
132680.47497147243 -6.521290388483613e-07
136564.66567946097 -6.164822490686058e-07
140562.56518642136 -5.827425733490433e-07
144677.5022915648 -5.508118141953029e-07
148912.90324394088 -5.205965070351192e-07
153272.2945952612 -4.92007704208691e-07
157759.30613623615 -4.6496080138947803e-07
162377.67391887208 -4.393753244675937e-07
167131.2433672486 -4.151747636852699e-07
172023.97247935992 -3.9228639234310066e-07
177059.9351226898 -3.7064109225659786e-07
182243.32442626648 -3.501732004279682e-07
187578.45627201613 -3.3082035186059574e-07
193069.77288832495 -3.1252331658757273e-07
198721.84654880533 -2.952258743090158e-07
204539.38337933904 -2.7887466202822296e-07
210527.22727657072 -2.6341904386737326e-07
216690.3639411181 -2.488109857048733e-07
223033.9250288494 -2.3500492884838413e-07
229563.19242369095 -2.2195766852949337e-07
236283.6026355175 -2.0962824975628857e-07
243200.7513267945 -1.9797785159400686e-07
250320.39797173254 -1.8696968108896498e-07
257648.47065183744 -1.7656888744337136e-07
265191.0709918535 -1.6674244340300802e-07
272954.4792402007 -1.5745907582561843e-07
280945.1594981406 -1.4868916539081897e-07
289169.76510202966 -1.4040467138252862e-07
297635.14416313195 -1.3257903814917912e-07
306348.3452696084 -1.2518714592299184e-07
315316.62335543614 -1.1820520860124574e-07
324547.44574113254 -1.1161071685093865e-07
334048.4983513244 -1.0538237735614077e-07
343827.6921143307 -9.950004435072986e-08
353893.1695490984 -9.39446685090226e-08
364253.3115449638 -8.869821497792797e-08
374916.74433988857 -8.374364505471536e-08
385892.3467029899 -7.906483421917028e-08
397189.25732733024 -7.464654320376217e-08
408816.88243912894 -7.047436013398885e-08
420784.9036297398 -6.65346638839263e-08
433103.2859169001 -6.281456910955689e-08
445782.28604197066 -5.930190889086986e-08
458832.461010084 -5.5985176872208465e-08
472264.67688029545 -5.2853497368114285e-08
486090.117813063 -4.9896594504844544e-08
500320.2953825999 -4.7104756540252396e-08
514967.0581618343 -4.446880789828744e-08
530042.6015879672 -4.198007927484154e-08
545559.4781168514 -3.963037870792241e-08
561530.6076746266 -3.741196746946477e-08
577969.2884153313 -3.5317534992814374e-08
594889.2077934331 -3.334017380021209e-08
612304.4539605178 -3.1473358287588155e-08
630229.5274956024 -2.9710927366666395e-08
648679.3534788508 -2.804706132110384e-08
667669.2939187557 -2.647625962695785e-08
687215.1605431122 -2.4993328416428134e-08
707333.2279644439 -2.359336601294388e-08
728040.2472308562 -2.227173978730377e-08
749353.4597735757 -2.1024071692763286e-08
771290.6117627992 -1.984623633637923e-08
793869.9688838223 -1.8734328191875217e-08
817110.3315457187 -1.7684665456951135e-08
841031.0505352605 -1.6693765945096e-08
865652.0431290936 -1.5758348049915066e-08
890993.8096776098 -1.4875310494252659e-08
917077.4506742931 -1.4041721722589745e-08
943924.6843247664 -1.3254816043733786e-08
971557.8646301847 -1.2511984951871317e-08
1000000.0 -1.1810761697328224e-08
