10.0 -14.826622962457918
10.292747724096083 -14.777066810907103
10.59406557118851 -14.72541115588458
10.904204429677526 -14.671606698660213
11.223422532664179 -14.615606593922415
11.551985672964793 -14.557366795081553
11.890167424419898 -14.496846402866977
12.238249369681931 -14.434008013798962
12.596521334671401 -14.368818064816391
12.965281629896682 -14.301247170080732
13.344837298838383 -14.231270445771504
13.735504373605137 -14.158867818544271
14.137608138073606 -14.084024313252002
14.551483398731937 -14.00673031554162
14.977474763452017 -13.926981805036046
15.415936928422726 -13.844780555003291
15.867234973483178 -13.760134294700496
16.331744666101677 -13.6730568309602
16.80985277425364 -13.58356812605698
17.301957388458945 -13.491694329446473
17.808468253246822 -13.39746776159844
18.329807108324356 -13.300926848835122
18.866408039732583 -13.202116008826717
19.418717841282557 -13.101085487165706
19.987196386572506 -12.997891146226092
20.57231701189556 -12.892594208295414
21.174566910357118 -12.785260955724675
21.794447537529855 -12.675962391560919
22.432475028984193 -12.564773864789625
23.089180630041927 -12.451774664906685
23.765111138110754 -12.33704759105059
24.46082935796799 -12.220678501342526
25.17691457037277 -12.102755848401392
25.913963014396586 -11.983370207215884
26.672588383874054 -11.862613801663953
27.453422338387142 -11.740580035973087
28.257115029208283 -11.617363037313993
29.08433564064048 -11.49305721551735
29.935772947204903 -11.367756845606403
30.812135887140037 -11.241555678447806
31.714154152689986 -11.114546584351457
32.642578797673224 -10.986821233896453
33.59818286283781 -10.858469819639415
34.58176201952381 -10.729580821673537
35.594135232168604 -10.60024081926544
36.63614544020716 -10.470534350007712
37.708660259934554 -10.340543817098728
38.81257270691538 -10.210349444510335
39.9488019395417 -10.080029278937499
41.118294024358306 -9.949659236560388
42.322022723792756 -9.819313191799395
43.56099030694608 -9.689063104427717
44.83622838411908 -9.558979180639895
46.148798765769385 -9.429130062976185
47.499794346614124 -9.299583043392662
48.890340015614456 -9.170404293258729
50.32159359259993 -9.041659103678231
51.7947467923121 -8.91341212927766
53.31102621667033 -8.785727628498927
54.87169437608604 -8.658669693481155
56.47805074067555 -8.532302462820384
58.131432822247135 -8.406690310856767
59.83321728796288 -8.281898007651098
61.58482110660264 -8.157990844466148
63.38770272838487 -8.035034720348772
65.24336329932625 -7.913096186298719
67.15334791115141 -7.792242444486517
69.11924688779365 -7.6725413010217185
71.14269710955735 -7.554061071848206
73.22538337604533 -7.43687044242567
75.36903980898542 -7.321038282919733
77.57545129612417 -7.206633421638892
79.84645497739086 -7.093724380400045
82.18394177456803 -6.982379076350468
84.58985796574301 -6.872664495505055
87.06620680585127 -6.764646343854665
89.61505019466045 -6.6583886823525
92.23851039358476 -6.553953552382915
94.9387717927583 -6.45140059845615
97.71808272983904 -6.3507866948544125
100.57875736205835 -6.252165582784328
103.52317759307378 -6.1555875242774105
106.55379505623053 -6.061098978635653
109.67313315588179 -5.968742306660875
112.88378916846884 -5.878555507251031
116.18843640511002 -5.790571990215408
119.58982643749793 -5.704820388375279
123.09079138896018 -5.621324411198114
126.69424629259063 -5.540102741384451
130.40319151841317 -5.461168975008402
134.2207152716012 -5.3845316050234535
138.14999616383224 -5.3101940472038525
142.19430585991677 -5.238154706912495
146.357011801908 -5.1684070844814425
150.64158001295928 -5.100939916470538
155.05157798326255 -5.035737349638928
159.5906776404731 -4.9727791441274505
164.26265840709303 -4.912040902106899
169.071410347358 -4.85349431799627
174.0209374062485 -4.7971074462911725
179.115360743323 -4.742844983060276
184.3589221641488 -4.690668557257203
189.75598765218504 -4.64053702814998
195.3110510040631 -4.592406785376969
201.02873757128856 -4.546232048390505
206.913808111479 -4.5019651623334775
212.97116275234782 -4.459556887703039
219.20584507173257 -4.418956681477708
225.62304629706352 -4.380112967712829
232.22810962777245 -4.342973395935411
239.02653468423918 -4.307485085988009
246.02398208697775 -4.273594858275068
253.22627816987946 -4.24124944865177
260.63941983143474 -4.210395707459764
268.26957952797244 -4.180980782455196
276.1231104130753 -4.152952285589838
284.2065516274511 -4.126258443795896
292.5266337436645 -4.100848234088714
301.09028437025927 -4.07667150344003
309.9046339199427 -4.053679073988786
318.97702154663216 -4.031822834247739
328.3150012563047 -4.011055817034762
337.9263481967431 -3.991332264908511
347.819065131413 -3.9726076839221958
358.00138910285807 -3.954838886527642
368.48179829116765 -3.937984024467038
379.26901907322497 -3.9220026124836176
390.37203328860926 -3.906855543666603
401.8000857182091 -3.8925050972221404
413.5626917817706 -3.8789149394317155
425.66964546078714 -3.8660501185246
438.13102745333055 -3.8538770541518956
450.9572135676145 -3.842363522108498
464.15888336127773 -3.831478634906154
477.7470290335773 -3.8211928187569173
491.73296457790156 -3.8114777874823
506.1283352022219 -3.802306513819757
520.9451270253212 -3.793653198555721
536.1956770568817 -3.7854932378726396
551.892683469738 -3.777803189258205
568.0492161728429 -3.770560736286521
584.6787276937589 -3.7637446525454092
601.7950643797334 -3.7573347649497673
619.412477926676 -3.7513119166495286
637.5456372456507 -3.7456579297108816
656.2096406767555 -3.7403555677223133
675.4200285605586 -3.7353884984517647
695.1927961775606 -3.7307412566580016
715.5444070664574 -3.7263992071387344
736.4918067322965 -3.722348508078996
758.0524367559261 -3.718576074746562
780.2442493165045 -3.7150695435664116
803.0857221391512 -3.7118172365936286
826.5958738801812 -3.7088081263931634
850.7942799627444 -3.706031801326147
875.7010888760508 -3.7034784312353866
901.3370389517438 -3.701138733517793
927.7234756314059 -3.699003939568305
954.8823692395666 -3.6970657615787776
982.8363332770031 -3.695316359675891
1011.6086432495807 -3.693748309384846
1041.2232560483055 -3.6923545694101687
1071.7048298967104 -3.6911284497308894
1103.078744882215 -3.690063580015901
1135.3711240885177 -3.6891538783744493
1168.608855346651 -3.688393520468355
1202.8196136227775 -3.68777690902462
1238.0318840613968 -3.6872986438011224
1274.2749857031336 -3.6869534920721176
1311.5790958968503 -3.6867363597154466
1349.9752754264298 -3.6866422629979723
1389.4954943731375 -3.686666301170823
1430.172658735088 -3.6868036299992224
1472.0406378260013 -3.6870494363642625
1515.134292476053 -3.687398914084417
1559.4895040582815 -3.6878472411119945
1605.1432043647615 -3.688389558264726
1652.1334063573702 -3.689020949653612
1700.4992358187922 -3.689736424964856
1750.2809639301013 -3.690530903746352
1801.520040802024 -3.6913992018366164
1854.2591299878522 -3.692336020056649
1908.542144006686 -3.69333593526329
1964.4142809066266 -3.6943933938353215
2021.9220618983536 -3.6955027076328424
2081.1133700903947 -3.696658052435197
2142.037490358383 -3.697853468825503
2204.7451503814746 -3.699082865449776
2269.288562880081 -3.700340024538495
2335.7214690901214 -3.701618609538417
2404.0991835099717 -3.702912174663986
2474.47863995735 -3.7042141761421754
2546.91843897454 -3.7055179848935986
2621.478896621356 -3.7068169003662255
2698.222094696536 -3.708104165218467
2777.211932429355 -3.709372980535419
2858.5141796844714 -3.710616521256338
2942.196531724374 -3.7118279514938783
3028.3286655749457 -3.71300043943514
3116.9822980411436 -3.7141271715319446
3208.2312454210773 -3.7152013657115153
3302.1514849681753 -3.716216283368615
3398.8212181526674 -3.7171652399351944
3498.320935775036 -3.7180416138624257
3600.73348498562 -3.7188388538916533
3706.144138266228 -3.719550484534084
3814.640664431178 -3.7201701097224857
3926.3134017068355 -3.720691414641404
4041.2553329506004 -3.7211081657836598
4159.562163071847 -3.721414209319563
4281.332398719392 -3.721603467900877
4406.667430301786 -3.72166993605376
4535.671616408702 -3.7216076743418878
4668.45237070379 -3.7214108025053942
4805.1202513612425 -3.7210734917987716
4945.789053120639 -3.7205899567667142
5090.575902036681 -3.7199544467061276
5239.601353002645 -3.7191612370687506
5392.98949012887 -3.7182046210610595
5550.868030059805 -3.7170789016964267
5713.36842831558 -3.7157783845489245
5880.625988746757 -3.714297371450766
6052.779976193349 -3.712630155362656
6229.973732441841 -3.710771016632743
6412.354795576917 -3.708714220842259
6600.075022827095 -3.7064540184151995
6793.290717006696 -3.703984646147001
6992.162756659375 -3.701300330780434
7196.856730011514 -3.698395294728101
7407.543072847163 -3.6952637640084918
7624.397210419138 -3.691899978427049
7847.5997035146065 -3.688298203995018
8077.3363987967105 -3.684452747536466
8313.798583547334 -3.680357973388757
8557.183144940002 -3.676008322053047
8807.692733975462 -3.6713983306002658
9065.53593421636 -3.666522654584189
9330.927435461663 -3.661376091158184
9604.08821250538 -3.655953603035129
9885.24570912827 -3.6502503428745845
10174.634027476064 -3.6442616776254235
10472.494122981476 -3.6379832123004103
10779.074004992735 -3.6314108126109286
11094.628943275218 -3.624540625848284
11419.421680558647 -3.6173690993643732
11753.722651306367 -3.6098929959806996
12097.810206889013 -3.602109405642984
12451.97084735032 -3.594015752641371
12816.499459957597 -3.585609797733667
13191.699564735716 -3.5768896345450467
13577.883567189278 -3.567853679670449
13975.373018422924 -3.5585006559792416
14384.498882876629 -3.548829568712385
14805.6018138991 -3.538839674072789
15239.032437388305 -3.528530440136364
15685.151643735446 -3.5179015000536475
16144.330888316019 -3.506952597666193
16616.952500776908 -3.495683525826481
17103.41000337838 -3.484094057878739
17604.108438655527 -3.472183872928321
18119.46470667122 -3.459952475693993
18649.907912142942 -3.447399111895739
19195.87972173111 -3.4345226802753217
19757.834731786996 -3.4213216424754544
20336.2408468667 -3.4077939321100685
20931.579669325736 -3.393936864440807
21544.346900318822 -3.379747048131512
22175.052752539294 -3.3652203005798005
22824.222375040976 -3.3503515683264826
23492.396290496577 -3.335134854014057
24180.13084525718 -3.3195631513125514
24887.998672586673 -3.3036283891540563
25616.589169457267 -3.287321386514507
26366.508987303554 -3.2706318188692647
27138.3825371428 -3.2535481973162583
27932.85250948253 -3.2360578612190554
28750.580409448772 -3.21814698507687
29592.247107579577 -3.199800600179352
30458.55340674284 -3.181002631451607
31350.220625651124 -3.161735949748622
32267.991199458116 -3.1419824397170597
33212.62929793748 -3.121723083199815
34184.92146175927 -3.100938058027368
35185.677257392665 -3.0796068519145163
36215.72995118075 -3.057708391051071
37275.93720314938 -3.0352211828620574
38367.18178112649 -3.0121234722869077
39490.37229576694 -2.9883934108102865
40646.44395709628 -2.9640092373567284
41836.359353200234 -2.938949470038308
43061.10925171165 -2.9131931076093336
44321.713424760856 -2.886719839359687
45619.221498074585 -2.859510262031741
46954.71382493421 -2.831546102212999
48329.30238571752 -2.8028104425076443
49744.13171377451 -2.7732879496513245
51200.37984840882 -2.742965102599095
52699.259315756564 -2.7118304184703463
54242.01813838024 -2.6798746741343638
55829.94087441914 -2.6470911211026324
57464.34968715974 -2.6134756913114114
59146.605445917456 -2.579027191331167
60878.108859147556 -2.5437474825017494
62660.30164072656 -2.5076416445043015
64494.667710376205 -2.4707181199365986
66382.73442923075 -2.432988837533828
68326.07387157406 -2.3944693118154334
70326.30413380644 -2.3551787171118406
72385.09068173247 -2.315139934154902
74504.14773728917 -2.274379567655314
76685.2397058701 -2.2329279336011156
78930.18264543568 -2.190819015348545
81240.84577862974 -2.1480903879318376
83619.15304916317 -2.104783110387837
86067.08472376158 -2.060941586326728
88586.67904100832 -2.0166133933475714
91180.03390845681 -1.9718490823476102
93849.3086494272 -1.926701948143964
96596.72580093842 -1.8812277732433267
99424.57296427398 -1.8354845469744712
102335.20470972576 -1.7895321625058855
105331.04453709359 -1.7434320946501167
108414.5868935835 -1.6972470615784163
111588.3992507748 -1.651040673857971
114855.12424239368 -1.604877074378647
118217.48186466724 -1.5588205729025923
121678.27174109229 -1.5129352790731523
125240.3754535072 -1.4672847377155394
128906.75894140244 -1.4219315702927948
132680.47497147243 -1.3769371262626262
136564.66567946097 -1.3323611479695852
140562.56518642136 -1.2882614524914118
144677.5022915648 -1.244693633640607
148912.90324394088 -1.2017107869837276
153272.2945952612 -1.1593632604221975
157759.30613623615 -1.1176984324987507
162377.67391887208 -1.0767605201275028
167131.2433672486 -1.0365904170490123
172023.97247935992 -0.997225563856869
177059.9351226898 -0.9586998499121648
182243.32442626648 -0.9210435470986003
187578.45627201613 -0.884283274843094
193069.77288832495 -0.8484419954815885
198721.84654880533 -0.8135390385887957
204539.38337933904 -0.7795901526468287
210527.22727657072 -0.7466075820073463
216690.3639411181 -0.714600166993265
223033.9250288494 -0.6835734646821268
229563.19242369095 -0.6535298878456718
236283.6026355175 -0.6244688593990418
243200.7513267945 -0.5963869797374983
250320.39797173254 -0.5692782042960626
257648.47065183744 -0.5431340287762717
265191.0709918535 -0.5179436795651506
272954.4792402007 -0.4936943070444882
280945.1594981406 -0.47037117960421565
289169.76510202966 -0.44795787639209944
297635.14416313195 -0.426436477034324
306348.3452696084 -0.4057877467507204
315316.62335543614 -0.3859913155237935
324547.44574113254 -0.36702585014689093
334048.4983513244 -0.3488692182968334
343827.6921143307 -0.33149864378549937
353893.1695490984 -0.3148908525341542
364253.3115449638 -0.2990222088370236
374916.74433988857 -0.2838688417132171
385892.3467029899 -0.26940676125786145
397189.25732733024 -0.25561196504202854
408816.88243912894 -0.2424605346985922
420784.9036297398 -0.22992872295127187
433103.2859169001 -0.2179930313894452
445782.28604197066 -0.20663027937496575
458832.461010084 -0.19581766450860402
472264.67688029545 -0.18553281510128966
486090.117813063 -0.1757538351645832
500320.2953825999 -0.16645934239238314
514967.0581618343 -0.1576284996565526
530042.6015879672 -0.14924104052771137
545559.4781168514 -0.1412772892916545
561530.6076746266 -0.13371817599835453
577969.2884153313 -0.12654524694140826
594889.2077934331 -0.11974067110806105
612304.4539605178 -0.11328724293905174
630229.5274956024 -0.10716838187284776
648679.3534788508 -0.10136812900338361
667669.2939187557 -0.09587114125756899
687215.1605431122 -0.09066268337098086
707333.2279644439 -0.08572861798105139
728040.2472308562 -0.08105539416449245
749353.4597735757 -0.07663003458965657
771290.6117627992 -0.0724401215835644
793869.9688838223 -0.06847378229474838
817110.3315457187 -0.06471967315398033
841031.0505352605 -0.06116696377749065
865652.0431290936 -0.05780532050692003
890993.8096776098 -0.05462488966971823
917077.4506742931 -0.05161628073621019
943924.6843247664 -0.0487705494035378
971557.8646301847 -0.04607918077652906
1000000.0 -0.04353407266971991
