10.0 -13.806560595963846
10.53310445370937 -13.806881549144594
11.094628943275218 -13.808760441026378
11.686088553466515 -13.812216342312846
12.309079138896024 -13.817281751635864
12.965281629896682 -13.82400276343909
13.65646656794611 -13.832439245017403
14.38449888287663 -13.842665012617585
15.15134292476053 -13.854767996578726
15.95906776404731 -13.868850379685547
16.80985277425364 -13.885028687178485
17.70599351226899 -13.903433805387573
18.64990791214297 -13.924210897310125
19.644142809066278 -13.947519182007067
20.6913808111479 -13.973531537473994
21.794447537529855 -14.002433883075566
22.956319242369098 -14.03442429409708
24.180130845257207 -14.069711797003574
25.4691843897454 -14.108514794202435
26.826957952797258 -14.151059067060917
28.257115029208283 -14.197575309841246
29.76351441631318 -14.248296156078617
31.350220625651154 -14.303452668302228
33.02151484968176 -14.363270281839092
34.7819065131413 -14.42796421220712
36.63614544020716 -14.4977343664128
38.58923467029903 -14.572759828428403
40.646443957096295 -14.653193027066331
42.81332398719393 -14.739153734196801
45.095721356761466 -14.83072307864684
47.499794346614124 -14.927937800468147
50.03202953826004 -15.030784998952102
52.699259315756564 -15.139197650003426
55.50868030059805 -15.253051174588814
58.467872769375894 -15.372161333731762
61.58482110660264 -15.496283694526102
64.86793534788511 -15.625114870939473
68.32607387157402 -15.758295672045236
71.96856730011521 -15.895416216874276
75.8052436755926 -16.03602298001207
79.84645497739086 -16.179627638256814
84.10310505352605 -16.32571749147319
88.58667904100822 -16.473767147079993
93.30927435461668 -16.623251082571095
98.28363332770026 -16.773656650532203
103.52317759307378 -16.924497062063736
109.04204429677526 -17.075323882220005
114.8551242423938 -17.225738596490817
120.97810206889012 -17.375402853012908
127.42749857031335 -17.52404705485316
134.2207152716012 -17.671477055393716
141.37608138073614 -17.81757880054623
148.91290324394086 -17.962320848076494
156.85151643735477 -18.105754781361377
165.213340635737 -18.24801359953404
174.0209374062485 -18.389308235001167
183.29807108324357 -18.52992237391839
193.06977288832496 -18.670205789123365
203.36240846866724 -18.81056639329167
214.2037490358383 -18.951461216613865
225.62304629706352 -19.093386488362576
237.65111138110728 -19.236866983286472
250.32039797173255 -19.38244476193222
263.6650898730358 -19.53066741054352
277.7211932429355 -19.682075861013438
292.5266337436645 -19.837191861918406
308.1213588714002 -19.996505154326503
324.54744574113323 -20.160460419824055
341.84921461759274 -20.329444069807018
360.073348498562 -20.50377097273079
379.26901907322497 -20.68367124962498
399.48801939541704 -20.869277317407633
420.78490362974026 -21.06061141450523
443.21713424760856 -21.257573928904172
466.84523707037897 -21.459932924588287
491.73296457790156 -21.667315374229062
517.9474679231213 -21.879200682331323
545.5594781168514 -22.09491719558663
574.6434968715973 -22.313642428270413
605.2779976193349 -22.53440775076961
637.5456372456507 -22.756108218882673
671.5334791115142 -22.977518047109275
707.3332279644438 -23.197311957596852
745.0414773728917 -23.414092239829554
784.7599703514607 -23.62642086951146
826.5958738801812 -23.83285549300252
870.6620680585127 -24.031987559976695
917.0774506742931 -24.22248044186585
965.9672580093833 -24.4031051400085
1017.4634027476063 -24.572771155299943
1071.7048298967104 -24.730550390064536
1128.8378916846884 -24.87569248698093
1189.01674244199 -25.007630761891267
1252.4037545350732 -25.125978734364264
1319.1699564735716 -25.230518081163424
1389.4954943731375 -25.321179514893586
1463.5701180190797 -25.3980185447806
1541.5936928422718 -25.461188258211465
1623.776739188721 -25.510911222755148
1710.3410003378397 -25.54745232429239
1801.520040802024 -25.571093998031316
1897.5598765218504 -25.58211485321752
1998.7196386572507 -25.580772279305343
2105.272272765707 -25.56728924811956
2217.505275253932 -25.541845230322973
2335.7214690901214 -25.50457095737164
2460.239820869775 -25.455546614728842
2591.3963014396572 -25.394803006755346
2729.5447924020073 -25.322325202967612
2875.0580409448803 -25.238058198599383
3028.3286655749457 -25.141914141324758
3189.7702154663216 -25.03378070953086
3359.818286283781 -24.913530258365167
3538.9316954909877 -24.781029376149938
3727.593720314938 -24.636148509989027
3926.3134017068355 -24.47877135004545
4135.626917817706 -24.3088036685257
4356.099030694608 -24.126181345600088
4588.324610100844 -23.93087734051035
4832.930238571752 -23.722907405640242
5090.575902036681 -23.502334391412397
5361.956770568817 -23.269271046861544
5647.805074067552 -23.02388127922635
5948.892077934331 -22.76637990197191
6266.030164072656 -22.497030962888815
6600.075022827095 -22.216144790470945
6951.927961775606 -21.924073951806825
7322.538337604534 -21.62120833759639
7712.906117627992 -21.30796961204432
8124.0845778629655 -20.98480526716044
8557.183144940002 -20.652182511418005
9013.37038951743 -20.31058220223899
9493.87717927582 -19.960493003592493
10000.0 -19.602405916148705
10533.104453709382 -19.23680929161314
11094.628943275218 -18.864184407670592
11686.088553466498 -18.48500164776377
12309.079138896019 -18.099717299333705
12965.281629896688 -17.708770962385614
13656.466567946096 -17.31258353844209
14384.498882876629 -16.911555758472335
15151.342924760515 -16.5060671978168
15959.06776404731 -16.09647572025328
16809.852774253653 -15.683117293496112
17705.99351226898 -15.266306116488968
18649.907912142942 -14.846335004347438
19644.142809066267 -14.423475978106811
20691.3808111479 -13.997981014803534
21794.447537529835 -13.570082915093275
22956.319242369096 -13.139996252963591
24180.13084525718 -12.707918378955675
25469.184389745402 -12.274030449448986
26826.957952797275 -11.838498462917645
28257.115029208268 -11.401474285936665
29763.51441631313 -10.96309665521436
31350.220625651124 -10.523492148255665
33021.51484968176 -10.082776111922634
34781.90651314134 -9.641053547249651
36636.14544020716 -9.198419944969169
38589.23467029899 -8.754962071427041
40646.44395709628 -8.310758703325508
42813.32398719396 -7.865881312819533
45095.721356761445 -7.420394702992907
47499.79434661403 -6.974357596029952
50032.029538259994 -6.527823176498312
52699.259315756564 -6.080839590109681
55508.680300598106 -5.633450402755404
58467.87276937589 -5.1856950214361275
61584.82110660255 -4.737609077947222
64867.935347885075 -4.289224781806629
68326.07387157406 -3.8405712393317026
71968.56730011514 -3.3916747470158404
75805.24367559262 -2.9425590561971946
79846.45497739078 -2.493245615837834
84103.10505352604 -2.0437537927208664
88586.67904100832 -1.594101068268352
93309.27435461663 -1.1443032223136627
98283.63332770011 -0.6943744952259073
103523.17759307378 -0.24432773636090724
109042.04429677526 0.20582546012037
114855.12424239368 0.6560746338182876
120978.10206889013 1.1064103497413496
127427.49857031321 1.5568240978495071
134220.7152716012 2.007308200558338
141376.08138073614 2.4578557352978994
148912.90324394088 2.9084604582253797
156851.5164373548 3.3591167395025714
165213.34063573685 3.8098195010459763
174020.9374062485 4.26056416606797
183298.07108324338 4.711346605912415
193069.77288832495 5.162163099501646
203362.40846866704 5.613010290561123
214203.74903583832 6.063885153012364
225623.04629706353 6.514784963713113
237651.11138110727 6.965707259317357
250320.39797173254 7.416649822698387
263665.08987303555 7.867610659837725
277721.1932429355 8.3185879637461
292526.6337436642 8.769580114467214
308121.35887140024 9.220585650737519
324547.44574113254 9.671603245743421
341849.21461759275 10.122631714214073
360073.348498562 10.573669982959345
379269.0190732246 11.024717086735203
399488.019395417 11.47577214935032
420784.9036297398 11.926834393378787
443217.13424760854 12.377903100709043
466845.2370703785 12.828977649841198
491732.9645779016 13.280057448925326
517947.46792312124 13.73114198174595
545559.4781168514 14.18223078668012
574643.4968715974 14.633323441219082
605277.9976193343 15.08441956722007
637545.6372456506 15.535518815612594
671533.4791115135 15.986620888475297
707333.2279644439 16.43772549763693
745041.4773728917 16.888832398050525
784759.9703514606 17.339941362789226
826595.8738801812 17.791052187766557
870662.0680585118 18.242164681521494
917077.4506742931 18.69327870399277
965967.2580093823 19.14439407234568
1017463.4027476063 19.595510666721665
1071704.8298967092 20.04662839924034
1128837.8916846884 20.497747090662838
1189016.74244199 20.948866701551033
1252403.7545350718 21.39998711778503
1319169.9564735717 21.85110827657311
1389495.494373136 22.30223006983563
1463570.1180190798 22.75335246974334
1541593.6928422702 23.204475400326476
1623776.739188721 23.655598821689164
1710341.0003378377 24.106722670454992
1801520.0408020238 24.557846887920128
1897559.8765218505 25.008971468192883
1998719.6386572486 25.460096411373957
2105272.272765707 25.911221591956103
2217505.2752539297 26.36234708562119
2335721.4690901213 26.813472711615432
2460239.8208697727 27.264598703958573
2591396.3014396573 27.71572476285297
2729544.792402007 28.166851088329583
2875058.040944877 28.61797736380695
3028328.6655749455 29.06910395613214
3189770.215466318 29.520230637004357
3359818.286283781 29.971357418911808
3538931.6954909842 30.42248444612417
3727593.720314938 30.873611251528388
3926313.4017068394 31.324738246353725
4135626.917817706 31.77586549641163
4356099.030694608 32.22699270987691
4588324.61010084 32.67812010890627
4832930.238571752 33.12924725839676
5090575.902036676 33.580374582140465
5361956.770568817 34.031502051431
5647805.074067546 34.48262955704492
5948892.077934331 34.933757240583894
6266030.164072656 35.3848848350417
6600075.022827089 35.83601230274093
6951927.961775606 36.287139254545835
7322538.337604526 36.73826739130099
7712906.117627992 37.18939533649739
8124084.5778629575 37.64052305995429
8557183.144940002 38.091650392227706
9013370.38951742 38.542777929534694
9493877.17927582 38.99390583664931
10000000.0 39.445033137094036
10533104.45370936 39.896161340490146
11094628.943275219 40.3472888438089
11686088.553466497 40.798415975969945
12309079.138896018 41.2495445781956
12965281.629896663 41.70067251681138
13656466.567946097 42.15179791697815
14384498.882876629 42.60292770809287
15151342.924760515 43.05405460204202
15959067.76404731 43.50518131495882
16809852.774253618 43.95631031196102
17705993.51226898 44.4074415021501
18649907.912142944 44.85856673153309
19644142.809066266 45.30969692444798
20691380.811147902 45.76082053736579
21794447.537529834 46.211952029244316
22956319.242369097 46.66307785521087
24180130.84525718 47.114210349285756
25469184.3897454 47.56533544831892
26826957.95279722 48.0164626509398
28257115.02920827 48.4675863809023
29763514.41631313 48.91871509423573
31350220.62565112 49.36984962939236
33021514.849681754 49.820970963838235
34781906.51314127 50.272104553318584
36636145.44020716 50.723238404345224
38589234.67029899 51.17436143777442
40646443.95709628 51.625489787995164
42813323.98719387 52.0766088401539
45095721.35676145 52.527751204633304
47499794.346614026 52.97887078185469
50032029.53825999 53.429988318850036
52699259.31575657 53.88112271436552
55508680.300597996 54.33226563766347
58467872.7693759 54.78336745729179
61584821.10660254 55.234536296470864
64867935.34788508 55.6856491616479
68326073.87157391 56.13675187613663
71968567.30011514 56.58789982748013
75805243.67559262 57.03905153896022
79846454.97739078 57.49016643034015
84103105.05352604 57.94125621081371
88586679.04100814 58.39238583828696
93309274.35461664 58.843499395663194
98283633.32770011 59.29468065739373
103523177.59307377 59.74576341247774
109042044.29677527 60.19688303088471
114855124.24239345 60.64811504984573
120978102.06889038 61.09912486425802
127427498.57031322 61.55031819370457
134220715.2716012 62.00125123547465
141376081.38073614 62.45261807867087
148912903.24394056 62.90364120458732
156851516.43735445 63.354823918775686
165213340.63573685 63.80593412791771
174020937.40624848 64.25712436569016
183298071.08324376 64.70813421045521
193069772.88832456 65.15921397995402
203362408.46866703 65.61042156447351
214203749.0358383 66.06126648291648
225623046.2970626 66.51274068908934
237651111.38110778 66.96396533853034
250320397.97173202 67.41440184189328
263665089.87303555 67.86638044131217
277721193.2429355 68.31707630874553
292526633.74366355 68.76814816868566
308121358.87140083 69.21885312673253
324547445.74113256 69.67015042005394
341849214.6175927 70.12291947841973
360073348.49856204 70.57289037169896
379269019.0732238 71.02330322406107
399488019.39541787 71.47564080795246
420784903.6297398 71.92554392611702
443217134.24760854 72.37642467922296
466845237.07037944 72.82767661946866
491732964.5779006 73.27794213704492
517947467.9231202 73.72934153842104
545559478.1168514 74.18115731286937
574643496.8715974 74.63259278182639
605277997.6193355 75.08461053848107
637545637.2456493 75.53471634588828
671533479.1115135 75.98751636772482
707333227.9644439 76.43959547875744
745041477.3728887 76.89041373097002
784759970.3514622 77.33904101967035
826595873.8801795 77.79146608949483
870662068.0585117 78.24250060228859
917077450.674293 78.69102175231832
965967258.0093802 79.14034556835296
1017463402.7476043 79.59802521413837
1071704829.8967092 80.0438815288567
1128837891.6846883 80.49739194595563
1189016742.44199 80.95013593927932
1252403754.5350692 81.39807598054597
1319169956.473569 81.85268942383775
1389495494.373136 82.30115518816444
1463570118.0190797 82.75045173840539
1541593692.8422735 83.20532615227842
1623776739.1887176 83.65017408650468
1710341000.337838 84.11498422436122
1801520040.802024 84.55876248727807
1897559876.5218503 85.02897031872385
1998719638.6572526 85.4343942583091
2105272272.7657027 85.96278585274422
2217505275.2539296 86.37433077128874
2335721469.0901213 86.82397587541647
2460239820.8697777 87.28964116610817
2591396301.439652 87.71317975230824
2729544792.402002 88.17237131890516
2875058040.944877 88.64457494521756
3028328665.5749454 89.08236442814447
3189770215.466325 89.56127957603331
3359818286.2837744 89.92674724355689
3538931695.4909844 90.3726824040892
3727593720.314938 90.91760092485919
3926313401.7068396 91.3312017363856
4135626917.8176975 91.72131804804414
4356099030.694599 92.26870063694749
4588324610.100841 92.60950177362221
4832930238.571753 93.19118992742952
5090575902.036687 93.59757870503361
5361956770.568806 94.11291298607603
5647805074.067546 94.56390900781705
5948892077.934331 94.72228464429291
6266030164.072656 -22.27886687765958
6600075022.827075 -22.278866877296778
6951927961.775591 -22.278866877995974
7322538337.6045265 -22.27886687748041
7712906117.627993 -22.278866876757828
8124084577.862974 -22.278866877023958
8557183144.939984 -22.278866878831025
9013370389.51742 -22.278866877515885
9493877179.27582 -22.278866879254
10000000000.0 -22.27886687722975
10.0 -13.806560595963846
10.53310445370937 -13.806881549144594
11.094628943275218 -13.808760441026378
11.686088553466515 -13.812216342312846
12.309079138896024 -13.817281751635864
12.965281629896682 -13.82400276343909
13.65646656794611 -13.832439245017403
14.38449888287663 -13.842665012617585
15.15134292476053 -13.854767996578726
15.95906776404731 -13.868850379685547
16.80985277425364 -13.885028687178485
17.70599351226899 -13.903433805387573
18.64990791214297 -13.924210897310125
19.644142809066278 -13.947519182007067
20.6913808111479 -13.973531537473994
21.794447537529855 -14.002433883075566
22.956319242369098 -14.03442429409708
24.180130845257207 -14.069711797003574
25.4691843897454 -14.108514794202435
26.826957952797258 -14.151059067060917
28.257115029208283 -14.197575309841246
29.76351441631318 -14.248296156078617
31.350220625651154 -14.303452668302228
33.02151484968176 -14.363270281839092
34.7819065131413 -14.42796421220712
36.63614544020716 -14.4977343664128
38.58923467029903 -14.572759828428403
40.646443957096295 -14.653193027066331
42.81332398719393 -14.739153734196801
45.095721356761466 -14.83072307864684
47.499794346614124 -14.927937800468147
50.03202953826004 -15.030784998952102
52.699259315756564 -15.139197650003426
55.50868030059805 -15.253051174588814
58.467872769375894 -15.372161333731762
61.58482110660264 -15.496283694526102
64.86793534788511 -15.625114870939473
68.32607387157402 -15.758295672045236
71.96856730011521 -15.895416216874276
75.8052436755926 -16.03602298001207
79.84645497739086 -16.179627638256814
84.10310505352605 -16.32571749147319
88.58667904100822 -16.473767147079993
93.30927435461668 -16.623251082571095
98.28363332770026 -16.773656650532203
103.52317759307378 -16.924497062063736
109.04204429677526 -17.075323882220005
114.8551242423938 -17.225738596490817
120.97810206889012 -17.375402853012908
127.42749857031335 -17.52404705485316
134.2207152716012 -17.671477055393716
141.37608138073614 -17.81757880054623
148.91290324394086 -17.962320848076494
156.85151643735477 -18.105754781361377
165.213340635737 -18.24801359953404
174.0209374062485 -18.389308235001167
183.29807108324357 -18.52992237391839
193.06977288832496 -18.670205789123365
203.36240846866724 -18.81056639329167
214.2037490358383 -18.951461216613865
225.62304629706352 -19.093386488362576
237.65111138110728 -19.236866983286472
250.32039797173255 -19.38244476193222
263.6650898730358 -19.53066741054352
277.7211932429355 -19.682075861013438
292.5266337436645 -19.837191861918406
308.1213588714002 -19.996505154326503
324.54744574113323 -20.160460419824055
341.84921461759274 -20.329444069807018
360.073348498562 -20.50377097273079
379.26901907322497 -20.68367124962498
399.48801939541704 -20.869277317407633
420.78490362974026 -21.06061141450523
443.21713424760856 -21.257573928904172
466.84523707037897 -21.459932924588287
491.73296457790156 -21.667315374229062
517.9474679231213 -21.879200682331323
545.5594781168514 -22.09491719558663
574.6434968715973 -22.313642428270413
605.2779976193349 -22.53440775076961
637.5456372456507 -22.756108218882673
671.5334791115142 -22.977518047109275
707.3332279644438 -23.197311957596852
745.0414773728917 -23.414092239829554
784.7599703514607 -23.62642086951146
826.5958738801812 -23.83285549300252
870.6620680585127 -24.031987559976695
917.0774506742931 -24.22248044186585
965.9672580093833 -24.4031051400085
1017.4634027476063 -24.572771155299943
1071.7048298967104 -24.730550390064536
1128.8378916846884 -24.87569248698093
1189.01674244199 -25.007630761891267
1252.4037545350732 -25.125978734364264
1319.1699564735716 -25.230518081163424
1389.4954943731375 -25.321179514893586
1463.5701180190797 -25.3980185447806
1541.5936928422718 -25.461188258211465
1623.776739188721 -25.510911222755148
1710.3410003378397 -25.54745232429239
1801.520040802024 -25.571093998031316
1897.5598765218504 -25.58211485321752
1998.7196386572507 -25.580772279305343
2105.272272765707 -25.56728924811956
2217.505275253932 -25.541845230322973
2335.7214690901214 -25.50457095737164
2460.239820869775 -25.455546614728842
2591.3963014396572 -25.394803006755346
2729.5447924020073 -25.322325202967612
2875.0580409448803 -25.238058198599383
3028.3286655749457 -25.141914141324758
3189.7702154663216 -25.03378070953086
3359.818286283781 -24.913530258365167
3538.9316954909877 -24.781029376149938
3727.593720314938 -24.636148509989027
3926.3134017068355 -24.47877135004545
4135.626917817706 -24.3088036685257
4356.099030694608 -24.126181345600088
4588.324610100844 -23.93087734051035
4832.930238571752 -23.722907405640242
5090.575902036681 -23.502334391412397
5361.956770568817 -23.269271046861544
5647.805074067552 -23.02388127922635
5948.892077934331 -22.76637990197191
6266.030164072656 -22.497030962888815
6600.075022827095 -22.216144790470945
6951.927961775606 -21.924073951806825
7322.538337604534 -21.62120833759639
7712.906117627992 -21.30796961204432
8124.0845778629655 -20.98480526716044
8557.183144940002 -20.652182511418005
9013.37038951743 -20.31058220223899
9493.87717927582 -19.960493003592493
10000.0 -19.602405916148705
10533.104453709382 -19.23680929161314
11094.628943275218 -18.864184407670592
11686.088553466498 -18.48500164776377
12309.079138896019 -18.099717299333705
12965.281629896688 -17.708770962385614
13656.466567946096 -17.31258353844209
14384.498882876629 -16.911555758472335
15151.342924760515 -16.5060671978168
15959.06776404731 -16.09647572025328
16809.852774253653 -15.683117293496112
17705.99351226898 -15.266306116488968
18649.907912142942 -14.846335004347438
19644.142809066267 -14.423475978106811
20691.3808111479 -13.997981014803534
21794.447537529835 -13.570082915093275
22956.319242369096 -13.139996252963591
24180.13084525718 -12.707918378955675
25469.184389745402 -12.274030449448986
26826.957952797275 -11.838498462917645
28257.115029208268 -11.401474285936665
29763.51441631313 -10.96309665521436
31350.220625651124 -10.523492148255665
33021.51484968176 -10.082776111922634
34781.90651314134 -9.641053547249651
36636.14544020716 -9.198419944969169
38589.23467029899 -8.754962071427041
40646.44395709628 -8.310758703325508
42813.32398719396 -7.865881312819533
45095.721356761445 -7.420394702992907
47499.79434661403 -6.974357596029952
50032.029538259994 -6.527823176498312
52699.259315756564 -6.080839590109681
55508.680300598106 -5.633450402755404
58467.87276937589 -5.1856950214361275
61584.82110660255 -4.737609077947222
64867.935347885075 -4.289224781806629
68326.07387157406 -3.8405712393317026
71968.56730011514 -3.3916747470158404
75805.24367559262 -2.9425590561971946
79846.45497739078 -2.493245615837834
84103.10505352604 -2.0437537927208664
88586.67904100832 -1.594101068268352
93309.27435461663 -1.1443032223136627
98283.63332770011 -0.6943744952259073
103523.17759307378 -0.24432773636090724
109042.04429677526 0.20582546012037
114855.12424239368 0.6560746338182876
120978.10206889013 1.1064103497413496
127427.49857031321 1.5568240978495071
134220.7152716012 2.007308200558338
141376.08138073614 2.4578557352978994
148912.90324394088 2.9084604582253797
156851.5164373548 3.3591167395025714
165213.34063573685 3.8098195010459763
174020.9374062485 4.26056416606797
183298.07108324338 4.711346605912415
193069.77288832495 5.162163099501646
203362.40846866704 5.613010290561123
214203.74903583832 6.063885153012364
225623.04629706353 6.514784963713113
237651.11138110727 6.965707259317357
250320.39797173254 7.416649822698387
263665.08987303555 7.867610659837725
277721.1932429355 8.3185879637461
292526.6337436642 8.769580114467214
308121.35887140024 9.220585650737519
324547.44574113254 9.671603245743421
341849.21461759275 10.122631714214073
360073.348498562 10.573669982959345
379269.0190732246 11.024717086735203
399488.019395417 11.47577214935032
420784.9036297398 11.926834393378787
443217.13424760854 12.377903100709043
466845.2370703785 12.828977649841198
491732.9645779016 13.280057448925326
517947.46792312124 13.73114198174595
545559.4781168514 14.18223078668012
574643.4968715974 14.633323441219082
605277.9976193343 15.08441956722007
637545.6372456506 15.535518815612594
671533.4791115135 15.986620888475297
707333.2279644439 16.43772549763693
745041.4773728917 16.888832398050525
784759.9703514606 17.339941362789226
826595.8738801812 17.791052187766557
870662.0680585118 18.242164681521494
917077.4506742931 18.69327870399277
965967.2580093823 19.14439407234568
1017463.4027476063 19.595510666721665
1071704.8298967092 20.04662839924034
1128837.8916846884 20.497747090662838
1189016.74244199 20.948866701551033
1252403.7545350718 21.39998711778503
1319169.9564735717 21.85110827657311
1389495.494373136 22.30223006983563
1463570.1180190798 22.75335246974334
1541593.6928422702 23.204475400326476
1623776.739188721 23.655598821689164
1710341.0003378377 24.106722670454992
1801520.0408020238 24.557846887920128
1897559.8765218505 25.008971468192883
1998719.6386572486 25.460096411373957
2105272.272765707 25.911221591956103
2217505.2752539297 26.36234708562119
2335721.4690901213 26.813472711615432
2460239.8208697727 27.264598703958573
2591396.3014396573 27.71572476285297
2729544.792402007 28.166851088329583
2875058.040944877 28.61797736380695
3028328.6655749455 29.06910395613214
3189770.215466318 29.520230637004357
3359818.286283781 29.971357418911808
3538931.6954909842 30.42248444612417
3727593.720314938 30.873611251528388
3926313.4017068394 31.324738246353725
4135626.917817706 31.77586549641163
4356099.030694608 32.22699270987691
4588324.61010084 32.67812010890627
4832930.238571752 33.12924725839676
5090575.902036676 33.580374582140465
5361956.770568817 34.031502051431
5647805.074067546 34.48262955704492
5948892.077934331 34.933757240583894
6266030.164072656 35.3848848350417
6600075.022827089 35.83601230274093
6951927.961775606 36.287139254545835
7322538.337604526 36.73826739130099
7712906.117627992 37.18939533649739
8124084.5778629575 37.64052305995429
8557183.144940002 38.091650392227706
9013370.38951742 38.542777929534694
9493877.17927582 38.99390583664931
10000000.0 39.445033137094036
10533104.45370936 39.896161340490146
11094628.943275219 40.3472888438089
11686088.553466497 40.798415975969945
12309079.138896018 41.2495445781956
12965281.629896663 41.70067251681138
13656466.567946097 42.15179791697815
14384498.882876629 42.60292770809287
15151342.924760515 43.05405460204202
15959067.76404731 43.50518131495882
16809852.774253618 43.95631031196102
17705993.51226898 44.4074415021501
18649907.912142944 44.85856673153309
19644142.809066266 45.30969692444798
20691380.811147902 45.76082053736579
21794447.537529834 46.211952029244316
22956319.242369097 46.66307785521087
24180130.84525718 47.114210349285756
25469184.3897454 47.56533544831892
26826957.95279722 48.0164626509398
28257115.02920827 48.4675863809023
29763514.41631313 48.91871509423573
31350220.62565112 49.36984962939236
33021514.849681754 49.820970963838235
34781906.51314127 50.272104553318584
36636145.44020716 50.723238404345224
38589234.67029899 51.17436143777442
40646443.95709628 51.625489787995164
42813323.98719387 52.0766088401539
45095721.35676145 52.527751204633304
47499794.346614026 52.97887078185469
50032029.53825999 53.429988318850036
52699259.31575657 53.88112271436552
55508680.300597996 54.33226563766347
58467872.7693759 54.78336745729179
61584821.10660254 55.234536296470864
64867935.34788508 55.6856491616479
68326073.87157391 56.13675187613663
71968567.30011514 56.58789982748013
75805243.67559262 57.03905153896022
79846454.97739078 57.49016643034015
84103105.05352604 57.94125621081371
88586679.04100814 58.39238583828696
93309274.35461664 58.843499395663194
98283633.32770011 59.29468065739373
103523177.59307377 59.74576341247774
109042044.29677527 60.19688303088471
114855124.24239345 60.64811504984573
120978102.06889038 61.09912486425802
127427498.57031322 61.55031819370457
134220715.2716012 62.00125123547465
141376081.38073614 62.45261807867087
148912903.24394056 62.90364120458732
156851516.43735445 63.354823918775686
165213340.63573685 63.80593412791771
174020937.40624848 64.25712436569016
183298071.08324376 64.70813421045521
193069772.88832456 65.15921397995402
203362408.46866703 65.61042156447351
214203749.0358383 66.06126648291648
225623046.2970626 66.51274068908934
237651111.38110778 66.96396533853034
250320397.97173202 67.41440184189328
263665089.87303555 67.86638044131217
277721193.2429355 68.31707630874553
292526633.74366355 68.76814816868566
308121358.87140083 69.21885312673253
324547445.74113256 69.67015042005394
341849214.6175927 70.12291947841973
360073348.49856204 70.57289037169896
379269019.0732238 71.02330322406107
399488019.39541787 71.47564080795246
420784903.6297398 71.92554392611702
443217134.24760854 72.37642467922296
466845237.07037944 72.82767661946866
491732964.5779006 73.27794213704492
517947467.9231202 73.72934153842104
545559478.1168514 74.18115731286937
574643496.8715974 74.63259278182639
605277997.6193355 75.08461053848107
637545637.2456493 75.53471634588828
671533479.1115135 75.98751636772482
707333227.9644439 76.43959547875744
745041477.3728887 76.89041373097002
784759970.3514622 77.33904101967035
826595873.8801795 77.79146608949483
870662068.0585117 78.24250060228859
917077450.674293 78.69102175231832
965967258.0093802 79.14034556835296
1017463402.7476043 79.59802521413837
1071704829.8967092 80.0438815288567
1128837891.6846883 80.49739194595563
1189016742.44199 80.95013593927932
1252403754.5350692 81.39807598054597
1319169956.473569 81.85268942383775
1389495494.373136 82.30115518816444
1463570118.0190797 82.75045173840539
1541593692.8422735 83.20532615227842
1623776739.1887176 83.65017408650468
1710341000.337838 84.11498422436122
1801520040.802024 84.55876248727807
1897559876.5218503 85.02897031872385
1998719638.6572526 85.4343942583091
2105272272.7657027 85.96278585274422
2217505275.2539296 86.37433077128874
2335721469.0901213 86.82397587541647
2460239820.8697777 87.28964116610817
2591396301.439652 87.71317975230824
2729544792.402002 88.17237131890516
2875058040.944877 88.64457494521756
3028328665.5749454 89.08236442814447
3189770215.466325 89.56127957603331
3359818286.2837744 89.92674724355689
3538931695.4909844 90.3726824040892
3727593720.314938 90.91760092485919
3926313401.7068396 91.3312017363856
4135626917.8176975 91.72131804804414
4356099030.694599 92.26870063694749
4588324610.100841 92.60950177362221
4832930238.571753 93.19118992742952
5090575902.036687 93.59757870503361
5361956770.568806 94.11291298607603
5647805074.067546 94.56390900781705
5948892077.934331 94.72228464429291
6266030164.072656 -22.27886687765958
6600075022.827075 -22.278866877296778
6951927961.775591 -22.278866877995974
7322538337.6045265 -22.27886687748041
7712906117.627993 -22.278866876757828
8124084577.862974 -22.278866877023958
8557183144.939984 -22.278866878831025
9013370389.51742 -22.278866877515885
9493877179.27582 -22.278866879254
10000000000.0 -22.27886687722975
10.0 -48.95496342050485
10.53310445370937 -41.23368798449961
11.094628943275218 -42.15427156796288
11.686088553466515 -39.37092582460256
12.309079138896024 -39.927674748769995
12.965281629896682 -48.74366524602388
13.65646656794611 -43.737771381369214
14.38449888287663 -1.1474032102464
15.15134292476053 -35.31828266960946
15.95906776404731 -41.81064731899271
16.80985277425364 -52.80741292561875
17.70599351226899 -36.26036599119883
18.64990791214297 -34.20876635707159
19.644142809066278 -40.8047192635878
20.6913808111479 -50.267277023209886
21.794447537529855 -32.454695759666265
22.956319242369098 -42.01852326109511
24.180130845257207 -43.7537756876867
25.4691843897454 -43.278252559647854
26.826957952797258 -33.18058498198377
28.257115029208283 -37.66849081287726
29.76351441631318 -33.183980071502575
31.350220625651154 -46.801932778531466
33.02151484968176 -64.50754687791097
34.7819065131413 -27.56621451152128
36.63614544020716 -34.80285375182302
38.58923467029903 -33.53805701184726
40.646443957096295 -45.27897006596592
42.81332398719393 -35.67836817828821
45.095721356761466 -32.78812436816696
47.499794346614124 -33.12915447262788
50.03202953826004 -46.10821750385311
52.699259315756564 -37.85284631709987
55.50868030059805 -18.18233538466163
58.467872769375894 -37.71339086947938
61.58482110660264 -36.48393888949992
64.86793534788511 -31.82968191041509
68.32607387157402 -39.67696020739703
71.96856730011521 -34.3010445018615
75.8052436755926 -47.54908366963305
79.84645497739086 -36.73693460919863
84.10310505352605 -16.706482242197737
88.58667904100822 -43.50469057345224
93.30927435461668 -35.62273380234499
98.28363332770026 -35.30262523660927
103.52317759307378 -33.07041271721328
109.04204429677526 -31.226029541542214
114.8551242423938 -39.05098991160664
120.97810206889012 -24.609952629931055
127.42749857031335 -25.38704152183291
134.2207152716012 -28.927165839626593
141.37608138073614 -23.204839854219884
148.91290324394086 -22.174631803029925
156.85151643735477 -23.735227717829094
165.213340635737 -29.47501621631305
174.0209374062485 -21.171187209259486
183.29807108324357 -24.586008444895704
193.06977288832496 -34.62910448007023
203.36240846866724 -34.750820270659766
214.2037490358383 -19.56243534378907
225.62304629706352 -31.204461785844885
237.65111138110728 -20.608142946167234
250.32039797173255 -32.0259825400214
263.6650898730358 -24.098908950231742
277.7211932429355 -34.564381088978486
292.5266337436645 -25.964312648614282
308.1213588714002 -28.706841959590307
324.54744574113323 -29.668092234279765
341.84921461759274 -13.294694636666362
360.073348498562 -18.16988615063247
379.26901907322497 -30.719126315124512
399.48801939541704 -23.167688761292894
420.78490362974026 -22.588487816973675
443.21713424760856 -16.231788005907134
466.84523707037897 -19.36928035866663
491.73296457790156 -12.177710064054995
517.9474679231213 -12.93518197801565
545.5594781168514 -30.317622303870913
574.6434968715973 -13.252646175537727
605.2779976193349 -17.598966027806576
637.5456372456507 -20.49263414839715
671.5334791115142 -31.82198720446083
707.3332279644438 -18.493000488735476
745.0414773728917 -18.674904243054907
784.7599703514607 -9.576504141304456
826.5958738801812 -13.503881812153391
870.6620680585127 -19.640512658120514
917.0774506742931 -26.286838575436438
965.9672580093833 -11.042771299853236
1017.4634027476063 -10.271329001716474
1071.7048298967104 -16.972310456126106
1128.8378916846884 -17.410851445691016
1189.01674244199 -19.65674112918271
1252.4037545350732 -10.231043223565665
1319.1699564735716 -20.53876600531023
1389.4954943731375 -14.650726889143222
1463.5701180190797 -18.537634349223
1541.5936928422718 -18.782289713962086
1623.776739188721 -8.00964788373491
1710.3410003378397 -22.012202162145105
1801.520040802024 -17.812429099479136
1897.5598765218504 -9.776596752824515
1998.7196386572507 -5.16556730564099
2105.272272765707 -13.120881482468434
2217.505275253932 -10.305577521083745
2335.7214690901214 -19.34971164977864
2460.239820869775 -5.311398370553894
2591.3963014396572 -28.340411580812418
2729.5447924020073 -18.99280609794239
2875.0580409448803 -9.480529661377608
3028.3286655749457 -3.556675854453792
3189.7702154663216 -12.013289306807968
3359.818286283781 -9.014729727903635
3538.9316954909877 -7.181731765269034
3727.593720314938 -11.513471960568122
3926.3134017068355 -5.633040997866573
4135.626917817706 -10.30699726660682
4356.099030694608 -12.007157136516495
4588.324610100844 14.33726762091201
4832.930238571752 3.4602861155714537
5090.575902036681 9.60193339931126
5361.956770568817 1.873012626770919
5647.805074067552 3.5360584072658847
5948.892077934331 -5.230267627504297
6266.030164072656 -19.83301287916544
6600.075022827095 -1.4157895871023984
6951.927961775606 -5.627879050622414
7322.538337604534 -4.492447310859486
7712.906117627992 -5.255133127537503
8124.0845778629655 -3.007975746359071
8557.183144940002 -15.267975902824318
9013.37038951743 -7.1288325624668145
9493.87717927582 0.07459925677624457
10000.0 -3.3445955767609736
10533.104453709382 -3.795952306952824
11094.628943275218 -8.266984752550881
11686.088553466498 -21.356461677792854
12309.079138896019 -1.7901008859303906
12965.281629896688 -3.6120913215396113
13656.466567946096 -0.9031788858057956
14384.498882876629 -2.4116160911952718
15151.342924760515 2.9687631146964937
15959.06776404731 -2.821471149134742
16809.852774253653 -3.9111047993934154
17705.99351226898 4.411175790790237
18649.907912142942 -5.537531072812203
19644.142809066267 -7.649011217898041
20691.3808111479 -0.9052747171722008
21794.447537529835 -8.60747669414166
22956.319242369096 3.0617244796227006
24180.13084525718 -11.62866925961524
25469.184389745402 2.734095493162227
26826.957952797275 -2.802075338576555
28257.115029208268 -11.27884673860741
29763.51441631313 -5.340915564700253
31350.220625651124 -8.145259643745195
33021.51484968176 -0.07707563847187997
34781.90651314134 -1.9303892386158419
36636.14544020716 -3.385124072455581
38589.23467029899 0.6934907082884266
40646.44395709628 1.3875631378519595
42813.32398719396 -2.4701494555242363
45095.721356761445 -8.92194046131468
47499.79434661403 -13.353810299036098
50032.029538259994 1.1330149132765013
52699.259315756564 -5.075873470142536
55508.680300598106 -0.06269436030782632
58467.87276937589 -1.679389491843042
61584.82110660255 -7.013544557490604
64867.935347885075 -1.9663675114959753
68326.07387157406 -1.5036866539661418
71968.56730011514 9.227983386519284
75805.24367559262 -5.084687495389851
79846.45497739078 -8.412088583287364
84103.10505352604 -6.382756351226137
88586.67904100832 16.123222926396945
93309.27435461663 -6.549616474623042
98283.63332770011 -3.9596506501952113
103523.17759307378 13.996626026514235
109042.04429677526 -2.2251581824107562
114855.12424239368 12.335973306738028
120978.10206889013 10.449334540026651
127427.49857031321 -1.4589003942453251
134220.7152716012 -7.666306154683441
141376.08138073614 -7.8302540153150275
148912.90324394088 -5.419403128324134
156851.5164373548 -6.32601314354419
165213.34063573685 7.545406198326427
174020.9374062485 -6.041049620707346
183298.07108324338 -6.165267166171629
193069.77288832495 4.168294327550647
203362.40846866704 -7.855557334028122
214203.74903583832 -10.713764126256457
225623.04629706353 -7.934879235172822
237651.11138110727 -10.841357801589446
250320.39797173254 8.248249392656572
263665.08987303555 -12.303057074652893
277721.1932429355 -10.501860353753322
292526.6337436642 -5.319632836703903
308121.35887140024 27.00935953020221
324547.44574113254 -16.23016088615197
341849.21461759275 -12.490425766350455
360073.348498562 -14.95902186878088
379269.0190732246 -16.174108638791616
399488.019395417 -12.419302254925766
420784.9036297398 -12.325966494785032
443217.13424760854 -13.799696955883316
466845.2370703785 -13.621627495824338
491732.9645779016 -8.579252260455574
517947.46792312124 -15.633911603752672
545559.4781168514 4.118922041255107
574643.4968715974 -16.445015340395926
605277.9976193343 -16.962743614337935
637545.6372456506 -17.611344253059887
671533.4791115135 -16.035806006671688
707333.2279644439 -17.992989625813046
745041.4773728917 -18.47324643441582
784759.9703514606 -19.447384310563837
826595.8738801812 -20.194209451393284
870662.0680585118 -10.641030238232572
917077.4506742931 -19.680143686711226
965967.2580093823 -20.791421209752038
1017463.4027476063 -20.487727513819213
1071704.8298967092 -21.957804940020637
1128837.8916846884 -17.25246354166491
1189016.74244199 -23.54719235198326
1252403.7545350718 -14.86475045478585
1319169.9564735717 -24.69262612220994
1389495.494373136 -21.224584590600614
1463570.1180190798 -18.422288116919717
1541593.6928422702 -21.3096089428266
1623776.739188721 -25.430951302227037
1710341.0003378377 -29.94448358599946
1801520.0408020238 -26.900158093867688
1897559.8765218505 -28.345031250447654
1998719.6386572486 -32.00805617130876
2105272.272765707 -23.301303986468124
2217505.2752539297 -30.777608946321102
2335721.4690901213 -24.717500998106527
2460239.8208697727 -33.83068299930976
2591396.3014396573 -28.086212888911646
2729544.792402007 -28.462440193674436
2875058.040944877 -37.587268001652305
3028328.6655749455 -36.37341375225259
3189770.215466318 -34.223901361425
3359818.286283781 -36.8792560842883
3538931.6954909842 -37.815946191437405
3727593.720314938 -28.74485023493248
3926313.4017068394 -44.57851090498338
4135626.917817706 -26.77566574743509
4356099.030694608 -11.7808279389622
4588324.61010084 -33.96306527060437
4832930.238571752 -13.939360298457562
5090575.902036676 -40.75175140500349
5361956.770568817 -44.16811543891888
5647805.074067546 -23.564058623935892
5948892.077934331 -33.21587811842263
6266030.164072656 -42.75605002797803
6600075.022827089 -35.093981655326544
6951927.961775606 -29.491648152277527
7322538.337604526 -20.785614477661372
7712906.117627992 -28.68639652265278
8124084.5778629575 -35.6462330320048
8557183.144940002 -45.76934588231687
9013370.38951742 -40.39378078164921
9493877.17927582 -33.98482972469754
10000000.0 -43.37404102971749
10533104.45370936 -42.34978716265422
11094628.943275219 -35.1326876601082
11686088.553466497 -27.022375007765316
12309079.138896018 -25.55951907051405
12965281.629896663 -30.45940328709254
13656466.567946097 -31.138949596106592
14384498.882876629 -44.80586940881877
15151342.924760515 -26.359049020229122
15959067.76404731 -26.24567348165982
16809852.774253618 -34.15024640744501
17705993.51226898 -55.56453695181212
18649907.912142944 -22.768571672721013
19644142.809066266 -11.290457433040855
20691380.811147902 -9.67235844868913
21794447.537529834 -40.79131697580191
22956319.242369097 -26.65892829729486
24180130.84525718 -49.06317544081603
25469184.3897454 -24.9264689556176
26826957.95279722 -38.49971413056377
28257115.02920827 -52.898280052249405
29763514.41631313 -50.33916426242568
31350220.62565112 -36.09138201354867
33021514.849681754 -22.1460603031628
34781906.51314127 -35.524367160528676
36636145.44020716 -24.54397795144555
38589234.67029899 -33.8413367128561
40646443.95709628 -55.297861520457175
42813323.98719387 -17.08674793647124
45095721.35676145 -38.69205297659387
47499794.346614026 -36.301165033165375
50032029.53825999 -32.25329053476919
52699259.31575657 -46.761084853110574
55508680.300597996 -48.50453356515467
58467872.7693759 -30.05392064034682
61584821.10660254 -37.17177904754605
64867935.34788508 -18.416334136984723
68326073.87157391 -43.562597309341704
71968567.30011514 -50.73706186570356
75805243.67559262 -19.284368809117268
79846454.97739078 -61.27228464298256
84103105.05352604 -29.01998885049967
88586679.04100814 -33.414368120447875
93309274.35461664 -44.17043951967408
98283633.32770011 -41.012577971634585
103523177.59307377 -31.491273190645988
109042044.29677527 -38.844755972534955
114855124.24239345 -28.44940710754448
120978102.06889038 -26.83634335451314
127427498.57031322 -38.64685383265684
134220715.2716012 -23.44982984538163
141376081.38073614 -36.14096200998744
148912903.24394056 -36.85336531145401
156851516.43735445 -45.07644690420549
165213340.63573685 -38.422382777907885
174020937.40624848 -40.33504696445747
183298071.08324376 -47.306657749153175
193069772.88832456 -36.31513210725524
203362408.46866703 -53.17091292034212
214203749.0358383 -11.322706255475271
225623046.2970626 -32.85486298507035
237651111.38110778 -28.76395772141018
250320397.97173202 -42.62072915760142
263665089.87303555 -51.897635966602564
277721193.2429355 -55.7983204986741
292526633.74366355 -31.98920969384858
308121358.87140083 -34.75569685604656
324547445.74113256 -46.82059625563386
341849214.6175927 -36.86650641208274
360073348.49856204 -33.23813218614882
379269019.0732238 -33.58409455797202
399488019.39541787 -33.40270048559684
420784903.6297398 -12.35471219791094
443217134.24760854 -47.2614830859331
466845237.07037944 -34.69735493600617
491732964.5779006 -44.29844024146903
517947467.9231202 -40.98185022548512
545559478.1168514 -55.24908293280905
574643496.8715974 -41.87947168482849
605277997.6193355 -52.88143989404467
637545637.2456493 -36.61357156382572
671533479.1115135 -43.228949833273845
707333227.9644439 -33.19390421420897
745041477.3728887 -22.610891638231298
784759970.3514622 -38.20679725265048
826595873.8801795 -35.841378156159756
870662068.0585117 -30.292865381159363
917077450.674293 -38.965104326591074
965967258.0093802 -34.98628577594579
1017463402.7476043 -66.72837108929943
1071704829.8967092 -35.18059677093725
1128837891.6846883 -23.460342094877838
1189016742.44199 -41.185564313040864
1252403754.5350692 -55.20753185555262
1319169956.473569 -40.117646845151135
1389495494.373136 -42.50029689853628
1463570118.0190797 -41.538792057755025
1541593692.8422735 -29.95788403761638
1623776739.1887176 -35.070423263690884
1710341000.337838 -46.32163861136233
1801520040.802024 -32.61518198837291
1897559876.5218503 -41.09029782698108
1998719638.6572526 -38.28319163398881
2105272272.7657027 -42.1999117173609
2217505275.2539296 -24.996895289347975
2335721469.0901213 -41.660101885059944
2460239820.8697777 -36.61576530990177
2591396301.439652 -35.15497791918683
2729544792.402002 -39.34449950078901
2875058040.944877 -52.954601134752366
3028328665.5749454 -37.72025186260663
3189770215.466325 -28.27599152734175
3359818286.2837744 -38.14980789462647
3538931695.4909844 -41.057623928135996
3727593720.314938 -19.780348701908082
3926313401.7068396 -48.62854342871379
4135626917.8176975 -35.238105379798284
4356099030.694599 -66.83540216060088
4588324610.100841 -32.8041795651952
4832930238.571753 -33.48783978029711
5090575902.036687 -32.4959399163395
5361956770.568806 -33.93274272936654
5647805074.067546 -21.325962410149337
5948892077.934331 -34.00061645130098
6266030164.072656 -14.389814766346108
6600075022.827075 -45.95913791219981
6951927961.775591 -38.38990835009534
7322538337.6045265 -47.04864088791612
7712906117.627993 -28.813099862665695
8124084577.862974 -14.381094111691441
8557183144.939984 -45.23632168126411
9013370389.51742 -0.23329336238700984
9493877179.27582 -34.11253440801308
10000000000.0 -29.205100418791595
