10.0 -17.915102002135608
10.292747724096083 -17.908005813089098
10.59406557118851 -17.900517509722253
10.904204429677526 -17.892617155684825
11.223422532664179 -17.884283998173373
11.551985672964793 -17.87549645712852
11.890167424419898 -17.866232117208288
12.238249369681931 -17.856467722937367
12.596521334671401 -17.846179177459156
12.965281629896682 -17.835341545343866
13.344837298838383 -17.82392905992974
13.735504373605137 -17.811915135698253
14.137608138073606 -17.799272386202407
14.551483398731937 -17.785972648084694
14.977474763452017 -17.771987011731134
15.415936928422726 -17.757285859115875
15.867234973483178 -17.74183890938777
16.331744666101677 -17.725615272744417
16.80985277425364 -17.708583513121386
17.301957388458945 -17.690711720197406
17.808468253246822 -17.671967591180536
18.329807108324356 -17.652318522789542
18.866408039732583 -17.631731713784195
19.418717841282557 -17.61017427832223
19.987196386572506 -17.587613370331717
20.57231701189556 -17.564016318983303
21.174566910357118 -17.53935077522873
21.794447537529855 -17.51358486923904
22.432475028984193 -17.48668737842816
23.089180630041927 -17.458627905588852
23.765111138110754 -17.42937706649429
24.46082935796799 -17.398906686138428
25.17691457037277 -17.367190002596033
25.913963014396586 -17.334201877288503
26.672588383874054 -17.299919010241577
27.453422338387142 -17.2643201587234
28.257115029208283 -17.227386357454158
29.08433564064048 -17.189101138392445
29.935772947204903 -17.14945074792484
30.812135887140037 -17.108424359123127
31.714154152689986 -17.066014276590384
32.642578797673224 -17.022216131295014
33.59818286283781 -16.977029062698396
34.58176201952381 -16.930455885416244
35.594135232168604 -16.882503237622185
36.63614544020716 -16.83318170840845
37.708660259934554 -16.782505941363866
38.81257270691538 -16.73049471171669
39.9488019395417 -16.677170974522276
41.118294024358306 -16.622561881557832
42.322022723792756 -16.566698764811076
43.56099030694608 -16.509617084731804
44.83622838411908 -16.451356341739796
46.148798765769385 -16.39195994986038
47.499794346614124 -16.33147507178385
48.890340015614456 -16.269952415110552
50.32159359259993 -16.20744599005407
51.7947467923121 -16.144012829414113
53.31102621667033 -16.079712672198724
54.87169437608604 -16.014607612858654
56.47805074067555 -15.948761718686288
58.131432822247135 -15.88224061851174
59.83321728796288 -15.81511106639012
61.58482110660264 -15.747440484499258
63.38770272838487 -15.679296489940631
65.24336329932625 -15.610746410549154
67.15334791115141 -15.54185679514492
69.11924688779365 -15.47269292390553
71.14269710955735 -15.403318324673927
73.22538337604533 -15.333794301051299
75.36903980898542 -15.264179478041806
77.57545129612417 -15.194529370822117
79.84645497739086 -15.124895981901199
82.18394177456803 -15.055327431525036
84.58985796574301 -14.985867625670636
87.06620680585127 -14.916555965382127
89.61505019466045 -14.847427100538118
92.23851039358476 -14.778510730425277
94.9387717927583 -14.709831452742165
97.71808272983904 -14.641408661891296
100.57875736205835 -14.573256496652762
103.52317759307378 -14.505383836587868
106.55379505623053 -14.437794345812796
109.67313315588179 -14.370486562121116
112.88378916846884 -14.303454028838317
116.18843640511002 -14.236685466262243
119.58982643749793 -14.170164979093665
123.09079138896018 -14.10387229589274
126.69424629259063 -14.037783036306251
130.40319151841317 -13.971869001606818
134.2207152716012 -13.906098483951773
138.14999616383224 -13.840436589713773
142.19430585991677 -13.77484557224383
146.357011801908 -13.709285169495832
150.64158001295928 -13.6437129420652
155.05157798326255 -13.578084607363717
159.5906776404731 -13.512354365862775
164.26265840709303 -13.446475215584375
169.071410347358 -13.380399251299027
174.0209374062485 -13.314077945195585
179.115360743323 -13.247462406125635
184.3589221641488 -13.180503614885335
189.75598765218504 -13.11315263338621
195.3110510040631 -13.045360785980492
201.02873757128856 -12.977079811647158
206.913808111479 -12.908261986212793
212.97116275234782 -12.838860214272929
219.20584507173257 -12.768828090995193
225.62304629706352 -12.698119934520843
232.22810962777245 -12.626690790228514
239.02653468423918 -12.554496408678643
246.02398208697775 -12.481493199607982
253.22627816987946 -12.407638164878636
260.63941983143474 -12.332888813794899
268.26957952797244 -12.257203064666909
276.1231104130753 -12.180539136911076
284.2065516274511 -12.102855438315192
292.5266337436645 -12.024110452352685
301.09028437025927 -11.9442626305873
309.9046339199427 -11.863270295260529
318.97702154663216 -11.781091557091363
328.3150012563047 -11.697684253134035
337.9263481967431 -11.613005909238211
347.819065131413 -11.527013731236465
358.00138910285807 -11.439664628455299
368.48179829116765 -11.350915272516335
379.26901907322497 -11.260722193680902
390.37203328860926 -11.16904191620546
401.8000857182091 -11.075831133341573
413.5626917817706 -10.981046921748165
425.66964546078714 -10.884646994211106
438.13102745333055 -10.786589988703563
450.9572135676145 -10.686835790995506
464.15888336127773 -10.585345887249316
477.7470290335773 -10.482083742341093
491.73296457790156 -10.377015199040102
506.1283352022219 -10.27010889267492
520.9451270253212 -10.161336675527652
536.1956770568817 -10.05067404493117
551.892683469738 -9.938100568906536
568.0492161728429 -9.823600303168528
584.6787276937589 -9.707162193442823
601.7950643797334 -9.588780457276505
619.412477926676 -9.468454939871538
637.5456372456507 -9.346191438922144
656.2096406767555 -9.222001993972524
675.4200285605586 -9.095905136421502
695.1927961775606 -8.967926096962055
715.5444070664574 -8.838096967943622
736.4918067322965 -8.706456818860486
758.0524367559261 -8.573051763887939
780.2442493165045 -8.437934981082408
803.0857221391512 -8.30116668352914
826.5958738801812 -8.162814043332084
850.7942799627444 -8.022951069897138
875.7010888760508 -7.881658444439824
901.3370389517438 -7.739023313055227
927.7234756314059 -7.595139041008036
954.8823692395666 -7.45010493114247
982.8363332770031 -7.304025909466148
1011.6086432495807 -7.1570121810440135
1041.2232560483055 -7.009178859346276
1071.7048298967104 -6.86064557214109
1103.078744882215 -6.711536046916713
1135.3711240885177 -6.561977678672193
1168.608855346651 -6.412101082739277
1202.8196136227775 -6.262039635107187
1238.0318840613968 -6.111929002525177
1274.2749857031336 -5.96190666446722
1311.5790958968503 -5.81211142887185
1349.9752754264298 -5.662682943420454
1389.4954943731375 -5.513761204004907
1430.172658735088 -5.36548606195732
1472.0406378260013 -5.217996731578809
1515.134292476053 -5.071431299510255
1559.4895040582815 -4.925926237534421
1605.1432043647615 -4.781615920480967
1652.1334063573702 -4.638632151021701
1700.4992358187922 -4.497103693281861
1750.2809639301013 -4.357155817348068
1801.520040802024 -4.218909856914223
1854.2591299878522 -4.082482782462694
1908.542144006686 -3.947986792518143
1964.4142809066266 -3.8155289256240077
2021.9220618983536 -3.685210695770847
2081.1133700903947 -3.5571277540339437
2142.037490358383 -3.4313695791552616
2204.7451503814746 -3.3080191997224793
2269.288562880081 -3.18715295045126
2335.7214690901214 -3.0688402648639674
2404.0991835099717 -2.953143506384559
2474.47863995735 -2.8401178395316107
2546.91843897454 -2.7298111425031104
2621.478896621356 -2.622263962007649
2698.222094696536 -2.5175095107269807
2777.211932429355 -2.415573707295472
2858.5141796844714 -2.31647525817463
2942.196531724374 -2.2202257802920187
3028.3286655749457 -2.126829962822575
3116.9822980411436 -2.036285766021403
3208.2312454210773 -1.948584654590987
3302.1514849681753 -1.863711862687956
3398.8212181526674 -1.7816466873477825
3498.320935775036 -1.7023628068522894
3600.73348498562 -1.6258286203702377
3706.144138266228 -1.5520076050772078
3814.640664431178 -1.4808586869114346
3926.3134017068355 -1.4123366211335586
4041.2553329506004 -1.346392378930451
4159.562163071847 -1.2829735364442294
4281.332398719392 -1.2220246627790534
4406.667430301786 -1.1634877037747224
4535.671616408702 -1.1073023585875093
4668.45237070379 -1.0534064464073014
4805.1202513612425 -1.001736260945256
4945.789053120639 -0.9522269106356708
5090.575902036681 -0.9048126428156513
5239.601353002645 -0.8594271504567031
5392.98949012887 -0.8160038603249226
5550.868030059805 -0.7744762017385777
5713.36842831558 -0.7347778553619924
5880.625988746757 -0.6968429817225051
6052.779976193349 -0.6606064293748876
6229.973732441841 -0.6260039228348815
6412.354795576917 -0.5929722305902175
6600.075022827095 -0.5614493136568227
6793.290717006696 -0.5313744552829578
6992.162756659375 -0.5026883725214061
7196.856730011514 -0.4753333104809235
7407.543072847163 -0.4492531201511551
7624.397210419138 -0.4243933207516508
7847.5997035146065 -0.40070114759723097
8077.3363987967105 -0.3781255865123054
8313.798583547334 -0.3566173958355747
8557.183144940002 -0.3361291170680642
8807.692733975462 -0.31661507521835164
9065.53593421636 -0.2980313698804338
9330.927435461663 -0.2803358580655079
9604.08821250538 -0.26348812977866504
9885.24570912827 -0.24744947729862962
10174.634027476064 -0.23218285907695912
10472.494122981476 -0.21765285912973972
10779.074004992735 -0.20382564273869636
11094.628943275218 -0.19066890923085322
11419.421680558647 -0.17815184253662503
11753.722651306367 -0.1662450601754303
12097.810206889013 -0.15492056124558268
12451.97084735032 -0.14415167393367556
12816.499459957597 -0.13391300299338782
13191.699564735716 -0.1241803775810254
13577.883567189278 -0.11493079976836795
13975.373018422924 -0.10614239399994252
14384.498882876629 -0.09779435769811923
14805.6018138991 -0.0898669131748446
15239.032437388305 -0.08234126095751512
15685.151643735446 -0.07519953459365403
16144.330888316019 -0.06842475696693427
16616.952500776908 -0.062000798120380674
17103.41000337838 -0.055912334565003725
17604.108438655527 -0.05014481002474665
18119.46470667122 -0.0446843975590645
18649.907912142942 -0.03951796299542609
19195.87972173111 -0.03463302959579599
19757.834731786996 -0.030017743881906454
20336.2408468667 -0.02566084254707612
20931.579669325736 -0.02155162038431755
21544.346900318822 -0.01767989917166182
22175.052752539294 -0.014035997458136388
22824.222375040976 -0.010610701211077442
23492.396290496577 -0.007395235287845185
24180.13084525718 -0.004381235712524927
24887.998672586673 -0.001560722743733692
25616.589169457267 0.0010739252689801967
26366.508987303554 0.0035299972283973514
27138.3825371428 0.00581447382059707
27932.85250948253 0.007934051203108349
28750.580409448772 0.009895163821145537
29592.247107579577 0.01170400630721918
30458.55340674284 0.013366554423604815
31350.220625651124 0.014888584990848955
32267.991199458116 0.016275694750505953
33212.62929793748 0.017533318106039555
34184.92146175927 0.018666743676702503
35185.677257392665 0.019681129611870754
36215.72995118075 0.02058151760277916
37275.93720314938 0.021372845540234067
38367.18178112649 0.02205995876662179
39490.37229576694 0.022647619881010786
40646.44395709628 0.023140517062872307
41836.359353200234 0.023543270892170298
43061.10925171165 0.02386043965693646
44321.713424760856 0.024096523152715807
45619.221498074585 0.024255964996932507
46954.71382493421 0.024343153496710894
48329.30238571752 0.024362421129559726
49744.13171377451 0.024318042712556772
51200.37984840882 0.024214232357134113
52699.259315756564 0.02405513932345442
54242.01813838024 0.023844842903256315
55829.94087441914 0.023587346478131488
57464.34968715974 0.02328657090927706
59146.605445917456 0.02294634742600853
60878.108859147556 0.02257041018440166
62660.30164072656 0.022162388670875412
64494.667710376205 0.02172580012373781
66382.73442923075 0.021264042139809175
68326.07387157406 0.02078038562457247
70326.30413380644 0.02027796823276736
72385.09068173247 0.019759788429115736
74504.14773728917 0.01922870028433919
76685.2397058701 0.01868740909827086
78930.18264543568 0.01813846792482063
81240.84577862974 0.01758427504792152
83619.15304916317 0.017027072442382007
86067.08472376158 0.016468945224827395
88586.67904100832 0.015911822086504924
91180.03390845681 0.015357476679111672
93849.3086494272 0.014807529908528232
96596.72580093842 0.014263453079162398
99424.57296427398 0.013726571816201589
102335.20470972576 0.013198070689801236
105331.04453709359 0.01267899845412998
108414.5868935835 0.01217027381170014
111588.3992507748 0.011672691612987743
114855.12424239368 0.01118692939914983
118217.48186466724 0.010713554199701788
121678.27174109229 0.010253029501218638
125240.3754535072 0.009805722304276291
128906.75894140244 0.00937191019865408
132680.47497147243 0.008951788386279849
136564.66567946097 0.008545476592931384
140562.56518642136 0.008153025818570298
144677.5022915648 0.007774424876937636
148912.90324394088 0.007409606691738614
153272.2945952612 0.007058454315207696
157759.30613623615 0.006720806648332143
162377.67391887208 0.006396463843834897
167131.2433672486 0.006085192380856917
172023.97247935992 0.005786729805617084
177059.9351226898 0.005500789134480137
182243.32442626648 0.00522706292437653
187578.45627201613 0.004965227013441126
193069.77288832495 0.0047149439429863965
198721.84654880533 0.00447586606857594
204539.38337933904 0.004247638376583645
210527.22727657072 0.0040299010166688
216690.3639411181 0.003822291568527565
223033.9250288494 0.00362444705601184
229563.19242369095 0.003436005726444151
236283.6026355175 0.003256608612039688
243200.7513267945 0.0030859008865508418
250320.39797173254 0.0029235330365641994
257648.47065183744 0.0027691618612442417
265191.0709918535 0.002622451314805555
272954.4792402007 0.002483073207557762
280945.1594981406 0.002350707778010217
289169.76510202966 0.0022250441487031048
297635.14416313195 0.0021057806780800737
306348.3452696084 0.0019926252200586445
315316.62335543614 0.0018852953013424076
324547.44574113254 0.0017835182248462744
334048.4983513244 0.001687031110957699
343827.6921143307 0.0015955808814671604
353893.1695490984 0.001508924196197205
364253.3115449638 0.0014268273476458525
374916.74433988857 0.0013490661204321227
385892.3467029899 0.0012754256200834962
397189.25732733024 0.0012057000776067384
408816.88243912894 0.0011396926337632837
420784.9036297398 0.0010772151056686408
433103.2859169001 0.0010180877410174978
445782.28604197066 0.0009621389626519852
458832.461010084 0.0009092051058353978
472264.67688029545 0.0008591301501729258
486090.117813063 0.0008117654496479147
500320.2953825999 0.0007669694619315264
514967.0581618343 0.0007246074774675635
530042.6015879672 0.0006845513518576824
545559.4781168514 0.0006466792411493154
561530.6076746266 0.0006108753412577906
577969.2884153313 0.000577029631978506
594889.2077934331 0.0005450376282528344
612304.4539605178 0.0005148001359975173
630229.5274956024 0.00048622301542476697
648679.3534788508 0.0004592169522285815
667669.2939187557 0.00043369723356616986
687215.1605431122 0.00040958353488129235
707333.2279644439 0.0003867997110593007
728040.2472308562 0.0003652735975050985
749353.4597735757 0.0003449368169013236
771290.6117627992 0.00032572459572947855
793869.9688838223 0.0003075755854449866
817110.3315457187 0.00029043169385236804
841031.0505352605 0.0002742379211951193
865652.0431290936 0.00025894220518321955
890993.8096776098 0.00024449527157280164
917077.4506742931 0.0002308504921523851
943924.6843247664 0.00021796374864771947
971557.8646301847 0.0002057933038363035
1000000.0 0.00019429967745964667
