10.0 -15.332027383306496
10.292747724096083 -15.27542718489201
10.59406557118851 -15.217620964100673
10.904204429677526 -15.158506587600591
11.223422532664179 -15.097984190064315
11.551985672964793 -15.03595642241035
11.890167424419898 -14.97232871783506
12.238249369681931 -14.907009574944727
12.596521334671401 -14.839910856933646
12.965281629896682 -14.770948105378272
13.344837298838383 -14.700040866841357
13.735504373605137 -14.627113030106694
14.137608138073606 -14.552093171504776
14.551483398731937 -14.474914905446617
14.977474763452017 -14.395517236970772
15.415936928422726 -14.31384491282984
15.867234973483178 -14.229848767411061
16.331744666101677 -14.143486059604607
16.80985277425364 -14.054720796612248
17.301957388458945 -13.963524040632675
17.808468253246822 -13.869874194373233
18.329807108324356 -13.77375726142165
18.866408039732583 -13.675167077669352
19.418717841282557 -13.574105510204355
19.987196386572506 -13.47058262038808
20.57231701189556 -13.364616788183852
21.174566910357118 -13.256234795217459
21.794447537529855 -13.145471864500264
22.432475028984193 -13.032371655234943
23.089180630041927 -12.916986211629764
23.765111138110754 -12.799375865166635
24.46082935796799 -12.679609090280062
25.17691457037277 -12.557762313905773
25.913963014396586 -12.43391967982725
26.672588383874054 -12.308172769190179
27.453422338387142 -12.180620278944925
28.257115029208283 -12.051367660325328
29.08433564064048 -11.920526719762472
29.935772947204903 -11.788215184872207
30.812135887140037 -11.654556238338284
31.714154152689986 -11.519678022650066
32.642578797673224 -11.383713118740852
33.59818286283781 -11.246798001623276
34.58176201952381 -11.109072476135026
35.594135232168604 -10.970679095900627
36.63614544020716 -10.831762568590422
37.708660259934554 -10.692469150526016
38.81257270691538 -10.552946033646398
39.9488019395417 -10.413340727820426
41.118294024358306 -10.27380044147138
42.322022723792756 -10.134471463472611
43.56099030694608 -9.995498549283132
44.83622838411908 -9.857024314313938
46.148798765769385 -9.719188637553124
47.499794346614124 -9.582128078523525
48.890340015614456 -9.44597531069634
50.32159359259993 -9.310858574533746
51.7947467923121 -9.176901153371743
53.31102621667033 -9.044220875377942
54.87169437608604 -8.912929644816609
56.47805074067555 -8.783133005819105
58.131432822247135 -8.654929741784292
59.83321728796288 -8.528411513413932
61.58482110660264 -8.403662538220836
63.38770272838487 -8.280759314124872
65.24336329932625 -8.159770389479078
67.15334791115141 -8.040756181540596
69.11924688779365 -7.923768845026493
71.14269710955735 -7.808852191975558
73.22538337604533 -7.696041663681262
75.36903980898542 -7.585364354978808
77.57545129612417 -7.476839090666219
79.84645497739086 -7.370476553330958
82.18394177456803 -7.266279461346881
84.58985796574301 -7.164242795313025
87.06620680585127 -7.0643540707369095
89.61505019466045 -6.966593654327765
92.23851039358476 -6.870935120867921
94.9387717927583 -6.77734564728034
97.71808272983904 -6.685786440208257
100.57875736205835 -6.596213193175512
103.52317759307378 -6.508576569199044
106.55379505623053 -6.422822704581379
109.67313315588179 -6.338893729515261
112.88378916846884 -6.256728301081043
116.18843640511002 -6.176262144207288
119.58982643749793 -6.0974285961888
123.09079138896018 -6.0201591504097705
126.69424629259063 -5.944383994998198
130.40319151841317 -5.8700325422362205
134.2207152716012 -5.797033944666983
138.14999616383224 -5.725317593968583
142.19430585991677 -5.654813598811149
146.357011801908 -5.5854532380712545
150.64158001295928 -5.51716938595394
155.05157798326255 -5.449896905767037
159.5906776404731 -5.383573009310304
164.26265840709303 -5.31813757908742
169.071410347358 -5.2535334508268665
174.0209374062485 -5.189706654112341
179.115360743323 -5.126606609279558
184.3589221641488 -5.064186279135031
189.75598765218504 -5.002402274497413
195.3110510040631 -4.941214913050685
201.02873757128856 -4.880588231528543
206.913808111479 -4.82048995181678
212.97116275234782 -4.760891402155809
219.20584507173257 -4.701767395240507
225.62304629706352 -4.643096065635966
232.22810962777245 -4.584858669542201
239.02653468423918 -4.527039350533533
246.02398208697775 -4.469624875451853
253.22627816987946 -4.41260434513368
260.63941983143474 -4.355968885081093
268.26957952797244 -4.299711321534102
276.1231104130753 -4.243825848654167
284.2065516274511 -4.188307692675871
292.5266337436645 -4.133152778921108
301.09028437025927 -4.078357407492811
309.9046339199427 -4.02391794327624
318.97702154663216 -3.9698305255773403
328.3150012563047 -3.9160908023282115
337.9263481967431 -3.862693693299197
347.819065131413 -3.809633186188979
358.00138910285807 -3.7569021688313304
368.48179829116765 -3.704492300077555
379.26901907322497 -3.652393921201709
390.37203328860926 -3.600596008948255
401.8000857182091 -3.5490861706136028
413.5626917817706 -3.4978506808388694
425.66964546078714 -3.446874559102123
438.13102745333055 -3.3961416862463434
450.9572135676145 -3.345634957771802
464.15888336127773 -3.295336471065378
477.7470290335773 -3.2452277432395094
491.73296457790156 -3.1952899558128083
506.1283352022219 -3.1455042220848113
520.9451270253212 -3.09585187273967
536.1956770568817 -3.0463147549586296
551.892683469738 -2.9968755401280154
568.0492161728429 -2.947518035098997
584.6787276937589 -2.898227491887468
601.7950643797334 -2.848990910697568
619.412477926676 -2.7997973312117925
637.5456372456507 -2.7506381072153174
656.2096406767555 -2.701507159814145
675.4200285605586 -2.6524012047661314
695.1927961775606 -2.603319949773369
715.5444070664574 -2.5542662579825275
736.4918067322965 -2.505246274406099
758.0524367559261 -2.4562695125102754
780.2442493165045 -2.407348898808341
803.0857221391512 -2.358500773947249
826.5958738801812 -2.309744849469398
850.7942799627444 -2.261104120161587
875.7010888760508 -2.212604732653786
901.3370389517438 -2.1642758116890675
927.7234756314059 -2.1161492462328035
954.8823692395666 -2.0682594383096324
982.8363332770031 -2.020643018129463
1011.6086432495807 -1.9733385296735273
1041.2232560483055 -1.9263860914395488
1071.7048298967104 -1.8798270374778328
1103.078744882215 -1.8337035441737584
1135.3711240885177 -1.788058248438467
1168.608855346651 -1.7429338630519666
1202.8196136227775 -1.6983727948594192
1238.0318840613968 -1.654416771354862
1274.2749857031336 -1.6111064809020972
1311.5790958968503 -1.5684812314507546
1349.9752754264298 -1.5265786321186747
1389.4954943731375 -1.4854343014465023
1430.172658735088 -1.445081605504078
1472.0406378260013 -1.4055514283599173
1515.134292476053 -1.3668719767349036
1559.4895040582815 -1.3290686199684598
1605.1432043647615 -1.292163765747769
1652.1334063573702 -1.2561767714060321
1700.4992358187922 -1.221123889997602
1750.2809639301013 -1.1870182498190787
1801.520040802024 -1.1538698655748965
1854.2591299878522 -1.121685678990345
1908.542144006686 -1.0904696263574856
1964.4142809066266 -1.0602227302611706
2021.9220618983536 -1.0309432125717035
2081.1133700903947 -1.0026266257036713
2142.037490358383 -0.9752659991216189
2204.7451503814746 -0.9488519981158563
2269.288562880081 -0.9233730919675305
2335.7214690901214 -0.8988157287631666
2404.0991835099717 -0.8751645142957919
2474.47863995735 -0.8524023926950762
2546.91843897454 -0.8305108266532011
2621.478896621356 -0.8094699753495704
2698.222094696536 -0.789258868418935
2777.211932429355 -0.7698555745477921
2858.5141796844714 -0.7512373635182574
2942.196531724374 -0.7333808607419787
3028.3286655749457 -0.7162621935370008
3116.9822980411436 -0.6998571285940359
3208.2312454210773 -0.6841412002542864
3302.1514849681753 -0.6690898293781432
3398.8212181526674 -0.6546784327214662
3498.320935775036 -0.6408825228548942
3600.73348498562 -0.6276777987616704
3706.144138266228 -0.6150402273323335
3814.640664431178 -0.6029461160408514
3926.3134017068355 -0.5913721771386056
4041.2553329506004 -0.5802955837412626
4159.562163071847 -0.5696940182101893
4281.332398719392 -0.5595457132475224
4406.667430301786 -0.5498294861326191
4535.671616408702 -0.540524766529817
4668.45237070379 -0.5316116182945345
4805.1202513612425 -0.5230707556977972
4945.789053120639 -0.5148835544799454
5090.575902036681 -0.5070320581334039
5239.601353002645 -0.49949897980266245
5392.98949012887 -0.49226770017842836
5550.868030059805 -0.48532226175194937
5713.36842831558 -0.47864735978566225
5880.625988746757 -0.4722283303480291
6052.779976193349 -0.4660511357527686
6229.973732441841 -0.46010234773679504
6412.354795576917 -0.45436912870560314
6600.075022827095 -0.4488392113705703
6793.290717006696 -0.44350087709751773
6992.162756659375 -0.43834293328165735
7196.856730011514 -0.43335469005804456
7407.543072847163 -0.4285259366499624
7624.397210419138 -0.4238469176493366
7847.5997035146065 -0.41930830951265496
8077.3363987967105 -0.4149011975431368
8313.798583547334 -0.4106170536149458
8557.183144940002 -0.40644771487705067
8807.692733975462 -0.40238536365438843
9065.53593421636 -0.3984225087411017
9330.927435461663 -0.39455196825555605
9604.08821250538 -0.3907668542001233
9885.24570912827 -0.3870605588396826
10174.634027476064 -0.38342674298354495
10472.494122981476 -0.37985932622402635
10779.074004992735 -0.37635247915405334
11094.628943275218 -0.3729006175545606
11419.421680558647 -0.3694983985113104
11753.722651306367 -0.3661407183899146
12097.810206889013 -0.3628227125682982
12451.97084735032 -0.35953975679695016
12816.499459957597 -0.3562874700303581
13191.699564735716 -0.353061718547199
13577.883567189278 -0.3498586211535621
13975.373018422924 -0.34667455524205115
14384.498882876629 -0.3435061634607256
14805.6018138991 -0.3403503607301969
15239.032437388305 -0.33720434133413885
15685.151643735446 -0.33406558579983137
16144.330888316019 -0.3309318672798379
16616.952500776908 -0.32780125714570485
17103.41000337838 -0.3246721295085837
17604.108438655527 -0.3215431643908439
18119.46470667122 -0.31841334928816434
18649.907912142942 -0.31528197888135834
19195.87972173111 -0.31214865268419756
19757.834731786996 -0.30901327044469495
20336.2408468667 -0.30587602515490003
20931.579669325736 -0.30273739356654406
21544.346900318822 -0.2995981241555706
22175.052752539294 -0.2964592225290298
22824.222375040976 -0.29332193431891457
23492.396290496577 -0.2901877256608377
24180.13084525718 -0.2870582614076567
24887.998672586673 -0.28393538127866114
25616.589169457267 -0.28082107419200564
26366.508987303554 -0.2777174510706344
27138.3825371428 -0.2746267164478367
27932.85250948253 -0.27155113922745344
28750.580409448772 -0.26849302297442496
29592.247107579577 -0.2654546761229671
30458.55340674284 -0.26243838249187773
31350.220625651124 -0.25944637248970126
32267.991199458116 -0.25648079537664525
33212.62929793748 -0.2535436929256615
34184.92146175927 -0.25063697479386043
35185.677257392665 -0.247762395877203
36215.72995118075 -0.24492153587905383
37275.93720314938 -0.24211578127688177
38367.18178112649 -0.23934630982342264
39490.37229576694 -0.23661407767035592
40646.44395709628 -0.23391980915549987
41836.359353200234 -0.23126398924928848
43061.10925171165 -0.2286468586154117
44321.713424760856 -0.2260684112033977
45619.221498074585 -0.22352839425952498
46954.71382493421 -0.2210263106160579
48329.30238571752 -0.2185614230987914
49744.13171377451 -0.2161327608787001
51200.37984840882 -0.21373912758460875
52699.259315756564 -0.2113791109901346
54242.01813838024 -0.20905109409086997
55829.94087441914 -0.20675326739183447
57464.34968715974 -0.20448364223589877
59146.605445917456 -0.20224006501552386
60878.108859147556 -0.20002023212413234
62660.30164072656 -0.19782170551971998
64494.667710376205 -0.19564192878940811
66382.73442923075 -0.1934782436199264
68326.07387157406 -0.19132790659526172
70326.30413380644 -0.18918810625734744
72385.09068173247 -0.18705598037899643
74504.14773728917 -0.1849286334097045
76685.2397058701 -0.18280315406409997
78930.18264543568 -0.18067663302907988
81240.84577862974 -0.1785461807704669
83619.15304916317 -0.1764089454196188
86067.08472376158 -0.17426213072051708
88586.67904100832 -0.17210301401145933
91180.03390845681 -0.16992896420944884
93849.3086494272 -0.1677374597546841
96596.72580093842 -0.16552610646040908
99424.57296427398 -0.16329265519931066
102335.20470972576 -0.16103501934099954
105331.04453709359 -0.1587512918385685
108414.5868935835 -0.15643976184377767
111588.3992507748 -0.15409893071236083
114855.12424239368 -0.15172752724428223
118217.48186466724 -0.14932452198642823
121678.27174109229 -0.146889140412621
125240.3754535072 -0.14442087478301985
128906.75894140244 -0.1419194944792698
132680.47497147243 -0.1393850546067811
136564.66567946097 -0.13681790265816252
140562.56518642136 -0.134218683039571
144677.5022915648 -0.13158833927412153
148912.90324394088 -0.12892811371708351
153272.2945952612 -0.12623954464339762
157759.30613623615 -0.12352446059953419
162377.67391887208 -0.12078497195131087
167131.2433672486 -0.11802345960010972
172023.97247935992 -0.11524256088994289
177059.9351226898 -0.11244515277497598
182243.32442626648 -0.10963433237237344
187578.45627201613 -0.10681339507462882
193069.77288832495 -0.1039858104482107
198721.84654880533 -0.10115519619221447
204539.38337933904 -0.09832529047382786
210527.22727657072 -0.09549992299388005
216690.3639411181 -0.09268298516617772
223033.9250288494 -0.08987839981288352
229563.19242369095 -0.08709009079205597
236283.6026355175 -0.08432195297236386
243200.7513267945 -0.0815778229644616
250320.39797173254 -0.07886145099652296
257648.47065183744 -0.07617647429909884
265191.0709918535 -0.07352639232556789
272954.4792402007 -0.0709145440943766
280945.1594981406 -0.06834408789182968
289169.76510202966 -0.06581798352335622
297635.14416313195 -0.06333897724701265
306348.3452696084 -0.060909589470713066
315316.62335543614 -0.05853210524083392
324547.44574113254 -0.056208567500218444
334048.4983513244 -0.053940773046867674
343827.6921143307 -0.05173027108197799
353893.1695490984 -0.04957836420222184
364253.3115449638 -0.04748611165660563
374916.74433988857 -0.04545433466738923
385892.3467029899 -0.043483623597692284
397189.25732733024 -0.04157434673119408
408816.88243912894 -0.0397266604312867
420784.9036297398 -0.037940520440409436
433103.2859169001 -0.03621569408861751
445782.28604197066 -0.034551773186714416
458832.461010084 -0.03294818739320416
472264.67688029545 -0.03140421785662861
486090.117813063 -0.02991901095451471
500320.2953825999 -0.028491591966568235
514967.0581618343 -0.027120878537264068
530042.6015879672 -0.025805693806497214
545559.4781168514 -0.024544779100768244
561530.6076746266 -0.023336806100188384
577969.2884153313 -0.02218038841011696
594889.2077934331 -0.021074092485896413
612304.4539605178 -0.020016447871969816
630229.5274956024 -0.01900595673134626
648679.3534788508 -0.018041102652160544
667669.2939187557 -0.01712035873005446
687215.1605431122 -0.01624219493435996
707333.2279644439 -0.015405084771636064
728040.2472308562 -0.01460751126818942
749353.4597735757 -0.01384797229902732
771290.6117627992 -0.013124985291909051
793869.9688838223 -0.012437091341714413
817110.3315457187 -0.011782858769177323
841031.0505352605 -0.011160886160259571
865652.0431290936 -0.010569804925396808
890993.8096776098 -0.01000828141371369
917077.4506742931 -0.009475018619898296
943924.6843247664 -0.00896875751938862
971557.8646301847 -0.008488278066587212
1000000.0 -0.008032399889085112
