10.0 -2.9451475031836045
10.292747724096083 -2.9451671445029897
10.59406557118851 -2.945187951288691
10.904204429677526 -2.9452099926111908
11.223422532664179 -2.945233341624057
11.551985672964793 -2.9452580758037072
11.890167424419898 -2.9452842772039345
12.238249369681931 -2.945312032724109
12.596521334671401 -2.9453414343942343
12.965281629896682 -2.9453725796752273
13.344837298838383 -2.945405571777482
13.735504373605137 -2.9454405199973226
14.137608138073606 -2.9454775400732442
14.551483398731937 -2.9455167545621963
14.977474763452017 -2.9455582932376996
15.415936928422726 -2.9456022935110386
15.867234973483178 -2.9456489008756517
16.331744666101677 -2.9456982693781937
16.80985277425364 -2.9457505621150655
17.301957388458945 -2.9458059517578294
17.808468253246822 -2.9458646211083463
18.329807108324356 -2.945926763684887
18.866408039732583 -2.945992584341366
19.418717841282557 -2.9460622999213366
19.987196386572506 -2.9461361399482455
20.57231701189556 -2.9462143473541866
21.174566910357118 -2.946297179249079
21.794447537529855 -2.9463849077318005
22.432475028984193 -2.9464778207464053
23.089180630041927 -2.9465762229844747
23.765111138110754 -2.9466804368366866
24.46082935796799 -2.946790803395698
25.17691457037277 -2.94690768351249
25.913963014396586 -2.9470314589091684
26.672588383874054 -2.9471625333504488
27.453422338387142 -2.947301333876604
28.257115029208283 -2.9474483121000565
29.08433564064048 -2.9476039455694587
29.935772947204903 -2.947768739202531
30.812135887140037 -2.947943226791656
31.714154152689986 -2.948127972584336
32.642578797673224 -2.948323572941644
33.59818286283781 -2.948530658076829
34.58176201952381 -2.948749893877773
35.594135232168604 -2.9489819838147047
36.63614544020716 -2.9492276709366
37.708660259934554 -2.9494877399581414
38.81257270691538 -2.949763019439561
39.9488019395417 -2.9500543840610076
41.118294024358306 -2.9503627569937985
42.322022723792756 -2.950689112368737
43.56099030694608 -2.951034477843462
44.83622838411908 -2.9513999372685564
46.148798765769385 -2.951786633452233
47.499794346614124 -2.9521957710236304
48.890340015614456 -2.9526286193917533
50.32159359259993 -2.953086515798582
51.7947467923121 -2.953570868462804
53.31102621667033 -2.9540831598090413
54.87169437608604 -2.9546249497771537
56.47805074067555 -2.9551978792042037
58.131432822247135 -2.955803673269884
59.83321728796288 -2.9564441449944683
61.58482110660264 -2.957121198777173
63.38770272838487 -2.9578368339587726
65.24336329932625 -2.958593148391511
67.15334791115141 -2.9593923419957764
69.11924688779365 -2.9602367202794353
71.14269710955735 -2.9611286977944107
73.22538337604533 -2.962070801497921
75.36903980898542 -2.963065673986507
77.57545129612417 -2.9641160765616927
79.84645497739086 -2.965224892085957
82.18394177456803 -2.9663951275795397
84.58985796574301 -2.967629916505423
87.06620680585127 -2.9689325206831407
89.61505019466045 -2.970306331766967
92.23851039358476 -2.971754872217853
94.9387717927583 -2.973281795691327
97.71808272983904 -2.9748908867592228
100.57875736205835 -2.976586059875003
103.52317759307378 -2.978371357486349
106.55379505623053 -2.980250947193034
109.67313315588179 -2.9822291178420404
112.88378916846884 -2.9843102744465373
116.18843640511002 -2.9864989318095208
119.58982643749793 -2.9887997067311174
123.09079138896018 -2.9912173086730816
126.69424629259063 -2.9937565287557
130.40319151841317 -2.9964222269592593
134.2207152716012 -2.9992193174075683
138.14999616383224 -3.002152751613634
142.19430585991677 -3.0052274995763155
146.357011801908 -3.0084485286260394
150.64158001295928 -3.0118207799334185
155.05157798326255 -3.0153491426107792
159.5906776404731 -3.019038425360115
164.26265840709303 -3.0228933256469857
169.071410347358 -3.026918396411653
174.0209374062485 -3.0311180103645308
179.115360743323 -3.0354963219561415
184.3589221641488 -3.0400572271555317
189.75598765218504 -3.044804321225753
195.3110510040631 -3.049740854736015
201.02873757128856 -3.054869688113996
206.913808111479 -3.060193245099957
212.97116275234782 -3.065713465530586
219.20584507173257 -3.0714317579427206
225.62304629706352 -3.077348952552294
232.22810962777245 -3.083465255221877
239.02653468423918 -3.0897802030860966
246.02398208697775 -3.0962926225525993
253.22627816987946 -3.1030005904321882
260.63941983143474 -3.109901398981964
268.26957952797244 -3.1169915256516925
276.1231104130753 -3.1242666083246844
284.2065516274511 -3.1317214268192477
292.5266337436645 -3.139349891371875
301.09028437025927 -3.1471450387656565
309.9046339199427 -3.155099036677558
318.97702154663216 -3.1632031967146617
328.3150012563047 -3.1714479964854885
337.9263481967431 -3.1798231109063986
347.819065131413 -3.188317452789174
358.00138910285807 -3.19691922258061
368.48179829116765 -3.205615966953993
379.26901907322497 -3.214394645768163
390.37203328860926 -3.223241706735725
401.8000857182091 -3.232143166974641
413.5626917817706 -3.2410847004592007
425.66964546078714 -3.2500517302568217
438.13102745333055 -3.2590295243192857
450.9572135676145 -3.2680032935183427
464.15888336127773 -3.276958290557908
477.7470290335773 -3.2858799083770367
491.73296457790156 -3.2947537766690904
506.1283352022219 -3.303565855188793
520.9451270253212 -3.312302522593015
536.1956770568817 -3.320950659671249
551.892683469738 -3.329497725945336
568.0492161728429 -3.3379318287730007
584.6787276937589 -3.346241784252881
601.7950643797334 -3.3544171694023865
619.412477926676 -3.3624483652626544
637.5456372456507 -3.3703265907570055
656.2096406767555 -3.3780439273082785
675.4200285605586 -3.385593334374062
695.1927961775606 -3.3929686562124406
715.5444070664574 -3.4001646203165876
736.4918067322965 -3.4071768280692445
758.0524367559261 -3.4140017382545502
780.2442493165045 -3.4206366441389013
803.0857221391512 -3.4270796448731216
826.5958738801812 -3.433329612001036
850.7942799627444 -3.4393861518649076
875.7010888760508 -3.445249564691228
901.3370389517438 -3.450920801117367
927.7234756314059 -3.4564014168816577
954.8823692395666 -3.461693526357212
982.8363332770031 -3.466799755551788
1011.6086432495807 -3.4717231951402776
1041.2232560483055 -3.4764673540308415
1071.7048298967104 -3.4810361139026735
1103.078744882215 -3.485433685088112
1135.3711240885177 -3.489664564108658
1168.608855346651 -3.4937334931153625
1202.8196136227775 -3.4976454214245507
1238.0318840613968 -3.5014054692893564
1274.2749857031336 -3.5050188939982903
1311.5790958968503 -3.5084910583495805
1349.9752754264298 -3.51182740151007
1389.4954943731375 -3.515033412237856
1430.172658735088 -3.51811460441469
1472.0406378260013 -3.521076494816833
1515.134292476053 -3.523924583027103
1559.4895040582815 -3.5266643333828203
1605.1432043647615 -3.529301158838225
1652.1334063573702 -3.5318404066125986
1700.4992358187922 -3.534287345496199
1750.2809639301013 -3.536647154675751
1801.520040802024 -3.5389249139482253
1854.2591299878522 -3.5411255951926908
1908.542144006686 -3.543254054972831
1964.4142809066266 -3.545315028150397
2021.9220618983536 -3.5473131223985916
2081.1133700903947 -3.5492528135081294
2142.037490358383 -3.551138441395383
2204.7451503814746 -3.55297420672519
2269.288562880081 -3.554764168076889
2335.7214690901214 -3.556512239591293
2404.0991835099717 -3.5582221890469574
2474.47863995735 -3.559897636329223
2546.91843897454 -3.5615420522626264
2621.478896621356 -3.563158757791545
2698.222094696536 -3.564750923504741
2777.211932429355 -3.5663215695077226
2858.5141796844714 -3.5678735656581795
2942.196531724374 -3.569409632186783
3028.3286655749457 -3.5709323407333358
3116.9822980411436 -3.572444115833613
3208.2312454210773 -3.573947236894046
3302.1514849681753 -3.575443840697498
3398.8212181526674 -3.576935924478138
3498.320935775036 -3.5784253496048586
3600.73348498562 -3.579913845904807
3706.144138266228 -3.581403016655277
3814.640664431178 -3.5828943442596572
3926.3134017068355 -3.584389196613369
4041.2553329506004 -3.585888834153722
4159.562163071847 -3.5873944175710273
4281.332398719392 -3.588907016143697
4406.667430301786 -3.590427616643978
4535.671616408702 -3.591957132742436
4668.45237070379 -3.593496414824756
4805.1202513612425 -3.5950462601163307
4945.789053120639 -3.5966074229976353
5090.575902036681 -3.5981806253791677
5239.601353002645 -3.5997665669935897
5392.98949012887 -3.60136593545704
5550.868030059805 -3.602979415942781
5713.36842831558 -3.6046077003120027
5880.625988746757 -3.6062514955440976
6052.779976193349 -3.607911531316803
6229.973732441841 -3.6095885665902983
6412.354795576917 -3.611283395061449
6600.075022827095 -3.6129968493684714
6793.290717006696 -3.6147298039390123
6992.162756659375 -3.616483176393353
7196.856730011514 -3.618257927433648
7407.543072847163 -3.620055059168304
7624.397210419138 -3.6218756118440414
7847.5997035146065 -3.623720658976417
8077.3363987967105 -3.625591300894617
8313.798583547334 -3.627488656734375
8557.183144940002 -3.6294138549372335
8807.692733975462 -3.6313680223325306
9065.53593421636 -3.633352271902245
9330.927435461663 -3.635367689345186
9604.08821250538 -3.6374153185798086
9885.24570912827 -3.6394961463409157
10174.634027476064 -3.641611086045435
10472.494122981476 -3.643760961118518
10779.074004992735 -3.6459464879875583
11094.628943275218 -3.648168258966913
11419.421680558647 -3.6504267252676437
11753.722651306367 -3.652722180380602
12097.810206889013 -3.655054744087468
12451.97084735032 -3.6574243473615473
12816.499459957597 -3.65983071842236
13191.699564735716 -3.6622733702065853
13577.883567189278 -3.6647515895130445
13975.373018422924 -3.667264428066131
14384.498882876629 -3.669810695730113
14805.6018138991 -3.672388956080396
15239.032437388305 -3.674997524513766
15685.151643735446 -3.677634469045268
16144.330888316019 -3.6802976139013355
16616.952500776908 -3.682984545974757
17103.41000337838 -3.685692624161776
17604.108438655527 -3.6884189915462655
18119.46470667122 -3.691160590350311
18649.907912142942 -3.6939141795110144
19195.87972173111 -3.6966763546935355
19757.834731786996 -3.6994435705020834
20336.2408468667 -3.7022121645995894
20931.579669325736 -3.704978383412011
21544.346900318822 -3.7077384090551684
22175.052752539294 -3.7104883870965844
22824.222375040976 -3.7132244547510034
23492.396290496577 -3.715942769095801
24180.13084525718 -3.718639534898969
24887.998672586673 -3.72131103166186
25616.589169457267 -3.723953639500521
26366.508987303554 -3.7265638635200333
27138.3825371428 -3.729138356371041
27932.85250948253 -3.731673938722828
28750.580409448772 -3.7341676174343865
29592.247107579577 -3.73661660125574
30458.55340674284 -3.7390183139431525
31350.220625651124 -3.7413704047263607
32267.991199458116 -3.7436707561152853
33212.62929793748 -3.7459174890794937
34184.92146175927 -3.748108965683139
35185.677257392665 -3.750243789290391
36215.72995118075 -3.7523208024953707
37275.93720314938 -3.754339082953238
38367.18178112649 -3.7562979373150003
39490.37229576694 -3.758196893479168
40646.44395709628 -3.7600356913866912
41836.359353200234 -3.7618142725858448
43061.10925171165 -3.7635327687940867
44321.713424760856 -3.765191489679149
45619.221498074585 -3.766790910068236
46954.71382493421 -3.768331656787282
48329.30238571752 -3.7698144953109254
49744.13171377451 -3.771240316393351
51200.37984840882 -3.7726101228258475
52699.259315756564 -3.773925016455155
54242.01813838024 -3.7751861855726627
55829.94087441914 -3.7763948927695736
57464.34968715974 -3.777552463334559
59146.605445917456 -3.778660274254642
60878.108859147556 -3.7797197438634833
62660.30164072656 -3.7807323221694924
64494.667710376205 -3.781699481881302
66382.73442923075 -3.782622710138148
68326.07387157406 -3.783503500944107
70326.30413380644 -3.784343348293958
72385.09068173247 -3.785143739975561
74504.14773728917 -3.785906152023124
76685.2397058701 -3.786632043797126
78930.18264543568 -3.7873228536569004
81240.84577862974 -3.7879799951942754
83619.15304916317 -3.7886048539929917
86067.08472376158 -3.7891987848777604
88586.67904100832 -3.789763109616546
91180.03390845681 -3.7902991150400926
93849.3086494272 -3.7908080515438964
96596.72580093842 -3.7912911319368225
99424.57296427398 -3.7917495306052604
102335.20470972576 -3.792184382958741
105331.04453709359 -3.792596785129958
108414.5868935835 -3.792987793897921
111588.3992507748 -3.793358426810147
114855.12424239368 -3.7937096624787
118217.48186466724 -3.7940424410264173
121678.27174109229 -3.794357664663519
125240.3754535072 -3.7946561983750327
128906.75894140244 -3.7949388707018334
132680.47497147243 -3.7952064745981824
136564.66567946097 -3.795459768353498
140562.56518642136 -3.795699476563743
144677.5022915648 -3.7959262911413876
148912.90324394088 -3.7961408723543055
153272.2945952612 -3.7963438498830593
157759.30613623615 -3.7965358238903324
162377.67391887208 -3.7967173660939357
167131.2433672486 -3.7968890208378174
172023.97247935992 -3.7970513061558417
177059.9351226898 -3.797204714823516
182243.32442626648 -3.797349715394537
187578.45627201613 -3.7974867532163943
193069.77288832495 -3.797616251426241
198721.84654880533 -3.7977386119209773
204539.38337933904 -3.7978542163018076
210527.22727657072 -3.7979634267914406
216690.3639411181 -3.798066587122026
223033.9250288494 -3.79816402339481
229563.19242369095 -3.798256044908326
236283.6026355175 -3.7983429449578554
243200.7513267945 -3.7984250016032317
250320.39797173254 -3.7985024784074546
257648.47065183744 -3.7985756251445335
265191.0709918535 -3.7986446784783903
272954.4792402007 -3.7987098626119673
280945.1594981406 -3.7987713899084694
289169.76510202966 -3.7988294614847034
297635.14416313195 -3.7988842677767343
306348.3452696084 -3.7989359890808894
315316.62335543614 -3.7989847960672636
324547.44574113254 -3.7990308502706616
334048.4983513244 -3.7990743045573607
343827.6921143307 -3.799115303569282
353893.1695490984 -3.7991539841458954
364253.3115449638 -3.7991904757269035
374916.74433988857 -3.7992249007339467
385892.3467029899 -3.7992573749336933
397189.25732733024 -3.799288007783728
408816.88243912894 -3.7993169027596845
420784.9036297398 -3.7993441576681546
433103.2859169001 -3.799369864942419
445782.28604197066 -3.7993941119246095
458832.461010084 -3.7994169811335015
472264.67688029545 -3.799438550518468
486090.117813063 -3.7994588937020968
500320.2953825999 -3.799478080209671
514967.0581618343 -3.7994961756871626
530042.6015879672 -3.7995132421101574
545559.4781168514 -3.79952933797982
561530.6076746266 -3.7995445185106753
577969.2884153313 -3.799558835809209
594889.2077934331 -3.7995723390420117
612304.4539605178 -3.799585074597065
630229.5274956024 -3.7995970862356385
648679.3534788508 -3.7996084152373206
667669.2939187557 -3.7996191005368285
687215.1605431122 -3.799629178854212
707333.2279644439 -3.7996386848181603
728040.2472308562 -3.799647651083143
749353.4597735757 -3.7996561084394473
771290.6117627992 -3.7996640859191584
793869.9688838223 -3.799671610893891
817110.3315457187 -3.799678709170342
841031.0505352605 -3.7996854050773514
865652.0431290936 -3.7996917215516612
890993.8096776098 -3.799697680215677
917077.4506742931 -3.7997033014536368
943924.6843247664 -3.7997086044816237
971557.8646301847 -3.79971360741511
1000000.0 -3.7997183273315827
