10.0 -0.00010862751776401579
10.292747724096083 -0.000114554662000086
10.59406557118851 -0.0001208331298123848
10.904204429677526 -0.0001274839114723812
11.223422532664179 -0.00013452924743805213
11.551985672964793 -0.00014199270344165832
11.890167424419898 -0.00014989925019473683
12.238249369681931 -0.00015827534800370467
12.596521334671401 -0.0001671490362973026
12.965281629896682 -0.00017655002883572155
13.344837298838383 -0.00018650981453231357
13.735504373605137 -0.00019706176443504532
14.137608138073606 -0.00020824124527506996
14.551483398731937 -0.0002200857398885898
14.977474763452017 -0.00023263497496289287
15.415936928422726 -0.00024593105664816176
15.867234973483178 -0.00026001861433564224
16.331744666101677 -0.000274944953413947
16.80985277425364 -0.0002907602171586442
17.301957388458945 -0.0003075175587194758
17.808468253246822 -0.00032527332360070613
18.329807108324356 -0.0003440872432915726
18.866408039732583 -0.00036402264086404866
19.418717841282557 -0.0003851466492299333
19.987196386572506 -0.0004075304427706895
20.57231701189556 -0.00043124948327065145
21.174566910357118 -0.0004563837810449294
21.794447537529855 -0.00048301817209864186
22.432475028984193 -0.000511242612452408
23.089180630041927 -0.0005411524906035074
23.765111138110754 -0.0005728489593056338
24.46082935796799 -0.0006064392878014264
25.17691457037277 -0.0006420372358160483
25.913963014396586 -0.0006797634505878468
26.672588383874054 -0.000719745888497262
27.453422338387142 -0.0007621202625134894
28.257115029208283 -0.0008070305173735646
29.08433564064048 -0.0008546293337758303
29.935772947204903 -0.0009050786637348463
30.812135887140037 -0.0009585502985708627
31.714154152689986 -0.0010152264717479455
32.642578797673224 -0.0010753004984348797
33.59818286283781 -0.0011389774539847695
34.58176201952381 -0.00120647489353685
35.594135232168604 -0.0012780236151852492
36.63614544020716 -0.0013538684689900374
37.708660259934554 -0.0014342692145984212
38.81257270691538 -0.0015195014299979829
39.9488019395417 -0.001609857474274308
41.118294024358306 -0.0017056475072962348
42.322022723792756 -0.001807200569319681
43.56099030694608 -0.0019148657237110067
44.83622838411908 -0.0020290132661049806
46.148798765769385 -0.002150036003382765
47.499794346614124 -0.002278350606127016
48.890340015614456 -0.0024143990381826894
50.32159359259993 -0.0025586500673344566
51.7947467923121 -0.0027116008611698405
53.31102621667033 -0.0028737786722188552
54.87169437608604 -0.0030457426171271716
56.47805074067555 -0.0032280855543209176
58.131432822247135 -0.003421436065229552
59.83321728796288 -0.0036264605442831326
61.58482110660264 -0.0038438654031581936
63.38770272838487 -0.004074399395237926
65.24336329932625 -0.004318856066343909
67.15334791115141 -0.004578076338576728
69.11924688779365 -0.004852951234230791
71.14269710955735 -0.005144424747266716
73.22538337604533 -0.005453496870615622
75.36903980898542 -0.005781226787679391
77.57545129612417 -0.006128736237506115
79.84645497739086 -0.00649721306334764
82.18394177456803 -0.0068879149549178325
84.58985796574301 -0.007302173396007148
87.06620680585127 -0.007741397828733592
89.61505019466045 -0.008207080047506133
92.23851039358476 -0.00870079883564186
94.9387717927583 -0.009224224858859242
97.71808272983904 -0.009779125830316662
100.57875736205835 -0.010367371962528998
103.52317759307378 -0.010990941722362427
106.55379505623053 -0.01165192790577129
109.67313315588179 -0.01235254404955353
112.88378916846884 -0.013095131198207422
116.18843640511002 -0.013882165044034422
119.58982643749793 -0.014716263459621733
123.09079138896018 -0.015600194441941929
126.69424629259063 -0.016536884487571582
130.40319151841317 -0.017529427419296133
134.2207152716012 -0.018581093684062425
138.14999616383224 -0.0196953401427641
142.19430585991677 -0.020875820372208937
146.357011801908 -0.022126395499870152
150.64158001295928 -0.023451145591614538
155.05157798326255 -0.02485438161265982
159.5906776404731 -0.026340657981478787
164.26265840709303 -0.027914785736134456
169.071410347358 -0.029581846331498098
174.0209374062485 -0.03134720608545152
179.115360743323 -0.033216531290725736
184.3589221641488 -0.035195804007863596
189.75598765218504 -0.0372913385532165
195.3110510040631 -0.03950979869386201
201.02873757128856 -0.04185821555909044
206.913808111479 -0.04434400627513692
212.97116275234782 -0.04697499332692319
219.20584507173257 -0.049759424646387516
225.62304629706352 -0.05270599442270992
232.22810962777245 -0.055823864624824464
239.02653468423918 -0.059122687220112345
246.02398208697775 -0.06261262706732926
253.22627816987946 -0.06630438545310564
260.63941983143474 -0.07020922423375994
268.26957952797244 -0.07433899053316365
276.1231104130753 -0.07870614193768644
284.2065516274511 -0.0833237721157349
292.5266337436645 -0.08820563677635745
301.09028437025927 -0.09336617986608667
309.9046339199427 -0.09882055988597649
318.97702154663216 -0.10458467619260814
328.3150012563047 -0.1106751951263559
337.9263481967431 -0.11710957578788048
347.819065131413 -0.1239060952599278
358.00138910285807 -0.1310838730451051
368.48179829116765 -0.13866289446236388
379.26901907322497 -0.14666403271468642
390.37203328860926 -0.15510906930848253
401.8000857182091 -0.1640207124710893
413.5626917817706 -0.17342261317711138
425.66964546078714 -0.18333937835714853
438.13102745333055 -0.1937965808236249
450.9572135676145 -0.20482076540921712
464.15888336127773 -0.21643945077293225
477.7470290335773 -0.22868112628925988
491.73296457790156 -0.24157524339586844
506.1283352022219 -0.2551522007378334
520.9451270253212 -0.2694433224101351
536.1956770568817 -0.2844808285683036
551.892683469738 -0.30029779764866255
568.0492161728429 -0.3169281194181831
584.6787276937589 -0.3344064380587703
601.7950643797334 -0.35276808448547115
619.412477926676 -0.3720489971026746
637.5456372456507 -0.3922856302201886
656.2096406767555 -0.4135148493829558
675.4200285605586 -0.4357738129166091
695.1927961775606 -0.4590998390581483
715.5444070664574 -0.4835302581282618
736.4918067322965 -0.5091022493115629
758.0524367559261 -0.5358526617441477
780.2442493165045 -0.5638178197667818
803.0857221391512 -0.5930333123860514
826.5958738801812 -0.6235337671973828
850.7942799627444 -0.6553526092604033
875.7010888760508 -0.6885218056803142
901.3370389517438 -0.7230715969344138
927.7234756314059 -0.7590302162903341
954.8823692395666 -0.7964235989866455
982.8363332770031 -0.8352750831830759
1011.6086432495807 -0.8756051050313258
1041.2232560483055 -0.9174308905605265
1071.7048298967104 -0.9607661474071351
1103.078744882215 -1.0056207597373699
1135.3711240885177 -1.052000490003504
1168.608855346651 -1.099906691431335
1202.8196136227775 -1.1493360353472635
1238.0318840613968 -1.2002802576071776
1274.2749857031336 -1.2527259284779915
1311.5790958968503 -1.3066542503364644
1349.9752754264298 -1.3620408874814662
1389.4954943731375 -1.4188558321994693
1430.172658735088 -1.4770633109744318
1472.0406378260013 -1.536621734390968
1515.134292476053 -1.5974836938444055
1559.4895040582815 -1.6595960076467975
1605.1432043647615 -1.7228998185105338
1652.1334063573702 -1.7873307437093904
1700.4992358187922 -1.8528190784736065
1750.2809639301013 -1.919290052383524
1801.520040802024 -1.9866641377022731
1854.2591299878522 -2.0548574077501005
1908.542144006686 -2.123781942588075
1964.4142809066266 -2.1933462784688147
2021.9220618983536 -2.2634558967431473
2081.1133700903947 -2.334013747204625
2142.037490358383 -2.4049208002245415
2204.7451503814746 -2.4760766214946743
2269.288562880081 -2.5473799627663265
2335.7214690901214 -2.618729361663083
2404.0991835099717 -2.6900237434588883
2474.47863995735 -2.7611630176565125
2546.91843897454 -2.8320486622772045
2621.478896621356 -2.9025842889756754
2698.222094696536 -2.972676182424254
2777.211932429355 -3.0422338078536475
2858.5141796844714 -3.111170281188742
2942.196531724374 -3.179402796859951
3028.3286655749457 -3.246853009090169
3116.9822980411436 -3.3134473632371
3208.2312454210773 -3.3791173745936165
3302.1514849681753 -3.443799852894898
3398.8212181526674 -3.5074370716344516
3498.320935775036 -3.5699768821315363
3600.73348498562 -3.6313727731050607
3706.144138266228 -3.691583877276937
3814.640664431178 -3.750574927238663
3926.3134017068355 -3.8083161634556384
4041.2553329506004 -3.864783197846981
4159.562163071847 -3.9199568368552082
4281.332398719392 -3.9738228683080172
4406.667430301786 -4.02637181666886
4535.671616408702 -4.077598671476935
4668.45237070379 -4.127502593889417
4805.1202513612425 -4.176086606266133
4945.789053120639 -4.223357269682184
5090.575902036681 -4.26932435412512
5239.601353002645 -4.314000505936551
5392.98949012887 -4.3574009168019705
5550.868030059805 -4.399542998284596
5713.36842831558 -4.440446065547986
5880.625988746757 -4.480131033526494
6052.779976193349 -4.518620128389583
6229.973732441841 -4.555936616714838
6412.354795576917 -4.592104554341912
6600.075022827095 -4.627148556433701
6793.290717006696 -4.661093589828108
6992.162756659375 -4.693964788331762
7196.856730011514 -4.7257872911913825
7407.543072847163 -4.756586104585562
7624.397210419138 -4.786385985615427
7847.5997035146065 -4.815211347941476
8077.3363987967105 -4.843086187920977
8313.798583547334 -4.870034029848056
8557.183144940002 -4.896077888692042
8807.692733975462 -4.921240248567794
9065.53593421636 -4.945543055058435
9330.927435461663 -4.9690077194431534
9604.08821250538 -4.991655132861969
9885.24570912827 -5.01350568847031
10174.634027476064 -5.034579309698362
10472.494122981476 -5.05489548282656
10779.074004992735 -5.074473292216623
11094.628943275218 -5.093331456689504
11419.421680558647 -5.111488365713167
11753.722651306367 -5.128962114247577
12097.810206889013 -5.145770535285107
12451.97084735032 -5.161931229317909
12816.499459957597 -5.177461590151269
13191.699564735716 -5.192378826663314
13577.883567189278 -5.206699980277712
13975.373018422924 -5.220441938069022
14384.498882876629 -5.233621441553954
14805.6018138991 -5.246255091336685
15239.032437388305 -5.2583593478716475
15685.151643735446 -5.269950528681379
16144.330888316019 -5.281044802423378
16616.952500776908 -5.291658180236496
17103.41000337838 -5.301806504818556
17604.108438655527 -5.311505437692537
18119.46470667122 -5.320770445111713
18649.907912142942 -5.329616783036707
19195.87972173111 -5.3380594815905935
19757.834731786996 -5.346113329366242
20336.2408468667 -5.353792857921906
20931.579669325736 -5.361112326760733
21544.346900318822 -5.368085709048694
22175.052752539294 -5.374726678282517
22824.222375040976 -5.381048596079218
23492.396290496577 -5.387064501219269
24180.13084525718 -5.392787100039023
24887.998672586673 -5.398228758234795
25616.589169457267 -5.403401494110619
26366.508987303554 -5.408316973275252
27138.3825371428 -5.412986504770827
27932.85250948253 -5.417421038596403
28750.580409448772 -5.421631164572762
29592.247107579577 -5.4256271124827435
30458.55340674284 -5.429418753410511
31350.220625651124 -5.433015602196195
32267.991199458116 -5.436426820917346
33212.62929793748 -5.4396612233054755
34184.92146175927 -5.442727280005041
35185.677257392665 -5.44563312458262
36215.72995118075 -5.4483865601956865
37275.93720314938 -5.450995066833188
38367.18178112649 -5.453465809043848
39490.37229576694 -5.4558056440720115
40646.44395709628 -5.458021130325935
41836.359353200234 -5.460118536108198
43061.10925171165 -5.4621038485429985
44321.713424760856 -5.463982782640936
45619.221498074585 -5.465760790446054
46954.71382493421 -5.467443070216418
48329.30238571752 -5.469034575593389
49744.13171377451 -5.4705400247201315
51200.37984840882 -5.471963909274527
52699.259315756564 -5.473310503385502
54242.01813838024 -5.474583872406518
55829.94087441914 -5.475787881523228
57464.34968715974 -5.476926204175927
59146.605445917456 -5.478002330280825
60878.108859147556 -5.479019574236885
62660.30164072656 -5.479981082707798
64494.667710376205 -5.480889842170873
66382.73442923075 -5.4817486862270295
68326.07387157406 -5.482560302667894
70326.30413380644 -5.483327240297619
72385.09068173247 -5.484051915508921
74504.14773728917 -5.484736618613577
76685.2397058701 -5.485383519929377
78930.18264543568 -5.4859946756261415
81240.84577862974 -5.486572033334543
83619.15304916317 -5.487117437521726
86067.08472376158 -5.487632634639061
88586.67904100832 -5.488119278047137
91180.03390845681 -5.488578932723911
93849.3086494272 -5.489013079762265
96596.72580093842 -5.489423120663175
99424.57296427398 -5.489810381431179
102335.20470972576 -5.490176116478719
105331.04453709359 -5.490521512346263
108414.5868935835 -5.490847691244742
111588.3992507748 -5.491155714427273
114855.12424239368 -5.491446585396592
118217.48186466724 -5.4917212529551405
121678.27174109229 -5.491980614103924
125240.3754535072 -5.492225516796891
128906.75894140244 -5.492456762556726
132680.47497147243 -5.492675108958398
136564.66567946097 -5.4928812719862155
140562.56518642136 -5.493075928270182
144677.5022915648 -5.493259717207235
148912.90324394088 -5.493433242972671
153272.2945952612 -5.4935970764269015
157759.30613623615 -5.493751756922829
162377.67391887208 -5.4938977940181175
167131.2433672486 -5.494035669097556
172023.97247935992 -5.494165836909485
177059.9351226898 -5.494288727020825
182243.32442626648 -5.4944047451946965
187578.45627201613 -5.49451427469435
193069.77288832495 -5.494617677517524
198721.84654880533 -5.4947152955643475
204539.38337933904 -5.49480745174253
210527.22727657072 -5.494894451012885
216690.3639411181 -5.494976581378306
223033.9250288494 -5.495054114819217
229563.19242369095 -5.495127308178168
236283.6026355175 -5.495196403996486
243200.7513267945 -5.4952616313051195
250320.39797173254 -5.495323206372479
257648.47065183744 -5.495381333411382
265191.0709918535 -5.495436205247277
272954.4792402007 -5.495488003949794
280945.1594981406 -5.495536901429816
289169.76510202966 -5.495583060003467
297635.14416313195 -5.495626632925327
306348.3452696084 -5.495667764892119
315316.62335543614 -5.495706592518719
324547.44574113254 -5.4957432447878505
334048.4983513244 -5.495777843474899
343827.6921143307 -5.495810503549428
353893.1695490984 -5.495841333554189
364253.3115449638 -5.495870435963446
374916.74433988857 -5.495897907521195
385892.3467029899 -5.49592383956083
397189.25732733024 -5.495948318306944
408816.88243912894 -5.495971425160411
420784.9036297398 -5.495993236967686
433103.2859169001 -5.496013826275
445782.28604197066 -5.496033261568655
458832.461010084 -5.496051607501677
472264.67688029545 -5.496068925108045
486090.117813063 -5.496085272004941
500320.2953825999 -5.496100702583724
514967.0581618343 -5.4961152681902465
530042.6015879672 -5.496129017295162
545559.4781168514 -5.496141995654696
561530.6076746266 -5.496154246462489
577969.2884153313 -5.496165810492929
594889.2077934331 -5.496176726236513
612304.4539605178 -5.496187030027613
630229.5274956024 -5.496196756165176
648679.3534788508 -5.4962059370266285
667669.2939187557 -5.496214603175402
687215.1605431122 -5.4962227834625015
707333.2279644439 -5.496230505122383
728040.2472308562 -5.496237793863452
749353.4597735757 -5.496244673953525
771290.6117627992 -5.49625116830048
793869.9688838223 -5.496257298528434
817110.3315457187 -5.496263085049646
841031.0505352605 -5.496268547132362
865652.0431290936 -5.4962737029649436
890993.8096776098 -5.496278569716344
917077.4506742931 -5.4962831635931995
943924.6843247664 -5.49628749989375
971557.8646301847 -5.496291593058761
1000000.0 -5.496295456719523
