10.0 -8.84610561427549
10.53310445370937 -8.846893319961422
11.094628943275218 -8.847765720464203
11.686088553466515 -8.848731738334658
12.309079138896024 -8.84980119383067
12.965281629896682 -8.850984885954894
13.65646656794611 -8.852294677815124
14.38449888287663 -8.853743587504965
15.15134292476053 -8.855345882272452
15.95906776404731 -8.85711717720239
16.80985277425364 -8.85907453588484
17.70599351226899 -8.861236572499866
18.64990791214297 -8.863623553507015
19.644142809066278 -8.866257496127135
20.6913808111479 -8.869162261130406
21.794447537529855 -8.872363636244827
22.956319242369098 -8.875889405051012
24.180130845257207 -8.879769396688907
25.4691843897454 -8.884035508779519
26.826957952797258 -8.888721696611054
28.257115029208283 -8.893863918644916
29.76351441631318 -8.899500028156499
31.350220625651154 -8.905669599223
33.02151484968176 -8.91241367363748
34.7819065131413 -8.919774413973121
36.63614544020716 -8.927794648656903
38.58923467029903 -8.93651729251443
40.646443957096295 -8.945984628452518
42.81332398719393 -8.956237435672264
45.095721356761466 -8.967313954269411
47.499794346614124 -8.979248677855013
50.03202953826004 -8.992070973278764
52.699259315756564 -9.00580353350938
55.50868030059805 -9.020460679026526
58.467872769375894 -9.036046535421697
61.58482110660264 -9.052553127248206
64.86793534788511 -9.06995844301986
68.32607387157402 -9.08822454009974
71.96856730011521 -9.107295772670621
75.8052436755926 -9.127097235653505
79.84645497739086 -9.147533526382595
84.10310505352605 -9.168487926199282
88.58667904100822 -9.189822099698265
93.30927435461668 -9.211376396461707
98.28363332770026 -9.232970819211005
103.52317759307378 -9.25440669471305
109.04204429677526 -9.275469049849539
114.8551242423938 -9.295929659124806
120.97810206889012 -9.3155506931487
127.42749857031335 -9.334088865012935
134.2207152716012 -9.351299944824907
141.37608138073614 -9.366943496122545
148.91290324394086 -9.380787680860443
156.85151643735477 -9.392613983586276
165.213340635737 -9.402221718610509
174.0209374062485 -9.409432202502991
183.29807108324357 -9.414092498320283
193.06977288832496 -9.41607865900819
203.36240846866724 -9.415298418760598
214.2037490358383 -9.411693295012055
225.62304629706352 -9.405240073484114
237.65111138110728 -9.395951652931029
250.32039797173255 -9.383877227007702
263.6650898730358 -9.369101780584815
277.7211932429355 -9.351744880453452
292.5266337436645 -9.331958746517211
308.1213588714002 -9.309925603925773
324.54744574113323 -9.285854337223233
341.84921461759274 -9.259976496272579
360.073348498562 -9.232541736250383
379.26901907322497 -9.203812809122446
399.48801939541704 -9.174060256199567
420.78490362974026 -9.14355697694803
443.21713424760856 -9.112572864905545
466.84523707037897 -9.081369703955598
491.73296457790156 -9.050196507052267
517.9474679231213 -9.019285455100603
545.5594781168514 -8.988848558238848
574.6434968715973 -8.959075119420731
605.2779976193349 -8.930130034014997
637.5456372456507 -8.90215291477644
671.5334791115142 -8.875257991135282
707.3332279644438 -8.849534699780605
745.0414773728917 -8.8250488600871
784.7599703514607 -8.801844314803356
826.5958738801812 -8.77994491234613
870.6620680585127 -8.759356710959622
917.0774506742931 -8.740070295203592
965.9672580093833 -8.722063109688564
1017.4634027476063 -8.705301731794071
1071.7048298967104 -8.68974402269093
1128.8378916846884 -8.675341112977064
1189.01674244199 -8.662039194690927
1252.4037545350732 -8.649781104844628
1319.1699564735716 -8.638507696571018
1389.4954943731375 -8.628159002545846
1463.5701180190797 -8.61867520161335
1541.5936928422718 -8.609997403839852
1623.776739188721 -8.602068271759919
1710.3410003378397 -8.594832496778
1801.520040802024 -8.58823714982049
1897.5598765218504 -8.58223192471232
1998.7196386572507 -8.576769291548608
2105.272272765707 -8.571804575869507
2217.505275253932 -8.567295977773423
2335.7214690901214 -8.563204543359488
2460.239820869775 -8.559494099249275
2591.3963014396572 -8.55613115930009
2729.5447924020073 -8.553084811186087
2875.0580409448803 -8.550326589189346
3028.3286655749457 -8.54783033837687
3189.7702154663216 -8.545572074330662
3359.818286283781 -8.543529841719987
3538.9316954909877 -8.541683574275892
3727.593720314938 -8.540014958104791
3926.3134017068355 -8.53850729976651
4135.626917817706 -8.537145400132527
4356.099030694608 -8.535915434692392
4588.324610100844 -8.534804840714173
4832.930238571752 -8.533802211446389
5090.575902036681 -8.532897197389286
5361.956770568817 -8.532080414534612
5647.805074067552 -8.531343359381447
5948.892077934331 -8.530678330466216
6266.030164072656 -8.530078356104122
6600.075022827095 -8.52953712800629
6951.927961775606 -8.52904894041621
7322.538337604534 -8.528608634417127
7712.906117627992 -8.528211547047222
8124.0845778629655 -8.527853464875635
8557.183144940002 -8.527530581706667
9013.37038951743 -8.52723946008458
9493.87717927582 -8.526976996295645
10000.0 -8.52674038858029
10533.104453709382 -8.526527108282702
11094.628943275218 -8.52633487368885
11686.088553466498 -8.526161626316403
12309.079138896019 -8.526005509442337
12965.281629896688 -8.525864848667918
13656.466567946096 -8.52573813433717
14384.498882876629 -8.525624005640575
15151.342924760515 -8.525521236250949
15959.06776404731 -8.525428721348629
16809.852774253653 -8.525345465908977
17705.99351226898 -8.52527057413467
18649.907912142942 -8.525203239925892
19644.142809066267 -8.52514273829197
20691.3808111479 -8.525088417618168
21794.447537529835 -8.525039692704986
22956.319242369096 -8.524996038511857
24180.13084525718 -8.52495698453759
25469.184389745402 -8.524922109781084
26826.957952797275 -8.524891038227455
28257.115029208268 -8.524863434815046
29763.51441631313 -8.524839001838645
31350.220625651124 -8.524817475751792
33021.51484968176 -8.524798624334842
34781.90651314134 -8.5247822441984
36636.14544020716 -8.524768158595434
38589.23467029899 -8.524756215519211
40646.44395709628 -8.524746286066865
42813.32398719396 -8.52473826305055
45095.721356761445 -8.524732059842213
47499.79434661403 -8.524727609438717
50032.029538259994 -8.524724863737845
52699.259315756564 -8.524723793017209
55508.680300598106 -8.524724385610194
58467.87276937589 -8.524726647775658
61584.82110660255 -8.524730603759199
64867.935347885075 -8.52473629604718
68326.07387157406 -8.52474378581513
71968.56730011514 -8.524753153575636
75805.24367559262 -8.524764500031338
79846.45497739078 -8.524777947142596
84103.10505352604 -8.524793639419213
88586.67904100832 -8.524811745450494
93309.27435461663 -8.5248324596874
98283.63332770011 -8.524856004495721
103523.17759307378 -8.524882632499374
109042.04429677526 -8.52491262923735
114855.12424239368 -8.524946316159376
120978.10206889013 -8.524984053989561
127427.49857031321 -8.525026246488936
134220.7152716012 -8.52507334465249
141376.08138073614 -8.52512585137885
148912.90324394088 -8.525184326654195
156851.5164373548 -8.52524939329634
165213.34063573685 -8.525321743308053
174020.9374062485 -8.525402144892112
183298.07108324338 -8.525491450185147
193069.77288832495 -8.52559060376951
203362.40846866704 -8.525700652026712
214203.74903583832 -8.525822753398057
225623.04629706353 -8.525958189619406
237651.11138110727 -8.526108377999734
250320.39797173254 -8.526274884811079
263665.08987303555 -8.526459439856412
277721.1932429355 -8.526663952277426
292526.6337436642 -8.526890527657258
308121.35887140024 -8.527141486462318
324547.44574113254 -8.527419383851912
341849.21461759275 -8.527727030864426
360073.348498562 -8.528067516959393
379269.0190732246 -8.528444233861
399488.019395417 -8.528860900600243
420784.9036297398 -8.529321589596499
443217.13424760854 -8.529830753546454
466845.2370703785 -8.530393252799843
491732.9645779016 -8.531014382794147
517947.46792312124 -8.531699900991377
545559.4781168514 -8.532456052607465
574643.4968715974 -8.533289594246012
605277.9976193343 -8.534207814341446
637545.6372456506 -8.535218549083279
671533.4791115135 -8.536330192229714
707333.2279644439 -8.537551696934308
745041.4773728917 -8.538892567403503
784759.9703514606 -8.540362837890289
826595.8738801812 -8.541973036220082
870662.0680585118 -8.543734128763907
917077.4506742931 -8.545657443543714
965967.2580093823 -8.547754568013026
1017463.4027476063 -8.550037218046109
1071704.8298967092 -8.552517074836603
1128837.8916846884 -8.555205586814319
1189016.74244199 -8.558113734391084
1252403.7545350718 -8.561251756401518
1319169.9564735717 -8.56462883856059
1389495.494373136 -8.568252766142578
1463570.1180190798 -8.572129545396269
1541593.6928422702 -8.576263000897303
1623776.739188721 -8.58065435900221
1710341.0003378377 -8.585301830638851
1801520.0408020238 -8.59020020960562
1897559.8765218505 -8.595340505058049
1998719.6386572486 -8.600709628584601
2105272.272765707 -8.606290156854179
2217505.2752539297 -8.612060189923685
2335721.4690901213 -8.617993322684388
2460239.8208697727 -8.6240587424967
2591396.3014396573 -8.630221459918898
2729544.792402007 -8.636442671887702
2875058.040944877 -8.642680248309084
3028328.6655749455 -8.648889324483568
3189770.215466318 -8.655022973959031
3359818.286283781 -8.661032930096773
3538931.6954909842 -8.666870320563774
3727593.720314938 -8.672486377601635
3926313.4017068394 -8.67783308844798
4135626.917817706 -8.682863754535523
4356099.030694608 -8.687533434612856
4588324.61010084 -8.691799255019244
4832930.238571752 -8.695620579195957
5090575.902036676 -8.698959037303593
5361956.770568817 -8.701778424829957
5647805.074067546 -8.70404448577584
5948892.077934331 -8.705724601087809
6266030.164072656 -8.70678740637388
6600075.022827089 -8.70720236469587
6951927.961775606 -8.706939320617975
7322538.337604526 -8.705968061037705
7712906.117627992 -8.7042579069701
8124084.5778629575 -8.701777358728274
8557183.144940002 -8.69849381509568
9013370.38951742 -8.694373385296757
9493877.17927582 -8.689380810918827
10000000.0 -8.68347951340829
10533104.45370936 -8.676631781253288
11094628.943275219 -8.668799109297892
11686088.553466497 -8.659942700568674
12309079.138896018 -8.650024138258651
12965281.629896663 -8.639006231810116
13656466.567946097 -8.626854036091448
14384498.882876629 -8.61353603624553
15151342.924760515 -8.599025482772232
15959067.76404731 -8.583301851814516
16809852.774253618 -8.56635239466283
17705993.51226898 -8.548173728646102
18649907.912142944 -8.52877340957688
19644142.809066266 -8.508171414792983
20691380.811147902 -8.486401456850746
21794447.537529834 -8.463512042499243
22956319.242369097 -8.439567191127523
24180130.84525718 -8.414646732665249
25469184.3897454 -8.388846117750607
26826957.95279722 -8.36227569303156
28257115.02920827 -8.335059421091064
29763514.41631313 -8.307333056126254
31350220.62565112 -8.279241820761733
33021514.849681754 -8.250937663184892
34781906.51314127 -8.222576203812775
36636145.44020716 -8.194313503743503
38589234.67029899 -8.16630280074701
40646443.95709628 -8.138691360957335
42813323.98719387 -8.111617585474784
45095721.35676145 -8.085208491801934
47499794.346614026 -8.059577662618612
50032029.53825999 -8.034823721827845
52699259.31575657 -8.011029363427895
55508680.300597996 -7.988260925802399
58467872.7693759 -7.966568475188852
61584821.10660254 -7.945986339309428
64867935.34788508 -7.926534016454328
68326073.87157391 -7.908217376846231
71968567.30011514 -7.891030071312183
75805243.67559262 -7.874955066051647
79846454.97739078 -7.859966230242206
84103105.05352604 -7.846029913917061
88586679.04100814 -7.833106465625864
93309274.35461664 -7.821151651712432
98283633.32770011 -7.810117950727159
103523177.59307377 -7.799955706933566
109042044.29677527 -7.79061413572537
114855124.24239345 -7.782042180901623
120978102.06889038 -7.774189229181322
127427498.57031322 -7.76700569121147
134220715.2716012 -7.760443460836233
141376081.38073614 -7.754456265783376
148912903.24394056 -7.748999923421027
156851516.43735445 -7.74403251506314
165213340.63573685 -7.739514491653305
174020937.40624848 -7.735408722689408
183298071.08324376 -7.731680499105799
193069772.88832456 -7.728297499600939
203362408.46866703 -7.725229728661843
214203749.0358383 -7.722449433348
225623046.2970626 -7.71993100478836
237651111.38110778 -7.717650869335639
250320397.97173202 -7.7155873734234515
263665089.87303555 -7.713720665385172
277721193.2429355 -7.712032576813379
292526633.74366355 -7.7105065054619875
308121358.87140083 -7.709127301207759
324547445.74113256 -7.707881156184271
341849214.6175927 -7.706755499872138
360073348.49856204 -7.705738899661084
379269019.0732238 -7.704820967185523
399488019.39541787 -7.703992270566698
420784903.6297398 -7.703244252563373
443217134.24760854 -7.702569154534228
466845237.07037944 -7.701959946041013
491732964.5779006 -7.701410259868137
517947467.9231202 -7.700914332199524
545559478.1168514 -7.700466947670009
574643496.8715974 -7.700063388996394
605277997.6193355 -7.699699390889556
637545637.2456493 -7.699371097950694
671533479.1115135 -7.699075026261568
707333227.9644439 -7.698808028388666
745041477.3728887 -7.698567261533688
784759970.3514622 -7.698350158576118
826595873.8801795 -7.698154401768681
870662068.0585117 -7.697977898862281
917077450.674293 -7.697818761450181
965967258.0093802 -7.697675285339445
1017463402.7476043 -7.697545932768186
1071704829.8967092 -7.6974293163045395
1128837891.6846883 -7.697324184274432
1189016742.44199 -7.697229407578932
1252403754.5350692 -7.6971439677722095
1319169956.473569 -7.697066946284191
1389495494.373136 -7.696997514679973
1463570118.0190797 -7.696934925859371
1541593692.8422735 -7.696878506107248
1623776739.1887176 -7.696827647914177
1710341000.337838 -7.696781803494034
1801520040.802024 -7.696740478931955
1897559876.5218503 -7.696703228901862
1998719638.6572526 -7.696669651899298
2105272272.7657027 -7.6966393859395765
2217505275.2539296 -7.696612104676154
2335721469.0901213 -7.696587513898717
2460239820.8697777 -7.696565348374332
2591396301.439652 -7.696545368997702
2729544792.402002 -7.696527360221184
2875058040.944877 -7.696511127736602
3028328665.5749454 -7.696496496384948
3189770215.466325 -7.6964833082709205
3359818286.2837744 -7.6964714210632
3538931695.4909844 -7.696460706461613
3727593720.314938 -7.696451048814785
3926313401.7068396 -7.696442343874157
4135626917.8176975 -7.696434497670246
4356099030.694599 -7.696427425499689
4588324610.100841 -7.6964210510122495
4832930238.571753 -7.69641530538705
5090575902.036687 -7.6964101265906315
5361956770.568806 -7.696405458707645
5647805074.067546 -7.696401251337804
5948892077.934331 -7.6963974590517745
6266030164.072656 -7.696394040901452
6600075022.827075 -7.696390959977661
6951927961.775591 -7.696388183012141
7322538337.6045265 -7.6963856800181585
7712906117.627993 -7.69638342396717
8124084577.862974 -7.696381390496949
8557183144.939984 -7.696379557648399
9013370389.51742 -7.696377905628873
9493877179.27582 -7.696376416598247
10000000000.0 -7.696375074476291
10.0 -8.84610561427549
10.53310445370937 -8.846893319961422
11.094628943275218 -8.847765720464203
11.686088553466515 -8.848731738334658
12.309079138896024 -8.84980119383067
12.965281629896682 -8.850984885954894
13.65646656794611 -8.852294677815124
14.38449888287663 -8.853743587504965
15.15134292476053 -8.855345882272452
15.95906776404731 -8.85711717720239
16.80985277425364 -8.85907453588484
17.70599351226899 -8.861236572499866
18.64990791214297 -8.863623553507015
19.644142809066278 -8.866257496127135
20.6913808111479 -8.869162261130406
21.794447537529855 -8.872363636244827
22.956319242369098 -8.875889405051012
24.180130845257207 -8.879769396688907
25.4691843897454 -8.884035508779519
26.826957952797258 -8.888721696611054
28.257115029208283 -8.893863918644916
29.76351441631318 -8.899500028156499
31.350220625651154 -8.905669599223
33.02151484968176 -8.91241367363748
34.7819065131413 -8.919774413973121
36.63614544020716 -8.927794648656903
38.58923467029903 -8.93651729251443
40.646443957096295 -8.945984628452518
42.81332398719393 -8.956237435672264
45.095721356761466 -8.967313954269411
47.499794346614124 -8.979248677855013
50.03202953826004 -8.992070973278764
52.699259315756564 -9.00580353350938
55.50868030059805 -9.020460679026526
58.467872769375894 -9.036046535421697
61.58482110660264 -9.052553127248206
64.86793534788511 -9.06995844301986
68.32607387157402 -9.08822454009974
71.96856730011521 -9.107295772670621
75.8052436755926 -9.127097235653505
79.84645497739086 -9.147533526382595
84.10310505352605 -9.168487926199282
88.58667904100822 -9.189822099698265
93.30927435461668 -9.211376396461707
98.28363332770026 -9.232970819211005
103.52317759307378 -9.25440669471305
109.04204429677526 -9.275469049849539
114.8551242423938 -9.295929659124806
120.97810206889012 -9.3155506931487
127.42749857031335 -9.334088865012935
134.2207152716012 -9.351299944824907
141.37608138073614 -9.366943496122545
148.91290324394086 -9.380787680860443
156.85151643735477 -9.392613983586276
165.213340635737 -9.402221718610509
174.0209374062485 -9.409432202502991
183.29807108324357 -9.414092498320283
193.06977288832496 -9.41607865900819
203.36240846866724 -9.415298418760598
214.2037490358383 -9.411693295012055
225.62304629706352 -9.405240073484114
237.65111138110728 -9.395951652931029
250.32039797173255 -9.383877227007702
263.6650898730358 -9.369101780584815
277.7211932429355 -9.351744880453452
292.5266337436645 -9.331958746517211
308.1213588714002 -9.309925603925773
324.54744574113323 -9.285854337223233
341.84921461759274 -9.259976496272579
360.073348498562 -9.232541736250383
379.26901907322497 -9.203812809122446
399.48801939541704 -9.174060256199567
420.78490362974026 -9.14355697694803
443.21713424760856 -9.112572864905545
466.84523707037897 -9.081369703955598
491.73296457790156 -9.050196507052267
517.9474679231213 -9.019285455100603
545.5594781168514 -8.988848558238848
574.6434968715973 -8.959075119420731
605.2779976193349 -8.930130034014997
637.5456372456507 -8.90215291477644
671.5334791115142 -8.875257991135282
707.3332279644438 -8.849534699780605
745.0414773728917 -8.8250488600871
784.7599703514607 -8.801844314803356
826.5958738801812 -8.77994491234613
870.6620680585127 -8.759356710959622
917.0774506742931 -8.740070295203592
965.9672580093833 -8.722063109688564
1017.4634027476063 -8.705301731794071
1071.7048298967104 -8.68974402269093
1128.8378916846884 -8.675341112977064
1189.01674244199 -8.662039194690927
1252.4037545350732 -8.649781104844628
1319.1699564735716 -8.638507696571018
1389.4954943731375 -8.628159002545846
1463.5701180190797 -8.61867520161335
1541.5936928422718 -8.609997403839852
1623.776739188721 -8.602068271759919
1710.3410003378397 -8.594832496778
1801.520040802024 -8.58823714982049
1897.5598765218504 -8.58223192471232
1998.7196386572507 -8.576769291548608
2105.272272765707 -8.571804575869507
2217.505275253932 -8.567295977773423
2335.7214690901214 -8.563204543359488
2460.239820869775 -8.559494099249275
2591.3963014396572 -8.55613115930009
2729.5447924020073 -8.553084811186087
2875.0580409448803 -8.550326589189346
3028.3286655749457 -8.54783033837687
3189.7702154663216 -8.545572074330662
3359.818286283781 -8.543529841719987
3538.9316954909877 -8.541683574275892
3727.593720314938 -8.540014958104791
3926.3134017068355 -8.53850729976651
4135.626917817706 -8.537145400132527
4356.099030694608 -8.535915434692392
4588.324610100844 -8.534804840714173
4832.930238571752 -8.533802211446389
5090.575902036681 -8.532897197389286
5361.956770568817 -8.532080414534612
5647.805074067552 -8.531343359381447
5948.892077934331 -8.530678330466216
6266.030164072656 -8.530078356104122
6600.075022827095 -8.52953712800629
6951.927961775606 -8.52904894041621
7322.538337604534 -8.528608634417127
7712.906117627992 -8.528211547047222
8124.0845778629655 -8.527853464875635
8557.183144940002 -8.527530581706667
9013.37038951743 -8.52723946008458
9493.87717927582 -8.526976996295645
10000.0 -8.52674038858029
10533.104453709382 -8.526527108282702
11094.628943275218 -8.52633487368885
11686.088553466498 -8.526161626316403
12309.079138896019 -8.526005509442337
12965.281629896688 -8.525864848667918
13656.466567946096 -8.52573813433717
14384.498882876629 -8.525624005640575
15151.342924760515 -8.525521236250949
15959.06776404731 -8.525428721348629
16809.852774253653 -8.525345465908977
17705.99351226898 -8.52527057413467
18649.907912142942 -8.525203239925892
19644.142809066267 -8.52514273829197
20691.3808111479 -8.525088417618168
21794.447537529835 -8.525039692704986
22956.319242369096 -8.524996038511857
24180.13084525718 -8.52495698453759
25469.184389745402 -8.524922109781084
26826.957952797275 -8.524891038227455
28257.115029208268 -8.524863434815046
29763.51441631313 -8.524839001838645
31350.220625651124 -8.524817475751792
33021.51484968176 -8.524798624334842
34781.90651314134 -8.5247822441984
36636.14544020716 -8.524768158595434
38589.23467029899 -8.524756215519211
40646.44395709628 -8.524746286066865
42813.32398719396 -8.52473826305055
45095.721356761445 -8.524732059842213
47499.79434661403 -8.524727609438717
50032.029538259994 -8.524724863737845
52699.259315756564 -8.524723793017209
55508.680300598106 -8.524724385610194
58467.87276937589 -8.524726647775658
61584.82110660255 -8.524730603759199
64867.935347885075 -8.52473629604718
68326.07387157406 -8.52474378581513
71968.56730011514 -8.524753153575636
75805.24367559262 -8.524764500031338
79846.45497739078 -8.524777947142596
84103.10505352604 -8.524793639419213
88586.67904100832 -8.524811745450494
93309.27435461663 -8.5248324596874
98283.63332770011 -8.524856004495721
103523.17759307378 -8.524882632499374
109042.04429677526 -8.52491262923735
114855.12424239368 -8.524946316159376
120978.10206889013 -8.524984053989561
127427.49857031321 -8.525026246488936
134220.7152716012 -8.52507334465249
141376.08138073614 -8.52512585137885
148912.90324394088 -8.525184326654195
156851.5164373548 -8.52524939329634
165213.34063573685 -8.525321743308053
174020.9374062485 -8.525402144892112
183298.07108324338 -8.525491450185147
193069.77288832495 -8.52559060376951
203362.40846866704 -8.525700652026712
214203.74903583832 -8.525822753398057
225623.04629706353 -8.525958189619406
237651.11138110727 -8.526108377999734
250320.39797173254 -8.526274884811079
263665.08987303555 -8.526459439856412
277721.1932429355 -8.526663952277426
292526.6337436642 -8.526890527657258
308121.35887140024 -8.527141486462318
324547.44574113254 -8.527419383851912
341849.21461759275 -8.527727030864426
360073.348498562 -8.528067516959393
379269.0190732246 -8.528444233861
399488.019395417 -8.528860900600243
420784.9036297398 -8.529321589596499
443217.13424760854 -8.529830753546454
466845.2370703785 -8.530393252799843
491732.9645779016 -8.531014382794147
517947.46792312124 -8.531699900991377
545559.4781168514 -8.532456052607465
574643.4968715974 -8.533289594246012
605277.9976193343 -8.534207814341446
637545.6372456506 -8.535218549083279
671533.4791115135 -8.536330192229714
707333.2279644439 -8.537551696934308
745041.4773728917 -8.538892567403503
784759.9703514606 -8.540362837890289
826595.8738801812 -8.541973036220082
870662.0680585118 -8.543734128763907
917077.4506742931 -8.545657443543714
965967.2580093823 -8.547754568013026
1017463.4027476063 -8.550037218046109
1071704.8298967092 -8.552517074836603
1128837.8916846884 -8.555205586814319
1189016.74244199 -8.558113734391084
1252403.7545350718 -8.561251756401518
1319169.9564735717 -8.56462883856059
1389495.494373136 -8.568252766142578
1463570.1180190798 -8.572129545396269
1541593.6928422702 -8.576263000897303
1623776.739188721 -8.58065435900221
1710341.0003378377 -8.585301830638851
1801520.0408020238 -8.59020020960562
1897559.8765218505 -8.595340505058049
1998719.6386572486 -8.600709628584601
2105272.272765707 -8.606290156854179
2217505.2752539297 -8.612060189923685
2335721.4690901213 -8.617993322684388
2460239.8208697727 -8.6240587424967
2591396.3014396573 -8.630221459918898
2729544.792402007 -8.636442671887702
2875058.040944877 -8.642680248309084
3028328.6655749455 -8.648889324483568
3189770.215466318 -8.655022973959031
3359818.286283781 -8.661032930096773
3538931.6954909842 -8.666870320563774
3727593.720314938 -8.672486377601635
3926313.4017068394 -8.67783308844798
4135626.917817706 -8.682863754535523
4356099.030694608 -8.687533434612856
4588324.61010084 -8.691799255019244
4832930.238571752 -8.695620579195957
5090575.902036676 -8.698959037303593
5361956.770568817 -8.701778424829957
5647805.074067546 -8.70404448577584
5948892.077934331 -8.705724601087809
6266030.164072656 -8.70678740637388
6600075.022827089 -8.70720236469587
6951927.961775606 -8.706939320617975
7322538.337604526 -8.705968061037705
7712906.117627992 -8.7042579069701
8124084.5778629575 -8.701777358728274
8557183.144940002 -8.69849381509568
9013370.38951742 -8.694373385296757
9493877.17927582 -8.689380810918827
10000000.0 -8.68347951340829
10533104.45370936 -8.676631781253288
11094628.943275219 -8.668799109297892
11686088.553466497 -8.659942700568674
12309079.138896018 -8.650024138258651
12965281.629896663 -8.639006231810116
13656466.567946097 -8.626854036091448
14384498.882876629 -8.61353603624553
15151342.924760515 -8.599025482772232
15959067.76404731 -8.583301851814516
16809852.774253618 -8.56635239466283
17705993.51226898 -8.548173728646102
18649907.912142944 -8.52877340957688
19644142.809066266 -8.508171414792983
20691380.811147902 -8.486401456850746
21794447.537529834 -8.463512042499243
22956319.242369097 -8.439567191127523
24180130.84525718 -8.414646732665249
25469184.3897454 -8.388846117750607
26826957.95279722 -8.36227569303156
28257115.02920827 -8.335059421091064
29763514.41631313 -8.307333056126254
31350220.62565112 -8.279241820761733
33021514.849681754 -8.250937663184892
34781906.51314127 -8.222576203812775
36636145.44020716 -8.194313503743503
38589234.67029899 -8.16630280074701
40646443.95709628 -8.138691360957335
42813323.98719387 -8.111617585474784
45095721.35676145 -8.085208491801934
47499794.346614026 -8.059577662618612
50032029.53825999 -8.034823721827845
52699259.31575657 -8.011029363427895
55508680.300597996 -7.988260925802399
58467872.7693759 -7.966568475188852
61584821.10660254 -7.945986339309428
64867935.34788508 -7.926534016454328
68326073.87157391 -7.908217376846231
71968567.30011514 -7.891030071312183
75805243.67559262 -7.874955066051647
79846454.97739078 -7.859966230242206
84103105.05352604 -7.846029913917061
88586679.04100814 -7.833106465625864
93309274.35461664 -7.821151651712432
98283633.32770011 -7.810117950727159
103523177.59307377 -7.799955706933566
109042044.29677527 -7.79061413572537
114855124.24239345 -7.782042180901623
120978102.06889038 -7.774189229181322
127427498.57031322 -7.76700569121147
134220715.2716012 -7.760443460836233
141376081.38073614 -7.754456265783376
148912903.24394056 -7.748999923421027
156851516.43735445 -7.74403251506314
165213340.63573685 -7.739514491653305
174020937.40624848 -7.735408722689408
183298071.08324376 -7.731680499105799
193069772.88832456 -7.728297499600939
203362408.46866703 -7.725229728661843
214203749.0358383 -7.722449433348
225623046.2970626 -7.71993100478836
237651111.38110778 -7.717650869335639
250320397.97173202 -7.7155873734234515
263665089.87303555 -7.713720665385172
277721193.2429355 -7.712032576813379
292526633.74366355 -7.7105065054619875
308121358.87140083 -7.709127301207759
324547445.74113256 -7.707881156184271
341849214.6175927 -7.706755499872138
360073348.49856204 -7.705738899661084
379269019.0732238 -7.704820967185523
399488019.39541787 -7.703992270566698
420784903.6297398 -7.703244252563373
443217134.24760854 -7.702569154534228
466845237.07037944 -7.701959946041013
491732964.5779006 -7.701410259868137
517947467.9231202 -7.700914332199524
545559478.1168514 -7.700466947670009
574643496.8715974 -7.700063388996394
605277997.6193355 -7.699699390889556
637545637.2456493 -7.699371097950694
671533479.1115135 -7.699075026261568
707333227.9644439 -7.698808028388666
745041477.3728887 -7.698567261533688
784759970.3514622 -7.698350158576118
826595873.8801795 -7.698154401768681
870662068.0585117 -7.697977898862281
917077450.674293 -7.697818761450181
965967258.0093802 -7.697675285339445
1017463402.7476043 -7.697545932768186
1071704829.8967092 -7.6974293163045395
1128837891.6846883 -7.697324184274432
1189016742.44199 -7.697229407578932
1252403754.5350692 -7.6971439677722095
1319169956.473569 -7.697066946284191
1389495494.373136 -7.696997514679973
1463570118.0190797 -7.696934925859371
1541593692.8422735 -7.696878506107248
1623776739.1887176 -7.696827647914177
1710341000.337838 -7.696781803494034
1801520040.802024 -7.696740478931955
1897559876.5218503 -7.696703228901862
1998719638.6572526 -7.696669651899298
2105272272.7657027 -7.6966393859395765
2217505275.2539296 -7.696612104676154
2335721469.0901213 -7.696587513898717
2460239820.8697777 -7.696565348374332
2591396301.439652 -7.696545368997702
2729544792.402002 -7.696527360221184
2875058040.944877 -7.696511127736602
3028328665.5749454 -7.696496496384948
3189770215.466325 -7.6964833082709205
3359818286.2837744 -7.6964714210632
3538931695.4909844 -7.696460706461613
3727593720.314938 -7.696451048814785
3926313401.7068396 -7.696442343874157
4135626917.8176975 -7.696434497670246
4356099030.694599 -7.696427425499689
4588324610.100841 -7.6964210510122495
4832930238.571753 -7.69641530538705
5090575902.036687 -7.6964101265906315
5361956770.568806 -7.696405458707645
5647805074.067546 -7.696401251337804
5948892077.934331 -7.6963974590517745
6266030164.072656 -7.696394040901452
6600075022.827075 -7.696390959977661
6951927961.775591 -7.696388183012141
7322538337.6045265 -7.6963856800181585
7712906117.627993 -7.69638342396717
8124084577.862974 -7.696381390496949
8557183144.939984 -7.696379557648399
9013370389.51742 -7.696377905628873
9493877179.27582 -7.696376416598247
10000000000.0 -7.696375074476291
10.0 -7.155542317288775
10.53310445370937 -7.159643406688709
11.094628943275218 -7.163796896989202
11.686088553466515 -7.1680207886077625
12.309079138896024 -7.172336531496128
12.965281629896682 -7.176769045618084
13.65646656794611 -7.181346746723623
14.38449888287663 -7.186101585774528
15.15134292476053 -7.191069108953188
15.95906776404731 -7.196288543610879
16.80985277425364 -7.201802913975397
17.70599351226899 -7.20765918894147
18.64990791214297 -7.213908462927309
19.644142809066278 -7.220606169604728
20.6913808111479 -7.227812327252735
21.794447537529855 -7.2355918136471224
22.956319242369098 -7.244014667651765
24.180130845257207 -7.253156414076059
25.4691843897454 -7.263098407860632
26.826957952797258 -7.273928193210444
28.257115029208283 -7.28573987292415
29.76351441631318 -7.2986344827837435
31.350220625651154 -7.312720365467641
33.02151484968176 -7.3281135379652405
34.7819065131413 -7.34493804576423
36.63614544020716 -7.363326296151956
38.58923467029903 -7.383419361544155
40.646443957096295 -7.405367241809582
42.81332398719393 -7.429329071819141
45.095721356761466 -7.455473256832122
47.499794346614124 -7.483977513692164
50.03202953826004 -7.515028790127326
52.699259315756564 -7.54882302783615
55.50868030059805 -7.585564727740381
58.467872769375894 -7.625466268321434
61.58482110660264 -7.668746920961774
64.86793534788511 -7.715631500673318
68.32607387157402 -7.76634858754986
71.96856730011521 -7.821128254929205
75.8052436755926 -7.880199245820973
79.84645497739086 -7.943785550617354
84.10310505352605 -8.012102357293369
88.58667904100822 -8.085351370554267
93.30927435461668 -8.163715528477288
98.28363332770026 -8.24735318333354
103.52317759307378 -8.336391855874004
109.04204429677526 -8.430921717233762
114.8551242423938 -8.530988996789123
120.97810206889012 -8.636589554462962
127.42749857031335 -8.74766288835589
134.2207152716012 -8.864086869532844
141.37608138073614 -8.98567350199113
148.91290324394086 -9.112165994628187
156.85151643735477 -9.243237402106772
165.213340635737 -9.37849104264693
174.0209374062485 -9.517462834676497
183.29807108324357 -9.659625613938953
193.06977288832496 -9.80439540267469
203.36240846866724 -9.951139508378926
214.2037490358383 -10.0991862375865
225.62304629706352 -10.247835926334737
237.65111138110728 -10.396372919140038
250.32039797173255 -10.544078077339048
263.6650898730358 -10.690241368974334
277.7211932429355 -10.834174088010503
292.5266337436645 -10.975220270809443
308.1213588714002 -11.1127669210103
324.54744574113323 -11.246252717183987
341.84921461759274 -11.375174956439892
360.073348498562 -11.499094576020239
379.26901907322497 -11.617639187798293
399.48801939541704 -11.730504151284771
420.78490362974026 -11.837451793562883
443.21713424760856 -11.938308954765821
466.84523707037897 -12.032963091840315
491.73296457790156 -12.121357209566785
517.9474679231213 -12.203483905885586
545.5594781168514 -12.27937881970361
574.6434968715973 -12.349113755924074
605.2779976193349 -12.412789737618464
637.5456372456507 -12.470530202608925
671.5334791115142 -12.522474524757696
707.3332279644438 -12.56877200220712
745.0414773728917 -12.609576418321847
784.7599703514607 -12.645041248143167
826.5958738801812 -12.675315555074377
870.6620680585127 -12.7005405999129
917.0774506742931 -12.720847167285033
965.9672580093833 -12.736353602662629
1017.4634027476063 -12.747164545674423
1071.7048298967104 -12.753370341446683
1128.8378916846884 -12.755047110066045
1189.01674244199 -12.752257453780022
1252.4037545350732 -12.745051781044099
1319.1699564735716 -12.73347022481315
1389.4954943731375 -12.717545128511885
1463.5701180190797 -12.69730406598596
1541.5936928422718 -12.672773350748486
1623.776739188721 -12.643981974644397
1710.3410003378397 -12.610965896663068
1801.520040802024 -12.573772579625974
1897.5598765218504 -12.532465646960132
1998.7196386572507 -12.487129505531268
2105.272272765707 -12.437873755930102
2217.505275253932 -12.384837191592856
2335.7214690901214 -12.328191175903694
2460.239820869775 -12.268142185168605
2591.3963014396572 -12.204933317857424
2729.5447924020073 -12.138844598667
2875.0580409448803 -12.070191950320556
3028.3286655749457 -11.999324765452332
3189.7702154663216 -11.926622082404304
3359.818286283781 -11.852487447500089
3538.9316954909877 -11.777342626114235
3727.593720314938 -11.70162039858629
3926.3134017068355 -11.625756737752956
4135.626917817706 -11.5501827065214
4356.099030694608 -11.47531643218226
4588.324610100844 -11.401555507174203
4832.930238571752 -11.329270134485345
5090.575902036681 -11.258797283138222
5361.956770568817 -11.19043605061092
5647.805074067552 -11.124444351329231
5948.892077934331 -11.061036970654722
6266.030164072656 -11.000384948824342
6600.075022827095 -10.942616194574729
6951.927961775606 -10.887817177610371
7322.538337604534 -10.83603551463028
7712.906117627992 -10.787283245539099
8124.0845778629655 -10.741540593409436
8557.183144940002 -10.698760011356352
9013.37038951743 -10.658870338672608
9493.87717927582 -10.621780914168182
10000.0 -10.58738552357871
10533.104453709382 -10.555566087550158
11094.628943275218 -10.526196024997514
11686.088553466498 -10.499143252120204
12309.079138896019 -10.474272799150555
12965.281629896688 -10.451449044635757
13656.466567946096 -10.430537580696102
14384.498882876629 -10.411406732548494
15151.342924760515 -10.393928762082162
15959.06776404731 -10.377980788953497
16809.852774253653 -10.363445464102004
17705.99351226898 -10.350211430293895
18649.907912142942 -10.338173602773677
19644.142809066267 -10.327233300726373
20691.3808111479 -10.31729825740144
21794.447537529835 -10.308282533626091
22956.319242369096 -10.300106356296686
24180.13084525718 -10.29269590037772
25469.184389745402 -10.285983030078807
26826.957952797275 -10.279905012251472
28257.115029208268 -10.274404212720608
29763.51441631313 -10.269427784190864
31350.220625651124 -10.264927352596818
33021.51484968176 -10.260858707235867
34781.90651314134 -10.257181498748587
36636.14544020716 -10.253858947939197
38589.23467029899 -10.250857567549236
40646.44395709628 -10.248146898395756
42813.32398719396 -10.245699260698196
45095.721356761445 -10.243489520985637
47499.79434661403 -10.241494874602875
50032.029538259994 -10.23969464358915
52699.259315756564 -10.238070089486975
55508.680300598106 -10.236604240504379
58467.87276937589 -10.23528173234981
61584.82110660255 -10.234088662002168
64867.935347885075 -10.233012453639535
68326.07387157406 -10.2320417359385
71968.56730011514 -10.231166229961024
75805.24367559262 -10.230376646861497
79846.45497739078 -10.229664594672695
84103.10505352604 -10.229022493460505
88586.67904100832 -10.228443498175144
93309.27435461663 -10.227921428561753
98283.63332770011 -10.227450705538917
103523.17759307378 -10.22702629348725
109042.04429677526 -10.22664364793445
114855.12424239368 -10.226298668157106
120978.10206889013 -10.2259876542643
127427.49857031321 -10.225707268351144
134220.7152716012 -10.225454499356308
141376.08138073614 -10.225226631279384
148912.90324394088 -10.225021214446423
156851.5164373548 -10.224836039541449
165213.34063573685 -10.224669114141253
174020.9374062485 -10.22451864151954
183298.07108324338 -10.224383001504018
193069.77288832495 -10.224260733190471
203362.40846866704 -10.224150519338844
214203.74903583832 -10.224051172287691
225623.04629706353 -10.223961621240704
237651.11138110727 -10.22388090079611
250320.39797173254 -10.223808140594716
263665.08987303555 -10.22374255598174
277721.1932429355 -10.22368343958325
292526.6337436642 -10.223630153705157
308121.35887140024 -10.223582123481567
324547.44574113254 -10.223538830690284
341849.21461759275 -10.223499808179334
360073.348498562 -10.223464634839663
379269.0190732246 -10.223432931069684
399488.019395417 -10.223404354690274
420784.9036297398 -10.223378597255465
443217.13424760854 -10.223355380731132
466845.2370703785 -10.223334454497277
491732.9645779016 -10.223315592646953
517947.46792312124 -10.223298591551425
545559.4781168514 -10.223283267662342
574643.4968715974 -10.223269455534007
605277.9976193343 -10.22325700603757
637545.6372456506 -10.223245784753363
671533.4791115135 -10.223235670519447
707333.2279644439 -10.223226554124654
745041.4773728917 -10.223218337131204
784759.9703514606 -10.223210930810412
826595.8738801812 -10.22320425518675
870662.0680585118 -10.223198238173142
917077.4506742931 -10.223192814794452
965967.2580093823 -10.223187926484949
1017463.4027476063 -10.223183520456294
1071704.8298967092 -10.223179549127956
1128837.8916846884 -10.223175969613198
1189016.74244199 -10.22317274325662
1252403.7545350718 -10.223169835215284
1319169.9564735717 -10.223167214084953
1389495.494373136 -10.223164851559323
1463570.1180190798 -10.223162722124183
1541593.6928422702 -10.223160802782143
1623776.739188721 -10.223159072806439
1710341.0003378377 -10.22315751351317
1801520.0408020238 -10.223156108063051
1897559.8765218505 -10.22315484127777
1998719.6386572486 -10.223153699476255
2105272.272765707 -10.22315267032749
2217505.2752539297 -10.223151742716883
2335721.4690901213 -10.223150906626566
2460239.8208697727 -10.223150153027092
2591396.3014396573 -10.223149473779658
2729544.792402007 -10.223148861548239
2875058.040944877 -10.223148309721504
3028328.6655749455 -10.223147812339345
3189770.215466318 -10.22314736403003
3359818.286283781 -10.223146959952427
3538931.6954909842 -10.223146595741872
3727593.720314938 -10.223146267465397
3926313.4017068394 -10.223145971577823
4135626.917817706 -10.223145704883176
4356099.030694608 -10.22314546450158
4588324.61010084 -10.223145247836529
4832930.238571752 -10.223145052548245
5090575.902036676 -10.223144876527684
5361956.770568817 -10.223144717873826
5647805.074067546 -10.223144574873364
5948892.077934331 -10.223144445981438
6266030.164072656 -10.223144329806733
6600075.022827089 -10.223144225093764
6951927.961775606 -10.223144130712228
7322538.337604526 -10.223144045642695
7712906.117627992 -10.2231439689662
8124084.5778629575 -10.223143899855177
8557183.144940002 -10.22314383756256
9013370.38951742 -10.22314378141618
9493877.17927582 -10.22314373080919
10000000.0 -10.223143685195213
10533104.45370936 -10.223143644081707
11094628.943275219 -10.223143607024532
11686088.553466497 -10.223143573623494
12309079.138896018 -10.223143543518018
12965281.629896663 -10.22314351638282
13656466.567946097 -10.223143491924711
14384498.882876629 -10.223143469879945
15151342.924760515 -10.223143450009992
15959067.76404731 -10.223143432100528
16809852.774253618 -10.223143415958065
17705993.51226898 -10.223143401408226
18649907.912142944 -10.223143388293881
19644142.809066266 -10.223143376473464
20691380.811147902 -10.223143365819439
21794447.537529834 -10.22314335621624
22956319.242369097 -10.223143347560853
24180130.84525718 -10.22314333975939
25469184.3897454 -10.223143332727462
26826957.95279722 -10.223143326389463
28257115.02920827 -10.223143320676796
29763514.41631313 -10.223143315527759
31350220.62565112 -10.223143310886716
33021514.849681754 -10.223143306703541
34781906.51314127 -10.223143302933156
36636145.44020716 -10.223143299534792
38589234.67029899 -10.223143296471378
40646443.95709628 -10.22314329371069
42813323.98719387 -10.22314329122214
45095721.35676145 -10.223143288978987
47499794.346614026 -10.223143286957475
50032029.53825999 -10.223143285135121
52699259.31575657 -10.223143283492874
55508680.300597996 -10.223143282012296
58467872.7693759 -10.223143280678093
61584821.10660254 -10.223143279475238
64867935.34788508 -10.223143278391424
68326073.87157391 -10.223143277414257
71968567.30011514 -10.223143276533566
75805243.67559262 -10.223143275739952
79846454.97739078 -10.223143275024407
84103105.05352604 -10.223143274379451
88586679.04100814 -10.223143273798224
93309274.35461664 -10.223143273274527
98283633.32770011 -10.223143272802094
103523177.59307377 -10.223143272376483
109042044.29677527 -10.2231432719927
114855124.24239345 -10.223143271647109
120978102.06889038 -10.223143271335374
127427498.57031322 -10.223143271054662
134220715.2716012 -10.223143270801332
141376081.38073614 -10.223143270573047
148912903.24394056 -10.223143270367498
156851516.43735445 -10.223143270182021
165213340.63573685 -10.223143270014967
174020937.40624848 -10.223143269864316
183298071.08324376 -10.223143269728464
193069772.88832456 -10.223143269606128
203362408.46866703 -10.22314326949579
214203749.0358383 -10.22314326939635
225623046.2970626 -10.223143269306838
237651111.38110778 -10.223143269226014
250320397.97173202 -10.223143269153361
263665089.87303555 -10.223143269087615
277721193.2429355 -10.223143269028478
292526633.74366355 -10.223143268975136
308121358.87140083 -10.223143268927263
324547445.74113256 -10.223143268883799
341849214.6175927 -10.223143268844838
360073348.49856204 -10.223143268809691
379269019.0732238 -10.223143268778099
399488019.39541787 -10.2231432687494
420784903.6297398 -10.223143268723527
443217134.24760854 -10.22314326870034
466845237.07037944 -10.22314326867936
491732964.5779006 -10.223143268660618
517947467.9231202 -10.223143268643595
545559478.1168514 -10.223143268628181
574643496.8715974 -10.223143268614471
605277997.6193355 -10.22314326860201
637545637.2456493 -10.223143268590729
671533479.1115135 -10.223143268580655
707333227.9644439 -10.223143268571498
745041477.3728887 -10.223143268563256
784759970.3514622 -10.223143268555736
826595873.8801795 -10.223143268549247
870662068.0585117 -10.223143268543243
917077450.674293 -10.223143268537791
965967258.0093802 -10.22314326853284
1017463402.7476043 -10.22314326852845
1071704829.8967092 -10.223143268524549
1128837891.6846883 -10.223143268520968
1189016742.44199 -10.223143268517738
1252403754.5350692 -10.223143268514818
1319169956.473569 -10.223143268512345
1389495494.373136 -10.223143268509885
1463570118.0190797 -10.223143268507776
1541593692.8422735 -10.223143268505908
1623776739.1887176 -10.2231432685042
1710341000.337838 -10.223143268502564
1801520040.802024 -10.223143268501158
1897559876.5218503 -10.223143268499879
1998719638.6572526 -10.223143268498633
2105272272.7657027 -10.223143268497699
2217505275.2539296 -10.223143268496695
2335721469.0901213 -10.223143268495885
2460239820.8697777 -10.223143268495075
2591396301.439652 -10.223143268494477
2729544792.402002 -10.22314326849374
2875058040.944877 -10.223143268493395
3028328665.5749454 -10.223143268492894
3189770215.466325 -10.223143268492327
3359818286.2837744 -10.223143268491908
3538931695.4909844 -10.22314326849147
3727593720.314938 -10.223143268491304
3926313401.7068396 -10.223143268490883
4135626917.8176975 -10.223143268490801
4356099030.694599 -10.223143268490409
4588324610.100841 -10.22314326849035
4832930238.571753 -10.223143268490045
5090575902.036687 -10.22314326848985
5361956770.568806 -10.223143268489572
5647805074.067546 -10.223143268489384
5948892077.934331 -10.223143268489467
6266030164.072656 -10.223143268489345
6600075022.827075 -10.223143268489132
6951927961.775591 -10.223143268489107
7322538337.6045265 -10.223143268488917
7712906117.627993 -10.223143268488936
8124084577.862974 -10.223143268488858
8557183144.939984 -10.223143268488887
9013370389.51742 -10.22314326848868
9493877179.27582 -10.223143268488693
10000000000.0 -10.223143268488668
