10.0 -22.27636473331405
10.53310445370937 -22.276091018803452
11.094628943275218 -22.275787387908778
11.686088553466515 -22.27545057631684
12.309079138896024 -22.275076964801237
12.965281629896682 -22.274662540906217
13.65646656794611 -22.274202856618153
14.38449888287663 -22.273692981478433
15.15134292476053 -22.27312745083937
15.95906776404731 -22.27250020861915
16.80985277425364 -22.27180454417382
17.70599351226899 -22.271033022479706
18.64990791214297 -22.270177407220515
19.644142809066278 -22.269228575983767
20.6913808111479 -22.26817642676061
21.794447537529855 -22.267009775091328
22.956319242369098 -22.26571624087655
24.180130845257207 -22.26428212408621
25.4691843897454 -22.26269226825861
26.826957952797258 -22.260929910989912
28.257115029208283 -22.258976520142262
29.76351441631318 -22.25681161496295
31.350220625651154 -22.25441257086881
33.02151484968176 -22.251754406997975
34.7819065131413 -22.248809555352892
36.63614544020716 -22.24554761081469
38.58923467029903 -22.24193506107715
40.646443957096295 -22.23793499597219
42.81332398719393 -22.233506795803887
45.095721356761466 -22.228605798734794
47.499794346614124 -22.22318294772084
50.03202953826004 -22.217184417914886
52.699259315756564 -22.210551226581746
55.50868030059805 -22.203218828121493
58.467872769375894 -22.195116698144595
61.58482110660264 -22.186167912116446
64.86793534788511 -22.17628872543117
68.32607387157402 -22.165388164049126
71.96856730011521 -22.153367637289684
75.8052436755926 -22.140120586835028
79.84645497739086 -22.125532189491658
84.10310505352605 -22.109479134285834
88.58667904100822 -22.09182949918884
93.30927435461668 -22.07244275558601
98.28363332770026 -22.05116993432206
103.52317759307378 -22.027853990254968
109.04204429677526 -22.00233040669046
114.8551242423938 -21.974428084238518
120.97810206889012 -21.943970560622695
127.42749857031335 -21.910777608745498
134.2207152716012 -21.874667257803708
141.37608138073614 -21.835458278024973
148.91290324394086 -21.792973160038436
156.85151643735477 -21.74704160682318
165.213340635737 -21.697504536777537
174.0209374062485 -21.64421857265571
183.29807108324357 -21.58706095981772
193.06977288832496 -21.52593482229007
203.36240846866724 -21.460774625034446
214.2037490358383 -21.391551669238154
225.62304629706352 -21.31827940659436
237.65111138110728 -21.24101832296422
250.32039797173255 -21.159880114647272
263.6650898730358 -21.075030867826975
277.7211932429355 -20.986692958217464
292.5266337436645 -20.895145414820128
308.1213588714002 -20.80072254382593
324.54744574113323 -20.703810684135995
341.84921461759274 -20.604843060338464
360.073348498562 -20.504292809102846
379.26901907322497 -20.40266436933966
399.48801939541704 -20.300483535561455
420.78490362974026 -20.19828656905706
443.21713424760856 -20.096608828659647
466.84523707037897 -19.99597341904706
491.73296457790156 -19.896880352356877
517.9474679231213 -19.799796680756167
545.5594781168514 -19.705147986640256
574.6434968715973 -19.613311521415923
605.2779976193349 -19.524611172940105
637.5456372456507 -19.439314327396055
671.5334791115142 -19.357630583007946
707.3332279644438 -19.27971217846861
745.0414773728917 -19.205655927524656
784.7599703514607 -19.13550639844533
826.5958738801812 -19.069260055761863
870.6620680585127 -19.006870072484684
917.0774506742931 -18.948251539714406
965.9672580093833 -18.893286824748138
1017.4634027476063 -18.84183086850206
1071.7048298967104 -18.793716251256868
1128.8378916846884 -18.74875789993783
1189.01674244199 -18.70675734881144
1252.4037545350732 -18.667506500684667
1319.1699564735716 -18.630790867405796
1389.4954943731375 -18.59639229186059
1463.5701180190797 -18.564091173522925
1541.5936928422718 -18.533668233097696
1623.776739188721 -18.50490586204897
1710.3410003378397 -18.47758910776235
1801.520040802024 -18.451506349440223
1897.5598765218504 -18.426449718890648
1998.7196386572507 -18.402215322940172
2105.272272765707 -18.378603319108823
2217.505275253932 -18.355417898091154
2335.7214690901214 -18.332467221677604
2460.239820869775 -18.30956336494029
2591.3963014396572 -18.286522307481
2729.5447924020073 -18.26316401848223
2875.0580409448803 -18.239312676552228
3028.3286655749457 -18.21479706377695
3189.7702154663216 -18.18945116874941
3359.818286283781 -18.163115030459775
3538.9316954909877 -18.135635846473242
3727.593720314938 -18.10686936269956
3926.3134017068355 -18.076681549865473
4135.626917817706 -18.044950558727948
4356.099030694608 -18.01156892982905
4588.324610100844 -17.976446014570495
4832.930238571752 -17.939510543171814
5090.575902036681 -17.90071325218161
5361.956770568817 -17.860029463663782
5647.805074067552 -17.817461486213688
5948.892077934331 -17.773040694015613
6266.030164072656 -17.726829131476315
6600.075022827095 -17.678920490346954
6951.927961775606 -17.629440320485994
7322.538337604534 -17.578545357585497
7712.906117627992 -17.526421890189916
8124.0845778629655 -17.47328313538816
8557.183144940002 -17.419365649079754
9013.37038951743 -17.36492485701744
9493.87717927582 -17.31022985251083
10000.0 -17.255557656772822
10533.104453709382 -17.201187179639902
11094.628943275218 -17.147393139055293
11686.088553466498 -17.094440203520673
12309.079138896019 -17.04257760329996
12965.281629896688 -16.99203442593059
13656.466567946096 -16.943015759302426
14384.498882876629 -16.895699792940096
15151.342924760515 -16.85023592572216
15959.06776404731 -16.80674386836605
16809.852774253653 -16.765313682166443
17705.99351226898 -16.726006648384562
18649.907912142942 -16.68885683801587
19644.142809066267 -16.653873233211684
20691.3808111479 -16.621042246827567
21794.447537529835 -16.59033049257555
22956.319242369096 -16.561687670883217
24180.13084525718 -16.535049454607403
25469.184389745402 -16.51034027904756
26826.957952797275 -16.487475963499698
28257.115029208268 -16.466366112652196
29763.51441631313 -16.44691626534097
31350.220625651124 -16.42902977441388
33021.51484968176 -16.412609415585273
34781.90651314134 -16.397558732690946
36636.14544020716 -16.383783135418295
38589.23467029899 -16.371190769551283
40646.44395709628 -16.35969318381286
42813.32398719396 -16.349205817315074
45095.721356761445 -16.339648332958788
47499.79434661403 -16.33094482022509
50032.029538259994 -16.323023889211676
52699.259315756564 -16.315818676124685
55508.680300598106 -16.309266778188395
58467.87276937589 -16.303310132742862
61584.82110660255 -16.297894855026286
64867.935347885075 -16.292971044745876
68326.07387157406 -16.288492571585703
71968.56730011514 -16.284416846640692
75805.24367559262 -16.28070458659604
79846.45497739078 -16.277319575216907
84103.10505352604 -16.274228425340993
88586.67904100832 -16.27140034521892
93309.27435461663 -16.268806910113256
98283.63332770011 -16.26642184160707
103523.17759307378 -16.264220794076646
109042.04429677526 -16.26218114992213
114855.12424239368 -16.260281823054587
120978.10206889013 -16.258503070052676
127427.49857031321 -16.256826309113478
134220.7152716012 -16.25523394556067
141376.08138073614 -16.253709203578385
148912.90324394088 -16.25223596265012
156851.5164373548 -16.250798598009798
165213.34063573685 -16.249381824310177
174020.9374062485 -16.247970540369668
183298.07108324338 -16.246549674812382
193069.77288832495 -16.24510403038081
203362.40846866704 -16.243618126211533
214203.74903583832 -16.242076036315147
225623.04629706353 -16.240461222856123
237651.11138110727 -16.238756362346965
250320.39797173254 -16.236943163823106
263665.08987303555 -16.23500217631951
277721.1932429355 -16.232912584570546
292526.6337436642 -16.230651990486656
308121.35887140024 -16.22819617852985
324547.44574113254 -16.225518862856585
341849.21461759275 -16.22259141333716
360073.348498562 -16.2193825589252
379269.0190732246 -16.215858064203417
399488.019395417 -16.211980378177884
420784.9036297398 -16.207708250285666
443217.13424760854 -16.202996311678465
466845.2370703785 -16.197794618217955
491732.9645779016 -16.192048151026455
517947.46792312124 -16.185696271494876
545559.4781168514 -16.17867212649598
574643.4968715974 -16.170902000168322
605277.9976193343 -16.162304607761847
637545.6372456506 -16.15279032836451
671533.4791115135 -16.14226037163895
707333.2279644439 -16.130605875978915
745041.4773728917 -16.117706934054667
784759.9703514606 -16.103431543444007
826595.8738801812 -16.087634480474648
870662.0680585118 -16.070156096417534
917077.4506742931 -16.050821036966752
965967.2580093823 -16.02943688704618
1017463.4027476063 -16.005792745967106
1071704.8298967092 -15.979657741949998
1128837.8916846884 -15.950779494865419
1189016.74244199 -15.918882545848199
1252403.7545350718 -15.883666772307459
1319169.9564735717 -15.84480581737073
1389495.494373136 -15.801945566162864
1463570.1180190798 -15.754702712481357
1541593.6928422702 -15.702663466838233
1623776.739188721 -15.64538246707545
1710341.0003378377 -15.582381963704881
1801520.0408020238 -15.513151363697306
1897559.8765218505 -15.43714722742763
1998719.6386572486 -15.3537938237084
2105272.272765707 -15.262484358284954
2217505.2752539297 -15.162582996841909
2335721.4690901213 -15.053427810412575
2460239.8208697727 -14.934334764798345
2591396.3014396573 -14.804602873888408
2729544.792402007 -14.663520617991313
2875058.040944877 -14.510373704865742
3028328.6655749455 -14.344454219334315
3189770.215466318 -14.165071159755342
3359818.286283781 -13.971562306113555
3538931.6954909842 -13.763307297952633
3727593.720314938 -13.539741733008778
3926313.4017068394 -13.300372019494226
4135626.917817706 -13.044790637930273
4356099.030694608 -12.772691410236561
4588324.61010084 -12.483884307259277
4832930.238571752 -12.178309300176153
5090575.902036676 -11.856048737954152
5361956.770568817 -11.51733775435855
5647805.074067546 -11.162572242226481
5948892.077934331 -10.792314004612392
6266030.164072656 -10.40729277933516
6600075.022827089 -10.008404941838329
6951927.961775606 -9.596708804766893
7322538.337604526 -9.173416548409355
7712906.117627992 -8.73988293123963
8124084.5778629575 -8.29759101125422
8557183.144940002 -7.84813520925402
9013370.38951742 -7.393202075355239
9493877.17927582 -6.934549201026164
10000000.0 -6.473982698867083
10533104.45370936 -6.013333729862471
11094628.943275219 -5.554434536107338
11686088.553466497 -5.099094453334573
12309079.138896018 -4.649076372575542
12965281.629896663 -4.206074117934395
13656466.567946097 -3.7716912073920406
14384498.882876629 -3.347421442318439
15151342.924760515 -2.9346317386250815
15959067.76404731 -2.5345476026684888
16809852.774253618 -2.148241559087235
17705993.51226898 -1.776624784316482
18649907.912142944 -1.4204420998167497
19644142.809066266 -1.080270375853177
20691380.811147902 -0.7565202535106899
21794447.537529834 -0.44944103686005793
22956319.242369097 -0.15912842155519397
24180130.84525718 0.11446529469606717
25469184.3897454 0.3715189965467397
26826957.95279722 0.6123290044141352
28257115.02920827 0.8372943414755531
29763514.41631313 1.0469014702201906
31350220.62565112 1.2417090316081123
33021514.849681754 1.422332926777046
34781906.51314127 1.5894321437584193
36636145.44020716 1.743695574478429
38589234.67029899 1.8858300395796475
40646443.95709628 2.016549627135044
42813323.98719387 2.1365664065260788
45095721.35676145 2.2465825544528633
47499794.346614026 2.3472838178240876
50032029.53825999 2.439334248602592
52699259.31575657 2.523372098038349
55508680.300597996 2.600006824159913
58467872.7693759 2.66981693879806
61584821.10660254 2.7333487491711144
64867935.34788508 2.791115734397755
68326073.87157391 2.8435984833387904
71968567.30011514 2.8912451588509724
75805243.67559262 2.934472218202084
79846454.97739078 2.9736655656256676
84103105.05352604 3.009181737000569
88586679.04100814 3.041349383776162
93309274.35461664 3.070470755852022
98283633.32770011 3.096823293196514
103523177.59307377 3.1206611798791166
109042044.29677527 3.1422169331370813
114855124.24239345 3.161702960910937
120978102.06889038 3.1793129909674285
127427498.57031322 3.1952235772587843
134220715.2716012 3.2095953592243283
141376081.38073614 3.2225744548841897
148912903.24394056 3.234293636261973
156851516.43735445 3.2448733118099966
165213340.63573685 3.2544228685513925
174020937.40624848 3.263041381927339
183298071.08324376 3.270818654428185
193069772.88832456 3.277835943593229
203362408.46866703 3.284166898554534
214203749.0358383 3.2898781868001836
225623046.2970626 3.2950299133663696
237651111.38110778 3.2996765786315523
250320397.97173202 3.303867437654808
263665089.87303555 3.3076469268798805
277721193.2429355 3.3110552553886
292526633.74366355 3.3141287637657486
308121358.87140083 3.3169001831352976
324547445.74113256 3.3193990695369138
341849214.6175927 3.3216522136534214
360073348.49856204 3.3236836466307174
379269019.0732238 3.3255151581020725
399488019.39541787 3.3271664009567252
420784903.6297398 3.328655041800732
443217134.24760854 3.329997031164596
466845237.07037944 3.331206912689127
491732964.5779006 3.332297559533148
517947467.9231202 3.333280727641534
545559478.1168514 3.3341670797287697
574643496.8715974 3.3349659816544563
605277997.6193355 3.3356862127819733
637545637.2456493 3.3363354723438348
671533479.1115135 3.336920645445601
707333227.9644439 3.3374481815946155
745041477.3728887 3.3379236863580464
784759970.3514622 3.3383523739650345
826595873.8801795 3.338738639369569
870662068.0585117 3.33908692226633
917077450.674293 3.3394007790001714
965967258.0093802 3.3396836530461176
1017463402.7476043 3.3399387003878585
1071704829.8967092 3.340168694800425
1128837891.6846883 3.340375916844395
1189016742.44199 3.3405625511610815
1252403754.5350692 3.3407310718946337
1319169956.473569 3.3408826461553676
1389495494.373136 3.3410196164631434
1463570118.0190797 3.341142848469329
1541593692.8422735 3.3412540008080076
1623776739.1887176 3.3413539203979585
1710341000.337838 3.3414443422590394
1801520040.802024 3.3415256144001857
1897559876.5218503 3.3415987436495707
1998719638.6572526 3.3416654362567537
2105272272.7657027 3.341724565547472
2217505275.2539296 3.3417785865402627
2335721469.0901213 3.341827019297659
2460239820.8697777 3.341870657573796
2591396301.439652 3.3419100015711907
2729544792.402002 3.341945226654486
2875058040.944877 3.3419774450914015
3028328665.5749454 3.3420062189762003
3189770215.466325 3.342032165190595
3359818286.2837744 3.342055525938679
3538931695.4909844 3.342076511904486
3727593720.314938 3.342095463545673
3926313401.7068396 3.3421121678279913
4135626917.8176975 3.3421282662862546
4356099030.694599 3.3421415630328277
4588324610.100841 3.342154674732738
4832930238.571753 3.3421660685802603
5090575902.036687 3.3421754721865016
5361956770.568806 3.3421847566849476
5647805074.067546 3.3421933212579096
5948892077.934331 3.342200685770364
6266030164.072656 3.3422075461984653
6600075022.827075 3.3422142394335608
6951927961.775591 3.3422189613104205
7322538337.6045265 3.3422246154918995
7712906117.627993 3.3422290504198293
8124084577.862974 3.342231649391728
8557183144.939984 3.342236380766913
9013370389.51742 3.342239561417501
9493877179.27582 3.342242557490918
10000000000.0 3.3422455455979163
10.0 -3.9021392465890297
10.53310445370937 -2.9310616929473476
11.094628943275218 -14.977017514414062
11.686088553466515 8.296880351988134
12.309079138896024 -9.856876787194226
12.965281629896682 -18.099746013192092
13.65646656794611 -5.838861347069093
14.38449888287663 -5.440091452292503
15.15134292476053 13.493493947870626
15.95906776404731 -9.693819796960888
16.80985277425364 -5.463154330882727
17.70599351226899 -7.070078390969861
18.64990791214297 4.026614790283347
19.644142809066278 -1.4758613008158603
20.6913808111479 -8.300189248367982
21.794447537529855 -6.868185909424592
22.956319242369098 -15.451401015257396
24.180130845257207 2.6231718253915517
25.4691843897454 -11.987227674644334
26.826957952797258 -5.612277401604829
28.257115029208283 -2.7035111906928995
29.76351441631318 0.18742971549746446
31.350220625651154 -5.547360075082529
33.02151484968176 -8.22556279735926
34.7819065131413 -0.950832481144539
36.63614544020716 -19.252403158542858
38.58923467029903 -3.1666532032131807
40.646443957096295 -2.014632916745928
42.81332398719393 -1.868171985302157
45.095721356761466 -7.290910083037419
47.499794346614124 -1.498831341826914
50.03202953826004 5.671321054175702
52.699259315756564 -4.872159715013189
55.50868030059805 -6.210512965644349
58.467872769375894 -2.7797766761619687
61.58482110660264 -3.3810488557558904
64.86793534788511 8.144126428815133
68.32607387157402 -2.705819718706364
71.96856730011521 -1.5643882676667729
75.8052436755926 -12.40868751260214
79.84645497739086 -7.409226795094803
84.10310505352605 -3.109205510195565
88.58667904100822 0.8326288204344557
93.30927435461668 -8.264386693052574
98.28363332770026 -10.399593655999446
103.52317759307378 -2.318232844385035
109.04204429677526 -4.326023255245552
114.8551242423938 -9.66674124632375
120.97810206889012 -4.841487106711307
127.42749857031335 -1.4454942838099716
134.2207152716012 -0.30285570286520314
141.37608138073614 -3.211675081272798
148.91290324394086 -3.314351910031063
156.85151643735477 -9.427729050685599
165.213340635737 -6.389802630790409
174.0209374062485 -7.030675060362759
183.29807108324357 -6.202190609657131
193.06977288832496 -2.213688286905678
203.36240846866724 2.7727697535621214
214.2037490358383 -7.599507657271628
225.62304629706352 -17.212305739962748
237.65111138110728 -9.539190707055347
250.32039797173255 -2.9203680250205686
263.6650898730358 3.743264733144022
277.7211932429355 -7.232329396374151
292.5266337436645 -5.599296503493011
308.1213588714002 -17.25185843010604
324.54744574113323 -9.612670628626809
341.84921461759274 0.6330770358681598
360.073348498562 1.8419126102031456
379.26901907322497 -22.42467153989785
399.48801939541704 -4.574806716295978
420.78490362974026 -0.8160462405444548
443.21713424760856 -10.65768631383154
466.84523707037897 3.3006686764540105
491.73296457790156 -1.7683711013863221
517.9474679231213 -4.335715969002853
545.5594781168514 -4.685798408319094
574.6434968715973 -8.685966847680726
605.2779976193349 -16.27365405596698
637.5456372456507 -5.8398962442619675
671.5334791115142 -15.571160412829945
707.3332279644438 -15.103168613621037
745.0414773728917 -18.12074707877828
784.7599703514607 -9.565225968852362
826.5958738801812 -7.9589216033427865
870.6620680585127 -11.607159529732682
917.0774506742931 -12.212313263692561
965.9672580093833 -12.896940124247582
1017.4634027476063 5.289810923089573
1071.7048298967104 -8.069983413644216
1128.8378916846884 -17.366946944967133
1189.01674244199 -4.319678542331391
1252.4037545350732 -8.484189685951867
1319.1699564735716 -6.433821458963818
1389.4954943731375 -1.6087901918222067
1463.5701180190797 -10.639928740536142
1541.5936928422718 -8.291509919162301
1623.776739188721 -10.153881516547926
1710.3410003378397 0.00813839488246255
1801.520040802024 -9.979422882847114
1897.5598765218504 -3.7130325914323037
1998.7196386572507 -4.861736700746997
2105.272272765707 -6.860536720163097
2217.505275253932 -2.7080508049658536
2335.7214690901214 -13.387317842151505
2460.239820869775 -11.891115804972882
2591.3963014396572 -6.721181902632431
2729.5447924020073 -4.50055632487766
2875.0580409448803 -13.608458805839234
3028.3286655749457 -4.821057896465037
3189.7702154663216 -10.809931995969663
3359.818286283781 -10.066180630721744
3538.9316954909877 -13.629674682355821
3727.593720314938 -10.238667442337812
3926.3134017068355 -12.64957614600425
4135.626917817706 -2.826047111163387
4356.099030694608 -5.911802321484814
4588.324610100844 -1.1412187938596996
4832.930238571752 -14.937830650513108
5090.575902036681 -14.950921707252476
5361.956770568817 -10.040077749398046
5647.805074067552 -7.028657872483692
5948.892077934331 0.5134194345660846
6266.030164072656 -7.682555340231161
6600.075022827095 -15.293815703747647
6951.927961775606 -11.451155478812652
7322.538337604534 -12.134808470575392
7712.906117627992 -16.37988896446877
8124.0845778629655 -0.0931108783473262
8557.183144940002 -15.993315530493128
9013.37038951743 -10.161200144189138
9493.87717927582 -6.567428970448135
10000.0 -13.482383520533077
10533.104453709382 15.317759890818348
11094.628943275218 -16.647621437559728
11686.088553466498 -8.092099417587214
12309.079138896019 -12.803256102708723
12965.281629896688 -6.031782120891894
13656.466567946096 -15.456706704415474
14384.498882876629 -0.6251574035706149
15151.342924760515 -6.70689161798666
15959.06776404731 -17.210986652812874
16809.852774253653 -17.013597342429044
17705.99351226898 -1.9847947490993394
18649.907912142942 -20.7487246329344
19644.142809066267 -20.35338018222238
20691.3808111479 19.35126878831217
21794.447537529835 -19.481078162071135
22956.319242369096 -14.493443334087141
24180.13084525718 -19.193625124313844
25469.184389745402 -1.0407426972272558
26826.957952797275 -16.266994398895342
28257.115029208268 -16.47649236251063
29763.51441631313 -15.473825228949229
31350.220625651124 2.6860267803740525
33021.51484968176 -11.284963231688256
34781.90651314134 0.5290678660851237
36636.14544020716 -23.009932001556965
38589.23467029899 -15.032155480395355
40646.44395709628 -25.388029219970637
42813.32398719396 -13.224801038074311
45095.721356761445 -20.82513020924402
47499.79434661403 -18.54080748817629
50032.029538259994 -23.03480436188472
52699.259315756564 -21.14033431207155
55508.680300598106 -10.416795664178268
58467.87276937589 -7.251412560482171
61584.82110660255 20.859153324734763
64867.935347885075 -14.269515142586107
68326.07387157406 -25.88278113858268
71968.56730011514 -12.437122644075178
75805.24367559262 -8.57248973423393
79846.45497739078 -14.327386492932996
84103.10505352604 -23.000165729373766
88586.67904100832 -16.269236107166044
93309.27435461663 -17.685491498380365
98283.63332770011 -11.681440425402855
103523.17759307378 -17.953907241183998
109042.04429677526 -31.04925305870479
114855.12424239368 3.2724655417134336
120978.10206889013 -10.579492067668692
127427.49857031321 -10.19401455021101
134220.7152716012 -7.1849922024877
141376.08138073614 -8.937905578903699
148912.90324394088 1.7531902376043431
156851.5164373548 -18.592711770056926
165213.34063573685 -18.983976848874917
174020.9374062485 0.14259587673331997
183298.07108324338 -14.633018092448689
193069.77288832495 -24.06600469097119
203362.40846866704 -14.926468231875422
214203.74903583832 -22.1626359514036
225623.04629706353 -17.156014021214972
237651.11138110727 -25.610020212234307
250320.39797173254 -3.8543420748871866
263665.08987303555 -6.708560299623439
277721.1932429355 -28.21708568981669
292526.6337436642 -15.58870014317166
308121.35887140024 -13.888459315268522
324547.44574113254 -17.93423631564616
341849.21461759275 16.078581579690276
360073.348498562 -27.98485298092052
379269.0190732246 -8.345575720765927
399488.019395417 -19.94493804033095
420784.9036297398 -25.099404760150087
443217.13424760854 -4.997246012516199
466845.2370703785 -21.302273712452156
491732.9645779016 -19.388312564653518
517947.46792312124 1.1238027180717345
545559.4781168514 -7.544522465082935
574643.4968715974 2.115157471253726
605277.9976193343 -3.00325123453367
637545.6372456506 -29.576278161983733
671533.4791115135 11.856846801263995
707333.2279644439 -6.679779922814776
745041.4773728917 -29.43875068112048
784759.9703514606 -9.168066801735218
826595.8738801812 0.012881028993651743
870662.0680585118 -2.3699988285085
917077.4506742931 -42.73400476846354
965967.2580093823 -13.675146912695798
1017463.4027476063 -7.338390767233777
1071704.8298967092 -11.17801949094349
1128837.8916846884 -20.27968754121821
1189016.74244199 -21.750471248003468
1252403.7545350718 -25.37453762907465
1319169.9564735717 -9.515709675863118
1389495.494373136 21.02009076224624
1463570.1180190798 -38.14596817513939
1541593.6928422702 -28.849836443641287
1623776.739188721 -4.412036402394474
1710341.0003378377 28.44678685189212
1801520.0408020238 -25.824536617969613
1897559.8765218505 2.937478411430903
1998719.6386572486 -0.7531790021735281
2105272.272765707 -6.449661769041521
2217505.2752539297 -19.757498433218046
2335721.4690901213 -18.436970789799865
2460239.8208697727 -3.630896971152951
2591396.3014396573 -21.831223966705867
2729544.792402007 -21.977450609665347
2875058.040944877 -15.802209553226763
3028328.6655749455 -17.263677251242154
3189770.215466318 -28.57693172750664
3359818.286283781 -19.2696642040846
3538931.6954909842 -15.601581600097077
3727593.720314938 -1.5008818066826302
3926313.4017068394 -16.29735725311038
4135626.917817706 -4.069468973749052
4356099.030694608 -24.059158121591825
4588324.61010084 -56.95737887933599
4832930.238571752 -46.872553829835084
5090575.902036676 -17.83049390889298
5361956.770568817 -20.769132677538416
5647805.074067546 -25.55127117233967
5948892.077934331 -12.920286562357175
6266030.164072656 -46.90190098919754
6600075.022827089 -13.400665329010074
6951927.961775606 -10.457245530646833
7322538.337604526 -25.09042490402017
7712906.117627992 -10.287334879050471
8124084.5778629575 -10.606413411572023
8557183.144940002 -12.35671003629041
9013370.38951742 -19.03509863233362
9493877.17927582 -20.139696929747792
10000000.0 -16.735721115931646
10533104.45370936 -20.161806593368716
11094628.943275219 -29.33495357359583
11686088.553466497 -14.325729471580651
12309079.138896018 -12.407951924144989
12965281.629896663 -47.18943361829287
13656466.567946097 -38.87304642652784
14384498.882876629 -22.179406309473606
15151342.924760515 -15.531234969262844
15959067.76404731 -22.253568197525194
16809852.774253618 -21.993290514717142
17705993.51226898 -13.176211910584898
18649907.912142944 -7.9389362921287985
19644142.809066266 -9.85607767307586
20691380.811147902 -28.95647820075988
21794447.537529834 -22.93020065580064
22956319.242369097 0.4852554900897699
24180130.84525718 -22.31259279955819
25469184.3897454 -8.710546043146831
26826957.95279722 -20.487943532025106
28257115.02920827 -29.228827918286587
29763514.41631313 -22.256615195543482
31350220.62565112 -10.63674728539471
33021514.849681754 -24.917092718868304
34781906.51314127 -35.6611504877111
36636145.44020716 -21.989971601362388
38589234.67029899 -0.10170481586883438
40646443.95709628 -18.972592346161786
42813323.98719387 -9.75425864810758
45095721.35676145 -23.941884649613584
47499794.346614026 -29.525735799148322
50032029.53825999 2.098485055684211
52699259.31575657 -8.225517876715829
55508680.300597996 -12.136747317338939
58467872.7693759 -31.280955928498567
61584821.10660254 -24.459479563645267
64867935.34788508 7.714987210409701
68326073.87157391 -2.805032669015297
71968567.30011514 -6.171000434142928
75805243.67559262 -12.545658367500984
79846454.97739078 -17.106856429462525
84103105.05352604 -16.762723653851076
88586679.04100814 3.2922820652725306
93309274.35461664 -23.44583024654893
98283633.32770011 -17.80646647988964
103523177.59307377 -6.177014108595474
109042044.29677527 -0.2715841406712459
114855124.24239345 -22.32807082238668
120978102.06889038 -17.569170549016267
127427498.57031322 -19.821071174560334
134220715.2716012 -23.367420947353423
141376081.38073614 -21.789760037558
148912903.24394056 -19.480336890020638
156851516.43735445 -15.692249361190607
165213340.63573685 -25.917350289179893
174020937.40624848 -37.027669033324884
183298071.08324376 -26.738479170856998
193069772.88832456 -18.681696329481603
203362408.46866703 -5.347427994272721
214203749.0358383 -17.942167419966076
225623046.2970626 -37.735821687300074
237651111.38110778 -24.490494357713256
250320397.97173202 -31.086062054685925
263665089.87303555 4.659616115702881
277721193.2429355 10.457262212071504
292526633.74366355 -35.790257584094064
308121358.87140083 -20.945016904458402
324547445.74113256 -9.581313177240503
341849214.6175927 -18.27474580604163
360073348.49856204 -39.28722714583367
379269019.0732238 -7.235866320866506
399488019.39541787 -16.752440070923186
420784903.6297398 -16.787442989240816
443217134.24760854 -20.967042039632293
466845237.07037944 -7.132234081281036
491732964.5779006 -6.705724680267818
517947467.9231202 -2.86802760495875
545559478.1168514 -14.148439355727131
574643496.8715974 -19.25086642164208
605277997.6193355 4.669084431769134
637545637.2456493 -20.692287660346874
671533479.1115135 -19.773689855020773
707333227.9644439 -14.992238691372144
745041477.3728887 -10.152434881582597
784759970.3514622 -5.551237752278691
826595873.8801795 -19.967606785764307
870662068.0585117 -48.88109354784919
917077450.674293 -29.429524925561203
965967258.0093802 -17.75942630923623
1017463402.7476043 -30.890596881519418
1071704829.8967092 -12.907874846418338
1128837891.6846883 -31.956897678411295
1189016742.44199 -15.535610514739002
1252403754.5350692 -10.026783727130903
1319169956.473569 -25.914106515196256
1389495494.373136 -9.407385831070098
1463570118.0190797 -18.21839383752866
1541593692.8422735 -43.67455244675377
1623776739.1887176 -19.51460607571971
1710341000.337838 -21.769757987393483
1801520040.802024 -30.091829417469032
1897559876.5218503 -76.21528373935288
1998719638.6572526 -31.458514181588907
2105272272.7657027 -2.8027390995653394
2217505275.2539296 -14.669481644690185
2335721469.0901213 -19.30351269850941
2460239820.8697777 -15.821104997594144
2591396301.439652 -1.9640400639172886
2729544792.402002 -19.219483848826727
2875058040.944877 -20.944809521465515
3028328665.5749454 -10.587645893724705
3189770215.466325 -38.62610317740357
3359818286.2837744 -3.811361044065755
3538931695.4909844 -18.174538060332406
3727593720.314938 -40.27139754551479
3926313401.7068396 -23.83183533268065
4135626917.8176975 -14.797021978942658
4356099030.694599 -15.158741827748585
4588324610.100841 -17.069646983488703
4832930238.571753 -22.33163304903879
5090575902.036687 -23.918432839639813
5361956770.568806 -5.48014557454398
5647805074.067546 -14.236922188047238
5948892077.934331 -5.927244347296835
6266030164.072656 -20.448525852760962
6600075022.827075 -22.939893605282858
6951927961.775591 -40.69830681561287
7322538337.6045265 -20.380551623164337
7712906117.627993 -18.16822250439494
8124084577.862974 3.045237167521939
8557183144.939984 -10.170123039743867
9013370389.51742 -18.296776653608234
9493877179.27582 3.229579098927766
10000000000.0 -27.77740632711257
