10.0 0.0008628515655226455
10.292747724096083 0.0008962618289806203
10.59406557118851 0.0009302564772767545
10.904204429677526 0.0009647918622569555
11.223422532664179 0.0009998209403437122
11.551985672964793 0.0010352934596810394
11.890167424419898 0.0010711561850564857
12.238249369681931 0.0011073531589224745
12.596521334671401 0.0011438259960197237
12.965281629896682 0.0011805142084171658
13.344837298838383 0.001217355557046307
13.735504373605137 0.001254286425270163
14.137608138073606 0.0012912422093580402
14.551483398731937 0.0013281577205699624
14.977474763452017 0.0013649675929725273
15.415936928422726 0.0014016066911873985
15.867234973483178 0.0014380105121660216
16.331744666101677 0.0014741155751867244
16.80985277425364 0.0015098597946293717
17.301957388458945 0.0015451828303838981
17.808468253246822 0.0015800264112815262
18.329807108324356 0.0016143346276087816
18.866408039732583 0.0016480541892987264
19.418717841282557 0.0016811346472617001
19.987196386572506 0.0017135285759484827
20.57231701189556 0.0017451917161219511
21.174566910357118 0.0017760830774052505
21.794447537529855 0.0018061650010440602
22.432475028984193 0.0018354031838140415
23.089180630041927 0.0018637666646561407
23.765111138110754 0.0018912277761930006
24.46082935796799 0.0019177620635417566
25.17691457037277 0.001943348173254789
25.913963014396586 0.0019679677154916604
26.672588383874054 0.0019916051025965966
27.453422338387142 0.0020142473673154457
28.257115029208283 0.0020358839639571945
29.08433564064048 0.002056506555673855
29.935772947204903 0.0020761087908665234
30.812135887140037 0.002094686071623122
31.714154152689986 0.002112235316790488
32.642578797673224 0.0021287547221098364
33.59818286283781 0.0021442435194878743
34.58176201952381 0.0021587017373407916
35.594135232168604 0.0021721299634740085
36.63614544020716 0.0021845291118641375
37.708660259934554 0.0021959001943278075
38.81257270691538 0.0022062440978962237
39.9488019395417 0.002215561368347947
41.118294024358306 0.0022238520002965186
42.322022723792756 0.0022311152338458378
43.56099030694608 0.0022373493578513133
44.83622838411908 0.0022425515194623162
46.148798765769385 0.0022467175396523355
47.499794346614124 0.002249841734167526
48.890340015614456 0.002251916739382202
50.32159359259993 0.0022529333423473496
51.7947467923121 0.002252880314258493
53.31102621667033 0.0022517442466174166
54.87169437608604 0.0022495093891289264
56.47805074067555 0.0022461574885724238
58.131432822247135 0.002241667627618063
59.83321728796288 0.0022360160627404213
61.58482110660264 0.0022291760602726226
63.38770272838487 0.0022211177295801904
65.24336329932625 0.0022118078524919053
67.15334791115141 0.0022012097079320667
69.11924688779365 0.002189282890871956
71.14269710955735 0.0021759831245118906
73.22538337604533 0.002161262064859628
75.36903980898542 0.002145067096587268
77.57545129612417 0.002127341119274258
79.84645497739086 0.002108022322991534
82.18394177456803 0.0020870439522414188
84.58985796574301 0.002064334057238708
87.06620680585127 0.002039815231464096
89.61505019466045 0.002013404334490214
92.23851039358476 0.0019850121989548374
94.9387717927583 0.001954543320617154
97.71808272983904 0.0019218955303592475
100.57875736205835 0.0018869596469578238
103.52317759307378 0.0018496191094467991
106.55379505623053 0.0018097495878695367
109.67313315588179 0.001767218571095408
112.88378916846884 0.0017218849303958033
116.18843640511002 0.0016735984574911874
119.58982643749793 0.0016221993755523058
123.09079138896018 0.0015675178217821753
126.69424629259063 0.001509373299997964
130.40319151841317 0.0014475741017211362
134.2207152716012 0.001381916694064854
138.14999616383224 0.0013121850728139033
142.19430585991677 0.0012381500788707421
146.357011801908 0.0011595686763644902
150.64158001295928 0.0010761831904647688
155.05157798326255 0.0009877205030380254
159.5906776404731 0.0008938912041596235
164.26265840709303 0.00079438869743969
169.071410347358 0.0006888882570727877
174.0209374062485 0.0005770460344847239
179.115360743323 0.0004584980124280467
184.3589221641488 0.0003328589042764467
189.75598765218504 0.00019972099628599952
195.3110510040631 5.865293058901316e-05
201.02873757128856 -9.080157335031892e-05
206.913808111479 -0.0002491250610889283
212.97116275234782 -0.00041682775160468223
219.20584507173257 -0.0005944490138811786
225.62304629706352 -0.000782558913886418
232.22810962777245 -0.0009817598338903695
239.02653468423918 -0.0011926881661585725
246.02398208697775 -0.0014160160826681006
253.22627816987946 -0.001652453382537651
260.63941983143474 -0.001902749418450315
268.26957952797244 -0.002167695103225211
276.1231104130753 -0.002448124997214601
284.2065516274511 -0.0027449194769557763
292.5266337436645 -0.0030590069849344708
301.09028437025927 -0.0033913663598810146
309.9046339199427 -0.003743029246330259
318.97702154663216 -0.004115082581534504
328.3150012563047 -0.004508671156909853
337.9263481967431 -0.0049250002504961955
347.819065131413 -0.005365338325549246
358.00138910285807 -0.005831019789491261
368.48179829116765 -0.006323447805992063
379.26901907322497 -0.006844097151471679
390.37203328860926 -0.007394517105701425
401.8000857182091 -0.007976334364323847
413.5626917817706 -0.00859125595906161
425.66964546078714 -0.009241072169145425
438.13102745333055 -0.00992765940508188
450.9572135676145 -0.010652983043018201
464.15888336127773 -0.011419100185189358
477.7470290335773 -0.012228162318619305
491.73296457790156 -0.013082417840776062
506.1283352022219 -0.013984214417209016
520.9451270253212 -0.014936001132162285
536.1956770568817 -0.01594033038889053
551.892683469738 -0.016999859511970934
568.0492161728429 -0.01811735199910377
584.6787276937589 -0.01929567836503211
601.7950643797334 -0.02053781651509512
619.412477926676 -0.021846851580741563
637.5456372456507 -0.023225975144098885
656.2096406767555 -0.02467848377340131
675.4200285605586 -0.026207776786094355
695.1927961775606 -0.027817353151413766
715.5444070664574 -0.029510807439832858
736.4918067322965 -0.03129182472269104
758.0524367559261 -0.033164174322080124
780.2442493165045 -0.03513170230851986
803.0857221391512 -0.037198322642763335
826.5958738801812 -0.0393680068580065
850.7942799627444 -0.04164477218051035
875.7010888760508 -0.04403266799011918
901.3370389517438 -0.046535760528028575
927.7234756314059 -0.04915811576739691
954.8823692395666 -0.05190378037351813
982.8363332770031 -0.05477676069459051
1011.6086432495807 -0.05778099974178259
1041.2232560483055 -0.06092035213870577
1071.7048298967104 -0.06419855704577514
1103.078744882215 -0.06761920909415096
1135.3711240885177 -0.07118572739762832
1168.608855346651 -0.07490132274823648
1202.8196136227775 -0.07876896314287252
1238.0318840613968 -0.0827913378333503
1274.2749857031336 -0.08697082014039759
1311.5790958968503 -0.09130942932283474
1349.9752754264298 -0.09580879184531446
1389.4954943731375 -0.1004701024408438
1430.172658735088 -0.10529408541610065
1472.0406378260013 -0.11028095669746578
1515.134292476053 -0.11543038716137444
1559.4895040582815 -0.120741467832649
1605.1432043647615 -0.1262126775671091
1652.1334063573702 -0.13184185385753272
1700.4992358187922 -0.1376261674135687
1750.2809639301013 -0.1435621011643935
1801.520040802024 -0.14964543431615707
1854.2591299878522 -0.15587123206359485
1908.542144006686 -0.1622338415051505
1964.4142809066266 -0.16872689424385806
2021.9220618983536 -0.17534331607158335
2081.1133700903947 -0.18207534403343412
2142.037490358383 -0.18891455105325375
2204.7451503814746 -0.1958518781726151
2269.288562880081 -0.20287767431725273
2335.7214690901214 -0.20998174336018366
2404.0991835099717 -0.21715339810319734
2474.47863995735 -0.2243815206531237
2546.91843897454 -0.23165462852979907
2621.478896621356 -0.2389609457143868
2698.222094696536 -0.24628847773331103
2777.211932429355 -0.25362508977865283
2858.5141796844714 -0.26095858679402245
2942.196531724374 -0.2682767944077721
3028.3286655749457 -0.27556763957504954
3116.9822980411436 -0.28281922979729446
3208.2312454210773 -0.2900199298217433
3302.1514849681753 -0.297158434783807
3398.8212181526674 -0.3042238388386776
3498.320935775036 -0.3112056984332688
3600.73348498562 -0.3180940894909704
3706.144138266228 -0.32487965791635454
3814.640664431178 -0.33155366296989597
3926.3134017068355 -0.33810801320982875
4041.2553329506004 -0.3445352948448263
4159.562163071847 -0.3508287924832334
4281.332398719392 -0.3569825023982628
4406.667430301786 -0.3629911385510609
4535.671616408702 -0.3688501317218595
4668.45237070379 -0.3745556221921858
4805.1202513612425 -0.38010444649678726
4945.789053120639 -0.38549411882239637
5090.575902036681 -0.3907228076714029
5239.601353002645 -0.39578930843303767
5392.98949012887 -0.40069301251352574
5550.868030059805 -0.4054338736714549
5713.36842831558 -0.41001237218712816
5880.625988746757 -0.41442947746662484
6052.779976193349 -0.4186866096445702
6229.973732441841 -0.4227856007064762
6412.354795576917 -0.42672865560355
6600.075022827095 -0.43051831378158467
6793.290717006696 -0.43415741149328735
6992.162756659375 -0.4376490452106294
7196.856730011514 -0.440996536402272
7407.543072847163 -0.444203397891672
7624.397210419138 -0.44727330196487064
7847.5997035146065 -0.4502100503534765
8077.3363987967105 -0.4530175461791261
8313.798583547334 -0.4556997679100036
8557.183144940002 -0.45826074534869726
8807.692733975462 -0.4607045376434383
9065.53593421636 -0.4630352132913954
9330.927435461663 -0.4652568320832983
9604.08821250538 -0.46737342892265615
9885.24570912827 -0.4693889994402511
10174.634027476064 -0.47130748731502137
10472.494122981476 -0.4731327732052464
10779.074004992735 -0.4748686651897038
11094.628943275218 -0.47651889061545777
11419.421680558647 -0.4780870892486338
11753.722651306367 -0.47957680762480215
12097.810206889013 -0.480991494497774
12451.97084735032 -0.4823344972884233
12816.499459957597 -0.48360905943884486
13191.699564735716 -0.48481831858145646
13577.883567189278 -0.48596530543737404
13975.373018422924 -0.4870529433633649
14384.498882876629 -0.488084048471967
14805.6018138991 -0.4890613302544486
15239.032437388305 -0.48998739264165436
15685.151643735446 -0.4908647354428771
16144.330888316019 -0.491695756107906
16616.952500776908 -0.4924827517621809
17103.41000337838 -0.4932279214697003
17604.108438655527 -0.4939333686825985
18119.46470667122 -0.4946011038404733
18649.907912142942 -0.4952330470864222
19195.87972173111 -0.49583103107030213
19757.834731786996 -0.49639680381310547
20336.2408468667 -0.49693203160934507
20931.579669325736 -0.49743830194733046
21544.346900318822 -0.49791712642956976
22175.052752539294 -0.4983699436780909
22824.222375040976 -0.49879812221155273
23492.396290496577 -0.4992029632828327
24180.13084525718 -0.4995857036677967
24887.998672586673 -0.4999475183971247
25616.589169457267 -0.5002895234249221
26366.508987303554 -0.5006127782286705
27138.3825371428 -0.5009182883364779
27932.85250948253 -0.5012070077784163
28750.580409448772 -0.5014798414596248
29592.247107579577 -0.5017376474536286
30458.55340674284 -0.5019812392150089
31350.220625651124 -0.5022113877110106
32267.991199458116 -0.5024288234723162
33212.62929793748 -0.5026342385635695
34184.92146175927 -0.5028282884745076
35185.677257392665 -0.5030115939330714
36215.72995118075 -0.5031847426418439
37275.93720314938 -0.5033482909396376
38367.18178112649 -0.5035027653899953
39490.37229576694 -0.5036486642987056
40646.44395709628 -0.5037864591622971
41836.359353200234 -0.5039165960498438
43061.10925171165 -0.5040394969201935
44321.713424760856 -0.5041555608768564
45619.221498074585 -0.504265165363019
46954.71382493421 -0.5043686672986237
48329.30238571752 -0.5044664041621618
49744.13171377451 -0.5045586950190554
51200.37984840882 -0.5046458414990791
52699.259315756564 -0.5047281287248642
54242.01813838024 -0.5048058261936007
55829.94087441914 -0.5048791886140493
57464.34968715974 -0.5049484567008193
59146.605445917456 -0.505013857927875
60878.108859147556 -0.5050756072431422
62660.30164072656 -0.5051339077460809
64494.667710376205 -0.5051889513298868
66382.73442923075 -0.5052409192901446
68326.07387157406 -0.505289982901393
70326.30413380644 -0.5053363039633925
72385.09068173247 -0.5053800353183368
74504.14773728917 -0.5054213213406435
76685.2397058701 -0.5054602984006349
78930.18264543568 -0.5054970953034108
81240.84577862974 -0.505531833704191
83619.15304916317 -0.5055646285013389
86067.08472376158 -0.5055955882081855
88586.67904100832 -0.5056248153047813
91180.03390845681 -0.5056524065706154
93849.3086494272 -0.5056784533992673
96596.72580093842 -0.5057030420959415
99424.57296427398 -0.5057262541588854
102335.20470972576 -0.5057481665453297
105331.04453709359 -0.5057688519230055
108414.5868935835 -0.5057883789078575
111588.3992507748 -0.5058068122887419
114855.12424239368 -0.5058242132397717
118217.48186466724 -0.5058406395210623
121678.27174109229 -0.5058561456683607
125240.3754535072 -0.505870783172271
128906.75894140244 -0.5058846006476212
132680.47497147243 -0.5058976439934497
136564.66567946097 -0.505909956544167
140562.56518642136 -0.5059215792123828
144677.5022915648 -0.5059325506238174
148912.90324394088 -0.5059429072447255
153272.2945952612 -0.505952683502306
157759.30613623615 -0.5059619118983976
162377.67391887208 -0.5059706231168918
167131.2433672486 -0.5059788461251692
172023.97247935992 -0.5059866082699025
177059.9351226898 -0.5059939353675451
182243.32442626648 -0.5060008517897898
187578.45627201613 -0.5060073805442524
193069.77288832495 -0.5060135433507021
198721.84654880533 -0.506019360713008
204539.38337933904 -0.5060248519871184
210527.22727657072 -0.5060300354452041
216690.3639411181 -0.5060349283362828
223033.9250288494 -0.506039546943412
229563.19242369095 -0.5060439066377314
236283.6026355175 -0.5060480219294582
243200.7513267945 -0.5060519065160635
250320.39797173254 -0.5060555733277495
257648.47065183744 -0.506059034570372
265191.0709918535 -0.5060623017659824
272954.4792402007 -0.5060653857911198
280945.1594981406 -0.5060682969129244
289169.76510202966 -0.5060710448232577
297635.14416313195 -0.5060736386709208
306348.3452696084 -0.5060760870920534
315316.62335543614 -0.5060783982388544
324547.44574113254 -0.506080579806655
334048.4983513244 -0.506082639059533
343827.6921143307 -0.5060845828544744
353893.1695490984 -0.5060864176641426
364253.3115449638 -0.5060881495984408
374916.74433988857 -0.5060897844248069
385892.3467029899 -0.5060913275874223
397189.25732733024 -0.5060927842253062
408816.88243912894 -0.506094159189415
420784.9036297398 -0.5060954570588093
433103.2859169001 -0.5060966821558526
445782.28604197066 -0.5060978385606095
458832.461010084 -0.5060989301244373
472264.67688029545 -0.506099960482779
486090.117813063 -0.5061009330672859
500320.2953825999 -0.5061018511172243
514967.0581618343 -0.5061027176902666
530042.6015879672 -0.506103535672665
545559.4781168514 -0.5061043077888563
561530.6076746266 -0.5061050366105423
577969.2884153313 -0.5061057245652376
594889.2077934331 -0.5061063739443695
612304.4539605178 -0.506106986910884
630229.5274956024 -0.506107565506463
648679.3534788508 -0.5061081116583198
667669.2939187557 -0.506108627185618
687215.1605431122 -0.5061091138055183
707333.2279644439 -0.5061095731389097
728040.2472308562 -0.5061100067157995
749353.4597735757 -0.5061104159804073
771290.6117627992 -0.5061108022959757
793869.9688838223 -0.5061111669493167
817110.3315457187 -0.5061115111550855
841031.0505352605 -0.5061118360598387
865652.0431290936 -0.5061121427458316
890993.8096776098 -0.5061124322346506
917077.4506742931 -0.5061127054905994
943924.6843247664 -0.5061129634238979
971557.8646301847 -0.5061132068937547
1000000.0 -0.5061134367111718
