10.0 -7.586383681890455e-05
10.292747724096083 -8.037055690517816e-05
10.59406557118851 -8.514499484015527e-05
10.904204429677526 -9.020305340984669e-05
11.223422532664179 -9.556158004768991e-05
11.551985672964793 -0.00010123842291155401
11.890167424419898 -0.0001072524901354552
12.238249369681931 -0.0001136238129340455
12.596521334671401 -0.00012037361228422492
12.965281629896682 -0.0001275243694791324
13.344837298838383 -0.0001350999010146947
13.735504373605137 -0.0001431254379902418
14.137608138073606 -0.00015162770986816752
14.551483398731937 -0.00016063503362281938
14.977474763452017 -0.0001701774078247127
15.415936928422726 -0.00018028661270671814
15.867234973483178 -0.00019099631570921243
16.331744666101677 -0.0002023421836165062
16.80985277425364 -0.00021436200135735157
17.301957388458945 -0.00022709579744498873
17.808468253246822 -0.00024058597736981022
18.329807108324356 -0.00025487746466372577
18.866408039732583 -0.0002700178502503081
19.418717841282557 -0.00028605755088390977
19.987196386572506 -0.00030304997666519805
20.57231701189556 -0.0003210517088212984
21.174566910357118 -0.0003401226878809669
21.794447537529855 -0.00036032641274856325
22.432475028984193 -0.0003817301520795511
23.089180630041927 -0.0004044051678193827
23.765111138110754 -0.0004284269520109001
24.46082935796799 -0.000453875477870502
25.17691457037277 -0.0004808354651364283
25.913963014396586 -0.0005093966622426143
26.672588383874054 -0.0005396541437086824
27.453422338387142 -0.0005717086264594096
28.257115029208283 -0.0006056668040552196
29.08433564064048 -0.0006416417010917115
29.935772947204903 -0.0006797530483053382
30.812135887140037 -0.0007201276799056402
31.714154152689986 -0.0007628999546705405
32.642578797673224 -0.0008082122014103216
33.59818286283781 -0.0008562151912535722
34.58176201952381 -0.0009070686374029861
35.594135232168604 -0.000960941724697649
36.63614544020716 -0.0010180136703484676
37.708660259934554 -0.0010784743173786293
38.81257270691538 -0.0011425247636131313
39.9488019395417 -0.0012103780276106343
41.118294024358306 -0.0012822597531709262
42.322022723792756 -0.0013584089562224226
43.56099030694608 -0.0014390788151718873
44.83622838411908 -0.001524537507665423
46.148798765769385 -0.0016150690966606552
47.499794346614124 -0.0017109744686110762
48.890340015614456 -0.0018125723264437183
50.32159359259993 -0.0019202002411207722
51.7947467923121 -0.0020342157644181484
53.31102621667033 -0.0021549976071679653
54.87169437608604 -0.0022829468863178612
56.47805074067555 -0.0024184884449024602
58.131432822247135 -0.002562072248863698
59.83321728796288 -0.002714174865830107
61.58482110660264 -0.00287530102959011
63.38770272838487 -0.0030459852957235405
65.24336329932625 -0.003226793793946203
67.15334791115141 -0.0034183260812534625
69.11924688779365 -0.003621217103621215
71.14269710955735 -0.003836139270420288
73.22538337604533 -0.004063804649100507
75.36903980898542 -0.004304967286824783
77.57545129612417 -0.004560425665318178
79.84645497739086 -0.004831025297329227
82.18394177456803 -0.0051176614722233844
84.58985796574301 -0.005421282158759849
87.06620680585127 -0.005742891073846754
89.61505019466045 -0.00608355092664689
92.23851039358476 -0.006444386847025014
94.9387717927583 -0.006826590009427021
97.71808272983904 -0.007231421460987013
100.57875736205835 -0.007660216167095753
103.52317759307378 -0.00811438728398993
106.55379505623053 -0.008595430672102678
109.67313315588179 -0.009104929661325915
112.88378916846884 -0.009644560083084976
116.18843640511002 -0.01021609558175511
119.58982643749793 -0.010821413220564912
123.09079138896018 -0.01146249939692813
126.69424629259063 -0.012141456083232454
130.40319151841317 -0.012860507408789173
134.2207152716012 -0.013622006601020507
138.14999616383224 -0.014428443302933625
142.19430585991677 -0.015282451285538848
146.357011801908 -0.016186816574553238
150.64158001295928 -0.017144486010973785
155.05157798326255 -0.0181585762665852
159.5906776404731 -0.019232383334944935
164.26265840709303 -0.020369392520713684
169.071410347358 -0.021573288949240915
174.0209374062485 -0.02284796862044216
179.115360743323 -0.024197550030493432
184.3589221641488 -0.025626386386640058
189.75598765218504 -0.027139078439774447
195.3110510040631 -0.02874048796144993
201.02873757128856 -0.030435751891616354
206.913808111479 -0.03223029718351512
212.97116275234782 -0.034129856374595285
219.20584507173257 -0.03614048391008226
225.62304629706352 -0.038268573248273784
232.22810962777245 -0.04052087477594514
239.02653468423918 -0.04290451456216443
246.02398208697775 -0.04542701398030872
253.22627816987946 -0.04809631022531573
260.63941983143474 -0.05092077775640525
268.26957952797244 -0.05390925069161775
276.1231104130753 -0.05707104618232552
284.2065516274511 -0.06041598879390916
292.5266337436645 -0.06395443591717263
301.09028437025927 -0.06769730423462664
309.9046339199427 -0.07165609726225604
318.97702154663216 -0.07584293398593732
328.3150012563047 -0.08027057860765192
337.9263481967431 -0.08495247141370844
347.819065131413 -0.08990276077120461
358.00138910285807 -0.09513633625443967
368.48179829116765 -0.10066886289523308
379.26901907322497 -0.10651681654388276
390.37203328860926 -0.11269752031796007
401.8000857182091 -0.1192291821036145
413.5626917817706 -0.12613093306395956
425.66964546078714 -0.13342286709104004
438.13102745333055 -0.14112608112329275
450.9572135676145 -0.14926271622874845
464.15888336127773 -0.15785599933387956
477.7470290335773 -0.16693028545065042
491.73296457790156 -0.17651110022885264
506.1283352022219 -0.18662518262648192
520.9451270253212 -0.19730052745886167
536.1956770568817 -0.2085664275477676
551.892683469738 -0.2204535151508798
568.0492161728429 -0.2329938023081257
584.6787276937589 -0.2462207196914319
601.7950643797334 -0.26016915349760966
619.412477926676 -0.2748754798669254
637.5456372456507 -0.2903775962574201
656.2096406767555 -0.30671494914684766
675.4200285605586 -0.3239285573764612
695.1927961775606 -0.3420610303934103
715.5444070664574 -0.3611565805898752
736.4918067322965 -0.3812610288834353
758.0524367559261 -0.4024218026287555
780.2442493165045 -0.42468792490289337
803.0857221391512 -0.44810999416413666
826.5958738801812 -0.4727401532473231
850.7942799627444 -0.4986320466329663
875.7010888760508 -0.5258407649088433
901.3370389517438 -0.55442277534052
927.7234756314059 -0.5844358374758766
954.8823692395666 -0.6159389027344249
982.8363332770031 -0.6489919969767132
1011.6086432495807 -0.6836560851126146
1041.2232560483055 -0.71999291689322
1071.7048298967104 -0.758064853139045
1103.078744882215 -0.7979346717917858
1135.3711240885177 -0.8396653533360257
1168.608855346651 -0.8833198453227857
1202.8196136227775 -0.9289608059397919
1238.0318840613968 -0.9766503268116269
1274.2749857031336 -1.0264496354766264
1311.5790958968503 -1.0784187782743369
1349.9752754264298 -1.1326162846828873
1389.4954943731375 -1.1890988144703338
1430.172658735088 -1.247920789357106
1472.0406378260013 -1.309134011228299
1515.134292476053 -1.3727872692752716
1559.4895040582815 -1.43892593877675
1605.1432043647615 -1.507591574549043
1652.1334063573702 -1.5788215023858807
1700.4992358187922 -1.6526484120701233
1750.2809639301013 -1.729099955760108
1801.520040802024 -1.8081983557231849
1854.2591299878522 -1.8899600255066518
1908.542144006686 -1.9743952086883332
1964.4142809066266 -2.0615076393373695
2021.9220618983536 -2.151294228232827
2081.1133700903947 -2.243744778735001
2142.037490358383 -2.338841735980889
2204.7451503814746 -2.436559972786897
2269.288562880081 -2.536866615289013
2335.7214690901214 -2.639720910947247
2404.0991835099717 -2.7450741410886907
2474.47863995735 -2.8528695796785017
2546.91843897454 -2.963042499498543
2621.478896621356 -3.0755202263920864
2698.222094696536 -3.1902222417127275
2777.211932429355 -3.307060332608076
2858.5141796844714 -3.425938789283671
2942.196531724374 -3.54675464794233
3028.3286655749457 -3.6693979776829466
3116.9822980411436 -3.7937522092814113
3208.2312454210773 -3.9196945034635005
3302.1514849681753 -4.0470961560232315
3398.8212181526674 -4.175823036932809
3498.320935775036 -4.305736060436934
3600.73348498562 -4.436691683014173
3706.144138266228 -4.568542426019863
3814.640664431178 -4.70113741979129
3926.3134017068355 -4.834322965985499
4041.2553329506004 -4.967943114932158
4159.562163071847 -5.1018402548034665
4281.332398719392 -5.235855709429712
4406.667430301786 -5.369830341611807
4535.671616408702 -5.5036051588000525
4668.45237070379 -5.637021918016684
4805.1202513612425 -5.769923726896765
4945.789053120639 -5.902155637709865
5090.575902036681 -6.033565231204062
5239.601353002645 -6.164003187088909
5392.98949012887 -6.293323837950319
5550.868030059805 -6.421385703374417
5713.36842831558 -6.548052001054452
5880.625988746757 -6.67319113167773
6052.779976193349 -6.79667713443777
6229.973732441841 -6.9183901101066825
6412.354795576917 -7.038216608732474
6600.075022827095 -7.1560499792064896
6793.290717006696 -7.271790678176674
6992.162756659375 -7.385346536067706
7196.856730011514 -7.496632978304783
7407.543072847163 -7.60557320022558
7624.397210419138 -7.712098294594729
7847.5997035146065 -7.816147331104737
8077.3363987967105 -7.917667387743176
8313.798583547334 -8.016613534421985
8557.183144940002 -8.112948769785579
8807.692733975462 -8.206643912631455
9065.53593421636 -8.297677449875009
9330.927435461663 -8.38603534345979
9604.08821250538 -8.471710799043137
9885.24570912827 -8.554703999664923
10174.634027476064 -8.635021807928988
10472.494122981476 -8.712677440480446
10779.074004992735 -8.787690118751302
11094.628943275218 -8.860084700061789
11419.421680558647 -8.92989129321199
11753.722651306367 -8.997144862675539
12097.810206889013 -9.0618848254197
12451.97084735032 -9.124154644231746
12816.499459957597 -9.184001421232136
13191.699564735716 -9.241475495012644
13577.883567189278 -9.296630044558295
13975.373018422924 -9.349520702804982
14384.498882876629 -9.400205182357762
14805.6018138991 -9.448742915557217
15239.032437388305 -9.495194710740067
15685.151643735446 -9.539622426201696
16144.330888316019 -9.582088663040466
16616.952500776908 -9.62265647774925
17103.41000337838 -9.66138911512594
17604.108438655527 -9.698349761800719
18119.46470667122 -9.733601320431983
18649.907912142942 -9.767206204399665
19195.87972173111 -9.799226152631718
19757.834731786996 -9.829722064030015
20336.2408468667 -9.858753850823641
20931.579669325736 -9.886380310058843
21544.346900318822 -9.912659012345918
22175.052752539294 -9.937646206912822
22824.222375040976 -9.961396741966594
23492.396290496577 -9.983963999333682
24180.13084525718 -10.005399842336555
24887.998672586673 -10.025754575863237
25616.589169457267 -10.045076917600284
26366.508987303554 -10.063413979421753
27138.3825371428 -10.080811257958413
27932.85250948253 -10.097312633409945
28750.580409448772 -10.112960375706308
29592.247107579577 -10.127795157171848
30458.55340674284 -10.141856070896232
31350.220625651124 -10.155180654068072
32267.991199458116 -10.167804915579632
33212.62929793748 -10.17976336726364
34184.92146175927 -10.191089058174754
35185.677257392665 -10.201813611379047
36215.72995118075 -10.211967262763244
37275.93720314938 -10.221578901422692
38367.18178112649 -10.230676111230544
39490.37229576694 -10.239285213233597
40646.44395709628 -10.247431308558738
41836.359353200234 -10.255138321550808
43061.10925171165 -10.262429042897095
44321.713424760856 -10.269325172523875
45619.221498074585 -10.275847362080818
46954.71382493421 -10.282015256853823
48329.30238571752 -10.287847536971338
49744.13171377451 -10.293361957791248
51200.37984840882 -10.298575389373942
52699.259315756564 -10.303503854965273
54242.01813838024 -10.30816256842877
55829.94087441914 -10.312565970579461
57464.34968715974 -10.31672776438538
59146.605445917456 -10.320660949011877
60878.108859147556 -10.324377852694875
62660.30164072656 -10.327890164436237
64494.667710376205 -10.331208964522386
66382.73442923075 -10.33434475387303
68326.07387157406 -10.337307482232013
70326.30413380644 -10.340106575217142
72385.09068173247 -10.342750960249257
74504.14773728917 -10.345249091383675
76685.2397058701 -10.347608973070647
78930.18264543568 -10.349838182871867
81240.84577862974 -10.351943893163483
83619.15304916317 -10.353932891855724
86067.08472376158 -10.35581160216098
88586.67904100832 -10.357586101442424
91180.03390845681 -10.35926213917576
93849.3086494272 -10.360845154056372
96596.72580093842 -10.362340290284779
99424.57296427398 -10.363752413061727
102335.20470972576 -10.365086123325773
105331.04453709359 -10.36634577176354
108414.5868935835 -10.367535472124057
111588.3992507748 -10.368659113866677
114855.12424239368 -10.369720374171731
118217.48186466724 -10.370722729342631
121678.27174109229 -10.371669465626399
125240.3754535072 -10.372563689479815
128906.75894140244 -10.373408337306415
132680.47497147243 -10.37420618468942
136564.66567946097 -10.374959855144677
140562.56518642136 -10.375671828415962
144677.5022915648 -10.376344448335537
148912.90324394088 -10.376979930270569
153272.2945952612 -10.377580368175828
157759.30613623615 -10.378147741272176
162377.67391887208 -10.37868392036932
167131.2433672486 -10.379190673850498
172023.97247935992 -10.379669673336135
177059.9351226898 -10.380122499042274
182243.32442626648 -10.380550644849396
187578.45627201613 -10.380955523096073
193069.77288832495 -10.381338469111165
198721.84654880533 -10.38170074549798
204539.38337933904 -10.382043546182402
210527.22727657072 -10.38236800023731
216690.3639411181 -10.382675175494034
223033.9250288494 -10.382966081951599
229563.19242369095 -10.383241674993627
236283.6026355175 -10.383502858422517
243200.7513267945 -10.383750487319636
250320.39797173254 -10.383985370739948
257648.47065183744 -10.384208274249014
265191.0709918535 -10.384419922309924
272954.4792402007 -10.384621000527227
280945.1594981406 -10.384812157754304
289169.76510202966 -10.384994008070889
297635.14416313195 -10.385167132636502
306348.3452696084 -10.385332081425428
315316.62335543614 -10.385489374849035
324547.44574113254 -10.38563950527029
334048.4983513244 -10.385782938415598
343827.6921143307 -10.385920114689341
353893.1695490984 -10.386051450394806
364253.3115449638 -10.386177338867617
374916.74433988857 -10.386298151525054
385892.3467029899 -10.386414238836748
397189.25732733024 -10.386525931221119
408816.88243912894 -10.386633539872328
420784.9036297398 -10.386737357522724
433103.2859169001 -10.386837659145453
445782.28604197066 -10.38693470260278
458832.461010084 -10.387028729244998
472264.67688029545 -10.387119964465333
486090.117813063 -10.387208618216608
500320.2953825999 -10.387294885495065
514967.0581618343 -10.38737894679716
530042.6015879672 -10.387460968555144
545559.4781168514 -10.387541103557263
561530.6076746266 -10.387619491358052
577969.2884153313 -10.387696258684723
594889.2077934331 -10.38777151984455
612304.4539605178 -10.387845377138824
630229.5274956024 -10.387917921287322
648679.3534788508 -10.387989231868303
667669.2939187557 -10.38805937777684
687215.1605431122 -10.388128417704696
707333.2279644439 -10.38819640064391
728040.2472308562 -10.388263366415018
749353.4597735757 -10.388329346220633
771290.6117627992 -10.388394363223751
793869.9688838223 -10.388458433149001
817110.3315457187 -10.388521564905114
841031.0505352605 -10.388583761224746
865652.0431290936 -10.388645019318204
890993.8096776098 -10.388705331536096
917077.4506742931 -10.38876468603571
943924.6843247664 -10.38882306744567
971557.8646301847 -10.388880457522623
1000000.0 -10.388936835794347
