10.0 -0.03351374026670675
10.292747724096083 -0.032965968781403274
10.59406557118851 -0.03239836550981205
10.904204429677526 -0.03181128370644223
11.223422532664179 -0.03120517239865417
11.551985672964793 -0.03058058346554191
11.890167424419898 -0.02993817846562586
12.238249369681931 -0.02927873511439116
12.596521334671401 -0.02860315330604004
12.965281629896682 -0.027912460571483833
13.344837298838383 -0.027207816863538098
13.735504373605137 -0.026490518559385248
14.137608138073606 -0.025762001575810933
14.551483398731937 -0.0250238434967001
14.977474763452017 -0.02427776462217205
15.415936928422726 -0.023525627858537727
15.867234973483178 -0.022769437383428712
16.331744666101677 -0.022011336036333838
16.80985277425364 -0.021253601402173763
17.301957388458945 -0.0204986405771434
17.808468253246822 -0.019748983626223775
18.329807108324356 -0.01900727576486458
18.866408039732583 -0.018276268317405905
19.418717841282557 -0.017558808528494157
19.987196386572506 -0.01685782832124007
20.57231701189556 -0.016176332114884586
21.174566910357118 -0.015517383829645105
21.794447537529855 -0.0148840932170148
22.432475028984193 -0.014279601663587367
23.089180630041927 -0.013707067618588394
23.765111138110754 -0.01316965179654779
24.46082935796799 -0.012670502301974933
25.17691457037277 -0.012212739814717176
25.913963014396586 -0.01179944296316287
26.672588383874054 -0.011433633998716039
27.453422338387142 -0.011118264867152325
28.257115029208283 -0.01085620375439745
29.08433564064048 -0.010650222165905363
29.935772947204903 -0.010502982578143406
30.812135887140037 -0.010417026683466805
31.714154152689986 -0.010394764232492014
32.642578797673224 -0.010438462463617817
33.59818286283781 -0.01055023609758997
34.58176201952381 -0.01073203786715186
35.594135232168604 -0.010985649546989636
36.63614544020716 -0.011312673448412951
37.708660259934554 -0.011714524347104072
38.81257270691538 -0.01219242181844554
39.9488019395417 -0.012747382966613416
41.118294024358306 -0.01338021554630987
42.322022723792756 -0.014091511493461793
43.56099030694608 -0.014881640898817279
44.83622838411908 -0.01575074647840991
46.148798765769385 -0.016698738614713535
47.499794346614124 -0.017725291062070814
48.890340015614456 -0.018829837428196883
50.32159359259993 -0.020011568559605494
51.7947467923121 -0.02126943097202582
53.31102621667033 -0.022602126475590095
54.87169437608604 -0.02400811314950114
56.47805074067555 -0.025485607820028393
58.131432822247135 -0.027032590189151277
59.83321728796288 -0.028646808749071995
61.58482110660264 -0.03032578859970246
63.38770272838487 -0.032066841261506177
65.24336329932625 -0.033867076547101554
67.15334791115141 -0.035723416520292525
69.11924688779365 -0.03763261153273286
71.14269710955735 -0.03959125828710247
73.22538337604533 -0.0415958198326495
75.36903980898542 -0.04364264735519317
77.57545129612417 -0.04572800358172432
79.84645497739086 -0.04784808757927869
82.18394177456803 -0.049999060692373754
84.58985796574301 -0.05217707333229422
87.06620680585127 -0.05437829230714047
89.61505019466045 -0.056598928364986506
92.23851039358476 -0.05883526361289401
94.9387717927583 -0.061083678474231705
97.71808272983904 -0.06334067785413719
100.57875736205835 -0.06560291619870458
103.52317759307378 -0.06786722115643201
106.55379505623053 -0.0701306155804653
109.67313315588179 -0.07239033764504249
112.88378916846884 -0.0746438588894306
116.18843640511002 -0.07688890004486094
119.58982643749793 -0.07912344454397946
123.09079138896018 -0.08134574965641546
126.69424629259063 -0.08355435523691328
130.40319151841317 -0.08574809011304674
134.2207152716012 -0.08792607617630618
138.14999616383224 -0.09008773027355423
142.19430585991677 -0.09223276402328771
146.357011801908 -0.09436118170393802
150.64158001295928 -0.09647327637841992
155.05157798326255 -0.09856962443049658
159.5906776404731 -0.10065107869475204
164.26265840709303 -0.10271876036284971
169.071410347358 -0.10477404984508117
174.0209374062485 -0.1068185767585101
179.115360743323 -0.1088542092017178
184.3589221641488 -0.11088304246151545
189.75598765218504 -0.11290738728093509
195.3110510040631 -0.11492975779889093
201.02873757128856 -0.11695285925296789
206.913808111479 -0.11897957551617916
212.97116275234782 -0.12101295651884444
219.20584507173257 -0.12305620558654964
225.62304629706352 -0.12511266670621057
232.22810962777245 -0.1271858117138701
239.02653468423918 -0.12927922738166386
246.02398208697775 -0.13139660236554684
253.22627816987946 -0.13354171396248868
260.63941983143474 -0.13571841461441855
268.26957952797244 -0.13793061808653312
276.1231104130753 -0.14018228524133983
284.2065516274511 -0.14247740932472627
292.5266337436645 -0.14482000067862505
301.09028437025927 -0.14721407079561885
309.9046339199427 -0.1496636156344762
318.97702154663216 -0.15217259812188602
328.3150012563047 -0.15474492977544993
337.9263481967431 -0.15738445139559717
347.819065131413 -0.1600949127899937
358.00138910285807 -0.16287995151312396
368.48179829116765 -0.1657430706263394
379.26901907322497 -0.16868761550877093
390.37203328860926 -0.1717167497785776
401.8000857182091 -0.17483343041505575
413.5626917817706 -0.17804038220605642
425.66964546078714 -0.1813400716810841
438.13102745333055 -0.18473468072759114
450.9572135676145 -0.1882260801261866
464.15888336127773 -0.1918158032782643
477.7470290335773 -0.19550502043637696
491.73296457790156 -0.19929451378230797
506.1283352022219 -0.2031846537289398
520.9451270253212 -0.20717537684846052
536.1956770568817 -0.21126616584971514
551.892683469738 -0.21545603204056257
568.0492161728429 -0.21974350071534965
584.6787276937589 -0.22412659990171777
601.7950643797334 -0.22860285288486631
619.412477926676 -0.23316927489869715
637.5456372456507 -0.23782237433379025
656.2096406767555 -0.24255815875921533
675.4200285605586 -0.2473721459916643
695.1927961775606 -0.25225938037054135
715.5444070664574 -0.25721445431279605
736.4918067322965 -0.2622315351296939
758.0524367559261 -0.26730439698950736
780.2442493165045 -0.2724264578093626
803.0857221391512 -0.2775908207588119
826.5958738801812 -0.2827903199593232
850.7942799627444 -0.28801756987256105
875.7010888760508 -0.29326501778696423
901.3370389517438 -0.2985249987418639
927.7234756314059 -0.30378979217171553
954.8823692395666 -0.3090516795134035
982.8363332770031 -0.31430300199767514
1011.6086432495807 -0.3195362178427984
1041.2232560483055 -0.3247439580839761
1071.7048298967104 -0.32991908030666606
1103.078744882215 -0.33505471960286337
1135.3711240885177 -0.3401443361359091
1168.608855346651 -0.3451817587786962
1202.8196136227775 -0.35016122438007163
1238.0318840613968 -0.3550774123101566
1274.2749857031336 -0.35992547403688346
1311.5790958968503 -0.36470105758740073
1349.9752754264298 -0.36940032684740604
1389.4954943731375 -0.3740199757473373
1430.172658735088 -0.3785572374712566
1472.0406378260013 -0.3830098889042898
1515.134292476053 -0.3873762506022587
1559.4895040582815 -0.3916551826247182
1605.1432043647615 -0.3958460766175667
1652.1334063573702 -0.39994884456446045
1700.4992358187922 -0.4039639046476468
1750.2809639301013 -0.4078921646688987
1801.520040802024 -0.411735003481298
1854.2591299878522 -0.4154942508733808
1908.542144006686 -0.41917216632985077
1964.4142809066266 -0.42277141707057
2021.9220618983536 -0.42629505573916765
2081.1133700903947 -0.42974649808171256
2142.037490358383 -0.43312950091944685
2204.7451503814746 -0.4364481406837687
2269.288562880081 -0.4397067927439679
2335.7214690901214 -0.44291011172176575
2404.0991835099717 -0.4460630129514188
2474.47863995735 -0.4491706552102187
2546.91843897454 -0.4522384248129875
2621.478896621356 -0.45527192113559345
2698.222094696536 -0.4582769436068701
2777.211932429355 -0.46125948018545626
2858.5141796844714 -0.46422569731935787
2942.196531724374 -0.4671819313695213
3028.3286655749457 -0.47013468146679127
3116.9822980411436 -0.4730906037617648
3208.2312454210773 -0.47605650702215585
3302.1514849681753 -0.4790393495292885
3398.8212181526674 -0.4820462372272837
3498.320935775036 -0.48508442308312527
3600.73348498562 -0.4881613076248395
3706.144138266228 -0.4912844406381083
3814.640664431178 -0.49446152401916477
3926.3134017068355 -0.49770041580425617
4041.2553329506004 -0.5010091354243119
4159.562163071847 -0.5043958702679876
4281.332398719392 -0.5078689836778254
4406.667430301786 -0.5114370245547496
4535.671616408702 -0.515108738806233
4668.45237070379 -0.5188930829446821
4805.1202513612425 -0.5227992402282082
4945.789053120639 -0.526836639836542
5090.575902036681 -0.5310149796951595
5239.601353002645 -0.535344253703518
5392.98949012887 -0.539834784292816
5550.868030059805 -0.544497261441757
5713.36842831558 -0.549342789520725
5880.625988746757 -0.5543829436255813
6052.779976193349 -0.5596298374127441
6229.973732441841 -0.5650962048704383
6412.354795576917 -0.5707954989769192
6600.075022827095 -0.5767420108265954
6793.290717006696 -0.5829510135808058
6992.162756659375 -0.5894389365623092
7196.856730011514 -0.5962235760104947
7407.543072847163 -0.6033243505236394
7624.397210419138 -0.6107626111213895
7847.5997035146065 -0.618562018296805
8077.3363987967105 -0.6267490015550782
8313.798583547334 -0.6353533209906791
8557.183144940002 -0.6444087557419849
8807.692733975462 -0.6539539511157508
9065.53593421636 -0.6640334653784539
9330.927435461663 -0.6746990694848496
9604.08821250538 -0.6860113694809534
9885.24570912827 -0.698041843542916
10174.634027476064 -0.7108754157424697
10472.494122981476 -0.7246137295869138
10779.074004992735 -0.7393793400450156
11094.628943275218 -0.755321117984477
11419.421680558647 -0.772621261049607
11753.722651306367 -0.7915044337381354
12097.810206889013 -0.8122497126088775
12451.97084735032 -0.8352061602247663
12816.499459957597 -0.8608128893360423
13191.699564735716 -0.8896240961121771
13577.883567189278 -0.9223378544927513
13975.373018422924 -0.9598219750716541
14384.498882876629 -1.003113754763172
14805.6018138991 -1.0533216591450287
15239.032437388305 -1.1112103345617623
15685.151643735446 -1.175798639938988
16144.330888316019 -1.239900636406486
16616.952500776908 -1.2765899026280423
17103.41000337838 -1.2050093896978522
17604.108438655527 -0.8646239698690582
18119.46470667122 -0.24509551765330637
18649.907912142942 0.21378333990885579
19195.87972173111 0.31022241669791295
19757.834731786996 0.23449224470893915
20336.2408468667 0.12415742701825747
20931.579669325736 0.022447748819954955
21544.346900318822 -0.06262377724540516
22175.052752539294 -0.13231115303764365
22824.222375040976 -0.18954224189754337
23492.396290496577 -0.23702364585541089
24180.13084525718 -0.27690013964561844
24887.998672586673 -0.3107992666385133
25616.589169457267 -0.33994501132272675
26366.508987303554 -0.36526169187143487
27138.3825371428 -0.3874540046150174
27932.85250948253 -0.40706547727250936
28750.580409448772 -0.42452046969829155
29592.247107579577 -0.44015432432625984
30458.55340674284 -0.4542351382495785
31350.220625651124 -0.4669796284242928
32267.991199458116 -0.4785648136653109
33212.62929793748 -0.4891367102150735
34184.92146175927 -0.49881687450550405
35185.677257392665 -0.5077073778784403
36215.72995118075 -0.5158946271575651
37275.93720314938 -0.5234523269218615
38367.18178112649 -0.5304437971053517
39490.37229576694 -0.5369238017447115
40646.44395709628 -0.5429400036559625
41836.359353200234 -0.548534130405733
43061.10925171165 -0.5537429156417982
44321.713424760856 -0.5585988642863959
45619.221498074585 -0.5631308786176248
46954.71382493421 -0.5673647737249892
48329.30238571752 -0.5713237044198448
49744.13171377451 -0.5750285208362081
51200.37984840882 -0.5784980662649597
52699.259315756564 -0.5817494279322475
54242.01813838024 -0.5847981492411115
55829.94087441914 -0.5876584102922978
57464.34968715974 -0.590343182166778
59146.605445917456 -0.5928643594013504
60878.108859147556 -0.595232874258396
62660.30164072656 -0.5974587957279818
64494.667710376205 -0.5995514156714628
66382.73442923075 -0.6015193240901066
68326.07387157406 -0.603370475158442
70326.30413380644 -0.6051122453831257
72385.09068173247 -0.6067514850212675
74504.14773728917 -0.6082945637062188
76685.2397058701 -0.609747411077747
78930.18264543568 -0.6111155530854614
81240.84577862974 -0.6124041445334548
83619.15304916317 -0.6136179983460686
86067.08472376158 -0.6147616119644324
88586.67904100832 -0.6158391912222888
91180.03390845681 -0.6168546720006568
93849.3086494272 -0.6178117399189774
96596.72580093842 -0.618713848283657
99424.57296427398 -0.6195642344859194
102335.20470972576 -0.6203659350158806
105331.04453709359 -0.6211217992380169
108414.5868935835 -0.6218345020525244
111588.3992507748 -0.6225065555564671
114855.12424239368 -0.6231403197993255
118217.48186466724 -0.6237380127202832
121678.27174109229 -0.6243017193425804
125240.3754535072 -0.6248334002922408
128906.75894140244 -0.6253348997007506
132680.47497147243 -0.6258079525453351
136564.66567946097 -0.6262541914742386
140562.56518642136 -0.6266751531595384
144677.5022915648 -0.627072284215996
148912.90324394088 -0.6274469467208028
153272.2945952612 -0.6278004233648159
157759.30613623615 -0.628133922264259
162377.67391887208 -0.6284485814579028
167131.2433672486 -0.6287454731134017
172023.97247935992 -0.6290256074638662
177059.9351226898 -0.6292899364943754
182243.32442626648 -0.6295393573956667
187578.45627201613 -0.6297747158018958
193069.77288832495 -0.6299968088266767
198721.84654880533 -0.6302063879118204
204539.38337933904 -0.6304041615011878
210527.22727657072 -0.6305907975509766
216690.3639411181 -0.6307669258876392
223033.9250288494 -0.6309331404235806
229563.19242369095 -0.6310900012392501
236283.6026355175 -0.6312380365403443
243200.7513267945 -0.6313777444987974
250320.39797173254 -0.6315095949839242
257648.47065183744 -0.6316340311910642
265191.0709918535 -0.6317514711744945
272954.4792402007 -0.6318623092894666
280945.1594981406 -0.6319669175504544
289169.76510202966 -0.6320656469090473
297635.14416313195 -0.6321588284582557
306348.3452696084 -0.6322467745656514
315316.62335543614 -0.6323297799416487
324547.44574113254 -0.6324081226453189
334048.4983513244 -0.6324820650318036
343827.6921143307 -0.6325518546458119
353893.1695490984 -0.6326177250627472
364253.3115449638 -0.6326798966823606
374916.74433988857 -0.6327385774755102
385892.3467029899 -0.6327939636895769
397189.25732733024 -0.6328462405123292
408816.88243912894 -0.6328955826979848
420784.9036297398 -0.6329421551583041
433103.2859169001 -0.6329861135188206
445782.28604197066 -0.6330276046438146
458832.461010084 -0.6330667671317074
472264.67688029545 -0.6331037317817638
486090.117813063 -0.6331386220343189
500320.2953825999 -0.6331715543864711
514967.0581618343 -0.6332026387833134
530042.6015879672 -0.6332319789879937
545559.4781168514 -0.6332596729295643
561530.6076746266 -0.633285813032346
577969.2884153313 -0.6333104865260661
594889.2077934331 -0.6333337757382147
612304.4539605178 -0.6333557583700435
630229.5274956024 -0.6333765077574665
648679.3534788508 -0.6333960931164767
667669.2939187557 -0.6334145797749229
687215.1605431122 -0.6334320293914465
707333.2279644439 -0.6334485001618859
728040.2472308562 -0.6334640470138454
749353.4597735757 -0.6334787217909071
771290.6117627992 -0.6334925734254317
793869.9688838223 -0.6335056481026735
817110.3315457187 -0.6335179894151401
841031.0505352605 -0.6335296385080813
865652.0431290936 -0.6335406342171696
890993.8096776098 -0.6335510131983062
917077.4506742931 -0.6335608100499733
943924.6843247664 -0.6335700574289859
971557.8646301847 -0.6335787861591585
1000000.0 -0.6335870253348943
