10.0 4.5011376285202696
10.53310445370937 3.963880030968896
11.094628943275218 -16.98462641205069
11.686088553466515 -4.122401122016251
12.309079138896024 8.898341443548436
12.965281629896682 7.798959544196532
13.65646656794611 -21.487495947764607
14.38449888287663 -9.466054778993977
15.15134292476053 -0.7136892022270653
15.95906776404731 -21.492942540687558
16.80985277425364 -16.65441404866151
17.70599351226899 -5.834175622354595
18.64990791214297 -8.839921494438954
19.644142809066278 -19.13663873041306
20.6913808111479 0.23760884397524284
21.794447537529855 -7.881530477755182
22.956319242369098 -17.967434598596014
24.180130845257207 -10.84025785821093
25.4691843897454 -12.94543488738334
26.826957952797258 -17.316127817161934
28.257115029208283 -10.599841030597783
29.76351441631318 -7.0792264113276415
31.350220625651154 -4.8551792389185
33.02151484968176 -2.391797986565475
34.7819065131413 -5.95638710201459
36.63614544020716 -10.525266021312959
38.58923467029903 2.416707628309538
40.646443957096295 -14.92313505806236
42.81332398719393 -8.806325402629
45.095721356761466 -20.03702902985848
47.499794346614124 -0.28325500490893063
50.03202953826004 -0.5249666106359488
52.699259315756564 1.133321511157305
55.50868030059805 -17.494257550437137
58.467872769375894 -10.65636896397167
61.58482110660264 -8.836835902949684
64.86793534788511 -8.132579597967226
68.32607387157402 -7.948145272427396
71.96856730011521 -10.421652109229653
75.8052436755926 -13.255775708610638
79.84645497739086 4.162765750210834
84.10310505352605 2.7487224400339745
88.58667904100822 -13.99638042414109
93.30927435461668 -7.227371257512165
98.28363332770026 -13.67525340022879
103.52317759307378 -4.690812121572044
109.04204429677526 -19.42728758898081
114.8551242423938 -10.028612582118559
120.97810206889012 -11.515394389028996
127.42749857031335 -6.259723415610015
134.2207152716012 6.297990227407521
141.37608138073614 -1.7452031422417267
148.91290324394086 -4.148986058008472
156.85151643735477 -4.705855314207501
165.213340635737 -28.472637918942464
174.0209374062485 -9.297337510955929
183.29807108324357 -11.36458787541386
193.06977288832496 -15.87239360431971
203.36240846866724 -11.200328671987299
214.2037490358383 -9.02797011377697
225.62304629706352 -7.374653554759208
237.65111138110728 -1.529753181905117
250.32039797173255 -8.366017307507867
263.6650898730358 -4.608531345380661
277.7211932429355 -13.253516210300138
292.5266337436645 2.9802552899184813
308.1213588714002 -14.929157803237205
324.54744574113323 -4.895349061709352
341.84921461759274 -4.450554441672303
360.073348498562 -29.839700291452385
379.26901907322497 -7.136582435920276
399.48801939541704 3.22842544232158
420.78490362974026 -9.165667772267518
443.21713424760856 -19.27671876676958
466.84523707037897 -17.086774980069677
491.73296457790156 -15.236839997134881
517.9474679231213 6.190078939673804
545.5594781168514 -11.688535212300588
574.6434968715973 -16.14887479611864
605.2779976193349 -8.633602042844718
637.5456372456507 -6.080412372437626
671.5334791115142 -14.415094729184801
707.3332279644438 -15.505868231155544
745.0414773728917 1.6776443272249708
784.7599703514607 -8.38405584038581
826.5958738801812 -10.9969291855592
870.6620680585127 1.3907480993869556
917.0774506742931 -12.394076183492102
965.9672580093833 -7.686275585893853
1017.4634027476063 -14.786225298109192
1071.7048298967104 -11.523999055101818
1128.8378916846884 2.2902486726796836
1189.01674244199 -7.459104717550761
1252.4037545350732 -0.36775446285849267
1319.1699564735716 -4.30714393453043
1389.4954943731375 -15.40346485294621
1463.5701180190797 -23.953319397648904
1541.5936928422718 -7.509180578598774
1623.776739188721 -15.825329007036618
1710.3410003378397 16.955718985133792
1801.520040802024 -16.050780451095243
1897.5598765218504 -21.455613756215094
1998.7196386572507 -9.589832257761556
2105.272272765707 -16.40241165921221
2217.505275253932 -0.9997807631149846
2335.7214690901214 -1.5940785593184614
2460.239820869775 19.203176089445382
2591.3963014396572 -6.386587491624278
2729.5447924020073 -17.355560307925696
2875.0580409448803 -9.535514695088516
3028.3286655749457 -9.282423230373796
3189.7702154663216 -3.5847077954305147
3359.818286283781 -16.096003811154166
3538.9316954909877 2.1906146423500736
3727.593720314938 -10.223395885421915
3926.3134017068355 -16.194440746331267
4135.626917817706 -15.897217432943595
4356.099030694608 -13.847238656500974
4588.324610100844 -20.403279867653254
4832.930238571752 5.118762955594651
5090.575902036681 -11.035131571090277
5361.956770568817 -14.60411969021822
5647.805074067552 -6.9528135452877535
5948.892077934331 -28.71168867308735
6266.030164072656 -14.8773147482844
6600.075022827095 -8.050581013923798
6951.927961775606 -22.671671734321244
7322.538337604534 -10.238203474749065
7712.906117627992 -13.88471425060007
8124.0845778629655 1.412363779722324
8557.183144940002 -19.99030357728286
9013.37038951743 2.626578503888983
9493.87717927582 -11.194056989564915
10000.0 -4.327498976570754
10533.104453709382 -10.847052910063493
11094.628943275218 -2.817151432721295
11686.088553466498 -11.609959178718343
12309.079138896019 -2.3771345765621756
12965.281629896688 7.365888636553587
13656.466567946096 -15.7275803772097
14384.498882876629 -11.265134786227929
15151.342924760515 16.9447869283882
15959.06776404731 7.516420160349036
16809.852774253653 9.813616944824462
17705.99351226898 -16.58167292141159
18649.907912142942 1.2726588877914558
19644.142809066267 -15.45365675186569
20691.3808111479 -38.503229110444096
21794.447537529835 -4.75044076519366
22956.319242369096 -24.25566603467468
24180.13084525718 -5.95496417901845
25469.184389745402 6.733041958748719
26826.957952797275 -43.77945485094365
28257.115029208268 -16.100033288138242
29763.51441631313 -4.117332479427907
31350.220625651124 17.04250115614538
33021.51484968176 -6.079027558100253
34781.90651314134 6.558209715215149
36636.14544020716 0.9776632860682334
38589.23467029899 -26.468860619729906
40646.44395709628 -17.13031533072849
42813.32398719396 -13.296929985046509
45095.721356761445 12.540272189745176
47499.79434661403 -1.0743720388051736
50032.029538259994 -17.114303890362205
52699.259315756564 -1.0046843960991294
55508.680300598106 -4.66361254783179
58467.87276937589 -7.493568094096814
61584.82110660255 11.464641745230002
64867.935347885075 -26.06432612526717
68326.07387157406 8.725729705180957
71968.56730011514 13.31439250268806
75805.24367559262 -8.583406824833858
79846.45497739078 -12.917477613943088
84103.10505352604 -23.35799239678241
88586.67904100832 -10.938726470411854
93309.27435461663 -17.17163665505366
98283.63332770011 -3.4143810436225697
103523.17759307378 -16.797312846206523
109042.04429677526 -3.0334224542415997
114855.12424239368 -12.813801730849834
120978.10206889013 -3.9259101636793234
127427.49857031321 -9.243139103322797
134220.7152716012 -13.594734827006516
141376.08138073614 -1.0491748613230776
148912.90324394088 5.362645545531764
156851.5164373548 -6.850874709875477
165213.34063573685 -1.5843969884178346
174020.9374062485 -9.662569503863683
183298.07108324338 -31.953193056858318
193069.77288832495 -24.38215910837919
203362.40846866704 15.86358659798545
214203.74903583832 -7.8888388851814195
225623.04629706353 -3.6069004088022414
237651.11138110727 -28.243882033289015
250320.39797173254 -13.589934880915106
263665.08987303555 -0.05792533238686275
277721.1932429355 8.589319213310954
292526.6337436642 -40.180142212474024
308121.35887140024 -9.276964103298374
324547.44574113254 -26.119127517629096
341849.21461759275 -6.0142615663800125
360073.348498562 -41.15081471569024
379269.0190732246 13.148746453283573
399488.019395417 -39.53007011486791
420784.9036297398 -31.176470426344224
443217.13424760854 -21.61688205198748
466845.2370703785 -16.636597736312456
491732.9645779016 -2.834280538190427
517947.46792312124 -51.85629974924603
545559.4781168514 -11.876999234600195
574643.4968715974 12.149941117484113
605277.9976193343 -8.15164705592148
637545.6372456506 -9.969126848128218
671533.4791115135 -49.12807401129153
707333.2279644439 -48.90956978485092
745041.4773728917 -11.695221235525812
784759.9703514606 -9.52662437384323
826595.8738801812 -46.18154851441866
870662.0680585118 -10.738677630461979
917077.4506742931 -35.28104785946576
965967.2580093823 -17.47033543389928
1017463.4027476063 -35.80267538422446
1071704.8298967092 -34.77224202125858
1128837.8916846884 -18.248452067149103
1189016.74244199 -24.21230641102643
1252403.7545350718 -21.747498656776596
1319169.9564735717 -22.437305746669537
1389495.494373136 -21.74250692641136
1463570.1180190798 -18.04680714772024
1541593.6928422702 -37.51532957475399
1623776.739188721 -32.35055721754259
1710341.0003378377 -30.82981959366485
1801520.0408020238 -18.3744951014496
1897559.8765218505 -21.478923157758132
1998719.6386572486 -8.321301624168983
2105272.272765707 -43.76139300429219
2217505.2752539297 -9.034445817658058
2335721.4690901213 -25.214612713199944
2460239.8208697727 -20.946803176322454
2591396.3014396573 -22.564504340596226
2729544.792402007 -4.445343387290152
2875058.040944877 -11.869911368224436
3028328.6655749455 -63.28343617494344
3189770.215466318 -16.089403428487135
3359818.286283781 -16.748068447873784
3538931.6954909842 -20.845653679831035
3727593.720314938 -25.53660586595417
3926313.4017068394 0.6553753033464039
4135626.917817706 -12.272110908335083
4356099.030694608 -39.24900153725951
4588324.61010084 -25.41982692113531
4832930.238571752 -14.001234280889543
5090575.902036676 -1.931820218220198
5361956.770568817 -5.409619511898342
5647805.074067546 -22.69958284811392
5948892.077934331 24.592740873490456
6266030.164072656 -20.274827409844768
6600075.022827089 -24.58061918243442
6951927.961775606 2.8053482320971823
7322538.337604526 -9.442899708868596
7712906.117627992 -15.40020430409993
8124084.5778629575 -22.181665565181724
8557183.144940002 -24.22824202443681
9013370.38951742 6.846166938355081
9493877.17927582 -7.971640182435006
10000000.0 -64.57661054586303
10533104.45370936 -35.68024389724648
11094628.943275219 -20.805499843684668
11686088.553466497 -38.4883321799071
12309079.138896018 -15.295655412670389
12965281.629896663 7.6020867811207715
13656466.567946097 -14.005083595522471
14384498.882876629 -26.323417260372768
15151342.924760515 -25.27012240437547
15959067.76404731 -30.340494438143033
16809852.774253618 -33.56192513922719
17705993.51226898 -26.18521959706643
18649907.912142944 -25.382200453937912
19644142.809066266 -20.952007961261963
20691380.811147902 6.578700065749895
21794447.537529834 -17.136352580742603
22956319.242369097 -27.146393881417076
24180130.84525718 -33.629694900678146
25469184.3897454 -17.823734898756616
26826957.95279722 -12.733864067741541
28257115.02920827 -5.59459464387348
29763514.41631313 -21.406972372648138
31350220.62565112 -13.724807882962677
33021514.849681754 -8.765796208283886
34781906.51314127 -9.14641675325816
36636145.44020716 -22.44919529121517
38589234.67029899 -9.314598138700754
40646443.95709628 -41.079654012699834
42813323.98719387 -27.64259454830363
45095721.35676145 -32.460235380962075
47499794.346614026 13.164712770398754
50032029.53825999 -8.652172693621859
52699259.31575657 -51.363962365910524
55508680.300597996 -15.781219291551182
58467872.7693759 -22.408004335846083
61584821.10660254 -20.774375623848854
64867935.34788508 -41.62005100692398
68326073.87157391 11.655222815742865
71968567.30011514 -8.815421744596742
75805243.67559262 -40.59515775879251
79846454.97739078 -10.862488348540431
84103105.05352604 -22.03660198542144
88586679.04100814 -15.725474258003239
93309274.35461664 -14.704217257806068
98283633.32770011 1.002553565742709
103523177.59307377 -30.720239896474304
109042044.29677527 -5.339233359318857
114855124.24239345 -23.75721565461426
120978102.06889038 -1.2788119160917413
127427498.57031322 -22.45606796891101
134220715.2716012 1.5581476986980825
141376081.38073614 -15.288113642537214
148912903.24394056 2.5665231905805364
156851516.43735445 -7.952204796745242
165213340.63573685 -3.5947560211561274
174020937.40624848 -18.847631555837975
183298071.08324376 -24.97004168034159
193069772.88832456 -30.71932369617479
203362408.46866703 -49.961130791261525
214203749.0358383 -46.502484496620575
225623046.2970626 -4.42588395760399
237651111.38110778 -15.921241604282638
250320397.97173202 -4.230296254760503
263665089.87303555 -11.73731209215703
277721193.2429355 -29.030533398613052
292526633.74366355 -31.47492763712213
308121358.87140083 -26.966577377461295
324547445.74113256 -18.13869788546288
341849214.6175927 -22.727379170355206
360073348.49856204 -16.820897081982167
379269019.0732238 -19.606628059675398
399488019.39541787 11.98221868381778
420784903.6297398 -21.690882443467373
443217134.24760854 -26.01693204512664
466845237.07037944 -23.919546000908404
491732964.5779006 -14.772906242315765
517947467.9231202 -22.822111906890257
545559478.1168514 -9.92604002047586
574643496.8715974 -13.381692824533646
605277997.6193355 -24.35336300958538
637545637.2456493 -19.223950933174727
671533479.1115135 -5.575324618736656
707333227.9644439 -13.590510559837949
745041477.3728887 -4.614720787108777
784759970.3514622 -6.5947455276124
826595873.8801795 12.259010845477544
870662068.0585117 -7.484756987582081
917077450.674293 -3.811101437898316
965967258.0093802 -24.44868667721808
1017463402.7476043 -19.04871269645949
1071704829.8967092 -25.148409345691963
1128837891.6846883 -1.3623909928914952
1189016742.44199 8.847363575021244
1252403754.5350692 -11.156613618837767
1319169956.473569 -22.702802094005907
1389495494.373136 -22.57016998277686
1463570118.0190797 -14.373853093095526
1541593692.8422735 -11.350111065814612
1623776739.1887176 -35.173066095001886
1710341000.337838 -34.1319465552477
1801520040.802024 -11.741057724864447
1897559876.5218503 -2.9505350525988017
1998719638.6572526 -30.457718039261405
2105272272.7657027 -58.28145064060824
2217505275.2539296 -16.60087282687631
2335721469.0901213 -22.526737849621664
2460239820.8697777 -18.644275391087824
2591396301.439652 -12.773753286070965
2729544792.402002 -35.95855559987326
2875058040.944877 -37.038860844453026
3028328665.5749454 11.109759472978551
3189770215.466325 -59.82466806253714
3359818286.2837744 -18.833733770698572
3538931695.4909844 -22.435231672714306
3727593720.314938 -14.292377893159438
3926313401.7068396 -24.952216001584816
4135626917.8176975 7.779936664800953
4356099030.694599 -12.704094895528256
4588324610.100841 -28.104785994351275
4832930238.571753 -21.267951208558653
5090575902.036687 -12.211811431168819
5361956770.568806 -17.391724461476766
5647805074.067546 -32.135163618950955
5948892077.934331 -13.682436151479118
6266030164.072656 -8.715984851959904
6600075022.827075 8.222015866462606
6951927961.775591 -7.2557118106970355
7322538337.6045265 -13.160617818756545
7712906117.627993 -20.48218358178903
8124084577.862974 -17.505155644735684
8557183144.939984 8.84384395066803
9013370389.51742 -23.846089388591572
9493877179.27582 -14.005125328189356
10000000000.0 -22.192981604785867
