10.0 -5.479686413146388
10.292747724096083 -5.479426117839771
10.59406557118851 -5.479150903712384
10.904204429677526 -5.4788599492182355
11.223422532664179 -5.478552391579985
11.551985672964793 -5.478227325203252
11.890167424419898 -5.477883800091073
12.238249369681931 -5.477520820268146
12.596521334671401 -5.477137342225769
12.965281629896682 -5.476732273399977
13.344837298838383 -5.476304470697105
13.735504373605137 -5.4758527390826215
14.137608138073606 -5.4753758302512745
14.551483398731937 -5.474872441398405
14.977474763452017 -5.47434121411473
15.415936928422726 -5.473780733429083
15.867234973483178 -5.473189527026191
16.331744666101677 -5.472566064669115
16.80985277425364 -5.47190875785862
17.301957388458945 -5.471215959764592
17.808468253246822 -5.470485965467292
18.329807108324356 -5.469717012549193
18.866408039732583 -5.468907282080665
19.418717841282557 -5.468054900045684
19.987196386572506 -5.467157939255976
20.57231701189556 -5.466214421804443
21.174566910357118 -5.4652223221104546
21.794447537529855 -5.464179570611156
22.432475028984193 -5.463084058153762
23.089180630041927 -5.461933641144188
23.765111138110754 -5.46072614750652
24.46082935796799 -5.4594593835065695
25.17691457037277 -5.458131141489804
25.913963014396586 -5.456739208580149
26.672588383874054 -5.45528137638061
27.453422338387142 -5.4537554517096325
28.257115029208283 -5.452159268398253
29.08433564064048 -5.450490700162312
29.935772947204903 -5.4487476745510754
30.812135887140037 -5.446928187958731
31.714154152689986 -5.445030321667952
32.642578797673224 -5.443052258875261
33.59818286283781 -5.440992302626524
34.58176201952381 -5.438848894567256
35.594135232168604 -5.436620634387122
36.63614544020716 -5.4343062998113645
37.708660259934554 -5.431904866963949
38.81257270691538 -5.429415530899106
39.9488019395417 -5.426837726069787
41.118294024358306 -5.424171146474405
42.322022723792756 -5.421415765197785
43.56099030694608 -5.418571853039738
44.83622838411908 -5.415639995905557
46.148798765769385 -5.412621110618694
47.499794346614124 -5.40951645880746
48.890340015614456 -5.4063276585161155
50.32159359259993 -5.403056693196695
51.7947467923121 -5.399705917752654
53.31102621667033 -5.396278061328882
54.87169437608604 -5.39277622657557
56.47805074067555 -5.38920388515554
58.131432822247135 -5.385564869315856
59.83321728796288 -5.381863359403951
61.58482110660264 -5.378103867275269
63.38770272838487 -5.374291215611848
65.24336329932625 -5.370430513248033
67.15334791115141 -5.366527126678044
69.11924688779365 -5.362586647998637
71.14269710955735 -5.358614859616101
73.22538337604533 -5.354617696117433
75.36903980898542 -5.350601203769333
77.57545129612417 -5.346571498162415
79.84645497739086 -5.342534720560606
82.18394177456803 -5.3384969935452355
84.58985796574301 -5.334464376558734
87.06620680585127 -5.330442821953822
89.61505019466045 -5.326438132140156
92.23851039358476 -5.322455918392515
94.9387717927583 -5.318501561843476
97.71808272983904 -5.3145801771309
100.57875736205835 -5.310696579107816
103.52317759307378 -5.306855252952375
106.55379505623053 -5.303060327939758
109.67313315588179 -5.299315555059831
112.88378916846884 -5.295624288585402
116.18843640511002 -5.291989471618828
119.58982643749793 -5.28841362557179
123.09079138896018 -5.284898843465293
126.69424629259063 -5.281446786876862
130.40319151841317 -5.278058686309544
134.2207152716012 -5.27473534471436
138.14999616383224 -5.271477143863886
142.19430585991677 -5.268284053250383
146.357011801908 -5.265155641166351
150.64158001295928 -5.2620910876190585
155.05157798326255 -5.25908919873145
159.5906776404731 -5.256148422290253
164.26265840709303 -5.25326686411648
169.071410347358 -5.250442304952544
174.0209374062485 -5.247672217583873
179.115360743323 -5.244953783939007
184.3589221641488 -5.242283911940671
189.75598765218504 -5.23965925190989
195.3110510040631 -5.237076212355349
201.02873757128856 -5.234530975010094
206.913808111479 -5.232019509006776
212.97116275234782 -5.22953758411083
219.20584507173257 -5.227080782957475
225.62304629706352 -5.224644512263325
232.22810962777245 -5.222224013006624
239.02653468423918 -5.21981436959117
246.02398208697775 -5.21741051802861
253.22627816987946 -5.2150072531911
260.63941983143474 -5.212599235202417
268.26957952797244 -5.210180995049666
276.1231104130753 -5.207746939510837
284.2065516274511 -5.205291355504691
292.5266337436645 -5.202808413980088
301.09028437025927 -5.200292173471114
309.9046339199427 -5.197736583452909
318.97702154663216 -5.195135487640885
328.3150012563047 -5.192482627382924
337.9263481967431 -5.189771645300705
347.819065131413 -5.186996089341912
358.00138910285807 -5.184149417410392
368.48179829116765 -5.1812250027456574
379.26901907322497 -5.178216140226796
390.37203328860926 -5.1751160537787175
401.8000857182091 -5.171917905060107
413.5626917817706 -5.168614803612944
425.66964546078714 -5.165199818652151
438.13102745333055 -5.16166599267068
450.9572135676145 -5.1580063570300325
464.15888336127773 -5.15421394969827
477.7470290335773 -5.150281835286396
491.73296457790156 -5.14620312751981
506.1283352022219 -5.141971014262998
520.9451270253212 -5.137578785193334
536.1956770568817 -5.133019862192541
551.892683469738 -5.128287832492161
568.0492161728429 -5.12337648457208
584.6787276937589 -5.118279846767972
601.7950643797334 -5.112992228495187
619.412477926676 -5.107508263942564
637.5456372456507 -5.101822958030509
656.2096406767555 -5.095931734363556
675.4200285605586 -5.089830484839829
695.1927961775606 -5.0835156205083205
715.5444070664574 -5.076984123192174
736.4918067322965 -5.070233597322355
758.0524367559261 -5.06326232135441
780.2442493165045 -5.056069298071909
803.0857221391512 -5.048654303017944
826.5958738801812 -5.04101793024084
850.7942799627444 -5.033161634497113
875.7010888760508 -5.025087769024074
901.3370389517438 -5.01679961798076
927.7234756314059 -5.008301422660245
954.8823692395666 -4.999598400601642
982.8363332770031 -4.990696756777827
1011.6086432495807 -4.981603686105842
1041.2232560483055 -4.972327366622177
1071.7048298967104 -4.962876942783677
1103.078744882215 -4.953262498495776
1135.3711240885177 -4.943495019630838
1168.608855346651 -4.933586345977651
1202.8196136227775 -4.923549112753982
1238.0318840613968 -4.913396682013847
1274.2749857031336 -4.903143064483057
1311.5790958968503 -4.892802832555748
1349.9752754264298 -4.882391025374314
1389.4954943731375 -4.871923047089531
1430.172658735088 -4.861414559550618
1472.0406378260013 -4.850881370801682
1515.134292476053 -4.840339320856245
1559.4895040582815 -4.82980416628299
1605.1432043647615 -4.819291465160052
1652.1334063573702 -4.808816463942239
1700.4992358187922 -4.798393987735511
1750.2809639301013 -4.788038335387524
1801.520040802024 -4.777763180685623
1854.2591299878522 -4.7675814808080474
1908.542144006686 -4.757505393005551
1964.4142809066266 -4.747546200304671
2021.9220618983536 -4.737714246826856
2081.1133700903947 -4.728018883115376
2142.037490358383 -4.718468421660537
2204.7451503814746 -4.7090701026189405
2269.288562880081 -4.699830069539274
2335.7214690901214 -4.690753354739433
2404.0991835099717 -4.681843873831473
2474.47863995735 -4.673104428764191
2546.91843897454 -4.66453671864932
2621.478896621356 -4.6561413575579875
2698.222094696536 -4.647917898417462
2777.211932429355 -4.639864862105406
2858.5141796844714 -4.631979770826434
2942.196531724374 -4.62425918486303
3028.3286655749457 -4.616698741817301
3116.9822980411436 -4.60929319749828
3208.2312454210773 -4.60203646766025
3302.1514849681753 -4.5949216698570465
3398.8212181526674 -4.587941164743576
3498.320935775036 -4.58108659622653
3600.73348498562 -4.574348929939276
3706.144138266228 -4.567718489588904
3814.640664431178 -4.561184990795914
3926.3134017068355 -4.554737572116263
4041.2553329506004 -4.548364823001951
4159.562163071847 -4.542054808517964
4281.332398719392 -4.535795090690868
4406.667430301786 -4.52957274641623
4535.671616408702 -4.523374381899448
4668.45237070379 -4.517186143646463
4805.1202513612425 -4.5109937260583
4945.789053120639 -4.5047823757161645
5090.575902036681 -4.4985368924725995
5239.601353002645 -4.492241627489417
5392.98949012887 -4.485880478385123
5550.868030059805 -4.47943688167407
5713.36842831558 -4.472893802696905
5880.625988746757 -4.466233723257566
6052.779976193349 -4.459438627197059
6229.973732441841 -4.452489984148238
6412.354795576917 -4.445368731729698
6600.075022827095 -4.438055256451561
6793.290717006696 -4.430529373620279
6992.162756659375 -4.422770306546033
7196.856730011514 -4.414756665373114
7407.543072847163 -4.406466425872301
7624.397210419138 -4.397876908554777
7847.5997035146065 -4.3889647584892835
8077.3363987967105 -4.379705926227817
8313.798583547334 -4.370075650271749
8557.183144940002 -4.360048441537554
8807.692733975462 -4.349598070311082
9065.53593421636 -4.338697556210002
9330.927435461663 -4.327319161706458
9604.08821250538 -4.31543438979491
9885.24570912827 -4.303013986422775
10174.634027476064 -4.290027948334842
10472.494122981476 -4.276445537013877
10779.074004992735 -4.2622352994286
11094.628943275218 -4.247365096327843
11419.421680558647 -4.23180213884054
11753.722651306367 -4.2155130341582785
12097.810206889013 -4.1984638410862525
12451.97084735032 -4.180620136248303
12816.499459957597 -4.161947091722874
13191.699564735716 -4.142409564862136
13577.883567189278 -4.121972201011682
13975.373018422924 -4.100599549793019
14384.498882876629 -4.078256195540465
14805.6018138991 -4.054906902390904
15239.032437388305 -4.030516774411551
15685.151643735446 -4.005051431011889
16144.330888316019 -3.9784771977229476
16616.952500776908 -3.9507613122387313
17103.41000337838 -3.921872145397938
17604.108438655527 -3.8917794365435645
18119.46470667122 -3.860454542430769
18649.907912142942 -3.827870698564025
19195.87972173111 -3.794003291533227
19757.834731786996 -3.7588301405926328
20336.2408468667 -3.722331786387097
20931.579669325736 -3.684491784384697
21544.346900318822 -3.645297000234015
22175.052752539294 -3.6047379039283896
22824.222375040976 -3.5628088593456346
23492.396290496577 -3.5195084054456567
24180.13084525718 -3.4748395251604602
24887.998672586673 -3.428809897812364
25616.589169457267 -3.3814321307593973
26366.508987303554 -3.3327239658988272
27138.3825371428 -3.282708456669516
27932.85250948253 -3.231414111294449
28750.580409448772 -3.1788749981949707
29592.247107579577 -3.125130809797608
30458.55340674284 -3.0702268813408184
31350.220625651124 -3.014214161775409
32267.991199458116 -2.9571491344285645
33212.62929793748 -2.899093685762995
34184.92146175927 -2.8401149213039023
35185.677257392665 -2.7802849285990563
36215.72995118075 -2.7196804879298364
37275.93720314938 -2.6583827323502756
38367.18178112649 -2.5964767595162854
39490.37229576694 -2.534051198624383
40646.44395709628 -2.4711977366032514
41836.359353200234 -2.4080106084670967
43061.10925171165 -2.344586057426277
44321.713424760856 -2.2810217709398133
45619.221498074585 -2.217416299362522
46954.71382493421 -2.153868464194913
48329.30238571752 -2.090476763141046
49744.13171377451 -2.027338779252277
51200.37984840882 -1.9645506013494933
52699.259315756564 -1.9022062626949383
54242.01813838024 -1.8403972045184902
55829.94087441914 -1.7792117705249617
57464.34968715974 -1.718734737897116
59146.605445917456 -1.6590468896237751
60878.108859147556 -1.6002246322029434
62660.30164072656 -1.542339661942667
64494.667710376205 -1.4854586822177471
66382.73442923075 -1.4296431731654782
68326.07387157406 -1.3749492144325315
70326.30413380644 -1.3214273607529052
72385.09068173247 -1.269122569333709
74504.14773728917 -1.2180741773069867
76685.2397058701 -1.168315926847083
78930.18264543568 -1.119876034985478
81240.84577862974 -1.0727773046851654
83619.15304916317 -1.0270372733588813
86067.08472376158 -0.9826683947376014
88586.67904100832 -0.9396782498156266
91180.03390845681 -0.8980697825131454
93849.3086494272 -0.8578415556913972
96596.72580093842 -0.8189880232346926
99424.57296427398 -0.7814998140591449
102335.20470972576 -0.7453640241122823
105331.04453709359 -0.7105645126785651
108414.5868935835 -0.6770821995967923
111588.3992507748 -0.6448953603169982
114855.12424239368 -0.6139799160502964
118217.48186466724 -0.5843097166202098
121678.27174109229 -0.5558568139556916
125240.3754535072 -0.5285917245174768
128906.75894140244 -0.5024836792575539
132680.47497147243 -0.4775008600378717
136564.66567946097 -0.45361062170650024
140562.56518642136 -0.4307796992990049
144677.5022915648 -0.4089744000725334
148912.90324394088 -0.38816078028607204
153272.2945952612 -0.3683048068324358
157759.30613623615 -0.3493725039811486
162377.67391887208 -0.3313300856268131
167131.2433672486 -0.31414407355392476
172023.97247935992 -0.2977814023051559
177059.9351226898 -0.28220951132173855
182243.32442626648 -0.26739642506633166
187578.45627201613 -0.2533108218716213
193069.77288832495 -0.23992209228106787
198721.84654880533 -0.22720038765365433
204539.38337933904 -0.21511665979330477
210527.22727657072 -0.20364269236468338
216690.3639411181 -0.19275112482043558
223033.9250288494 -0.18241546955320365
229563.19242369095 -0.1726101229407252
236283.6026355175 -0.16331037093444128
243200.7513267945 -0.15449238979144886
250320.39797173254 -0.14613324251728857
257648.47065183744 -0.1382108715524459
265191.0709918535 -0.13070408818979268
272954.4792402007 -0.123592559177166
280945.1594981406 -0.11685679091833076
289169.76510202966 -0.11047811165418128
297635.14416313195 -0.10443865196739878
306348.3452696084 -0.09872132392113539
315316.62335543614 -0.09330979911700411
324547.44574113254 -0.08818848591693733
334048.4983513244 -0.08334250606276963
343827.6921143307 -0.07875767088083885
353893.1695490984 -0.07442045726116538
364253.3115449638 -0.07031798355288718
374916.74433988857 -0.0664379855171872
385892.3467029899 -0.06276879245418782
397189.25732733024 -0.05929930360023227
408816.88243912894 -0.05601896488339694
420784.9036297398 -0.052917746108381375
433103.2859169001 -0.04998611863153596
445782.28604197066 -0.0472150335725259
458832.461010084 -0.04459590060292357
472264.67688029545 -0.04212056734499103
486090.117813063 -0.039781299400480356
500320.2953825999 -0.03757076102764506
514967.0581618343 -0.035481996477158266
530042.6015879672 -0.033508411992735
545559.4781168514 -0.031643758477308666
561530.6076746266 -0.02988211482188769
577969.2884153313 -0.02821787189329346
594889.2077934331 -0.026645717169063447
612304.4539605178 -0.025160620012986988
630229.5274956024 -0.023757817572021424
648679.3534788508 -0.022432801288673934
667669.2939187557 -0.02118130400504738
687215.1605431122 -0.019999287647988823
707333.2279644439 -0.018882931474751334
728040.2472308562 -0.017828620860419628
749353.4597735757 -0.016832936613689942
771290.6117627992 -0.015892644794393566
793869.9688838223 -0.015004687025515571
817110.3315457187 -0.014166171265956986
841031.0505352605 -0.013374363041669314
865652.0431290936 -0.012626677105009053
890993.8096776098 -0.01192066950966375
917077.4506742931 -0.011254030082894393
943924.6843247664 -0.010624575275801863
971557.8646301847 -0.010030241380970409
1000000.0 -0.00946907808986261
