10.0 -1.3461500059544227
10.292747724096083 -1.4132437762158
10.59406557118851 -1.4830765546826254
10.904204429677526 -1.5557056313875874
11.223422532664179 -1.631184852338119
11.551985672964793 -1.7095642266637343
11.890167424419898 -1.7908895358482995
12.238249369681931 -1.8752019486406681
12.596521334671401 -1.9625376453398453
12.965281629896682 -2.052927455204613
13.344837298838383 -2.1463965107311767
13.735504373605137 -2.242963922449635
14.137608138073606 -2.3426424777448798
14.551483398731937 -2.4454383669916586
14.977474763452017 -2.551350939974707
15.415936928422726 -2.660372495233391
15.867234973483178 -2.7724881045455168
16.331744666101677 -2.8876754743039355
16.80985277425364 -3.0059048450612402
17.301957388458945 -3.1271389299540395
17.808468253246822 -3.2513328922410882
18.329807108324356 -3.3784343616068258
18.866408039732583 -3.508383488403827
19.418717841282557 -3.641113034498191
19.987196386572506 -3.776548498947049
20.57231701189556 -3.914608276337721
21.174566910357118 -4.055203845285938
21.794447537529855 -4.198239984325432
22.432475028984193 -4.3436150122171195
23.089180630041927 -4.491221049597911
23.765111138110754 -4.640944298828344
24.46082935796799 -4.792665338930166
25.17691457037277 -4.946259432594804
25.913963014396586 -5.1015968423909275
26.672588383874054 -5.258543153517696
27.453422338387142 -5.416959600683948
28.257115029208283 -5.576703396997845
29.08433564064048 -5.737628063052598
29.935772947204903 -5.899583754725603
30.812135887140037 -6.0624175885382945
31.714154152689986 -6.225973963760552
32.642578797673224 -6.390094880748086
33.59818286283781 -6.554620255302737
34.58176201952381 -6.719388229105698
35.594135232168604 -6.884235476505372
36.63614544020716 -7.048997508126806
37.708660259934554 -7.213508971912902
38.81257270691538 -7.377603952301969
39.9488019395417 -7.541116268289342
41.118294024358306 -7.703879771113459
42.322022723792756 -7.865728642247168
43.56099030694608 -8.026497692270297
44.83622838411908 -8.18602266104001
46.148798765769385 -8.344140519386203
47.499794346614124 -8.50068977231506
48.890340015614456 -8.655510763444642
50.32159359259993 -8.808445980105184
51.7947467923121 -8.959340358221713
53.31102621667033 -9.108041585792133
54.87169437608604 -9.254400403453651
56.47805074067555 -9.398270900329363
58.131432822247135 -9.539510803073497
59.83321728796288 -9.677981755781996
61.58482110660264 -9.813549588231018
63.38770272838487 -9.946084569759165
65.24336329932625 -10.075461646014336
67.15334791115141 -10.201560655755477
69.11924688779365 -10.324266524955457
71.14269710955735 -10.443469435569915
73.22538337604533 -10.559064966535425
75.36903980898542 -10.670954204831792
77.57545129612417 -10.779043824801938
79.84645497739086 -10.88324613431718
82.18394177456803 -10.98347908686675
84.58985796574301 -11.079666259147064
87.06620680585127 -11.171736794298452
89.61505019466045 -11.259625311501969
92.23851039358476 -11.34327178323225
94.9387717927583 -11.422621382046628
97.71808272983904 -11.497624299339712
100.57875736205835 -11.568235539014042
103.52317759307378 -11.634414689494715
106.55379505623053 -11.696125677921131
109.67313315588179 -11.753336510698437
112.88378916846884 -11.806019004850572
116.18843640511002 -11.854148514806166
119.58982643749793 -11.897703659339538
123.09079138896018 -11.936666053394422
126.69424629259063 -11.971020049448423
130.40319151841317 -12.000752492897295
134.2207152716012 -12.025852495706584
138.14999616383224 -12.046311232246687
142.19430585991677 -12.062121760847024
146.357011801908 -12.073278874149452
150.64158001295928 -12.07977898084515
155.05157798326255 -12.081620020831782
159.5906776404731 -12.078801415250995
164.26265840709303 -12.071324052269109
169.071410347358 -12.05919030883927
174.0209374062485 -12.042404108079106
179.115360743323 -12.020971011268735
184.3589221641488 -11.994898342890504
189.75598765218504 -11.96419534655213
195.3110510040631 -11.92887336910422
201.02873757128856 -11.888946069768444
206.913808111479 -11.844429650659407
212.97116275234782 -11.795343104704163
219.20584507173257 -11.741708476661994
225.62304629706352 -11.683551132715756
232.22810962777245 -11.620900033959407
239.02653468423918 -11.55378800904514
246.02398208697775 -11.482252021280061
253.22627816987946 -11.406333425575639
260.63941983143474 -11.326078210852613
268.26957952797244 -11.241537223789868
276.1231104130753 -11.152766370158593
284.2065516274511 -11.059826790414885
292.5266337436645 -10.962785006702049
301.09028437025927 -10.861713038946903
309.9046339199427 -10.756688488293285
318.97702154663216 -10.647794586696826
328.3150012563047 -10.535120212087264
337.9263481967431 -10.41875986907736
347.819065131413 -10.298813635744715
358.00138910285807 -10.175387077520302
368.48179829116765 -10.048591129678524
379.26901907322497 -9.918541950321387
390.37203328860926 -9.785360746081928
401.8000857182091 -9.649173573031307
413.5626917817706 -9.510111115456674
425.66964546078714 -9.368308445283596
438.13102745333055 -9.223904764948733
450.9572135676145 -9.07704313648757
464.15888336127773 -8.927870199498296
477.7470290335773 -8.776535880477846
491.73296457790156 -8.623193095813088
506.1283352022219 -8.467997450456444
520.9451270253212 -8.311106934030166
536.1956770568817 -8.152681615799557
551.892683469738 -7.9928833396408905
568.0492161728429 -7.831875419815372
584.6787276937589 -7.669822338055927
601.7950643797334 -7.506889442187234
619.412477926676 -7.343242646238918
637.5456372456507 -7.179048131784543
656.2096406767555 -7.014472050050758
675.4200285605586 -6.849680224196078
695.1927961775606 -6.684837851061256
715.5444070664574 -6.52010920164522
736.4918067322965 -6.355657319564067
758.0524367559261 -6.1916437168044505
780.2442493165045 -6.028228066187525
803.0857221391512 -5.865567890111089
826.5958738801812 -5.703818245335316
850.7942799627444 -5.543131403813074
875.7010888760508 -5.383656529837505
901.3370389517438 -5.225539354078185
927.7234756314059 -5.068921845395757
954.8823692395666 -4.913941881655507
982.8363332770031 -4.76073292109312
1011.6086432495807 -4.609423676110826
1041.2232560483055 -4.46013779169024
1071.7048298967104 -4.312993530888112
1103.078744882215 -4.168103470123694
1135.3711240885177 -4.025574207162147
1168.608855346651 -3.8855060848383687
1202.8196136227775 -3.747992933643301
1238.0318840613968 -3.613121836303657
1274.2749857031336 -3.480972917423031
1311.5790958968503 -3.351619161115063
1349.9752754264298 -3.2251262593483054
1389.4954943731375 -3.101552493440858
1430.172658735088 -2.9809486507950322
1472.0406378260013 -2.863357978556002
1515.134292476053 -2.7488161754230163
1559.4895040582815 -2.637351422347688
1605.1432043647615 -2.5289844523340954
1652.1334063573702 -2.423728659022676
1700.4992358187922 -2.3215902432081053
1750.2809639301013 -2.222568395923836
1801.520040802024 -2.126655516235738
1854.2591299878522 -2.0338374614361943
1908.542144006686 -1.9440938269285697
1964.4142809066266 -1.8573982527483444
2021.9220618983536 -1.7737187533887089
2081.1133700903947 -1.6930180673886184
2142.037490358383 -1.6152540230026682
2204.7451503814746 -1.5403799162048069
2269.288562880081 -1.4683448972792636
2335.7214690901214 -1.399094362318439
2404.0991835099717 -1.3325703460733558
2474.47863995735 -1.2687119127808013
2546.91843897454 -1.2074555418145598
2621.478896621356 -1.1487355052683128
2698.222094696536 -1.0924842348659083
2777.211932429355 -1.0386326759025664
2858.5141796844714 -0.9871106262399518
2942.196531724374 -0.9378470587011877
3028.3286655749457 -0.8907704255321608
3116.9822980411436 -0.8458089439065584
3208.2312454210773 -0.8028908617489204
3302.1514849681753 -0.7619447034285642
3398.8212181526674 -0.7228994951340564
3498.320935775036 -0.6856849699707648
3600.73348498562 -0.6502317530315493
3706.144138266228 -0.6164715268720996
3814.640664431178 -0.5843371779774214
3926.3134017068355 -0.5537629249360351
4041.2553329506004 -0.524684429143285
4159.562163071847 -0.4970388889374034
4281.332398719392 -0.47076511813260913
4406.667430301786 -0.4458036099545995
4535.671616408702 -0.4220965874073901
4668.45237070379 -0.39958804110861273
4805.1202513612425 -0.3782237556249416
4945.789053120639 -0.3579513253225768
5090.575902036681 -0.3387201607212258
5239.601353002645 -0.32048148630580764
5392.98949012887 -0.30318833070965595
5550.868030059805 -0.28679551013781274
5713.36842831558 -0.2712596058504849
5880.625988746757 -0.25653893647586795
6052.779976193349 -0.24259352586962712
6229.973732441841 -0.22938506718584906
6412.354795576917 -0.21687688377245357
6600.075022827095 -0.20503388745290732
6793.290717006696 -0.19382253470671187
6992.162756659375 -0.1832107812134003
7196.856730011514 -0.17316803517936366
7407.543072847163 -0.16366510982365085
7624.397210419138 -0.15467417535831082
7847.5997035146065 -0.14616871076084512
8077.3363987967105 -0.13812345560086897
8313.798583547334 -0.1305143621504543
8557.183144940002 -0.1233185479772359
8807.692733975462 -0.11651424919188139
9065.53593421636 -0.11008077449597851
9330.927435461663 -0.10399846015369378
9604.08821250538 -0.09824862598950046
9885.24570912827 -0.09281353249569776
10174.634027476064 -0.08767633911657761
10472.494122981476 -0.08282106376106767
10779.074004992735 -0.07823254358237666
11094.628943275218 -0.07389639705132832
11419.421680558647 -0.06979898733968433
11753.722651306367 -0.06592738702073211
12097.810206889013 -0.062269344086365794
12451.97084735032 -0.058813249273209106
12816.499459957597 -0.05554810468433314
13191.699564735716 -0.05246349368818521
13577.883567189278 -0.04954955207218502
13975.373018422924 -0.046796940424817045
14384.498882876629 -0.04419681771732026
14805.6018138991 -0.041740816053653304
15239.032437388305 -0.03942101655562676
15685.151643735446 -0.03722992634877921
16144.330888316019 -0.0351604566133939
16616.952500776908 -0.033205901664600114
17103.41000337838 -0.03135991902494661
17604.108438655527 -0.02961651045283285
18119.46470667122 -0.02797000389016365
18649.907912142942 -0.026415036292954663
19195.87972173111 -0.02494653730901734
19757.834731786996 -0.02355971376736317
20336.2408468667 -0.0222500349447338
20931.579669325736 -0.02101321857534852
21544.346900318822 -0.01984521757081094
22175.052752539294 -0.01874220741804529
22824.222375040976 -0.01770057422404001
23492.396290496577 -0.016716903377161793
24180.13084525718 -0.015787968795835976
24887.998672586673 -0.014910722736327327
25616.589169457267 -0.014082286132516707
26366.508987303554 -0.013299939441471594
27138.3825371428 -0.012561113969738802
27932.85250948253 -0.011863383656286579
28750.580409448772 -0.01120445728904796
29592.247107579577 -0.010582171133013884
30458.55340674284 -0.00999448194888103
31350.220625651124 -0.009439460382158975
32267.991199458116 -0.008915284703629721
33212.62929793748 -0.008420234883074688
34184.92146175927 -0.007952686978899231
35185.677257392665 -0.007511107827382143
36215.72995118075 -0.007094050015957884
37275.93720314938 -0.0067001471258623276
38367.18178112649 -0.006328109230209879
39490.37229576694 -0.005976718634300304
40646.44395709628 -0.005644825845724552
41836.359353200234 -0.00533134576242118
43061.10925171165 -0.005035254067551311
44321.713424760856 -0.004755583820594488
45619.221498074585 -0.004491422234647046
46954.71382493421 -0.004241907630403842
48329.30238571752 -0.004006226557824332
49744.13171377451 -0.00378361107686647
51200.37984840882 -0.003573336189174741
52699.259315756564 -0.003374717412904243
54242.01813838024 -0.003187108493296984
55829.94087441914 -0.003009899241950683
57464.34968715974 -0.0028425134979725604
59146.605445917456 -0.0026844072046494595
60878.108859147556 -0.002535066595382184
62660.30164072656 -0.0023940064830514623
64494.667710376205 -0.0022607686471683174
66382.73442923075 -0.0021349203134043613
68326.07387157406 -0.002016052720387174
70326.30413380644 -0.001903779768877483
72385.09068173247 -0.0017977367486174743
74504.14773728917 -0.001697579138453028
76685.2397058701 -0.0016029814754678353
78930.18264543568 -0.001513636289157026
81240.84577862974 -0.0014292530968093924
83619.15304916317 -0.0013495574565132729
86067.08472376158 -0.0012742900743964542
88586.67904100832 -0.001203205962869589
91180.03390845681 -0.0011360736468582274
93849.3086494272 -0.0010726744151553459
96596.72580093842 -0.0010128016142565697
99424.57296427398 -0.0009562599820841921
102335.20470972576 -0.0009028650193024071
105331.04453709359 -0.0008524423959618526
108414.5868935835 -0.0008048273913916911
111588.3992507748 -0.0007598643654104039
114855.12424239368 -0.0007174062589856955
118217.48186466724 -0.0006773141226467877
121678.27174109229 -0.0006394566710605136
125240.3754535072 -0.0006037098622163742
128906.75894140244 -0.0005699564998343872
132680.47497147243 -0.0005380858577009794
136564.66567946097 -0.0005079933246031712
140562.56518642136 -0.0004795800687913389
144677.5022915648 -0.00045275272081072573
148912.90324394088 -0.00042742307369955884
153272.2945952612 -0.00040350779958002594
157759.30613623615 -0.00038092818172758155
162377.67391887208 -0.00035960986129408314
167131.2433672486 -0.0003394825978036695
172023.97247935992 -0.0003204800427691233
177059.9351226898 -0.00030253952561758504
182243.32442626648 -0.0002856018513124004
187578.45627201613 -0.0002696111090098597
193069.77288832495 -0.0002545144911514823
198721.84654880533 -0.0002402621224244804
204539.38337933904 -0.0002268068980742844
210527.22727657072 -0.0002141043310386724
216690.3639411181 -0.0002021124074223406
223033.9250288494 -0.00019079144990028185
229563.19242369095 -0.00018010398857188953
236283.6026355175 -0.00017001463889771838
243200.7513267945 -0.00016048998631329475
250320.39797173254 -0.00015149847717229296
257648.47065183744 -0.0001430103156695219
265191.0709918535 -0.00013499736643954018
272954.4792402007 -0.00012743306247565316
280945.1594981406 -0.00012029231813848513
289169.76510202966 -0.00011355144693367228
297635.14416313195 -0.00010718808382504385
306348.3452696084 -0.00010118111183811618
315316.62335543614 -9.551059267692578e-05
324547.44574113254 -9.015770120743654e-05
334048.4983513244 -8.510466353926936e-05
343827.6921143307 -8.03346985300971e-05
353893.1695490984 -7.583196253127779e-05
364253.3115449638 -7.15814971682409e-05
374916.74433988857 -6.756918004848028e-05
385892.3467029899 -6.378167817044186e-05
397189.25732733024 -6.020640391750252e-05
408816.88243912894 -5.6831473513531e-05
420784.9036297398 -5.3645667752884e-05
433103.2859169001 -5.063839493534623e-05
445782.28604197066 -4.779965584781122e-05
458832.461010084 -4.512001068465065e-05
472264.67688029545 -4.25905478401913e-05
486090.117813063 -4.0202854374610135e-05
500320.2953825999 -3.794898820239484e-05
514967.0581618343 -3.582145176418616e-05
530042.6015879672 -3.38131671867972e-05
545559.4781168514 -3.1917452834952925e-05
561530.6076746266 -3.0128001167939206e-05
577969.2884153313 -2.843885780470947e-05
594889.2077934331 -2.6844401802254e-05
612304.4539605178 -2.5339326989066858e-05
630229.5274956024 -2.3918624367197657e-05
648679.3534788508 -2.2577565488372217e-05
667669.2939187557 -2.1311686754990535e-05
687215.1605431122 -2.011677460259804e-05
707333.2279644439 -1.8988851508854782e-05
728040.2472308562 -1.7924162774992862e-05
749353.4597735757 -1.6919164070111967e-05
771290.6117627992 -1.597050963415961e-05
793869.9688838223 -1.507504118202132e-05
817110.3315457187 -1.4229777385281888e-05
841031.0505352605 -1.3431903986620254e-05
865652.0431290936 -1.267876442725751e-05
890993.8096776098 -1.1967851018313234e-05
917077.4506742931 -1.1296796615565354e-05
943924.6843247664 -1.0663366720464618e-05
971557.8646301847 -1.0065452090333574e-05
1000000.0 -9.501061684168813e-06
