10.0 -12.040816260660215
10.292747724096083 -12.040793475296113
10.59406557118851 -12.04076933645008
10.904204429677526 -12.04074376373086
11.223422532664179 -12.040716671973204
11.551985672964793 -12.040687970954465
11.890167424419898 -12.040657565094415
12.238249369681931 -12.040625353137212
12.596521334671401 -12.04059122781458
12.965281629896682 -12.040555075488946
13.344837298838383 -12.040516775775432
13.735504373605137 -12.040476201141505
14.137608138073606 -12.040433216482791
14.551483398731937 -12.040387678673834
14.977474763452017 -12.040339436092182
15.415936928422726 -12.040288328114315
15.867234973483178 -12.040234184581672
16.331744666101677 -12.040176825235092
16.80985277425364 -12.040116059115713
17.301957388458945 -12.040051683930459
17.808468253246822 -12.03998348537991
18.329807108324356 -12.039911236446423
18.866408039732583 -12.039834696640126
19.418717841282557 -12.039753611200306
19.987196386572506 -12.039667710249551
20.57231701189556 -12.039576707897911
21.174566910357118 -12.039480301294068
21.794447537529855 -12.03937816962047
22.432475028984193 -12.039269973029079
23.089180630041927 -12.039155351514285
23.765111138110754 -12.039033923719293
24.46082935796799 -12.038905285672039
25.17691457037277 -12.03876900944659
25.913963014396586 -12.038624641745574
26.672588383874054 -12.038471702399098
27.453422338387142 -12.038309682775218
28.257115029208283 -12.038138044096836
29.08433564064048 -12.037956215659547
29.935772947204903 -12.037763592944675
30.812135887140037 -12.037559535621398
31.714154152689986 -12.037343365431534
32.642578797673224 -12.03711436395012
33.59818286283781 -12.0368717702147
34.58176201952381 -12.03661477821562
35.594135232168604 -12.036342534239317
36.63614544020716 -12.036054134056231
37.708660259934554 -12.035748619944249
38.81257270691538 -12.035424977538336
39.9488019395417 -12.03508213249636
41.118294024358306 -12.0347189469706
42.322022723792756 -12.034334215873855
43.56099030694608 -12.033926662928454
44.83622838411908 -12.03349493648586
46.148798765769385 -12.03303760510388
47.499794346614124 -12.03255315286781
48.890340015614456 -12.032039974441098
50.32159359259993 -12.031496369830377
51.7947467923121 -12.030920538848948
53.31102621667033 -12.030310575261884
54.87169437608604 -12.029664460595184
56.47805074067555 -12.028980057590397
58.131432822247135 -12.028255103285357
59.83321728796288 -12.027487201700506
61.58482110660264 -12.026673816109506
63.38770272838487 -12.025812260871655
65.24336329932625 -12.02489969280263
67.15334791115141 -12.02393310205899
69.11924688779365 -12.022909302510739
71.14269710955735 -12.021824921575103
73.22538337604533 -12.020676389483567
75.36903980898542 -12.019459927952898
77.57545129612417 -12.018171538229875
79.84645497739086 -12.016806988478077
82.18394177456803 -12.015361800473972
84.58985796574301 -12.013831235578285
87.06620680585127 -12.012210279947572
89.61505019466045 -12.010493628949568
92.23851039358476 -12.00867567074496
94.9387717927583 -12.00675046899712
97.71808272983904 -12.004711744670296
100.57875736205835 -12.00255285687595
103.52317759307378 -12.000266782726115
106.55379505623053 -11.997846096152047
109.67313315588179 -11.995282945645986
112.88378916846884 -11.99256903088348
116.18843640511002 -11.98969557818392
119.58982643749793 -11.986653314766997
123.09079138896018 -11.98343244176349
126.69424629259063 -11.980022605939695
130.40319151841317 -11.976412870096363
134.2207152716012 -11.972591682104722
138.14999616383224 -11.96854684254486
142.19430585991677 -11.964265470914743
146.357011801908 -11.959733970382123
150.64158001295928 -11.954937991056333
155.05157798326255 -11.94986239176265
159.5906776404731 -11.944491200308633
164.26265840709303 -11.938807572239936
169.071410347358 -11.932793748092239
174.0209374062485 -11.926431009156905
179.115360743323 -11.91969963179033
184.3589221641488 -11.91257884031124
189.75598765218504 -11.90504675854658
195.3110510040631 -11.897080360105143
201.02873757128856 -11.8886554174789
206.913808111479 -11.879746450095876
212.97116275234782 -11.870326671474611
219.20584507173257 -11.860367935659967
225.62304629706352 -11.849840683152896
232.22810962777245 -11.83871388658325
239.02653468423918 -11.826954996414834
246.02398208697775 -11.814529887016295
253.22627816987946 -11.801402803479553
260.63941983143474 -11.787536309620187
268.26957952797244 -11.77289123765127
276.1231104130753 -11.75742664008342
284.2065516274511 -11.741099744469674
292.5266337436645 -11.723865911683829
301.09028437025927 -11.705678598494886
309.9046339199427 -11.686489325277677
318.97702154663216 -11.666247649780484
328.3150012563047 -11.644901147953185
337.9263481967431 -11.622395402923605
347.819065131413 -11.598674003293807
358.00138910285807 -11.573678552010831
368.48179829116765 -11.547348687145593
379.26901907322497 -11.51962211598759
390.37203328860926 -11.490434663928788
401.8000857182091 -11.459720339665068
413.5626917817706 -11.427411418284109
425.66964546078714 -11.39343854383159
438.13102745333055 -11.35773085294847
450.9572135676145 -11.320216121146924
464.15888336127773 -11.280820933236946
477.7470290335773 -11.239470879324664
491.73296457790156 -11.196090777672827
506.1283352022219 -11.150604925539369
520.9451270253212 -11.102937378887436
536.1956770568817 -11.053012261586195
551.892683469738 -11.000754104394751
568.0492161728429 -10.946088213639198
584.6787276937589 -10.888941069056523
601.7950643797334 -10.829240749791012
619.412477926676 -10.766917386992647
637.5456372456507 -10.701903640890473
656.2096406767555 -10.634135199605497
675.4200285605586 -10.563551296339913
695.1927961775606 -10.490095240946475
715.5444070664574 -10.413714961260883
736.4918067322965 -10.334363548989757
758.0524367559261 -10.251999804408333
780.2442493165045 -10.166588773656073
803.0857221391512 -10.07810227204694
826.5958738801812 -9.986519386554445
850.7942799627444 -9.891826950507863
875.7010888760508 -9.794019983560652
901.3370389517438 -9.693102090176081
927.7234756314059 -9.589085810223562
954.8823692395666 -9.481992915792683
982.8363332770031 -9.371854649002945
1011.6086432495807 -9.258711896402641
1041.2232560483055 -9.142615296490302
1071.7048298967104 -9.023625277930789
1103.078744882215 -8.901812027144974
1135.3711240885177 -8.777255385092772
1168.608855346651 -8.650044674208004
1202.8196136227775 -8.520278457543792
1238.0318840613968 -8.388064233213976
1274.2749857031336 -8.253518068138098
1311.5790958968503 -8.116764175887717
1349.9752754264298 -7.977934444069823
1389.4954943731375 -7.837167917154955
1430.172658735088 -7.6946102409573935
1472.0406378260013 -7.550413075102828
1515.134292476053 -7.404733479784541
1559.4895040582815 -7.257733282926317
1605.1432043647615 -7.109578433558511
1652.1334063573702 -6.960438346798458
1700.4992358187922 -6.810485245331944
1750.2809639301013 -6.659893501748623
1801.520040802024 -6.508838985517186
1854.2591299878522 -6.357498417822301
1908.542144006686 -6.206048736948421
1964.4142809066266 -6.054666476405317
2021.9220618983536 -5.90352715756284
2081.1133700903947 -5.752804698209724
2142.037490358383 -5.602670838179737
2204.7451503814746 -5.453294583001329
2269.288562880081 -5.304841666422078
2335.7214690901214 -5.157474032630635
2404.0991835099717 -5.011349339038383
2474.47863995735 -4.866620480578076
2546.91843897454 -4.723435136613664
2621.478896621356 -4.5819353417193565
2698.222094696536 -4.442257081760218
2777.211932429355 -4.304529916875712
2858.5141796844714 -4.168876633116437
2942.196531724374 -4.035412924597865
3028.3286655749457 -3.9042471081030303
3116.9822980411436 -3.775479872076517
3208.2312454210773 -3.649204061899865
3302.1514849681753 -3.525504503218012
3398.8212181526674 -3.4044578648965955
3498.320935775036 -3.2861325629333065
3600.73348498562 -3.1705887063268223
3706.144138266228 -3.0578780855322556
3814.640664431178 -2.9480442037115875
3926.3134017068355 -2.841122350533573
4041.2553329506004 -2.7371397178018353
4159.562163071847 -2.6361155557073834
4281.332398719392 -2.538061368025153
4406.667430301786 -2.4429811441179092
4535.671616408702 -2.3508716251871147
4668.45237070379 -2.2617226018304533
4805.1202513612425 -2.175517239639341
4945.789053120639 -2.0922324293041807
5090.575902036681 -2.0118391574958996
5239.601353002645 -1.9343028946619274
5392.98949012887 -1.8595839958143476
5550.868030059805 -1.7876381103956733
5713.36842831558 -1.7184165973803989
5880.625988746757 -1.6518669419025294
6052.779976193349 -1.5879331698849608
6229.973732441841 -1.52655625737758
6412.354795576917 -1.4676745315795736
6600.075022827095 -1.4112240608190554
6793.290717006696 -1.357139031081169
6992.162756659375 -1.3053521070058862
7196.856730011514 -1.2557947756115715
7407.543072847163 -1.208397671332022
7624.397210419138 -1.1630908812781435
7847.5997035146065 -1.1198042299438813
8077.3363987967105 -1.0784675428666743
8313.798583547334 -1.039010889020721
8557.183144940002 -1.0013648019656054
8807.692733975462 -0.965460479990391
9065.53593421636 -0.9312299656848797
9330.927435461663 -0.8986063055337978
9604.08821250538 -0.8675236902678074
9885.24570912827 -0.8379175768181037
10174.634027476064 -0.8097247928101049
10472.494122981476 -0.7828836245987026
10779.074004992735 -0.757333889893882
11094.628943275218 -0.7330169960541668
11419.421680558647 -0.7098759851374526
11753.722651306367 -0.6878555667972286
12097.810206889013 -0.6669021400987895
12451.97084735032 -0.646963805306176
12816.499459957597 -0.6279903666593325
13191.699564735716 -0.6099333271225125
13577.883567189278 -0.5927458760422328
13975.373018422924 -0.5763828706062031
14384.498882876629 -0.5608008119461086
14805.6018138991 -0.545957816676477
15239.032437388305 -0.5318135846115882
15685.151643735446 -0.5183293633517164
16144.330888316019 -0.5054679103807259
16616.952500776908 -0.49319345326882363
17103.41000337838 -0.4814716485277566
17604.108438655527 -0.4702695396213788
18119.46470667122 -0.4595555145917902
18649.907912142942 -0.44929926372097256
19195.87972173111 -0.43947173760935926
19757.834731786996 -0.4300451060163663
20336.2408468667 -0.4209927177731832
20931.579669325736 -0.4122890620451091
21544.346900318822 -0.40390973118865975
22175.052752539294 -0.39583138541823776
22824.222375040976 -0.3880317194667713
23492.396290496577 -0.3804894313953355
24180.13084525718 -0.3731841936770233
24887.998672586673 -0.36609662665078535
25616.589169457267 -0.3592082744105282
26366.508987303554 -0.3525015831638424
27138.3825371428 -0.34595988206286343
27932.85250948253 -0.3395673664766177
28750.580409448772 -0.33330908364009537
29592.247107579577 -0.3271709205799952
30458.55340674284 -0.3211395941807139
31350.220625651124 -0.3152026432171027
32267.991199458116 -0.3093484221431566
33212.62929793748 -0.30356609638823323
34184.92146175927 -0.2978456388760593
35185.677257392665 -0.2921778274466132
36215.72995118075 -0.2865542428283362
37275.93720314938 -0.28096726677907674
38367.18178112649 -0.27541007998938977
39490.37229576694 -0.2698766593230435
40646.44395709628 -0.26436177395738886
41836.359353200234 -0.2588609799821308
43061.10925171165 -0.2533706130200768
44321.713424760856 -0.24788777844803822
45619.221498074585 -0.24241033882145308
46954.71382493421 -0.23693689814267851
48329.30238571752 -0.23146678266004816
49744.13171377451 -0.22600001794273644
51200.37984840882 -0.2205373020446395
52699.259315756564 -0.21507997464698084
54242.01813838024 -0.20962998215352482
55829.94087441914 -0.20418983880155
57464.34968715974 -0.19876258394401006
59146.605445917456 -0.19335173575106665
60878.108859147556 -0.18796124166930658
62660.30164072656 -0.18259542606235984
64494.667710376205 -0.17725893553353844
66382.73442923075 -0.17195668249783444
68326.07387157406 -0.16669378762428436
70326.30413380644 -0.16147552180862737
72385.09068173247 -0.15630724835906065
74504.14773728917 -0.15119436608369374
76685.2397058701 -0.14614225395708125
78930.18264543568 -0.14115621801525713
81240.84577862974 -0.136241441085207
83619.15304916317 -0.13140293589697458
86067.08472376158 -0.1266455020571321
88586.67904100832 -0.12197368728336745
91180.03390845681 -0.1173917532137704
93849.3086494272 -0.11290364601466307
96596.72580093842 -0.10851297191961767
99424.57296427398 -0.10422297774243233
102335.20470972576 -0.10003653632129797
105331.04453709359 -0.09595613677149618
108414.5868935835 -0.09198387935220503
111588.3992507748 -0.08812147469048703
114855.12424239368 -0.08437024705298364
118217.48186466724 -0.08073114131443322
121678.27174109229 -0.0772047332409651
125240.3754535072 -0.07379124268635319
128906.75894140244 -0.07049054928884288
132680.47497147243 -0.06730221025555884
136564.66567946097 -0.06422547982885207
140562.56518642136 -0.06125933004335622
144677.5022915648 -0.05840247240323244
148912.90324394088 -0.05565338013424405
153272.2945952612 -0.05301031069403986
157759.30613623615 -0.050471328255494
162377.67391887208 -0.04803432591044045
167131.2433672486 -0.045697047374397226
172023.97247935992 -0.043457108005507804
177059.9351226898 -0.04131201498310237
182243.32442626648 -0.039259186521160575
187578.45627201613 -0.037295970020651735
193069.77288832495 -0.03541965909059519
198721.84654880533 -0.03362750939142245
204539.38337933904 -0.0319167532753324
210527.22727657072 -0.03028461321675988
216690.3639411181 -0.02872831404212648
223033.9250288494 -0.02724509398156551
229563.19242369095 -0.025832214576425844
236283.6026355175 -0.024486969485675768
243200.7513267945 -0.023206692241080462
250320.39797173254 -0.021988763006638386
257648.47065183744 -0.02083061440139957
265191.0709918535 -0.0197297364470862
272954.4792402007 -0.018683680703147132
280945.1594981406 -0.01769006365210785
289169.76510202966 -0.01674656939712431
297635.14416313195 -0.015850951732553572
306348.3452696084 -0.015001035646063521
315316.62335543614 -0.014194718308687342
324547.44574113254 -0.01342996960627145
334048.4983513244 -0.012704832262956706
343827.6921143307 -0.012017421604103767
353893.1695490984 -0.01136592500310882
364253.3115449638 -0.0107486010529342
374916.74433988857 -0.010163778500563695
385892.3467029899 -0.009609854978919112
397189.25732733024 -0.009085295568225033
408816.88243912894 -0.008588631215572688
420784.9036297398 -0.008118457038932648
433103.2859169001 -0.007673430539070819
445782.28604197066 -0.007252269740557177
458832.461010084 -0.006853751280545847
472264.67688029545 -0.006476708462164589
486090.117813063 -0.006120029287078348
500320.2953825999 -0.005782654480317459
514967.0581618343 -0.005463575518445131
530042.6015879672 -0.005161832670995325
545559.4781168514 -0.004876513063401231
561530.6076746266 -0.00460674876868045
577969.2884153313 -0.0043517149337755166
594889.2077934331 -0.004110627945714903
612304.4539605178 -0.0038827436414802024
630229.5274956024 -0.0036673555651197754
648679.3534788508 -0.0034637932745346313
667669.2939187557 -0.0032714206999879623
687215.1605431122 -0.003089634555668827
707333.2279644439 -0.002917862805333556
728040.2472308562 -0.002755563182433702
749353.4597735757 -0.0026022217648932477
771290.6117627992 -0.0024573516043359107
793869.9688838223 -0.0023204914093763306
817110.3315457187 -0.0021912042821222253
841031.0505352605 -0.0020690765072376234
865652.0431290936 -0.0019537163922610738
890993.8096776098 -0.0018447531583030085
917077.4506742931 -0.0017418358795320658
943924.6843247664 -0.0016446324703404225
971557.8646301847 -0.0015528287186241535
1000000.0 -0.0014661273637427653
