10.0 -2.9548799425638927
10.292747724096083 -2.9548612574082114
10.59406557118851 -2.954841516269167
10.904204429677526 -2.9548206627466267
11.223422532664179 -2.9547986378139695
11.551985672964793 -2.954775379741672
11.890167424419898 -2.9547508240243485
12.238249369681931 -2.954724903312442
12.596521334671401 -2.9546975473494976
12.965281629896682 -2.9546686829161635
13.344837298838383 -2.954638233782205
13.735504373605137 -2.954606120667922
14.137608138073606 -2.95457226121648
14.551483398731937 -2.9545365699786923
14.977474763452017 -2.954498958412125
15.415936928422726 -2.9544593348962547
15.867234973483178 -2.9544176047657245
16.331744666101677 -2.9543736703637293
16.80985277425364 -2.954327431117671
17.301957388458945 -2.9542787836394075
17.808468253246822 -2.954227621852244
18.329807108324356 -2.9541738371471045
18.866408039732583 -2.9541173185701823
19.418717841282557 -2.9540579530441557
19.987196386572506 -2.953995625625521
20.57231701189556 -2.953930219799693
21.174566910357118 -2.953861617815947
21.794447537529855 -2.953789701063774
22.432475028984193 -2.953714350491791
23.089180630041927 -2.9536354470701203
23.765111138110754 -2.9535528722965063
24.46082935796799 -2.9534665087458754
25.17691457037277 -2.9533762406624087
25.913963014396586 -2.953281954592261
26.672588383874054 -2.9531835400542663
27.453422338387142 -2.953080890245039
28.257115029208283 -2.9529739027735595
29.08433564064048 -2.9528624804195136
29.935772947204903 -2.95274653190805
30.812135887140037 -2.952625972692808
31.714154152689986 -2.952500725737257
32.642578797673224 -2.9523707222836766
33.59818286283781 -2.952235902597381
34.58176201952381 -2.9520962166730804
35.594135232168604 -2.9519516248889155
36.63614544020716 -2.9518020985930553
37.708660259934554 -2.9516476206072193
38.81257270691538 -2.9514881856308026
39.9488019395417 -2.9513238005295928
41.118294024358306 -2.9511544844931974
42.322022723792756 -2.950980269046009
43.56099030694608 -2.9508011978976527
44.83622838411908 -2.9506173266202844
46.148798765769385 -2.9504287221422345
47.499794346614124 -2.9502354620494757
48.890340015614456 -2.950037633689411
50.32159359259993 -2.9498353330742138
51.7947467923121 -2.9496286635843036
53.31102621667033 -2.949417734475881
54.87169437608604 -2.949202659200027
56.47805074067555 -2.9489835535441404
58.131432822247135 -2.948760533609956
59.83321728796288 -2.948533713645327
61.58482110660264 -2.9483032037498758
63.38770272838487 -2.9480691074764858
65.24336329932625 -2.947831519353024
67.15334791115141 -2.9475905223490235
69.11924688779365 -2.947346185313383
71.14269710955735 -2.9470985604084743
73.22538337604533 -2.9468476805655435
75.36903980898542 -2.946593556984836
77.57545129612417 -2.9463361767019194
79.84645497739086 -2.946075500239286
82.18394177456803 -2.945811459359282
84.58985796574301 -2.9455439549315
87.06620680585127 -2.945272854924041
89.61505019466045 -2.9449979925249563
92.23851039358476 -2.944719164396303
94.9387717927583 -2.9444361290601995
97.71808272983904 -2.9441486054129458
100.57875736205835 -2.943856271360427
103.52317759307378 -2.943558762565568
106.55379505623053 -2.9432556712963964
109.67313315588179 -2.9429465453615467
112.88378916846884 -2.942630887119093
116.18843640511002 -2.9423081525432817
119.58982643749793 -2.941977750333997
123.09079138896018 -2.9416390410534365
126.69424629259063 -2.9412913362751376
130.40319151841317 -2.940933897731406
134.2207152716012 -2.9405659364461294
138.14999616383224 -2.940186611841788
142.19430585991677 -2.939795030810859
146.357011801908 -2.9393902467438053
150.64158001295928 -2.938971258508226
155.05157798326255 -2.9385370093755876
159.5906776404731 -2.9380863858945947
164.26265840709303 -2.9376182167128118
169.071410347358 -2.9371312713505553
174.0209374062485 -2.936624258933928
179.115360743323 -2.936095826896561
184.3589221641488 -2.935544559662644
189.75598765218504 -2.934968977326529
195.3110510040631 -2.9343675343476088
201.02873757128856 -2.9337386182820318
206.913808111479 -2.933080548576259
212.97116275234782 -2.932391575450981
219.20584507173257 -2.931669878907155
225.62304629706352 -2.930913567889941
232.22810962777245 -2.930120679649887
239.02653468423918 -2.9292891793446607
246.02398208697775 -2.928416959928768
253.22627816987946 -2.9275018423826067
260.63941983143474 -2.9265415763364775
268.26957952797244 -2.925533841149198
276.1231104130753 -2.9244762475050337
284.2065516274511 -2.9233663395966087
292.5266337436645 -2.922201597964802
301.09028437025927 -2.9209794430703266
309.9046339199427 -2.919697239673933
318.97702154663216 -2.918352302104643
328.3150012563047 -2.916941900496202
337.9263481967431 -2.9154632680724686
347.819065131413 -2.9139136095609315
358.00138910285807 -2.912290110811064
368.48179829116765 -2.9105899496895753
379.26901907322497 -2.9088103083181256
390.37203328860926 -2.9069483867101016
401.8000857182091 -2.905001417851512
413.5626917817706 -2.902966684256781
425.66964546078714 -2.9008415360124924
438.13102745333055 -2.8986234103018282
450.9572135676145 -2.8963098523780046
464.15888336127773 -2.8938985379277615
477.7470290335773 -2.8913872967351435
491.73296457790156 -2.8887741375219615
506.1283352022219 -2.8860572738046724
520.9451270253212 -2.88323515056848
536.1956770568817 -2.8803064715189737
551.892683469738 -2.877270226630333
568.0492161728429 -2.874125719668087
584.6787276937589 -2.870872595324967
601.7950643797334 -2.8675108655715915
619.412477926676 -2.864040934791377
637.5456372456507 -2.8604636232426013
656.2096406767555 -2.856780188371552
675.4200285605586 -2.8529923434904414
695.1927961775606 -2.849102273334703
715.5444070664574 -2.8451126460262275
736.4918067322965 -2.841026620994318
758.0524367559261 -2.8368478524445413
780.2442493165045 -2.8325804880177206
803.0857221391512 -2.828229162346801
826.5958738801812 -2.823798985297317
850.7942799627444 -2.8192955247661935
875.7010888760508 -2.8147247840122747
901.3370389517438 -2.8100931735971435
927.7234756314059 -2.8054074781241756
954.8823692395666 -2.800674818073831
982.8363332770031 -2.795902607140831
1011.6086432495807 -2.7910985055802255
1041.2232560483055 -2.7862703701612883
1071.7048298967104 -2.7814262014075104
1103.078744882215 -2.7765740888646824
1135.3711240885177 -2.7717221551851754
1168.608855346651 -2.7668784998434557
1202.8196136227775 -2.76205114330406
1238.0318840613968 -2.7572479724500676
1274.2749857031336 -2.7524766880461065
1311.5790958968503 -2.7477447549584517
1349.9752754264298 -2.7430593557864533
1389.4954943731375 -2.7384273484776585
1430.172658735088 -2.733855228406101
1472.0406378260013 -2.729349095292812
1515.134292476053 -2.7249146252427545
1559.4895040582815 -2.720557048066739
1605.1432043647615 -2.716281129952851
1652.1334063573702 -2.71209116145346
1700.4992358187922 -2.707990950662044
1750.2809639301013 -2.7039838213721428
1801.520040802024 -2.700072615939184
1854.2591299878522 -2.6962597025064987
1908.542144006686 -2.692546986209609
1964.4142809066266 -2.688935923937593
2021.9220618983536 -2.6854275422079246
2081.1133700903947 -2.682022457698947
2142.037490358383 -2.678720899983222
2204.7451503814746 -2.675522736012397
2269.288562880081 -2.6724274959200978
2335.7214690901214 -2.6694343997313434
2404.0991835099717 -2.6665423845941243
2474.47863995735 -2.66375013217993
2546.91843897454 -2.661056095933472
2621.478896621356 -2.6584585278870976
2698.222094696536 -2.655955504790679
2777.211932429355 -2.6535449533432938
2858.5141796844714 -2.651224674346953
2942.196531724374 -2.648992365635599
3028.3286655749457 -2.6468456436629832
3116.9822980411436 -2.6447820636619572
3208.2312454210773 -2.6427991383137517
3302.1514849681753 -2.640894354889445
3398.8212181526674 -2.6390651908474783
3498.320935775036 -2.637309127889997
3600.73348498562 -2.6356236644973734
3706.144138266228 -2.6340063269752454
3814.640664431178 -2.632454679061012
3926.3134017068355 -2.6309663301473534
4041.2553329506004 -2.6295389421899373
4159.562163071847 -2.628170235373691
4281.332398719392 -2.626857992618378
4406.667430301786 -2.6256000630089678
4535.671616408702 -2.6243943642396816
4668.45237070379 -2.623238884162884
4805.1202513612425 -2.6221316815351168
4945.789053120639 -2.6210708860525522
5090.575902036681 -2.620054697766811
5239.601353002645 -2.6190813859704116
5392.98949012887 -2.618149287637453
5550.868030059805 -2.6172568055019667
5713.36842831558 -2.61640240585088
5880.625988746757 -2.615584616103856
6052.779976193349 -2.6148020222457924
6229.973732441841 -2.614053266171946
6412.354795576917 -2.613337042998393
6600.075022827095 -2.612652098384377
6793.290717006696 -2.6119972259056907
6992.162756659375 -2.611371264511881
7196.856730011514 -2.6107730960934115
7407.543072847163 -2.610201643178765
7624.397210419138 -2.609655866775797
7847.5997035146065 -2.6091347643663054
8077.3363987967105 -2.608637368058195
8313.798583547334 -2.608162742895512
8557.183144940002 -2.6077099853231407
8807.692733975462 -2.6072782218000383
9065.53593421636 -2.606866607552699
9330.927435461663 -2.606474325458808
9604.08821250538 -2.6061005850496892
9885.24570912827 -2.605744621619789
10174.634027476064 -2.6054056954305924
10472.494122981476 -2.6050830909969713
10779.074004992735 -2.6047761164438925
11094.628943275218 -2.6044841029221404
11419.421680558647 -2.6042064040725226
11753.722651306367 -2.6039423955287355
12097.810206889013 -2.603691474450259
12451.97084735032 -2.6034530590774807
12816.499459957597 -2.603226588302385
13191.699564735716 -2.6030115212491416
13577.883567189278 -2.602807336859839
13975.373018422924 -2.6026135334815867
14384.498882876629 -2.6024296284520636
14805.6018138991 -2.6022551576813138
15239.032437388305 -2.602089675228174
15685.151643735446 -2.6019327528706264
16144.330888316019 -2.601783979669498
16616.952500776908 -2.601642961525672
17103.41000337838 -2.6015093207310374
17604.108438655527 -2.6013826955141015
18119.46470667122 -2.6012627395808297
18649.907912142942 -2.601149121652181
19195.87972173111 -2.6010415249990597
19757.834731786996 -2.600939646976273
20336.2408468667 -2.600843198556629
20931.579669325736 -2.600751903866402
21544.346900318822 -2.6006654997234517
22175.052752539294 -2.6005837351792045
22824.222375040976 -2.600506371065563
23492.396290496577 -2.600433179547882
24180.13084525718 -2.600363943684817
24887.998672586673 -2.6002984569961214
25616.589169457267 -2.600236523038983
26366.508987303554 -2.600177954993686
27138.3825371428 -2.60012257525917
27932.85250948253 -2.600070215058991
28750.580409448772 -2.600020714057964
29592.247107579577 -2.599973919990133
30458.55340674284 -2.59992968829789
31350.220625651124 -2.599887881782786
32267.991199458116 -2.5998483702679334
33212.62929793748 -2.5998110302721154
34184.92146175927 -2.599775744695604
35185.677257392665 -2.5997424025175753
36215.72995118075 -2.5997108985050947
37275.93720314938 -2.5996811329334557
38367.18178112649 -2.5996530113177614
39490.37229576694 -2.5996264441554944
40646.44395709628 -2.599601346679843
41836.359353200234 -2.5995776386235896
43061.10925171165 -2.599555243993248
44321.713424760856 -2.5995340908531235
45619.221498074585 -2.599514111119126
46954.71382493421 -2.5994952403618816
48329.30238571752 -2.599477417619003
49744.13171377451 -2.599460585215989
51200.37984840882 -2.5994446885956974
52699.259315756564 -2.5994296761558733
54242.01813838024 -2.5994154990945213
55829.94087441914 -2.5994021112627923
57464.34968715974 -2.5993894690250787
59146.605445917456 -2.5993775311259837
60878.108859147556 -2.5993662585640305
62660.30164072656 -2.5993556144715595
64494.667710376205 -2.5993455640007874
66382.73442923075 -2.5993360742156075
68326.07387157406 -2.599327113988961
70326.30413380644 -2.5993186539054274
72385.09068173247 -2.5993106661688516
74504.14773728917 -2.5993031245148717
76685.2397058701 -2.5992960041278153
78930.18264543568 -2.5992892815621014
81240.84577862974 -2.5992829346677366
83619.15304916317 -2.5992769425196993
86067.08472376158 -2.5992712853510853
88586.67904100832 -2.599265944489847
91180.03390845681 -2.59926090229883
93849.3086494272 -2.5992561421190787
96596.72580093842 -2.599251648216128
99424.57296427398 -2.5992474057292276
102335.20470972576 -2.599243400623259
105331.04453709359 -2.5992396196432868
108414.5868935835 -2.59923605027155
111588.3992507748 -2.5992326806867654
114855.12424239368 -2.5992294997256877
118217.48186466724 -2.599226496846725
121678.27174109229 -2.599223662095534
125240.3754535072 -2.599220986072549
128906.75894140244 -2.599218459902195
132680.47497147243 -2.5992160752038638
136564.66567946097 -2.599213824064473
140562.56518642136 -2.599211699012484
144677.5022915648 -2.5992096929933832
148912.90324394088 -2.5992077993465275
153272.2945952612 -2.5992060117832256
157759.30613623615 -2.599204324366035
162377.67391887208 -2.5992027314892803
167131.2433672486 -2.5992012278604766
172023.97247935992 -2.599199808483006
177059.9351226898 -2.5991984686395146
182243.32442626648 -2.599197203876456
187578.45627201613 -2.5991960099892926
193069.77288832495 -2.599194883008647
198721.84654880533 -2.599193819187198
204539.38337933904 -2.5991928149872616
210527.22727657072 -2.5991918670690843
216690.3639411181 -2.5991909722798257
223033.9250288494 -2.5991901276430855
229563.19242369095 -2.5991893303490556
236283.6026355175 -2.5991885777452133
243200.7513267945 -2.5991878673275446
250320.39797173254 -2.599187196732224
257648.47065183744 -2.599186563727789
265191.0709918535 -2.599185966207722
272954.4792402007 -2.5991854021835015
280945.1594981406 -2.599184869777938
289169.76510202966 -2.5991843672190167
297635.14416313195 -2.59918389283396
306348.3452696084 -2.5991834450437152
315316.62335543614 -2.59918302235766
324547.44574113254 -2.599182623368712
334048.4983513244 -2.5991822467486174
343827.6921143307 -2.599181891243509
353893.1695490984 -2.5991815556698223
364253.3115449638 -2.5991812389102935
374916.74433988857 -2.5991809399102688
385892.3467029899 -2.5991806576741623
397189.25732733024 -2.599180391262265
408816.88243912894 -2.5991801397874497
420784.9036297398 -2.599179902412328
433103.2859169001 -2.5991796783464776
445782.28604197066 -2.5991794668437382
458832.461010084 -2.599179267199792
472264.67688029545 -2.5991790787497853
486090.117813063 -2.599178900866165
500320.2953825999 -2.5991787329564966
514967.0581618343 -2.5991785744616216
530042.6015879672 -2.599178424853653
545559.4781168514 -2.599178283634362
561530.6076746266 -2.599178150333412
577969.2884153313 -2.5991780245068465
594889.2077934331 -2.599177905735583
612304.4539605178 -2.5991777936240457
630229.5274956024 -2.5991776877988477
648679.3534788508 -2.5991775879074974
667669.2939187557 -2.5991774936173027
687215.1605431122 -2.599177404614213
707333.2279644439 -2.599177320601754
728040.2472308562 -2.599177241300125
749353.4597735757 -2.5991771664451786
771290.6117627992 -2.5991770957875815
793869.9688838223 -2.5991770290919973
817110.3315457187 -2.5991769661362643
841031.0505352605 -2.599176906710659
865652.0431290936 -2.59917685061727
890993.8096776098 -2.5991767976692497
917077.4506742931 -2.59917674769023
943924.6843247664 -2.599176700513723
971557.8646301847 -2.599176655982587
1000000.0 -2.599176613948491
