10.0 -1.3721836416271704
10.292747724096083 -1.3721978155489771
10.59406557118851 -1.3722128296629956
10.904204429677526 -1.3722287336584675
11.223422532664179 -1.372245580149198
11.551985672964793 -1.37226342484398
11.890167424419898 -1.3722823267267328
12.238249369681931 -1.3723023482468835
12.596521334671401 -1.3723235555205335
12.965281629896682 -1.3723460185430547
13.344837298838383 -1.3723698114136196
13.735504373605137 -1.3723950125723943
14.137608138073606 -1.372421705051006
14.551483398731937 -1.3724499767369926
14.977474763452017 -1.3724799206529614
15.415936928422726 -1.3725116352511935
15.867234973483178 -1.3725452247245
16.331744666101677 -1.3725807993341275
16.80985277425364 -1.3726184757555449
17.301957388458945 -1.372658377443008
17.808468253246822 -1.372700635013814
18.329807108324356 -1.3727453866531156
18.866408039732583 -1.3727927785403398
19.418717841282557 -1.372842965298107
19.987196386572506 -1.37289611046476
20.57231701189556 -1.3729523869914053
21.174566910357118 -1.373011977764635
21.794447537529855 -1.3730750761559194
22.432475028984193 -1.3731418865987364
23.089180630041927 -1.3732126251945727
23.765111138110754 -1.373287520348795
24.46082935796799 -1.3733668134375034
25.17691457037277 -1.373450759506366
25.913963014396586 -1.3735396280025112
26.672588383874054 -1.3736337035403743
27.453422338387142 -1.3737332867024785
28.257115029208283 -1.373838694875977
29.08433564064048 -1.373950263125684
29.935772947204903 -1.374068345104349
30.812135887140037 -1.37419331400058
31.714154152689986 -1.374325563524907
32.642578797673224 -1.3744655089340863
33.59818286283781 -1.3746135880937225
34.58176201952381 -1.374770262578873
35.594135232168604 -1.3749360188121116
36.63614544020716 -1.3751113692382335
37.708660259934554 -1.375296853534255
38.81257270691538 -1.3754930398531515
39.9488019395417 -1.3757005260990836
41.118294024358306 -1.3759199412314769
42.322022723792756 -1.3761519465946308
43.56099030694608 -1.3763972372688624
44.83622838411908 -1.376656543438429
46.148798765769385 -1.376930631770653
47.499794346614124 -1.377220306799665
48.890340015614456 -1.377526412307251
50.32159359259993 -1.37784983269204
51.7947467923121 -1.3781914943171256
53.31102621667033 -1.378552366824782
54.87169437608604 -1.378933464405544
56.47805074067555 -1.3793358470072858
58.131432822247135 -1.3797606214682003
59.83321728796288 -1.3802089425559294
61.58482110660264 -1.3806820138929061
63.38770272838487 -1.3811810887462137
65.24336329932625 -1.3817074706579482
67.15334791115141 -1.382262513889943
69.11924688779365 -1.3828476236544331
71.14269710955735 -1.3834642560999313
73.22538337604533 -1.3841139180192923
75.36903980898542 -1.384798166244604
77.57545129612417 -1.3855186066914005
79.84645497739086 -1.386276893012591
82.18394177456803 -1.3870747248206006
84.58985796574301 -1.3879138454345923
87.06620680585127 -1.3887960391084024
89.61505019466045 -1.3897231276939717
92.23851039358476 -1.3906969666947124
94.9387717927583 -1.3917194406637465
97.71808272983904 -1.3927924579029245
100.57875736205835 -1.393917944420815
103.52317759307378 -1.3950978371107305
106.55379505623053 -1.3963340761143734
109.67313315588179 -1.39762859634214
112.88378916846884 -1.398983318128336
116.18843640511002 -1.400400137008131
119.58982643749793 -1.4018809126135114
123.09079138896018 -1.4034274566975635
126.69424629259063 -1.4050415203104227
130.40319151841317 -1.4067247801659366
134.2207152716012 -1.4084788242557165
138.14999616383224 -1.4103051367863892
142.19430585991677 -1.412205082536705
146.357011801908 -1.4141798907529886
150.64158001295928 -1.4162306387243973
155.05157798326255 -1.4183582352027542
159.5906776404731 -1.4205634038549544
164.26265840709303 -1.4228466669586095
169.071410347358 -1.425208329572787
174.0209374062485 -1.4276484644347085
179.115360743323 -1.4301668978495032
184.3589221641488 -1.4327631968521004
189.75598765218504 -1.4354366579280837
195.3110510040631 -1.4381862975821036
201.02873757128856 -1.4410108450380952
206.913808111479 -1.4439087373442265
212.97116275234782 -1.4468781171365492
219.20584507173257 -1.449916833288776
225.62304629706352 -1.453022444641112
232.22810962777245 -1.4561922269589147
239.02653468423918 -1.4594231832228601
246.02398208697775 -1.4627120572967027
253.22627816987946 -1.466055350958093
260.63941983143474 -1.4694493442133758
268.26957952797244 -1.4728901187508405
276.1231104130753 -1.476373584319797
284.2065516274511 -1.4798955077578881
292.5266337436645 -1.4834515443272616
301.09028437025927 -1.4870372709645483
309.9046339199427 -1.4906482210010252
318.97702154663216 -1.4942799198703003
328.3150012563047 -1.4979279212917742
337.9263481967431 -1.5015878434009176
347.819065131413 -1.5052554042919186
358.00138910285807 -1.5089264564447897
368.48179829116765 -1.5125970195274667
379.26901907322497 -1.5162633110928028
390.37203328860926 -1.5199217747294451
401.8000857182091 -1.5235691052732128
413.5626917817706 -1.527202270739746
425.66964546078714 -1.53081853069817
438.13102745333055 -1.5344154508672283
450.9572135676145 -1.5379909137780068
464.15888336127773 -1.5415431254089347
477.7470290335773 -1.5450706177577322
491.73296457790156 -1.5485722473699028
506.1283352022219 -1.5520471898929618
520.9451270253212 -1.5554949307691945
536.1956770568817 -1.5589152522167868
551.892683469738 -1.5623082166792668
568.0492161728429 -1.5656741469467907
584.6787276937589 -1.5690136031699475
601.7950643797334 -1.5723273569981335
619.412477926676 -1.5756163630810631
637.5456372456507 -1.5788817281742815
656.2096406767555 -1.5821246780888887
675.4200285605586 -1.5853465227229033
695.1927961775606 -1.5885486194078537
715.5444070664574 -1.591732334800358
736.4918067322965 -1.5948990055453136
758.0524367559261 -1.5980498979357616
780.2442493165045 -1.6011861667951135
803.0857221391512 -1.6043088138105455
826.5958738801812 -1.6074186455523707
850.7942799627444 -1.6105162314229937
875.7010888760508 -1.6136018617905687
901.3370389517438 -1.6166755065762561
927.7234756314059 -1.6197367745795999
954.8823692395666 -1.6227848738428918
982.8363332770031 -1.6258185733721584
1011.6086432495807 -1.6288361665475228
1041.2232560483055 -1.6318354365692798
1071.7048298967104 -1.6348136242952305
1103.078744882215 -1.6377673988299333
1135.3711240885177 -1.6406928312248783
1168.608855346651 -1.6435853716400952
1202.8196136227775 -1.646439830300497
1238.0318840613968 -1.649250362554088
1274.2749857031336 -1.6520104583032684
1311.5790958968503 -1.6547129360346875
1349.9752754264298 -1.657349941617665
1389.4954943731375 -1.6599129519769373
1430.172658735088 -1.6623927836731784
1472.0406378260013 -1.6647796063463403
1515.134292476053 -1.6670629608940666
1559.4895040582815 -1.6692317821727778
1605.1432043647615 -1.6712744259251842
1652.1334063573702 -1.6731786995576903
1700.4992358187922 -1.674931896317693
1750.2809639301013 -1.676520832356688
1801.520040802024 -1.677931886113525
1854.2591299878522 -1.6791510394153166
1908.542144006686 -1.6801639196734763
1964.4142809066266 -1.6809558425506932
2021.9220618983536 -1.6815118544920413
2081.1133700903947 -1.6818167745502455
2142.037490358383 -1.681855234990546
2204.7451503814746 -1.681611720233593
2269.288562880081 -1.6810706037833953
2335.7214690901214 -1.6802161828890585
2404.0991835099717 -1.6790327108007301
2474.47863995735 -1.6775044265989938
2546.91843897454 -1.6756155826988643
2621.478896621356 -1.673350470251186
2698.222094696536 -1.6706934427822424
2777.211932429355 -1.6676289385228253
2858.5141796844714 -1.6641415019785009
2942.196531724374 -1.6602158053799303
3028.3286655749457 -1.6558366707238712
3116.9822980411436 -1.650989093169989
3208.2312454210773 -1.6456582665940545
3302.1514849681753 -1.6398296121140845
3398.8212181526674 -1.6334888104009297
3498.320935775036 -1.6266218385595888
3600.73348498562 -1.6192150123210065
3706.144138266228 -1.6112550342176257
3814.640664431178 -1.6027290483291838
3926.3134017068355 -1.5936247020795549
4041.2553329506004 -1.583930215441174
4159.562163071847 -1.5736344577623271
4281.332398719392 -1.562727032274914
4406.667430301786 -1.5511983681684476
4535.671616408702 -1.5390398199308786
4668.45237070379 -1.5262437734609566
4805.1202513612425 -1.5128037582523668
4945.789053120639 -1.4987145647394062
5090.575902036681 -1.4839723656813133
5239.601353002645 -1.46857484025056
5392.98949012887 -1.4525212992844718
5550.868030059805 -1.4358128099640586
5713.36842831558 -1.4184523180041162
5880.625988746757 -1.4004447652807184
6052.779976193349 -1.38179720069196
6229.973732441841 -1.3625188819515683
6412.354795576917 -1.3426213659590023
6600.075022827095 -1.3221185853795834
6793.290717006696 -1.301026909109573
6992.162756659375 -1.2793651843977645
7196.856730011514 -1.2571547585506193
7407.543072847163 -1.2344194783634055
7624.397210419138 -1.2111856656952038
7847.5997035146065 -1.1874820679383649
8077.3363987967105 -1.163339782518889
8313.798583547334 -1.1387921549962867
8557.183144940002 -1.1138746508009547
8807.692733975462 -1.0886247011430557
9065.53593421636 -1.0630815241365592
9330.927435461663 -1.0372859226916478
9604.08821250538 -1.0112800612231805
9885.24570912827 -0.9851072236871925
10174.634027476064 -0.9588115558768564
10472.494122981476 -0.9324377952702989
10779.074004992735 -0.9060309920125809
11094.628943275218 -0.8796362248239533
11419.421680558647 -0.8532983157480257
11753.722651306367 -0.827061547683347
12097.810206889013 -0.8009693885786393
12451.97084735032 -0.775064226018076
12816.499459957597 -0.7493871156841568
13191.699564735716 -0.7239775468700209
13577.883567189278 -0.6988732278317155
13975.373018422924 -0.6741098933364263
14384.498882876629 -0.6497211362897921
14805.6018138991 -0.6257382648283649
15239.032437388305 -0.6021901857578733
15685.151643735446 -0.5791033147181051
16144.330888316019 -0.5565015129747597
16616.952500776908 -0.534406050289157
17103.41000337838 -0.5128355929084589
17604.108438655527 -0.4918062153599189
18119.46470667122 -0.47133143442792247
18649.907912142942 -0.45142226344640424
19195.87972173111 -0.432087284851575
19757.834731786996 -0.4133327388116642
20336.2408468667 -0.3951626256773989
20931.579669325736 -0.3775788199767137
21544.346900318822 -0.36058119370380065
22175.052752539294 -0.3441677467203018
22824.222375040976 -0.3283347421896549
23492.396290496577 -0.3130768450963827
24180.13084525718 -0.2983872620554328
24887.998672586673 -0.28425788078519637
25616.589169457267 -0.27067940779621397
26366.508987303554 -0.25764150303068273
27138.3825371428 -0.24513291037035087
27932.85250948253 -0.2331415831093639
28750.580409448772 -0.22165480365993764
29592.247107579577 -0.21065929692002888
30458.55340674284 -0.20014133688217817
31350.220625651124 -0.19008684619879465
32267.991199458116 -0.18048148854228993
33212.62929793748 -0.17131075370619378
34184.92146175927 -0.1625600354881473
35185.677257392665 -0.15421470247553526
36215.72995118075 -0.14626016192218727
37275.93720314938 -0.13868191695879795
38367.18178112649 -0.13146561742387367
39490.37229576694 -0.12459710463445964
40646.44395709628 -0.11806245044024957
41836.359353200234 -0.11184799091966298
43061.10925171165 -0.10594035508581762
44321.713424760856 -0.10032648897164036
45619.221498074585 -0.09499367546158213
46954.71382493421 -0.08992955022961686
48329.30238571752 -0.08512211413295709
49744.13171377451 -0.08055974239786463
51200.37984840882 -0.07623119091821456
52699.259315756564 -0.0721255999710069
54242.01813838024 -0.06823249563507403
55829.94087441914 -0.06454178918082715
57464.34968715974 -0.061043774680170644
59146.605445917456 -0.0577291250673758
60878.108859147556 -0.05458888686311444
62660.30164072656 -0.051614473756460146
64494.667710376205 -0.04879765922212967
66382.73442923075 -0.04613056833428948
68326.07387157406 -0.04360566892250045
70326.30413380644 -0.04121576220066582
72385.09068173247 -0.03895397298649271
74504.14773728917 -0.036813739615809214
76685.2397058701 -0.034788803644558705
78930.18264543568 -0.032873199420145924
81240.84577862974 -0.03106124359394149
83619.15304916317 -0.02934752463745089
86067.08472376158 -0.02772689241636622
88586.67904100832 -0.026194447869015938
91180.03390845681 -0.024745532829046766
93849.3086494272 -0.023375720025774725
96596.72580093842 -0.022080803290171196
99424.57296427398 -0.02085678798958603
102335.20470972576 -0.019699881709608145
105331.04453709359 -0.01860648519793617
108414.5868935835 -0.01757318358117331
111588.3992507748 -0.01659673786289334
114855.12424239368 -0.015674076708219815
118217.48186466724 -0.014802288518180714
121678.27174109229 -0.01397861379477519
125240.3754535072 -0.013200437796125997
128906.75894140244 -0.01246528347964904
132680.47497147243 -0.011770804729625755
136564.66567946097 -0.011114779864775704
140562.56518642136 -0.010495105420477553
144677.5022915648 -0.00990979019938978
148912.90324394088 -0.009356949583822735
153272.2945952612 -0.00883480010265195
157759.30613623615 -0.008341654245288111
162377.67391887208 -0.007875915514777333
167131.2433672486 -0.00743607371214
172023.97247935992 -0.007020700443740939
177059.9351226898 -0.006628444843704935
182243.32442626648 -0.006258029502976315
187578.45627201613 -0.005908246597243412
193069.77288832495 -0.0055779542054241685
198721.84654880533 -0.0052660728110279385
204539.38337933904 -0.004971581978541829
210527.22727657072 -0.004693517197342538
216690.3639411181 -0.004430966885690275
223033.9250288494 -0.004183069547743289
229563.19242369095 -0.003949011076456454
236283.6026355175 -0.0037280221957466286
243200.7513267945 -0.0035193760353349653
250320.39797173254 -0.003322385832090374
257648.47065183744 -0.003136402751619379
265191.0709918535 -0.0029608138244085957
272954.4792402007 -0.0027950399909765313
280945.1594981406 -0.002638534250411228
289169.76510202966 -0.0024907799074631153
297635.14416313195 -0.0023512889129853713
306348.3452696084 -0.0022196002931840634
315316.62335543614 -0.002095278663013161
324547.44574113254 -0.0019779128196512298
334048.4983513244 -0.0018671144116047399
343827.6921143307 -0.0017625166798160045
353893.1695490984 -0.001663773266934552
364253.3115449638 -0.0015705570910785425
374916.74433988857 -0.0014825592809869002
385892.3467029899 -0.0013994881689676215
397189.25732733024 -0.0013210683389292138
408816.88243912894 -0.00124703972627146
420784.9036297398 -0.0011771567671813173
433103.2859169001 -0.001111187594439495
445782.28604197066 -0.0010489132773497689
458832.461010084 -0.000990127103476192
472264.67688029545 -0.0009346338998121488
486090.117813063 -0.0008822493914153106
500320.2953825999 -0.0008327995952821633
514967.0581618343 -0.0007861202477631184
530042.6015879672 -0.0007420562635323895
545559.4781168514 -0.0007004612244753826
561530.6076746266 -0.0006611968968903658
577969.2884153313 -0.0006241327753434457
594889.2077934331 -0.0005891456518331808
612304.4539605178 -0.0005561192088824868
630229.5274956024 -0.0005249436350750099
648679.3534788508 -0.000495515262118963
667669.2939187557 -0.00046773622187204576
687215.1605431122 -0.00044151412255723384
707333.2279644439 -0.0004167617429435614
728040.2472308562 -0.0003933967435432364
749353.4597735757 -0.00037134139382763594
771290.6117627992 -0.0003505223147244921
793869.9688838223 -0.00033087023535318446
817110.3315457187 -0.0003123197634635537
841031.0505352605 -0.00029480916844116915
865652.0431290936 -0.0002782801766477418
890993.8096776098 -0.0002626777780477887
917077.4506742931 -0.0002479500436302321
943924.6843247664 -0.00023404795305083772
971557.8646301847 -0.00022092523187717232
1000000.0 -0.0002085381979635063
