10.0 0.8107851325305446
10.292747724096083 0.7337160388930328
10.59406557118851 0.6596910607217371
10.904204429677526 0.58863918077443
11.223422532664179 0.520487060326264
11.551985672964793 0.4551593901102081
11.890167424419898 0.39257923521826693
12.238249369681931 0.3326683712680362
12.596521334671401 0.2753476094409984
12.965281629896682 0.22053710831553053
13.344837298838383 0.16815667073837065
13.735504373605137 0.11812602429929124
14.137608138073606 0.0703650842854978
14.551483398731937 0.02479419829226696
14.977474763452017 -0.018665628051922928
15.415936928422726 -0.06009252452602794
15.867234973483178 -0.09956356896574386
16.331744666101677 -0.13715461895116038
16.80985277425364 -0.17294016217586525
17.301957388458945 -0.20699318497956404
17.808468253246822 -0.23938505839124744
18.329807108324356 -0.2701854409189999
18.866408039732583 -0.29946219723555595
19.418717841282557 -0.32728133184294766
19.987196386572506 -0.353706936753745
20.57231701189556 -0.37880115219860466
21.174566910357118 -0.4026241393577359
21.794447537529855 -0.42523406411543896
22.432475028984193 -0.4466870908507835
23.089180630041927 -0.46703738530050265
23.765111138110754 -0.48633712556228303
24.46082935796799 -0.5046365203442723
25.17691457037277 -0.5219838336099415
25.913963014396586 -0.5384254148144486
26.672588383874054 -0.5540057339770144
27.453422338387142 -0.5687674208854958
28.257115029208283 -0.5827513077793779
29.08433564064048 -0.5959964749092267
29.935772947204903 -0.6085402984198552
30.812135887140037 -0.6204185000535875
31.714154152689986 -0.6316651982166688
32.642578797673224 -0.6423129599967605
33.59818286283781 -0.6523928537616963
34.58176201952381 -0.6619345020099526
35.594135232168604 -0.6709661341806763
36.63614544020716 -0.6795146391657935
37.708660259934554 -0.6876056172994226
38.81257270691538 -0.6952634316291373
39.9488019395417 -0.702511258301305
41.118294024358306 -0.7093711359172978
42.322022723792756 -0.7158640137404982
43.56099030694608 -0.7220097986538715
44.83622838411908 -0.7278274007872337
46.148798765769385 -0.7333347777491871
47.499794346614124 -0.7385489774142358
48.890340015614456 -0.7434861792285513
50.32159359259993 -0.7481617340098928
51.7947467923121 -0.752590202227868
53.31102621667033 -0.7567853907598393
54.87169437608604 -0.7607603881264219
56.47805074067555 -0.7645275982177426
58.131432822247135 -0.7680987725281476
59.83321728796288 -0.7714850409231645
61.58482110660264 -0.7746969409673367
63.38770272838487 -0.7777444458463929
65.24336329932625 -0.780636990921407
67.15334791115141 -0.7833834989560073
69.11924688779365 -0.7859924040612873
71.14269710955735 -0.7884716744057332
73.22538337604533 -0.7908288337401371
75.36903980898542 -0.7930709817897241
77.57545129612417 -0.7952048135673283
79.84645497739086 -0.7972366376632642
82.18394177456803 -0.7991723935681371
84.58985796574301 -0.8010176680858485
87.06620680585127 -0.8027777108938484
89.61505019466045 -0.8044574493073999
92.23851039358476 -0.8060615023033983
94.9387717927583 -0.8075941938578894
97.71808272983904 -0.8090595656487442
100.57875736205835 -0.8104613891721211
103.52317759307378 -0.8118031773175087
106.55379505623053 -0.8130881954416412
109.67313315588179 -0.8143194719765091
112.88378916846884 -0.8154998086009257
116.18843640511002 -0.8166317899988542
119.58982643749793 -0.8177177932210571
123.09079138896018 -0.8187599966595788
126.69424629259063 -0.8197603886378674
130.40319151841317 -0.8207207756117579
134.2207152716012 -0.8216427899704849
138.14999616383224 -0.8225278974201516
142.19430585991677 -0.8233774039266362
146.357011801908 -0.8241924621900618
150.64158001295928 -0.8249740776195209
155.05157798326255 -0.8257231137733891
159.5906776404731 -0.8264402972301517
164.26265840709303 -0.8271262218539261
169.071410347358 -0.8277813524207469
174.0209374062485 -0.8284060275741565
179.115360743323 -0.8290004620832248
184.3589221641488 -0.8295647483810429
189.75598765218504 -0.8300988573688889
195.3110510040631 -0.8306026384785391
201.02873757128856 -0.8310758189938607
206.913808111479 -0.8315180026420386
212.97116275234782 -0.8319286674741049
219.20584507173257 -0.8323071630648777
225.62304629706352 -0.8326527070716652
232.22810962777245 -0.8329643812014188
239.02653468423918 -0.8332411266448891
246.02398208697775 -0.8334817390455042
253.22627816987946 -0.8336848630783553
260.63941983143474 -0.833848986722094
268.26957952797244 -0.8339724353121334
276.1231104130753 -0.8340533654686204
284.2065516274511 -0.8340897589959122
292.5266337436645 -0.8340794168522604
301.09028437025927 -0.8340199532889764
309.9046339199427 -0.8339087902572656
318.97702154663216 -0.8337431521785015
328.3150012563047 -0.8335200611697103
337.9263481967431 -0.8332363328108005
347.819065131413 -0.832888572533631
358.00138910285807 -0.8324731727056117
368.48179829116765 -0.8319863104723978
379.26901907322497 -0.8314239464157245
390.37203328860926 -0.8307818240738231
401.8000857182091 -0.8300554703635412
413.5626917817706 -0.8292401969355999
425.66964546078714 -0.8283311024880653
438.13102745333055 -0.8273230760577357
450.9572135676145 -0.8262108013059297
464.15888336127773 -0.8249887618140013
477.7470290335773 -0.8236512474046288
491.73296457790156 -0.8221923615086455
506.1283352022219 -0.8206060296028279
520.9451270253212 -0.8188860087522272
536.1956770568817 -0.8170258983013713
551.892683469738 -0.8150191517701795
568.0492161728429 -0.8128590900248267
584.6787276937589 -0.8105389158077314
601.7950643797334 -0.8080517297258789
619.412477926676 -0.8053905478109142
637.5456372456507 -0.8025483207776181
656.2096406767555 -0.7995179551182384
675.4200285605586 -0.7962923361786203
695.1927961775606 -0.7928643533662987
715.5444070664574 -0.7892269276407609
736.4918067322965 -0.7853730414306949
758.0524367559261 -0.781295771111675
780.2442493165045 -0.776988322159325
803.0857221391512 -0.772444067068217
826.5958738801812 -0.7676565860930152
850.7942799627444 -0.762619710828019
875.7010888760508 -0.757327570591969
901.3370389517438 -0.751774641527915
927.7234756314059 -0.7459557982635124
954.8823692395666 -0.7398663679052386
982.8363332770031 -0.7335021860617938
1011.6086432495807 -0.7268596545088933
1041.2232560483055 -0.7199358000205526
1071.7048298967104 -0.7127283338028554
1103.078744882215 -0.7052357108772387
1135.3711240885177 -0.6974571886739066
1168.608855346651 -0.6893928840143919
1202.8196136227775 -0.6810438275891142
1238.0318840613968 -0.672412014973396
1274.2749857031336 -0.6635004531776711
1311.5790958968503 -0.6543132016970375
1349.9752754264298 -0.644855407015759
1389.4954943731375 -0.635133329535418
1430.172658735088 -0.625154361934762
1472.0406378260013 -0.6149270380355341
1515.134292476053 -0.6044610313434922
1559.4895040582815 -0.593767142556806
1605.1432043647615 -0.5828572754851673
1652.1334063573702 -0.5717444009989172
1700.4992358187922 -0.5604425088270457
1750.2809639301013 -0.5489665472399483
1801.520040802024 -0.537332350883764
1854.2591299878522 -0.5255565572712593
1908.542144006686 -0.5136565126724661
1964.4142809066266 -0.5016501683806165
2021.9220618983536 -0.4895559685467113
2081.1133700903947 -0.4773927309731613
2142.037490358383 -0.46517952242605326
2204.7451503814746 -0.4529355301614256
2269.288562880081 -0.44067993145782924
2335.7214690901214 -0.4284317630028775
2404.0991835099717 -0.4162097919927951
2474.47863995735 -0.40403239077075737
2546.91843897454 -0.39191741675392966
2621.478896621356 -0.37988209928217914
2698.222094696536 -0.36794293486874846
2777.211932429355 -0.35611559214913324
2858.5141796844714 -0.3444148276160564
2942.196531724374 -0.3328544130017152
3028.3286655749457 -0.32144707493146624
3116.9822980411436 -0.3102044472325767
3208.2312454210773 -0.29913703604407527
3302.1514849681753 -0.28825419764632976
3398.8212181526674 -0.27756412871584457
3498.320935775036 -0.2670738685182394
3600.73348498562 -0.256789312381813
3706.144138266228 -0.24671523565013384
3814.640664431178 -0.23685532719407287
3926.3134017068355 -0.2272122314736662
4041.2553329506004 -0.21778759807616235
4159.562163071847 -0.20858213761868968
4281.332398719392 -0.19959568288881122
4406.667430301786 -0.19082725410305615
4535.671616408702 -0.1822751271881584
4668.45237070379 -0.17393690403075215
4805.1202513612425 -0.1658095836950353
4945.789053120639 -0.15788963367216513
5090.575902036681 -0.15017306029729247
5239.601353002645 -0.14265547754821406
5392.98949012887 -0.13533217352095508
5550.868030059805 -0.12819817396193828
5713.36842831558 -0.1212483023206621
5880.625988746757 -0.11447723587181367
6052.779976193349 -0.10787955753897269
6229.973732441841 -0.10144980313422174
6412.354795576917 -0.0951825038079952
6600.075022827095 -0.08907222358099462
6793.290717006696 -0.08311359190470892
6992.162756659375 -0.07730133126922592
7196.856730011514 -0.07163027994503342
7407.543072847163 -0.0660954100106215
7624.397210419138 -0.0606918408777924
7847.5997035146065 -0.05541484858265136
8077.3363987967105 -0.05025987116052262
8313.798583547334 -0.0452225104678288
8557.183144940002 -0.04029853085202893
8807.692733975462 -0.03548385510208617
9065.53593421636 -0.030774558135651803
9330.927435461663 -0.02616685889526804
9604.08821250538 -0.02165711093388016
9885.24570912827 -0.017241792170241202
10174.634027476064 -0.012917494286760558
10472.494122981476 -0.008680912227486879
10779.074004992735 -0.004528834231391861
11094.628943275218 -0.000458132807765407
11419.421680558647 0.003534242973255353
11753.722651306367 0.007451273540863053
12097.810206889013 0.011295872942218737
12451.97084735032 0.015070890772014046
12816.499459957597 0.01877911171229768
13191.699564735716 0.022423252528893132
13577.883567189278 0.02600595641876972
13975.373018422924 0.029529784649470564
14384.498882876629 0.03299720547844695
14805.6018138991 0.036410580385259274
15239.032437388305 0.03977214769376755
15685.151643735446 0.0430840037044422
16144.330888316019 0.0463480814992786
16616.952500776908 0.04956612762307493
17103.41000337838 0.05273967688634358
17604.108438655527 0.05587002557657359
18119.46470667122 0.058958203405890725
18649.907912142942 0.06200494456623227
19195.87972173111 0.06501065830567093
19757.834731786996 0.06797539948347435
20336.2408468667 0.07089883960529052
20931.579669325736 0.07378023888326922
21544.346900318822 0.0766184199081069
22175.052752539294 0.07941174355940936
22824.222375040976 0.08215808781613355
23492.396290496577 0.08485483015790794
24180.13084525718 0.08749883426885348
24887.998672586673 0.09008644176558578
25616.589169457267 0.09261346966777317
26366.508987303554 0.09507521430991098
27138.3825371428 0.09746646235540389
27932.85250948253 0.09978150951427832
28750.580409448772 0.10201418748422295
29592.247107579577 0.10415789952748891
30458.55340674284 0.10620566496434569
31350.220625651124 0.10815017270674673
32267.991199458116 0.10998384377464991
33212.62929793748 0.11169890253577978
34184.92146175927 0.11328745618971604
35185.677257392665 0.11474158178500997
36215.72995118075 0.11605341982072902
37275.93720314938 0.11721527324695945
38367.18178112649 0.11821971045330998
39490.37229576694 0.11905967062701464
40646.44395709628 0.11972856968491438
41836.359353200234 0.12022040484245189
43061.10925171165 0.12052985578914834
44321.713424760856 0.12065238039930488
45619.221498074585 0.1205843029246166
46954.71382493421 0.12032289269591288
48329.30238571752 0.11986643150489773
49744.13171377451 0.11921426804097035
51200.37984840882 0.11836685801899335
52699.259315756564 0.1173257889452904
54242.01813838024 0.11609378881591403
55829.94087441914 0.11467471842088876
57464.34968715974 0.1130735473162287
59146.605445917456 0.11129631391803621
60878.108859147556 0.10935007054905381
62660.30164072656 0.10724281461693956
64494.667710376205 0.10498340741343032
66382.73442923075 0.10258148228151726
68326.07387157406 0.10004734410076074
70326.30413380644 0.09739186217721568
72385.09068173247 0.09462635869839377
74504.14773728917 0.09176249492175526
76685.2397058701 0.08881215721051368
78930.18264543568 0.08578734492163931
81240.84577862974 0.08270006199293793
83619.15304916317 0.07956221387633794
86067.08472376158 0.07638551123655023
88586.67904100832 0.07318138158678085
91180.03390845681 0.0699608897718485
93849.3086494272 0.06673466795057709
96596.72580093842 0.06351285547596922
99424.57296427398 0.060305048832953165
102335.20470972576 0.05712026157554788
105331.04453709359 0.05396689401125764
108414.5868935835 0.0508527122141425
111588.3992507748 0.04778483581096678
114855.12424239368 0.04476973387586421
118217.48186466724 0.04181322819025914
121678.27174109229 0.038920503071549074
125240.3754535072 0.03609612094665734
128906.75894140244 0.03334404283990734
132680.47497147243 0.03066765295838793
136564.66567946097 0.028069786586936832
140562.56518642136 0.025552760544535147
144677.5022915648 0.02311840550902881
148912.90324394088 0.020768099569832398
153272.2945952612 0.018502802435717284
157759.30613623615 0.016323089785787417
162377.67391887208 0.014229187318816765
167131.2433672486 0.012221004117356556
172023.97247935992 0.010298165006814394
177059.9351226898 0.008460041643939242
182243.32442626648 0.006705782125684014
187578.45627201613 0.0050343389542845856
193069.77288832495 0.0034444952433021043
198721.84654880533 0.0019348890821701405
204539.38337933904 0.0005040360175642754
210527.22727657072 -0.000849650365992248
216690.3639411181 -0.0021278397551092757
223033.9250288494 -0.0033322682752243314
229563.19242369095 -0.00446472346662864
236283.6026355175 -0.005527031007367766
243200.7513267945 -0.006521043105255976
250320.39797173254 -0.007448628475710199
257648.47065183744 -0.008311663813457992
265191.0709918535 -0.009112026660525926
272954.4792402007 -0.009851589569724976
280945.1594981406 -0.010532215459746952
289169.76510202966 -0.011155754056202739
297635.14416313195 -0.01172403931170474
306348.3452696084 -0.01223888769895692
315316.62335543614 -0.012702097269028559
324547.44574113254 -0.013115447369571277
334048.4983513244 -0.01348069891818908
343827.6921143307 -0.013799595127342865
353893.1695490984 -0.014073862579732574
364253.3115449638 -0.014305212556321733
374916.74433988857 -0.014495342521084078
385892.3467029899 -0.014645937671480036
397189.25732733024 -0.014758672468976981
408816.88243912894 -0.014835212067009261
420784.9036297398 -0.014877213563490336
433103.2859169001 -0.014886327009784841
445782.28604197066 -0.014864196117960683
458832.461010084 -0.01481245861586932
472264.67688029545 -0.014732746210973372
486090.117813063 -0.014626684133829749
500320.2953825999 -0.01449589024347199
514967.0581618343 -0.014341973688141278
530042.6015879672 -0.014166533127505687
545559.4781168514 -0.013971154532879188
561530.6076746266 -0.013757408593937129
577969.2884153313 -0.013526847769893248
594889.2077934331 -0.013281003033893471
612304.4539605178 -0.013021380365276572
630229.5274956024 -0.012749457053581516
648679.3534788508 -0.012466677880682248
667669.2939187557 -0.012174451252388419
687215.1605431122 -0.011874145350541999
707333.2279644439 -0.011567084377173185
728040.2472308562 -0.011254544959294762
749353.4597735757 -0.010937752777607048
771290.6117627992 -0.010617879479308364
793869.9688838223 -0.010296039924451675
817110.3315457187 -0.009973289810686854
841031.0505352605 -0.00965062370951625
865652.0431290936 -0.00932897353985616
890993.8096776098 -0.00900920749367402
917077.4506742931 -0.008692129420361993
943924.6843247664 -0.008378478666700745
971557.8646301847 -0.008068930360978445
1000000.0 -0.0077640961231575985
