10.0 -0.0011058425273537203
10.292747724096083 -0.0011710295858042116
10.59406557118851 -0.0012400276372736814
10.904204429677526 -0.0013130556458681758
11.223422532664179 -0.001390344691952985
11.551985672964793 -0.0014721385862872737
11.890167424419898 -0.0015586945081349193
12.238249369681931 -0.001650283667637896
12.596521334671401 -0.0017471919923809102
12.965281629896682 -0.001849720837515995
13.344837298838383 -0.001958187719424906
13.735504373605137 -0.0020729270719777853
14.137608138073606 -0.0021942910243867176
14.551483398731937 -0.0023226501993848284
14.977474763452017 -0.0024583945304764354
15.415936928422726 -0.002601934095803441
15.867234973483178 -0.00275369996650475
16.331744666101677 -0.002914145066873471
16.80985277425364 -0.003083745042574981
17.301957388458945 -0.0032629991331052416
17.808468253246822 -0.0034524310442919006
18.329807108324356 -0.003652589814761907
18.866408039732583 -0.0038640506710646036
19.418717841282557 -0.004087415864049985
19.987196386572506 -0.00432331547888753
20.57231701189556 -0.004572408209872909
21.174566910357118 -0.004835382089970715
21.794447537529855 -0.005112955164409834
22.432475028984193 -0.0054058760955085685
23.089180630041927 -0.005714924685740967
23.765111138110754 -0.006040912303645452
24.46082935796799 -0.006384682196544967
25.17691457037277 -0.006747109671917134
25.913963014396586 -0.007129102128354976
26.672588383874054 -0.007531598915016112
27.453422338387142 -0.007955570997149518
28.257115029208283 -0.008402020403806214
29.08433564064048 -0.00887197943229313
29.935772947204903 -0.009366509582588339
30.812135887140037 -0.009886700193642017
31.714154152689986 -0.010433666752772238
32.642578797673224 -0.011008548848000241
33.59818286283781 -0.011612507733194614
34.58176201952381 -0.01224672347571458
35.594135232168604 -0.012912391656040918
36.63614544020716 -0.013610719590648388
37.708660259934554 -0.014342922050149653
38.81257270691538 -0.015110216447261075
39.9488019395417 -0.015913817472038155
41.118294024358306 -0.01675493115617631
42.322022723792756 -0.017634748352208567
43.56099030694608 -0.018554437620456422
44.83622838411908 -0.01951513752291149
46.148798765769385 -0.020517948331948685
47.499794346614124 -0.021563923171040965
48.890340015614456 -0.022654058615730957
50.32159359259993 -0.023789284794501837
51.7947467923121 -0.024970455042735477
53.31102621667033 -0.02619833517644851
54.87169437608604 -0.027473592467697778
56.47805074067555 -0.028796784418348383
58.131432822247135 -0.03016834744519563
59.83321728796288 -0.03158858560396389
61.58482110660264 -0.033057659495666025
63.38770272838487 -0.034575575511738496
65.24336329932625 -0.03614217558792543
67.15334791115141 -0.03775712764588449
69.11924688779365 -0.03941991691070677
71.14269710955735 -0.041129838295686026
73.22538337604533 -0.042885990047196
75.36903980898542 -0.0446872688388257
77.57545129612417 -0.04653236649567323
79.84645497739086 -0.04841976851649086
82.18394177456803 -0.05034775454319435
84.58985796574301 -0.052314400903855786
87.06620680585127 -0.05431758532682453
89.61505019466045 -0.05635499389081491
92.23851039358476 -0.05842413023888467
94.9387717927583 -0.06052232704414848
97.71808272983904 -0.06264675967289324
100.57875736205835 -0.06479446194729599
103.52317759307378 -0.06696234386678242
106.55379505623053 -0.06914721110544662
109.67313315588179 -0.07134578606381992
112.88378916846884 -0.07355473021877454
116.18843640511002 -0.07577066748557382
119.58982643749793 -0.07799020828319901
123.09079138896018 -0.08020997397798488
126.69424629259063 -0.08242662137239884
130.40319151841317 -0.0846368669058107
134.2207152716012 -0.086837510242078
138.14999616383224 -0.08902545693424267
142.19430585991677 -0.09119773988014399
146.357011801908 -0.09335153931157152
150.64158001295928 -0.09548420109477652
155.05157798326255 -0.09759325315885671
159.5906776404731 -0.09967641991038051
164.26265840709303 -0.10173163453604235
169.071410347358 -0.10375704913861947
174.0209374062485 -0.1057510426942218
179.115360743323 -0.10771222685902473
184.3589221641488 -0.10963944969108869
189.75598765218504 -0.111531797386204
195.3110510040631 -0.11338859415544926
201.02873757128856 -0.11520940039606055
206.913808111479 -0.11699400932592671
212.97116275234782 -0.11874244226590627
219.20584507173257 -0.1204549427624134
225.62304629706352 -0.12213196974700305
232.22810962777245 -0.12377418992940148
239.02653468423918 -0.125382469616107
246.02398208697775 -0.1269578661396326
253.22627816987946 -0.1285016190732146
260.63941983143474 -0.1300151413939395
268.26957952797244 -0.13150001074337037
276.1231104130753 -0.13295796092031806
284.2065516274511 -0.1343908737249853
292.5266337436645 -0.13580077125844656
301.09028437025927 -0.13718980876651785
309.9046339199427 -0.13856026810212368
318.97702154663216 -0.13991455186705373
328.3150012563047 -0.14125517828061893
337.9263481967431 -0.1425847768115988
347.819065131413 -0.1439060845989681
358.00138910285807 -0.14522194367777602
368.48179829116765 -0.1465352990185308
379.26901907322497 -0.1478491973814804
390.37203328860926 -0.14916678698163588
401.8000857182091 -0.15049131795569556
413.5626917817706 -0.15182614361840363
425.66964546078714 -0.15317472249341996
438.13102745333055 -0.1545406211017413
450.9572135676145 -0.15592751748978212
464.15888336127773 -0.15733920547881303
477.7470290335773 -0.1587795996174709
491.73296457790156 -0.16025274081990554
506.1283352022219 -0.1617628026729297
520.9451270253212 -0.16331409839695754
536.1956770568817 -0.16491108844711805
551.892683469738 -0.16655838874251072
568.0492161728429 -0.16826077951356655
584.6787276937589 -0.17002321475900448
601.7950643797334 -0.17185083230591314
619.412477926676 -0.1737489644678307
637.5456372456507 -0.175723149297201
656.2096406767555 -0.1777791424296441
675.4200285605586 -0.17992292951807068
695.1927961775606 -0.18216073925492235
715.5444070664574 -0.1844990569805023
736.4918067322965 -0.18694463887394683
758.0524367559261 -0.18950452672198836
780.2442493165045 -0.19218606325736398
803.0857221391512 -0.19499690805525832
826.5958738801812 -0.1979450539708949
850.7942799627444 -0.20103884409543754
875.7010888760508 -0.20428698919939198
901.3370389517438 -0.20769858562396315
927.7234756314059 -0.21128313356982953
954.8823692395666 -0.21505055572064252
982.8363332770031 -0.21901121612459323
1011.6086432495807 -0.22317593924123763
1041.2232560483055 -0.2275560290436411
1071.7048298967104 -0.2321632880460689
1103.078744882215 -0.237010036106622
1135.3711240885177 -0.24210912883108165
1168.608855346651 -0.2474739753797568
1202.8196136227775 -0.25311855545301953
1238.0318840613968 -0.25905743520345237
1274.2749857031336 -0.2653057817937083
1311.5790958968503 -0.2718793762890816
1349.9752754264298 -0.2787946245423874
1389.4954943731375 -0.2860685656972348
1430.172658735088 -0.29371887790293677
1472.0406378260013 -0.30176388080172895
1515.134292476053 -0.3102225343162247
1559.4895040582815 -0.31911443323260613
1605.1432043647615 -0.3284597970437684
1652.1334063573702 -0.3382794544863631
1700.4992358187922 -0.3485948221776235
1750.2809639301013 -0.359427876732462
1801.520040802024 -0.37080111971935664
1854.2591299878522 -0.3827375347961902
1908.542144006686 -0.3952605363554551
1964.4142809066266 -0.408393909003257
2021.9220618983536 -0.42216173720011996
2081.1133700903947 -0.43658832440472983
2142.037490358383 -0.4516981010866816
2204.7451503814746 -0.4675155210124599
2269.288562880081 -0.48406494526241295
2335.7214690901214 -0.5013705135069821
2404.0991835099717 -0.5194560021604204
2474.47863995735 -0.5383446691405708
2546.91843897454 -0.5580590850970428
2621.478896621356 -0.5786209511269883
2698.222094696536 -0.6000509031804925
2777.211932429355 -0.6223683035658937
2858.5141796844714 -0.6455910201992006
2942.196531724374 -0.6697351945014955
3028.3286655749457 -0.694814999131117
3116.9822980411436 -0.7208423870420222
3208.2312454210773 -0.747826833682435
3302.1514849681753 -0.7757750744838787
3398.8212181526674 -0.804690840134647
3498.320935775036 -0.834574592476902
3600.73348498562 -0.8654232642045105
3706.144138266228 -0.8972300058604599
3814.640664431178 -0.9299839439288449
3926.3134017068355 -0.9636699540749407
4041.2553329506004 -0.998268453797426
4159.562163071847 -1.03375521890798
4281.332398719392 -1.0701012283326983
4406.667430301786 -1.1072725417280487
4535.671616408702 -1.1452302143101436
4668.45237070379 -1.1839302531029035
4805.1202513612425 -1.2233236185115284
4945.789053120639 -1.2633562747190386
5090.575902036681 -1.3039692918843357
5239.601353002645 -1.345099002493476
5392.98949012887 -1.386677213486109
5550.868030059805 -1.4286314749569482
5713.36842831558 -1.4708854053295428
5880.625988746757 -1.5133590719335663
6052.779976193349 -1.5559694249065679
6229.973732441841 -1.5986307813083642
6412.354795576917 -1.6412553553063995
6600.075022827095 -1.6837538292880458
6793.290717006696 -1.7260359598088562
6992.162756659375 -1.7680112114195057
7196.856730011514 -1.8095894106550512
7407.543072847163 -1.8506814118416752
7624.397210419138 -1.8911997658985076
7847.5997035146065 -1.9310593830047913
8077.3363987967105 -1.970178179876711
8313.798583547334 -2.008477702464295
8557.183144940002 -2.0458837151391456
8807.692733975462 -2.082326747897489
9065.53593421636 -2.117742593741307
9330.927435461663 -2.152072749212495
9604.08821250538 -2.185264792020613
9885.24570912827 -2.2172726908036484
10174.634027476064 -2.248057043265187
10472.494122981476 -2.2775852402114465
10779.074004992735 -2.3058315543356986
11094.628943275218 -2.332777153931808
11419.421680558647 -2.358410043030853
11753.722651306367 -2.3827249307105305
12097.810206889013 -2.4057230334971837
12451.97084735032 -2.427411815836811
12816.499459957597 -2.447804674529665
13191.699564735716 -2.4669205737848645
13577.883567189278 -2.484783638142269
13975.373018422924 -2.501422710919481
14384.498882876629 -2.5168708860707762
14805.6018138991 -2.5311650213927033
15239.032437388305 -2.5443452408879463
15685.151643735446 -2.5564544338151354
16144.330888316019 -2.567537757527031
16616.952500776908 -2.5776421506498886
17103.41000337838 -2.5868158625082582
17604.108438655527 -2.5951080039729706
18119.46470667122 -2.602568124132692
18649.907912142942 -2.6092458163828027
19195.87972173111 -2.6151903567142014
19757.834731786996 -2.6204503761886313
20336.2408468667 -2.6250735688254077
20931.579669325736 -2.6291064354126847
21544.346900318822 -2.6325940631065867
22175.052752539294 -2.6355799401039337
22824.222375040976 -2.6381058041741943
23492.396290496577 -2.6402115234176393
24180.13084525718 -2.641935007279333
24887.998672586673 -2.643312145591208
25616.589169457267 -2.6443767732322283
26366.508987303554 -2.64516065788512
27138.3825371428 -2.645693508319513
27932.85250948253 -2.6460030006383803
28750.580409448772 -2.6461148199797786
29592.247107579577 -2.6460527152604154
30458.55340674284 -2.6458385646734586
31350.220625651124 -2.6454924498036956
32267.991199458116 -2.6450327363900525
33212.62929793748 -2.64447615994397
34184.92146175927 -2.6438379146153146
35185.677257392665 -2.643131743881513
36215.72995118075 -2.64237003181572
37275.93720314938 -2.641563893864035
38367.18178112649 -2.6407232662256988
39490.37229576694 -2.6398569930845923
40646.44395709628 -2.638972911081133
41836.359353200234 -2.6380779305429023
43061.10925171165 -2.6371781131071375
44321.713424760856 -2.636278745471106
45619.221498074585 -2.6353844090956096
46954.71382493421 -2.6344990457643434
48329.30238571752 -2.6336260189679557
49744.13171377451 -2.6327681711368607
51200.37984840882 -2.6319278767926404
52699.259315756564 -2.6311070917248944
54242.01813838024 -2.6303073983293306
55829.94087441914 -2.629530047265536
57464.34968715974 -2.628775995608614
59146.605445917456 -2.6280459416805506
60878.108859147556 -2.6273403567533244
62660.30164072656 -2.626659513819108
64494.667710376205 -2.62600351362257
66382.73442923075 -2.6253723081478753
68326.07387157406 -2.6247657217481986
70326.30413380644 -2.6241834700994877
72385.09068173247 -2.6236251771528467
74504.14773728917 -2.6230903902516642
76685.2397058701 -2.6225785935708625
78930.18264543568 -2.6220892200265045
81240.84577862974 -2.621621661794651
83619.15304916317 -2.62117527956915
86067.08472376158 -2.6207494106788753
88586.67904100832 -2.620343376175964
91180.03390845681 -2.619956486997992
93849.3086494272 -2.6195880492988497
96596.72580093842 -2.6192373690350723
99424.57296427398 -2.6189037558871497
102335.20470972576 -2.618586526588173
105331.04453709359 -2.6182850077256834
108414.5868935835 -2.617998538076678
111588.3992507748 -2.617726470529736
114855.12424239368 -2.6174681736433336
118217.48186466724 -2.617223032884366
121678.27174109229 -2.616990451586573
125240.3754535072 -2.616769851664551
128906.75894140244 -2.6165606741151057
132680.47497147243 -2.6163623793345927
136564.66567946097 -2.616174447277716
140562.56518642136 -2.6159963774802235
144677.5022915648 -2.615827688965979
148912.90324394088 -2.6156679200558024
153272.2945952612 -2.6155166280942987
157759.30613623615 -2.6153733891082576
162377.67391887208 -2.6152377974089975
167131.2433672486 -2.615109465149418
172023.97247935992 -2.614988021845167
177059.9351226898 -2.614873113868015
182243.32442626648 -2.614764403918734
187578.45627201613 -2.61466157048553
193069.77288832495 -2.614564307293465
198721.84654880533 -2.6144723227493376
204539.38337933904 -2.6143853393860184
210527.22727657072 -2.6143030933095606
216690.3639411181 -2.614225333651816
223033.9250288494 -2.614151822030995
229563.19242369095 -2.614082332022006
236283.6026355175 -2.6140166486383003
243200.7513267945 -2.6139545678263203
250320.39797173254 -2.6138958959737617
257648.47065183744 -2.6138404494322494
265191.0709918535 -2.61378805405513
272954.4792402007 -2.613738544750681
280945.1594981406 -2.613691765051061
289169.76510202966 -2.6136475666970944
297635.14416313195 -2.6136058092388366
306348.3452696084 -2.613566359651969
315316.62335543614 -2.6135290919697067
324547.44574113254 -2.6134938869301036
334048.4983513244 -2.613460631638376
343827.6921143307 -2.613429219244069
353893.1695490984 -2.613399548632456
364253.3115449638 -2.613371524130035
374916.74433988857 -2.6133450552235002
385892.3467029899 -2.6133200562919208
397189.25732733024 -2.613296446351537
408816.88243912894 -2.6132741488128195
420784.9036297398 -2.613253091249321
433103.2859169001 -2.6132332051778095
445782.28604197066 -2.613214425849329
458832.461010084 -2.6131966920506238
472264.67688029545 -2.6131799459156086
486090.117813063 -2.613164132746321
500320.2953825999 -2.613149200843079
514967.0581618343 -2.6131351013432766
530042.6015879672 -2.6131217880685664
545559.4781168514 -2.6131092173799124
561530.6076746266 -2.6130973480402417
577969.2884153313 -2.613086141084255
594889.2077934331 -2.6130755596951074
612304.4539605178 -2.613065569087556
630229.5274956024 -2.613056136397339
648679.3534788508 -2.613047230576395
667669.2939187557 -2.6130388222936944
687215.1605431122 -2.6130308838413225
707333.2279644439 -2.613023389045657
728040.2472308562 -2.6130163131832376
749353.4597735757 -2.613009632901215
771290.6117627992 -2.613003326142089
793869.9688838223 -2.6129973720724555
817110.3315457187 -2.612991751015687
841031.0505352605 -2.6129864443881856
865652.0431290936 -2.6129814346391727
890993.8096776098 -2.612976705193665
917077.4506742931 -2.6129722403986384
943924.6843247664 -2.612968025472075
971557.8646301847 -2.6129640464547994
1000000.0 -2.6129602901649864
