10.0 0.00016712906747017896
10.292747724096083 0.00017667033072455397
10.59406557118851 0.0001867445869297455
10.904204429677526 0.00019738048691599235
11.223422532664179 0.00020860807710605577
11.551985672964793 0.00022045884654468747
11.890167424419898 0.0002329657725655099
12.238249369681931 0.00024616336476527737
12.596521334671401 0.0002600877066006133
12.965281629896682 0.00027477649421353025
13.344837298838383 0.0002902690717294568
13.735504373605137 0.0003066064624122807
14.137608138073606 0.0003238313948506998
14.551483398731937 0.00034198832342346666
14.977474763452017 0.0003611234420558326
15.415936928422726 0.00038128469032001677
15.867234973483178 0.00040252175083997687
16.331744666101677 0.000424886036779507
16.80985277425364 0.0004484306682718035
17.301957388458945 0.00047321043644041094
17.808468253246822 0.0004992817536210311
18.329807108324356 0.0005267025883879792
18.866408039732583 0.0005555323838426031
19.418717841282557 0.0005858319576230362
19.987196386572506 0.0006176633820292246
20.57231701189556 0.0006510898427306237
21.174566910357118 0.0006861754743563658
21.794447537529855 0.000722985171512841
22.432475028984193 0.0007615843736639456
23.089180630041927 0.0008020388225370902
23.765111138110754 0.0008444142907665548
24.46082935796799 0.0008887762807310196
25.17691457037277 0.0009351896927834882
25.913963014396586 0.0009837184623132291
26.672588383874054 0.0010344251655271233
27.453422338387142 0.0010873705941139356
28.257115029208283 0.0011426132996283957
29.08433564064048 0.0012002091087485742
29.935772947204903 0.0012602106114184795
30.812135887140037 0.001322666624296861
31.714154152689986 0.0013876216328783015
32.642578797673224 0.001455115216321914
33.59818286283781 0.0015251814597711474
34.58176201952381 0.0015978483599141588
35.594135232168604 0.0016731372302666882
36.63614544020716 0.0017510621134263734
37.708660259934554 0.0018316292084338194
38.81257270691538 0.0019148363220112248
39.9488019395417 0.0020006723529380926
41.118294024358306 0.002089116819520337
42.322022723792756 0.0021801394401866816
43.56099030694608 0.002273699777483723
44.83622838411908 0.0023697469556331666
46.148798765769385 0.0024682194614349113
47.499794346614124 0.002569045037721136
48.890340015614456 0.002672140677683382
50.32159359259993 0.002777412727282028
51.7947467923121 0.0028847571015016013
53.31102621667033 0.002994059618551673
54.87169437608604 0.0031051964542318485
56.47805074067555 0.0032180347166269148
58.131432822247135 0.003332433139055253
59.83321728796288 0.0034482428868644684
61.58482110660264 0.003565308471466776
63.38770272838487 0.0036834687626072418
65.24336329932625 0.0038025580878042085
67.15334791115141 0.003922407405957885
69.11924688779365 0.0040428455403363475
71.14269710955735 0.004163700454917178
73.22538337604533 0.004284800556938206
75.36903980898542 0.004405976007958953
77.57545129612417 0.004527060025554627
79.84645497739086 0.0046478901579818785
82.18394177456803 0.004768309514887503
84.58985796574301 0.0048881679381136064
87.06620680585127 0.005007323098172524
89.61505019466045 0.005125641503613377
92.23851039358476 0.005242999412556867
94.9387717927583 0.005359283637771602
97.71808272983904 0.005474392238979171
100.57875736205835 0.005588235098378855
103.52317759307378 0.005700734377639863
106.55379505623053 0.005811824856849971
109.67313315588179 0.005921454157914919
112.88378916846884 0.006029582856765298
116.18843640511002 0.0061361844904376985
119.58982643749793 0.0062412454663284085
123.09079138896018 0.006344764882245998
126.69424629259063 0.00644675426654622
130.40319151841317 0.0065472372484035
134.2207152716012 0.006646249168516155
138.14999616383224 0.006743836640748755
142.19430585991677 0.006840057075095836
146.357011801908 0.0069349781721684935
150.64158001295928 0.007028677399043612
155.05157798326255 0.007121241455740114
159.5906776404731 0.007212765741165449
164.26265840709303 0.007303353826738822
169.071410347358 0.007393116945172454
174.0209374062485 0.0074821735014714875
179.115360743323 0.00757064861236879
184.3589221641488 0.007658673680086844
189.75598765218504 0.007746386005646163
195.3110510040631 0.007833928446438508
201.02873757128856 0.0079214491225441
206.913808111479 0.008009101175684138
212.97116275234782 0.008097042584574611
219.20584507173257 0.008185436039957666
225.62304629706352 0.008274448882594381
232.22810962777245 0.008364253107026489
239.02653468423918 0.008455025433781259
246.02398208697775 0.008546947452535323
253.22627816987946 0.008640205838332528
260.63941983143474 0.008734992642751781
268.26957952797244 0.008831505661611718
276.1231104130753 0.008929948880248968
284.2065516274511 0.009030532997131994
292.5266337436645 0.009133476025897024
301.09028437025927 0.00923900397535538
309.9046339199427 0.009347351606424779
318.97702154663216 0.009458763264089464
328.3150012563047 0.009573493781948945
337.9263481967431 0.00969180945597279
347.819065131413 0.00981398908343891
358.00138910285807 0.009940325062277135
368.48179829116765 0.010071124545270324
379.26901907322497 0.010206710643094377
390.37203328860926 0.01034742366949141
401.8000857182091 0.010493622421560819
413.5626917817706 0.01064568548781222
425.66964546078714 0.010804012576483668
438.13102745333055 0.010969025856601405
450.9572135676145 0.011141171304383897
464.15888336127773 0.011320920047794465
477.7470290335773 0.011508769702432777
491.73296457790156 0.011705245692312391
506.1283352022219 0.011910902549529983
520.9451270253212 0.01212632518735391
536.1956770568817 0.012352130141440164
551.892683469738 0.012588966774505325
568.0492161728429 0.012837518439650239
584.6787276937589 0.013098503597663864
601.7950643797334 0.013372676883371716
619.412477926676 0.013660830115481738
637.5456372456507 0.013963793243618966
656.2096406767555 0.014282435225032536
675.4200285605586 0.014617664821868423
695.1927961775606 0.01497043130804843
715.5444070664574 0.015341725072436418
736.4918067322965 0.01573257810215707
758.0524367559261 0.01614406432698684
780.2442493165045 0.016577299801903183
803.0857221391512 0.01703344270122637
826.5958738801812 0.017513693093115876
850.7942799627444 0.01801929245859676
875.7010888760508 0.01855152291401476
901.3370389517438 0.01911170609025542
927.7234756314059 0.019701201616014876
954.8823692395666 0.02032140514605867
982.8363332770031 0.020973745868527856
1011.6086432495807 0.021659683418243477
1041.2232560483055 0.022380704115163314
1071.7048298967104 0.02313831643932285
1103.078744882215 0.023934045645132733
1135.3711240885177 0.0247694274090878
1168.608855346651 0.0256460003960458
1202.8196136227775 0.02656529761978
1238.0318840613968 0.027528836464011625
1274.2749857031336 0.028538107220557947
1311.5790958968503 0.02959455999139999
1349.9752754264298 0.03069958979215584
1389.4954943731375 0.03185451968501642
1430.172658735088 0.03306058176059018
1472.0406378260013 0.03431889577997647
1515.134292476053 0.03563044528143718
1559.4895040582815 0.03699605095032129
1605.1432043647615 0.038416341046834994
1652.1334063573702 0.03989171868437295
1700.4992358187922 0.04142232575160823
1750.2809639301013 0.04300800327525711
1801.520040802024 0.044648248027379614
1854.2591299878522 0.046342165192458096
1908.542144006686 0.04808841692521374
1964.4142809066266 0.04988516665117165
2021.9220618983536 0.05173001898898858
2081.1133700903947 0.05361995520660252
2142.037490358383 0.05555126416339419
2204.7451503814746 0.057519468737791596
2269.288562880081 0.05951924779461069
2335.7214690901214 0.061544353808986305
2404.0991835099717 0.06358752633404588
2474.47863995735 0.06564040157734703
2546.91843897454 0.06769341843589716
2621.478896621356 0.06973572143087092
2698.222094696536 0.07175506107955627
2777.211932429355 0.07373769234240807
2858.5141796844714 0.07566827188573134
2942.196531724374 0.07752975500298481
3028.3286655749457 0.07930329313817641
3116.9822980411436 0.08096813305009345
3208.2312454210773 0.08250151874348995
3302.1514849681753 0.08387859736989445
3398.8212181526674 0.08507233036272255
3498.320935775036 0.08605341111650663
3600.73348498562 0.086790190544639
3706.144138266228 0.08724861185212743
3814.640664431178 0.08739215583681287
3926.3134017068355 0.08718179798353098
4041.2553329506004 0.0865759785395386
4159.562163071847 0.08553058665706378
4281.332398719392 0.08399895956093349
4406.667430301786 0.08193189754872197
4535.671616408702 0.07927769546084255
4668.45237070379 0.075982191073261
4805.1202513612425 0.07198883067116751
4945.789053120639 0.06723875186439825
5090.575902036681 0.06167088351063853
5239.601353002645 0.055222062427995156
5392.98949012887 0.04782716640998711
5550.868030059805 0.039419262910307756
5713.36842831558 0.029929772646342896
5880.625988746757 0.019288647284270037
6052.779976193349 0.007424560316037508
6229.973732441841 -0.005734889777618729
6412.354795576917 -0.02026296496635009
6600.075022827095 -0.03623356254932894
6793.290717006696 -0.05372098023423119
6992.162756659375 -0.07279967207557753
7196.856730011514 -0.09354399581724378
7407.543072847163 -0.11602795206185332
7624.397210419138 -0.140324915570498
7847.5997035146065 -0.16650735888795415
8077.3363987967105 -0.19464656840003838
8313.798583547334 -0.22481235287063053
8557.183144940002 -0.2570727444812122
8807.692733975462 -0.29149369241381534
9065.53593421636 -0.3281387490810527
9330.927435461663 -0.3670687492185274
9604.08821250538 -0.40834148221462385
9885.24570912827 -0.45201135825855354
10174.634027476064 -0.4981290691365693
10472.494122981476 -0.5467412447914506
10779.074004992735 -0.5978901070746842
11094.628943275218 -0.6516131224549462
11419.421680558647 -0.7079426557888584
11753.722651306367 -0.7669056276014546
12097.810206889013 -0.8285231776492974
12451.97084735032 -0.8928103378398808
12816.499459957597 -0.9597757178426638
13191.699564735716 -1.0294212069402078
13577.883567189278 -1.101741695823776
13975.373018422924 -1.1767248221252757
14384.498882876629 -1.2543507434944587
14805.6018138991 -1.3345919419703844
15239.032437388305 -1.4174130632575044
15685.151643735446 -1.5027707943032769
16144.330888316019 -1.5906137822846291
16616.952500776908 -1.6808825977550828
17103.41000337838 -1.7735097442869314
17604.108438655527 -1.8684197164747958
18119.46470667122 -1.9655291076578099
18649.907912142942 -2.0647467681799236
19195.87972173111 -2.165974014452388
19757.834731786996 -2.26910488852106
20336.2408468667 -2.374026467286105
20931.579669325736 -2.4806192199824904
21544.346900318822 -2.588757412013897
22175.052752539294 -2.6983095527518124
22824.222375040976 -2.8091388844656846
23492.396290496577 -2.9211039091489615
24180.13084525718 -3.03405894964747
24887.998672586673 -3.1478547411843607
25616.589169457267 -3.2623390491085624
26366.508987303554 -3.3773573084701387
27138.3825371428 -3.492753280844181
27932.85250948253 -3.6083697236828134
28750.580409448772 -3.7240490673702857
29592.247107579577 -3.839634095087327
30458.55340674284 -3.9549686205561523
31350.220625651124 -4.069898158738087
32267.991199458116 -4.184270584587858
33212.62929793748 -4.297936775040704
34184.92146175927 -4.410751229512279
35185.677257392665 -4.5225726643392665
36215.72995118075 -4.633264576776482
37275.93720314938 -4.742695774398136
38367.18178112649 -4.850740866030894
39490.37229576694 -4.957280710672574
40646.44395709628 -5.062202821225215
41836.359353200234 -5.165401720292337
43061.10925171165 -5.266779245755744
44321.713424760856 -5.366244804351513
45619.221498074585 -5.463715572003758
46954.71382493421 -5.559116640238239
48329.30238571752 -5.652381108577732
49744.13171377451 -5.743450123409519
51200.37984840882 -5.832272864395805
52699.259315756564 -5.91880648006255
54242.01813838024 -6.003015974743056
55829.94087441914 -6.084874049547132
57464.34968715974 -6.164360900479742
59146.605445917456 -6.241463977222441
60878.108859147556 -6.316177706420341
62660.30164072656 -6.388503183572313
64494.667710376205 -6.458447837806876
66382.73442923075 -6.526025073934704
68326.07387157406 -6.591253896204291
70326.30413380644 -6.654158518151848
72385.09068173247 -6.714767962835033
74504.14773728917 -6.773115657577369
76685.2397058701 -6.829239027136516
78930.18264543568 -6.883179088948843
81240.84577862974 -6.934980053806671
83619.15304916317 -6.984688935000321
86067.08472376158 -7.032355168615414
88586.67904100832 -7.078030247321769
91180.03390845681 -7.121767369633986
93849.3086494272 -7.16362110627319
96596.72580093842 -7.2036470849171605
99424.57296427398 -7.2419016943022205
102335.20470972576 -7.278441808331556
105331.04453709359 -7.31332453056705
108414.5868935835 -7.346606959221051
111588.3992507748 -7.37834597253779
114855.12424239368 -7.408598034250877
118217.48186466724 -7.437419018630077
121678.27174109229 -7.46486405448538
125240.3754535072 -7.49098738737211
128906.75894140244 -7.515842259149647
132680.47497147243 -7.539480803968946
136564.66567946097 -7.561953959715684
140562.56518642136 -7.583311393898956
144677.5022915648 -7.603601442962331
148912.90324394088 -7.6228710639884465
153272.2945952612 -7.641165797782774
157759.30613623615 -7.658529742338683
162377.67391887208 -7.675005535719704
167131.2433672486 -7.69063434742865
172023.97247935992 -7.705455877376358
177059.9351226898 -7.71950836160908
182243.32442626648 -7.732828584001689
187578.45627201613 -7.745451893174597
193069.77288832495 -7.7574122239435015
198721.84654880533 -7.768742122662355
204539.38337933904 -7.77947277587092
210527.22727657072 -7.789634041705527
216690.3639411181 -7.799254483583403
223033.9250288494 -7.808361405711306
229563.19242369095 -7.816980890017734
236283.6026355175 -7.82513783414575
243200.7513267945 -7.832855990183262
250320.39797173254 -7.840158003844351
257648.47065183744 -7.8470654538466045
265191.0709918535 -7.8535988912637045
272954.4792402007 -7.859777878657188
280945.1594981406 -7.865621028820991
289169.76510202966 -7.87114604299372
297635.14416313195 -7.87636974841683
306348.3452696084 -7.881308135134918
315316.62335543614 -7.885976391954394
324547.44574113254 -7.890388941489257
334048.4983513244 -7.894559474241062
343827.6921143307 -7.898500981667953
353893.1695490984 -7.902225788213769
364253.3115449638 -7.905745582273585
374916.74433988857 -7.909071446084416
385892.3467029899 -7.912213884533687
397189.25732733024 -7.915182852888981
408816.88243912894 -7.917987783453451
420784.9036297398 -7.920637611159941
433103.2859169001 -7.923140798118502
445782.28604197066 -7.925505357137206
458832.461010084 -7.927738874237215
472264.67688029545 -7.9298485301866375
486090.117813063 -7.931841121079431
500320.2953825999 -7.933723077986561
514967.0581618343 -7.935500485707791
530042.6015879672 -7.937179100653923
545559.4781168514 -7.93876436788863
561530.6076746266 -7.940261437360912
577969.2884153313 -7.941675179357373
594889.2077934331 -7.94301019920462
612304.4539605178 -7.944270851252035
630229.5274956024 -7.945461252163825
648679.3534788508 -7.946585293548932
667669.2939187557 -7.94764665395765
687215.1605431122 -7.9486488102724975
707333.2279644439 -7.949595048519544
728040.2472308562 -7.9504884741272654
749353.4597735757 -7.951332021657809
771290.6117627992 -7.9521284640343755
793869.9688838223 -7.952880421290401
817110.3315457187 -7.9535903688611755
841031.0505352605 -7.954260645441078
865652.0431290936 -7.954893460427426
890993.8096776098 -7.955490900970842
917077.4506742931 -7.95605493865229
943924.6843247664 -7.956587435804123
971557.8646301847 -7.9570901514949615
1000000.0 -7.957564747193211
