10.0 -0.07033327268454169
10.53310445370937 -0.04018583603209035
11.094628943275218 -0.640568054292242
11.686088553466515 -0.24553494266855086
12.309079138896024 -0.2609457731253243
12.965281629896682 -1.4277571610776767
13.65646656794611 -0.3961672843191607
14.38449888287663 -0.7835242768140643
15.15134292476053 -0.3958350672166549
15.95906776404731 0.3668250321434125
16.80985277425364 -0.3911796784690735
17.70599351226899 -0.6937063826673079
18.64990791214297 -0.239998095060787
19.644142809066278 -1.0589998364358375
20.6913808111479 -0.13051754024062
21.794447537529855 0.19418503808134022
22.956319242369098 -0.20894651080443724
24.180130845257207 -0.4437127159333231
25.4691843897454 -0.86453800415073
26.826957952797258 -0.7310269950736575
28.257115029208283 -0.8555787619875914
29.76351441631318 -0.37540055466107525
31.350220625651154 0.6016219507637866
33.02151484968176 -0.22492075320969304
34.7819065131413 -0.20020451969380548
36.63614544020716 -0.6062839890234611
38.58923467029903 -0.9009153478956364
40.646443957096295 -0.5711508177195882
42.81332398719393 -0.6972991813569573
45.095721356761466 -1.2175911827319708
47.499794346614124 -0.47149292039108864
50.03202953826004 0.04982596903052143
52.699259315756564 -1.9825493464678177
55.50868030059805 -0.5172154481910031
58.467872769375894 -0.4115544111803196
61.58482110660264 -0.4444280032248455
64.86793534788511 -0.6579010043219456
68.32607387157402 -0.7390568714762019
71.96856730011521 -0.6661783543925603
75.8052436755926 -0.38529017334938354
79.84645497739086 -0.45040567582401414
84.10310505352605 -0.4121877854433504
88.58667904100822 -0.7003168081388765
93.30927435461668 -0.9070464430595486
98.28363332770026 -3.2465080653833605
103.52317759307378 -0.10467405822649843
109.04204429677526 -0.7435438872333315
114.8551242423938 -2.970340537578025
120.97810206889012 -1.8480230592789613
127.42749857031335 -2.035996201384931
134.2207152716012 -2.20185559969892
141.37608138073614 7.332857335639269
148.91290324394086 -2.2613438263523387
156.85151643735477 -4.944746195412072
165.213340635737 -7.717945222234287
174.0209374062485 -2.7374749230904474
183.29807108324357 -3.0835768995641737
193.06977288832496 -4.505533081955712
203.36240846866724 -3.670557641208219
214.2037490358383 -3.235279906852629
225.62304629706352 -5.023400422796806
237.65111138110728 -4.529510529323253
250.32039797173255 -5.273180796470806
263.6650898730358 -4.43601635592423
277.7211932429355 -4.349632582751026
292.5266337436645 -14.32557065437776
308.1213588714002 -8.204998597373734
324.54744574113323 -6.161973127750922
341.84921461759274 -8.488785104472374
360.073348498562 -6.296440563849341
379.26901907322497 -6.736494832593829
399.48801939541704 -7.372700355244527
420.78490362974026 -2.51014587469336
443.21713424760856 -7.180080630262543
466.84523707037897 -7.607131775527554
491.73296457790156 -3.513994065548953
517.9474679231213 -6.223746154325549
545.5594781168514 -11.539300256507328
574.6434968715973 -7.4955619753523
605.2779976193349 -7.309666195731213
637.5456372456507 -7.579198998293161
671.5334791115142 -8.000740824780397
707.3332279644438 -8.451885719197039
745.0414773728917 -7.595793074981075
784.7599703514607 -6.541183231819017
826.5958738801812 -6.035868086965647
870.6620680585127 -6.831489165004475
917.0774506742931 -7.271582245403485
965.9672580093833 -6.40465704130905
1017.4634027476063 -6.769551630766282
1071.7048298967104 -7.047637315823717
1128.8378916846884 -6.083311577303458
1189.01674244199 -5.8356755948170775
1252.4037545350732 -5.093279420602634
1319.1699564735716 -6.042712209614089
1389.4954943731375 -4.451222105713598
1463.5701180190797 -4.654792318444425
1541.5936928422718 -3.5020786173465233
1623.776739188721 -2.576190323867528
1710.3410003378397 -4.348384638230068
1801.520040802024 -2.0087256113883463
1897.5598765218504 -1.9049251229493527
1998.7196386572507 -1.6869778772195616
2105.272272765707 -4.028406200968993
2217.505275253932 -2.3402939949031727
2335.7214690901214 -3.8174940383951
2460.239820869775 -8.22216218177177
2591.3963014396572 -4.345261933760728
2729.5447924020073 -5.41054672282833
2875.0580409448803 -2.107160166482559
3028.3286655749457 -3.0031374974642047
3189.7702154663216 -3.767180144005316
3359.818286283781 -3.2084974071504266
3538.9316954909877 -2.958076876845352
3727.593720314938 -3.826027487267437
3926.3134017068355 -2.8194287870529546
4135.626917817706 -3.5696185579719932
4356.099030694608 -1.561173362079649
4588.324610100844 -0.007511980470210751
4832.930238571752 -2.2428171651979967
5090.575902036681 -3.573988927652265
5361.956770568817 1.8904198987507397
5647.805074067552 -1.6149544206402855
5948.892077934331 -3.445727646082657
6266.030164072656 -1.7785975648036816
6600.075022827095 -5.657345548382908
6951.927961775606 -3.7773090806724765
7322.538337604534 -2.3100668549384245
7712.906117627992 -1.9877032726529842
8124.0845778629655 -2.496869631532968
8557.183144940002 -1.8516069818027916
9013.37038951743 -3.5909668388655636
9493.87717927582 -1.0867088309223247
10000.0 -1.9849924217644463
10533.104453709382 -2.491986224876361
11094.628943275218 -0.743113761136363
11686.088553466498 -3.3997703782906665
12309.079138896019 -4.082707312753927
12965.281629896688 -0.431052554643933
13656.466567946096 -3.0924137913892396
14384.498882876629 -2.057099478995337
15151.342924760515 -0.9442223129064674
15959.06776404731 -3.8101472197440667
16809.852774253653 -2.775621822572653
17705.99351226898 -1.9140823086099426
18649.907912142942 1.4482490548081044
19644.142809066267 3.3365738324336176
20691.3808111479 -1.4788976124762359
21794.447537529835 2.2101622370302447
22956.319242369096 -3.6676934170248936
24180.13084525718 -5.787276134057825
25469.184389745402 -0.5310215531817579
26826.957952797275 -3.5234690230439156
28257.115029208268 -6.296266604252998
29763.51441631313 -2.308822419279829
31350.220625651124 5.995942982264159
33021.51484968176 1.2636652011375142
34781.90651314134 1.71615711425135
36636.14544020716 -2.367870881557203
38589.23467029899 -3.73585064402545
40646.44395709628 -0.41314775439161294
42813.32398719396 -12.471779019333383
45095.721356761445 -3.4835895687350815
47499.79434661403 -2.112130596343911
50032.029538259994 -2.3108707432414737
52699.259315756564 -2.4752797178673394
55508.680300598106 -1.7791040073563424
58467.87276937589 -3.979676843545735
61584.82110660255 -2.3094094718697247
64867.935347885075 -4.146714724919432
68326.07387157406 -4.210413676262514
71968.56730011514 -7.319987180509608
75805.24367559262 -2.4911706655762664
79846.45497739078 -5.67557450511432
84103.10505352604 -0.7404956440988701
88586.67904100832 -3.352147427493331
93309.27435461663 -4.045734945893946
98283.63332770011 -6.614005565936551
103523.17759307378 -4.2066735458479645
109042.04429677526 -4.976033870053291
114855.12424239368 -5.10913359670068
120978.10206889013 -5.67237406615055
127427.49857031321 -3.997581688933196
134220.7152716012 -2.4692230591473594
141376.08138073614 -5.229199524831092
148912.90324394088 -12.504717960638516
156851.5164373548 5.515226645739508
165213.34063573685 -2.4304691210094855
174020.9374062485 -5.090133922986673
183298.07108324338 4.00923112810014
193069.77288832495 -11.771075057430906
203362.40846866704 -10.581210388468897
214203.74903583832 -8.146088904251044
225623.04629706353 8.304777296237821
237651.11138110727 -10.514006695967058
250320.39797173254 -9.275108644087489
263665.08987303555 -7.540940842974604
277721.1932429355 -11.000649144804537
292526.6337436642 5.347501158982489
308121.35887140024 -10.068886656331644
324547.44574113254 -11.67976796359888
341849.21461759275 -11.501804157015966
360073.348498562 -7.035726202948159
379269.0190732246 -1.4813155012399974
399488.019395417 -14.225800362719953
420784.9036297398 -13.164599550909022
443217.13424760854 -0.1941857416146273
466845.2370703785 -10.383345111061796
491732.9645779016 -13.850285842164949
517947.46792312124 -3.4198532172146763
545559.4781168514 -11.012784304228164
574643.4968715974 -13.734666630474972
605277.9976193343 -12.07434279727445
637545.6372456506 -7.558066603691835
671533.4791115135 -9.037819054395925
707333.2279644439 -12.093306020606992
745041.4773728917 -7.245411455204016
784759.9703514606 -14.64596589571547
826595.8738801812 -11.463492028416484
870662.0680585118 -19.70813002315199
917077.4506742931 -8.168541348138676
965967.2580093823 -12.810667752229385
1017463.4027476063 -8.794644373184903
1071704.8298967092 -5.088086603462547
1128837.8916846884 -7.458812048107049
1189016.74244199 -0.5698363511896063
1252403.7545350718 -22.627478648917926
1319169.9564735717 4.01853008779644
1389495.494373136 9.981774148824845
1463570.1180190798 5.457653554301536
1541593.6928422702 -14.992812349046664
1623776.739188721 17.337885111922514
1710341.0003378377 -9.858809358220405
1801520.0408020238 17.91180973919724
1897559.8765218505 -21.745185368315127
1998719.6386572486 -12.78362274966183
2105272.272765707 -8.281852944160855
2217505.2752539297 -6.3587536750755245
2335721.4690901213 -25.869114986726647
2460239.8208697727 -16.785411887874794
2591396.3014396573 -12.258587656936399
2729544.792402007 -12.68513037210457
2875058.040944877 -13.681595709357516
3028328.6655749455 -9.207263773040108
3189770.215466318 -1.2809409138261196
3359818.286283781 -11.480381978907195
3538931.6954909842 -10.064101980304386
3727593.720314938 -18.504269271991994
3926313.4017068394 -29.698474247183654
4135626.917817706 -15.72961677290487
4356099.030694608 -26.593759379840158
4588324.61010084 -20.459185833810945
4832930.238571752 -4.5703767090035665
5090575.902036676 -5.644244716501396
5361956.770568817 -10.481332610086877
5647805.074067546 -18.144337623235327
5948892.077934331 -3.694038938412987
6266030.164072656 -18.136612479766722
6600075.022827089 -8.372944972184607
6951927.961775606 25.556739688940766
7322538.337604526 -18.444975601480007
7712906.117627992 -14.36475122467203
8124084.5778629575 -33.955328118148834
8557183.144940002 -19.08279779334795
9013370.38951742 -10.45186912525752
9493877.17927582 -37.74791321341488
10000000.0 -17.841097761328612
10533104.45370936 -1.2174335971972368
11094628.943275219 -12.662547304662509
11686088.553466497 -11.189096748057622
12309079.138896018 -5.711372777408567
12965281.629896663 -13.106524632073103
13656466.567946097 -18.807624045307833
14384498.882876629 -1.7845127418252953
15151342.924760515 7.853743876420026
15959067.76404731 -13.287370324388572
16809852.774253618 -9.849415298716723
17705993.51226898 5.614015567982572
18649907.912142944 -4.0104992162073625
19644142.809066266 -8.255571864553396
20691380.811147902 -17.43120474577556
21794447.537529834 -8.893194851036125
22956319.242369097 -8.062510353472028
24180130.84525718 -11.048820630621519
25469184.3897454 -14.049793147025317
26826957.95279722 -11.437442089468732
28257115.02920827 -41.76297284613308
29763514.41631313 -16.052538003782686
31350220.62565112 -20.135609763745368
33021514.849681754 -16.847191790432
34781906.51314127 -33.92829305679809
36636145.44020716 8.783351920364739
38589234.67029899 -24.31107999818847
40646443.95709628 -23.583593346365458
42813323.98719387 -13.609602719879907
45095721.35676145 -26.853202624674214
47499794.346614026 -15.927621206184137
50032029.53825999 -18.855850472941043
52699259.31575657 -32.665751196636705
55508680.300597996 -22.260281387174942
58467872.7693759 -11.42477938613633
61584821.10660254 -9.048428200453134
64867935.34788508 -37.70766723575526
68326073.87157391 -16.06436012858483
71968567.30011514 -13.233006162450131
75805243.67559262 -15.198808797357392
79846454.97739078 9.849809826862062
84103105.05352604 17.953854003000064
88586679.04100814 -14.962509840321959
93309274.35461664 -10.444710431203927
98283633.32770011 -15.616457121078371
103523177.59307377 -19.271818452672974
109042044.29677527 -18.74355604569087
114855124.24239345 -14.571114358014768
120978102.06889038 -17.846596663290164
127427498.57031322 -17.046387544659517
134220715.2716012 -7.302783408466233
141376081.38073614 -6.208236141370691
148912903.24394056 -24.79533893637956
156851516.43735445 -10.142549694031375
165213340.63573685 -17.68311334836043
174020937.40624848 -22.779432988582027
183298071.08324376 -9.989363799834644
193069772.88832456 -62.68263010583817
203362408.46866703 -10.556032164678914
214203749.0358383 -22.185789348253607
225623046.2970626 -20.53553253025693
237651111.38110778 -22.81950675901308
250320397.97173202 -10.689627601157634
263665089.87303555 -26.89319863395371
277721193.2429355 -28.888821584386566
292526633.74366355 -4.423450810836016
308121358.87140083 -11.315946860590422
324547445.74113256 -19.37985693048577
341849214.6175927 -16.714158743102743
360073348.49856204 -21.600542546651123
379269019.0732238 -5.747526841917989
399488019.39541787 2.580817016658179
420784903.6297398 2.9438150793959577
443217134.24760854 0.36350230670750827
466845237.07037944 0.568312007925587
491732964.5779006 -0.8163797576795733
517947467.9231202 -0.9290141765539237
545559478.1168514 13.722518665771343
574643496.8715974 -18.62192580609211
605277997.6193355 -2.6912331480293172
637545637.2456493 -17.913702454739763
671533479.1115135 -3.2643747428083443
707333227.9644439 -15.85059858395571
745041477.3728887 -21.262624877846964
784759970.3514622 -21.223008496040517
826595873.8801795 -9.561888834442149
870662068.0585117 -17.454184121080374
917077450.674293 0.6152156390339231
965967258.0093802 4.442883180126608
1017463402.7476043 -17.222552572491946
1071704829.8967092 -5.209885789651735
1128837891.6846883 -36.194548823023496
1189016742.44199 -9.797201460754895
1252403754.5350692 -15.32266971310097
1319169956.473569 -20.426766152775883
1389495494.373136 -7.584702430406988
1463570118.0190797 -3.5190048246553784
1541593692.8422735 -0.2636113809491155
1623776739.1887176 -29.031437957114882
1710341000.337838 -14.054361849317122
1801520040.802024 -3.5396154399749404
1897559876.5218503 -15.21283624588457
1998719638.6572526 -9.544558102331832
2105272272.7657027 -1.1464771725385057
2217505275.2539296 -25.087233122688964
2335721469.0901213 -10.816224748726777
2460239820.8697777 -20.14675250998318
2591396301.439652 -29.89791760274543
2729544792.402002 -9.347690929360956
2875058040.944877 -23.733314792275625
3028328665.5749454 1.3158526148995755
3189770215.466325 -5.543425314448483
3359818286.2837744 -27.872615383480408
3538931695.4909844 -10.875945522895922
3727593720.314938 -5.049833877129767
3926313401.7068396 -21.035378751722703
4135626917.8176975 -18.820888110092177
4356099030.694599 -18.34471494887434
4588324610.100841 -18.142674204863226
4832930238.571753 1.4270025952337693
5090575902.036687 -9.103018578532918
5361956770.568806 -14.369085216413906
5647805074.067546 -35.9476122036888
5948892077.934331 -0.008790714462107191
6266030164.072656 -13.66527381201098
6600075022.827075 -20.73096515469158
6951927961.775591 -8.876983543081302
7322538337.6045265 12.676112971772177
7712906117.627993 -21.507173073221132
8124084577.862974 -6.595281733443388
8557183144.939984 -3.143789755069969
9013370389.51742 -17.427480318428245
9493877179.27582 -12.184779062754192
10000000000.0 10.203367121427206
