10.0 10.050347065427667
10.53310445370937 10.050374734090184
11.094628943275218 10.050405420680406
11.686088553466515 10.050439452695715
12.309079138896024 10.05047719472149
12.965281629896682 10.050519047475996
13.65646656794611 10.050565456883234
14.38449888287663 10.05061691706856
15.15134292476053 10.05067397343296
15.95906776404731 10.050737229075269
16.80985277425364 10.05080735321971
17.70599351226899 10.050885085462877
18.64990791214297 10.050971241227934
19.644142809066278 10.05106672374
20.6913808111479 10.051172531225784
21.794447537529855 10.051289763564217
22.956319242369098 10.05141963606068
24.180130845257207 10.051563488977928
25.4691843897454 10.051722797797062
26.826957952797258 10.051899189453144
28.257115029208283 10.052094451968351
29.76351441631318 10.05231055271706
31.350220625651154 10.052549651726867
33.02151484968176 10.052814116739352
34.7819065131413 10.053106544382473
36.63614544020716 10.053429774341517
38.58923467029903 10.053786907115168
40.646443957096295 10.054181325403295
42.81332398719393 10.054616708416496
45.095721356761466 10.055097050928566
47.499794346614124 10.055626681283588
50.03202953826004 10.056210274379131
52.699259315756564 10.056852862614578
55.50868030059805 10.057559846959581
58.467872769375894 10.058336999207523
61.58482110660264 10.059190462133136
64.86793534788511 10.060126736508199
68.32607387157402 10.061152666767303
71.96856730011521 10.062275410468931
75.8052436755926 10.063502391821517
79.84645497739086 10.064841249988456
84.10310505352605 10.066299762431703
88.58667904100822 10.067885749065052
93.30927435461668 10.069606958053338
98.28363332770026 10.071470931459725
103.52317759307378 10.073484841582749
109.04204429677526 10.075655309990557
114.8551242423938 10.077988202119322
120.97810206889012 10.080488403013426
127.42749857031335 10.083159583530861
134.2207152716012 10.086003948907612
141.37608138073614 10.089021999863625
148.91290324394086 10.092212289507586
156.85151643735477 10.09557121739213
165.213340635737 10.099092842656388
174.0209374062485 10.102768757798037
183.29807108324357 10.106588013481526
193.06977288832496 10.110537116175903
203.36240846866724 10.11460011405916
214.2037490358383 10.118758753453477
225.62304629706352 10.122992730484263
237.65111138110728 10.12728002053132
250.32039797173255 10.131597274011305
263.6650898730358 10.13592026795517
277.7211932429355 10.140224392495272
292.5266337436645 10.144485153325203
308.1213588714002 10.148678655104874
324.54744574113323 10.152782063038666
341.84921461759274 10.156774000994336
360.073348498562 10.16063489419415
379.26901907322497 10.16434721750234
399.48801939541704 10.167895667624796
420.78490362974026 10.171267246909148
443.21713424760856 10.174451259923252
466.84523707037897 10.177439239911351
491.73296457790156 10.180224811257013
517.9474679231213 10.18280349411928
545.5594781168514 10.1851724800407
574.6434968715973 10.187330374085878
605.2779976193349 10.189276926298167
637.5456372456507 10.191012763564412
671.5334791115142 10.19253911775879
707.3332279644438 10.193857576915828
745.0414773728917 10.194969851192887
784.7599703514607 10.19587755390808
826.5958738801812 10.196582014235403
870.6620680585127 10.19708411087678
917.0774506742931 10.197384131326377
965.9672580093833 10.197481661590883
1017.4634027476063 10.197375488905875
1071.7048298967104 10.197063546029073
1128.8378916846884 10.196542872418162
1189.01674244199 10.195809596057266
1252.4037545350732 10.194858954566746
1319.1699564735716 10.193685332246563
1389.4954943731375 10.192282334507816
1463.5701180190797 10.19064288745364
1541.5936928422718 10.18875937489021
1623.776739188721 10.186623806197463
1710.3410003378397 10.184228021650469
1801.520040802024 10.181563938057856
1897.5598765218504 10.178623828111705
1998.7196386572507 10.175400632753199
2105.272272765707 10.171888314732488
2217.505275253932 10.168082230603162
2335.7214690901214 10.163979524717107
2460.239820869775 10.159579534286706
2591.3963014396572 10.154884173163719
2729.5447924020073 10.149898318757655
2875.0580409448803 10.144630127320713
3028.3286655749457 10.139091306301424
3189.7702154663216 10.133297299676194
3359.818286283781 10.127267356792153
3538.9316954909877 10.12102450991109
3727.593720314938 10.114595391401561
3926.3134017068355 10.108009935144718
4135.626917817706 10.101300940445565
4356.099030694608 10.094503512400568
4588.324610100844 10.087654397347274
4832.930238571752 10.080791250833425
5090.575902036681 10.073951852665902
5361.956770568817 10.067173313563595
5647.805074067552 10.06049131977978
5948.892077934331 10.053939421787257
6266.030164072656 10.047548431849904
6600.075022827095 10.041345916681848
6951.927961775606 10.035355831477764
7322.538337604534 10.029598280616694
7712.906117627992 10.024089414819432
8124.0845778629655 10.018841447466414
8557.183144940002 10.013862787466667
9013.37038951743 10.009158251184278
9493.87717927582 10.004729362395308
10000.0 10.000574687631328
10533.104453709382 9.996690209117778
11094.628943275218 9.993069710548113
11686.088553466498 9.989705162041899
12309.079138896019 9.986587086399979
12965.281629896688 9.983704902517735
13656.466567946096 9.981047243197146
14384.498882876629 9.978602234987894
15151.342924760515 9.976357742572715
15959.06776404731 9.974301573809555
16809.852774253653 9.972421662075766
17705.99351226898 9.970706198847326
18649.907912142942 9.969143753532672
19644.142809066267 9.96772335492996
20691.3808111479 9.966434550942319
21794.447537529835 9.965267460362256
22956.319242369096 9.964212787287284
24180.13084525718 9.96326184073365
25469.184389745402 9.962406533814963
26826.957952797275 9.961639367826363
28257.115029208268 9.960953421140054
29763.51441631313 9.960342326685065
31350.220625651124 9.959800240639794
33021.51484968176 9.959321813627174
34781.90651314134 9.958902160770384
36636.14544020716 9.958536820651076
38589.23467029899 9.95822172207159
40646.44395709628 9.957953148608539
42813.32398719396 9.957727699274164
45095.721356761445 9.957542254684409
47499.79434661403 9.957393935241527
50032.029538259994 9.957280069429832
52699.259315756564 9.957198165179205
55508.680300598106 9.957145866345705
58467.87276937589 9.957120933261125
61584.82110660255 9.957121212656105
64867.935347885075 9.95714461581443
68326.07387157406 9.957189098229751
71968.56730011514 9.957252648609332
75805.24367559262 9.957333280300793
79846.45497739078 9.957429025309263
84103.10505352604 9.957537933270254
88586.67904100832 9.957658082314355
93309.27435461663 9.957787587663542
98283.63332770011 9.957924611324021
103523.17759307378 9.958067378297264
109042.04429677526 9.958214194659078
114855.12424239368 9.958363460924978
120978.10206889013 9.958513692431001
127427.49857031321 9.958663525988761
134220.7152716012 9.958811736005202
141376.08138073614 9.95895723806845
148912.90324394088 9.959099097154805
156851.5164373548 9.959236523129572
165213.34063573685 9.959368868325528
174020.9374062485 9.959495629291649
183298.07108324338 9.95961642759634
193069.77288832495 9.959731006811188
203362.40846866704 9.959839215197558
214203.74903583832 9.959941000135103
225623.04629706353 9.9600363887476
237651.11138110727 9.960125480605154
250320.39797173254 9.960208426555564
263665.08987303555 9.960285431907717
277721.1932429355 9.960356729915942
292526.6337436642 9.960422582708965
308121.35887140024 9.960483272485028
324547.44574113254 9.960539089554013
341849.21461759275 9.960590329822686
360073.348498562 9.960637287038002
379269.0190732246 9.960680252716264
399488.019395417 9.960719510532158
420784.9036297398 9.960755337538624
443217.13424760854 9.960787990542682
466845.2370703785 9.960817723382485
491732.9645779016 9.960844767055276
517947.46792312124 9.96086934455371
545559.4781168514 9.960891666527235
574643.4968715974 9.960911920610537
605277.9976193343 9.960930288284084
637545.6372456506 9.960946934159246
671533.4791115135 9.960962016348558
707333.2279644439 9.960975668504974
745041.4773728917 9.960988025300406
784759.9703514606 9.96099920189349
826595.8738801812 9.961009311971074
870662.0680585118 9.96101845015951
917077.4506742931 9.961026708667557
965967.2580093823 9.961034172261819
1017463.4027476063 9.961040912893468
1071704.8298967092 9.961047000247262
1128837.8916846884 9.961052497346646
1189016.74244199 9.961057459562438
1252403.7545350718 9.96106193987276
1319169.9564735717 9.961065982893503
1389495.494373136 9.961069629714457
1463570.1180190798 9.961072923181133
1541593.6928422702 9.961075892228274
1623776.739188721 9.961078571643153
1710341.0003378377 9.961080988686396
1801520.0408020238 9.961083167537959
1897559.8765218505 9.961085134396416
1998719.6386572486 9.961086906032115
2105272.272765707 9.961088505868863
2217505.2752539297 9.96108994763188
2335721.4690901213 9.961091247298375
2460239.8208697727 9.961092420047223
2591396.3014396573 9.961093477347912
2729544.792402007 9.96109443048224
2875058.040944877 9.961095289040246
3028328.6655749455 9.961096063801381
3189770.215466318 9.961096762470316
3359818.286283781 9.961097393298457
3538931.6954909842 9.9610979594371
3727593.720314938 9.961098471599989
3926313.4017068394 9.96109893171317
4135626.917817706 9.961099348860246
4356099.030694608 9.961099723540444
4588324.61010084 9.961100060941817
4832930.238571752 9.961100365283858
5090575.902036676 9.96110063886935
5361956.770568817 9.96110088756815
5647805.074067546 9.961101111440328
5948892.077934331 9.961101312344402
6266030.164072656 9.961101493540783
6600075.022827089 9.961101655957789
6951927.961775606 9.961101802726223
7322538.337604526 9.961101936523292
7712906.117627992 9.961102056812619
8124084.5778629575 9.961102163540298
8557183.144940002 9.961102261159532
9013370.38951742 9.961102349891494
9493877.17927582 9.961102429551346
10000000.0 9.961102498678224
10533104.45370936 9.961102562576304
11094628.943275219 9.961102621420185
11686088.553466497 9.961102673837086
12309079.138896018 9.9611027202608
12965281.629896663 9.961102764491944
13656466.567946097 9.961102802220909
14384498.882876629 9.961102835811692
15151342.924760515 9.961102865683367
15959067.76404731 9.961102896300277
16809852.774253618 9.96110292250114
17705993.51226898 9.961102940609555
18649907.912142944 9.961102962294468
19644142.809066266 9.961102980984194
20691380.811147902 9.961102996172583
21794447.537529834 9.961103011449708
22956319.242369097 9.9611030243634
24180130.84525718 9.961103038450519
25469184.3897454 9.961103050192136
26826957.95279722 9.961103060401369
28257115.02920827 9.96110306823254
29763514.41631313 9.96110307646042
31350220.62565112 9.961103086134687
33021514.849681754 9.961103093891673
34781906.51314127 9.96110309876223
36636145.44020716 9.961103102996029
38589234.67029899 9.961103102832535
40646443.95709628 9.961103113822285
42813323.98719387 9.961103113313836
45095721.35676145 9.961103116477569
47499794.346614026 9.961103116132444
50032029.53825999 9.961103124484769
52699259.31575657 9.961103120537487
55508680.300597996 9.961103128065234
58467872.7693759 9.961103134253623
61584821.10660254 9.961103134519401
64867935.34788508 9.961103133883597
68326073.87157391 9.961103132532479
71968567.30011514 9.961103129270239
75805243.67559262 9.961103141894975
79846454.97739078 9.961103138306248
84103105.05352604 9.96110314904673
88586679.04100814 9.961103137194854
93309274.35461664 9.96110314309409
98283633.32770011 9.961103142082422
103523177.59307377 9.961103138949333
109042044.29677527 9.961103142177492
114855124.24239345 9.961103144426978
120978102.06889038 9.961103146064879
127427498.57031322 9.961103142851112
134220715.2716012 9.961103139362416
141376081.38073614 9.961103154055172
148912903.24394056 9.961103139297514
156851516.43735445 9.961103141594517
165213340.63573685 9.961103160241318
174020937.40624848 9.961103154558359
183298071.08324376 9.961103142734192
193069772.88832456 9.96110314658689
203362408.46866703 9.961103148076331
214203749.0358383 9.961103158959368
225623046.2970626 9.961103152020478
237651111.38110778 9.961103147007016
250320397.97173202 9.961103147141255
263665089.87303555 9.9611031670618
277721193.2429355 9.961103142243903
292526633.74366355 9.961103142667909
308121358.87140083 9.961103144579326
324547445.74113256 9.961103158309792
341849214.6175927 9.96110315872312
360073348.49856204 9.961103128985023
379269019.0732238 9.961103135585553
399488019.39541787 9.961103166013359
420784903.6297398 9.961103155703533
443217134.24760854 9.961103178141856
466845237.07037944 9.961103149635624
491732964.5779006 9.96110311113468
517947467.9231202 9.961103140173309
545559478.1168514 9.961103173998989
574643496.8715974 9.961103145121037
605277997.6193355 9.961103165880157
637545637.2456493 9.96110318066429
671533479.1115135 9.96110320938903
707333227.9644439 9.961103155138426
745041477.3728887 9.961103107648036
784759970.3514622 9.961103170371448
826595873.8801795 9.96110307981293
870662068.0585117 9.961103201201377
917077450.674293 9.96110312399365
965967258.0093802 9.961103102306165
1017463402.7476043 9.961103115987807
1071704829.8967092 9.96110318097339
1128837891.6846883 9.961103086498653
1189016742.44199 9.961103199327091
1252403754.5350692 9.961103151318726
1319169956.473569 9.961103101751691
1389495494.373136 9.961103159389271
1463570118.0190797 9.961103156747063
1541593692.8422735 9.961103054064143
1623776739.1887176 9.961103141776842
1710341000.337838 9.961103087957188
1801520040.802024 9.961103189313953
1897559876.5218503 9.96110317692819
1998719638.6572526 9.961103189528798
2105272272.7657027 9.961103165050957
2217505275.2539296 9.961102961100277
2335721469.0901213 9.961103175486613
2460239820.8697777 9.961103048700771
2591396301.439652 9.961103196676493
2729544792.402002 9.96110288795583
2875058040.944877 9.961103010692712
3028328665.5749454 9.961103096106159
3189770215.466325 9.961102970147524
3359818286.2837744 9.961103258022044
3538931695.4909844 9.961103270823711
3727593720.314938 9.961103116184965
3926313401.7068396 9.9611032153805
4135626917.8176975 9.961103200904947
4356099030.694599 9.961102928848726
4588324610.100841 9.961103566664486
4832930238.571753 9.96110338679663
5090575902.036687 9.961103306146637
5361956770.568806 9.961102891668412
5647805074.067546 9.961103191435107
5948892077.934331 9.961103204369072
6266030164.072656 9.961103509852546
6600075022.827075 9.96110327483492
6951927961.775591 9.961102474249216
7322538337.6045265 9.961103225130268
7712906117.627993 9.961102931353224
8124084577.862974 9.961103220251635
8557183144.939984 9.961103390621455
9013370389.51742 9.961103165054592
9493877179.27582 9.961103388015012
10000000000.0 9.961102554446509
10.0 -67.94581389519776
10.53310445370937 -49.84599204319477
11.094628943275218 -53.05221915454436
11.686088553466515 -33.95025584520065
12.309079138896024 -61.5829636038002
12.965281629896682 -61.92596627510411
13.65646656794611 -55.468938008966184
14.38449888287663 -58.088265492831894
15.15134292476053 -40.793297520821746
15.95906776404731 -55.46655362280269
16.80985277425364 -53.695174132262
17.70599351226899 -72.51602799304239
18.64990791214297 -56.21658961000088
19.644142809066278 -28.015875898718896
20.6913808111479 -53.53461690156407
21.794447537529855 -79.32193117821629
22.956319242369098 -50.544366320411676
24.180130845257207 -68.89981762668656
25.4691843897454 -58.87837007703473
26.826957952797258 -33.65332370166572
28.257115029208283 -52.138347292699265
29.76351441631318 -60.13224426242598
31.350220625651154 -58.76823259939566
33.02151484968176 -30.482273466813616
34.7819065131413 -59.733407627381496
36.63614544020716 -55.55211756684756
38.58923467029903 -56.28196446924362
40.646443957096295 -63.28666146015116
42.81332398719393 -46.582305607560485
45.095721356761466 -31.3232923216699
47.499794346614124 -52.58598457120169
50.03202953826004 -34.69021088412836
52.699259315756564 -56.550606941688656
55.50868030059805 -50.53598901055914
58.467872769375894 -45.31653708419643
61.58482110660264 -50.558375222457386
64.86793534788511 -38.33145808852943
68.32607387157402 -42.07637070317216
71.96856730011521 -60.71058298619849
75.8052436755926 -43.338192147578376
79.84645497739086 -25.34228403318999
84.10310505352605 -53.599982079082
88.58667904100822 -45.98513441692337
93.30927435461668 -41.39379070566123
98.28363332770026 -52.87699124392109
103.52317759307378 -52.43380124082678
109.04204429677526 -39.73122741560003
114.8551242423938 -30.124462160031943
120.97810206889012 -48.939565689753685
127.42749857031335 -41.417641340760476
134.2207152716012 -39.70715615340529
141.37608138073614 -34.896145198509146
148.91290324394086 -55.38997204542129
156.85151643735477 -59.38106634829538
165.213340635737 -35.02502936893389
174.0209374062485 -50.72812342581288
183.29807108324357 -35.90398238218309
193.06977288832496 -29.461224446827863
203.36240846866724 -39.51535262838861
214.2037490358383 -29.05543551289462
225.62304629706352 -22.67073867990426
237.65111138110728 -57.20923156041561
250.32039797173255 -38.25532994119933
263.6650898730358 -39.142120702268514
277.7211932429355 -42.61933602565553
292.5266337436645 -46.430858067629984
308.1213588714002 -40.472438923581
324.54744574113323 -37.944859256092215
341.84921461759274 -36.40562625369961
360.073348498562 -34.04869508056076
379.26901907322497 -44.5048243354681
399.48801939541704 -30.657540738743737
420.78490362974026 -20.246247046650918
443.21713424760856 -44.552567318664266
466.84523707037897 -29.57609445639537
491.73296457790156 -20.123563588947178
517.9474679231213 -44.007309010765155
545.5594781168514 -41.29122114677317
574.6434968715973 -24.29304534489612
605.2779976193349 -20.459448840824525
637.5456372456507 -33.28038774390623
671.5334791115142 -34.179378440143104
707.3332279644438 -27.118798418461125
745.0414773728917 -31.30781917467816
784.7599703514607 -35.631650388097746
826.5958738801812 -29.191214937722613
870.6620680585127 -26.131728608651287
917.0774506742931 -27.97145251517589
965.9672580093833 -21.443629398167797
1017.4634027476063 -12.328025650657304
1071.7048298967104 -35.00867393884103
1128.8378916846884 -25.325623741580806
1189.01674244199 -38.93219848046178
1252.4037545350732 -24.258417509016862
1319.1699564735716 -30.269411523420082
1389.4954943731375 -31.311237820338253
1463.5701180190797 -22.240251795649936
1541.5936928422718 -33.161299132705935
1623.776739188721 -23.19084781666561
1710.3410003378397 -25.488584882612344
1801.520040802024 -21.668602526074903
1897.5598765218504 -23.316414055100864
1998.7196386572507 -23.18440541825092
2105.272272765707 -34.99156119547732
2217.505275253932 -28.624369234393132
2335.7214690901214 -25.89295912089808
2460.239820869775 -30.78500216046645
2591.3963014396572 -24.644279821807572
2729.5447924020073 -26.11768354722646
2875.0580409448803 -24.49606747968155
3028.3286655749457 -27.30718369212947
3189.7702154663216 -22.661109471448327
3359.818286283781 -20.864141070324642
3538.9316954909877 -29.48755921663132
3727.593720314938 -23.351087070714172
3926.3134017068355 -21.488630341291625
4135.626917817706 -22.056443374398754
4356.099030694608 -22.788434743668674
4588.324610100844 -16.565617203621937
4832.930238571752 -21.68334386818514
5090.575902036681 -20.0828580603881
5361.956770568817 -22.84553093977339
5647.805074067552 -20.078506521404137
5948.892077934331 -15.405192516086938
6266.030164072656 -18.538853586086056
6600.075022827095 -20.942873717492493
6951.927961775606 -16.861438773843172
7322.538337604534 -18.71203679005399
7712.906117627992 -24.226495100294407
8124.0845778629655 -16.264675719068524
8557.183144940002 -16.60155249463568
9013.37038951743 -17.71580875581555
9493.87717927582 -16.867938049163463
10000.0 -16.967305466603104
10533.104453709382 -16.04248436224838
11094.628943275218 -15.575319212590719
11686.088553466498 -19.415517128643963
12309.079138896019 -15.886737498796021
12965.281629896688 -14.627409589672531
13656.466567946096 -14.401613692522217
14384.498882876629 -14.90119878541645
15151.342924760515 -13.419617108166747
15959.06776404731 -16.155801868773537
16809.852774253653 -10.039899537016652
17705.99351226898 -13.977128919665542
18649.907912142942 -16.012646058550445
19644.142809066267 -13.176395929096927
20691.3808111479 -7.051957105715533
21794.447537529835 -13.489913387696982
22956.319242369096 -14.026432261466272
24180.13084525718 -12.538739553315567
25469.184389745402 -13.693453064163128
26826.957952797275 -12.810997199289382
28257.115029208268 -13.008053747102139
29763.51441631313 -12.263824292607541
31350.220625651124 -12.922665142941232
33021.51484968176 -12.78577600480627
34781.90651314134 -1.464750494742676
36636.14544020716 -12.619159864771126
38589.23467029899 -12.29180208086731
40646.44395709628 -12.419193255962321
42813.32398719396 -12.548983505240091
45095.721356761445 -13.801090945613716
47499.79434661403 -14.441814568362208
50032.029538259994 -13.950247127457079
52699.259315756564 -12.998829401894074
55508.680300598106 -14.472077981084615
58467.87276937589 -12.647967774772717
61584.82110660255 -13.864630696558716
64867.935347885075 -15.815070099787844
68326.07387157406 -12.461815175150777
71968.56730011514 -12.653366719781365
75805.24367559262 -21.206838790560454
79846.45497739078 -18.0715313299824
84103.10505352604 -12.44118498164246
88586.67904100832 -16.59379264454179
93309.27435461663 -16.69162913317848
98283.63332770011 -17.593254321967976
103523.17759307378 -17.195215280392954
109042.04429677526 -17.723567425846937
114855.12424239368 -18.827332088244866
120978.10206889013 -19.369023373017924
127427.49857031321 -19.29410262379279
134220.7152716012 -21.392629171208174
141376.08138073614 -17.597432945499413
148912.90324394088 -20.396380931731535
156851.5164373548 -19.718374211671097
165213.34063573685 -21.520890346683103
174020.9374062485 -20.73349076627452
183298.07108324338 -20.276727416032028
193069.77288832495 -22.73465729790957
203362.40846866704 -23.55841125357005
214203.74903583832 -23.75145428613367
225623.04629706353 -23.210097022977592
237651.11138110727 -21.702146870546276
250320.39797173254 -24.199160122363843
263665.08987303555 -26.273707863503404
277721.1932429355 -25.110478200722458
292526.6337436642 -18.157454030169184
308121.35887140024 -26.38699454361497
324547.44574113254 -28.792183062141078
341849.21461759275 -27.5130940695675
360073.348498562 -28.211232830852442
379269.0190732246 -28.894852891898893
399488.019395417 -29.355733975914752
420784.9036297398 -26.25721517204568
443217.13424760854 -30.4466538909046
466845.2370703785 -28.670369061948705
491732.9645779016 -31.39832266101466
517947.46792312124 -28.36188488703788
545559.4781168514 -32.26743928657043
574643.4968715974 -28.19461377766911
605277.9976193343 -31.47404566122485
637545.6372456506 -28.260484746998934
671533.4791115135 -32.99373123274772
707333.2279644439 -26.65079376916946
745041.4773728917 -34.38287706029299
784759.9703514606 -31.50392922608807
826595.8738801812 -39.86653204930759
870662.0680585118 -32.80256780455889
917077.4506742931 -23.765495937821967
965967.2580093823 -28.454442908812897
1017463.4027476063 -35.25393373689261
1071704.8298967092 -28.739093468713858
1128837.8916846884 -37.28572442309176
1189016.74244199 -19.27370726553584
1252403.7545350718 -36.51239535115645
1319169.9564735717 -37.755888628974795
1389495.494373136 -37.49127822147307
1463570.1180190798 -46.23598003056066
1541593.6928422702 -42.347317176056514
1623776.739188721 -39.91190690145118
1710341.0003378377 -43.154647050725146
1801520.0408020238 -42.36139814431731
1897559.8765218505 -39.135104573246934
1998719.6386572486 -44.26098720336217
2105272.272765707 -35.49435244693913
2217505.2752539297 -41.60585343579789
2335721.4690901213 -29.67128519007514
2460239.8208697727 -44.6064057306193
2591396.3014396573 -42.041901258760745
2729544.792402007 -45.29656834789699
2875058.040944877 -45.32490951070684
3028328.6655749455 -46.344958110993645
3189770.215466318 -48.186630459216346
3359818.286283781 -41.756759012561076
3538931.6954909842 -48.81727445908852
3727593.720314938 -49.910961156165044
3926313.4017068394 -48.30383403645928
4135626.917817706 -34.88814318370053
4356099.030694608 -42.94115305631888
4588324.61010084 -34.52717575756492
4832930.238571752 -51.3778744649572
5090575.902036676 -52.548648096914434
5361956.770568817 -43.51049805288235
5647805.074067546 -48.80373729845437
5948892.077934331 -52.7775742286869
6266030.164072656 -51.79275647864959
6600075.022827089 -53.13687499570038
6951927.961775606 -29.270397062914174
7322538.337604526 -52.1081824800098
7712906.117627992 -43.387611057577146
8124084.5778629575 -24.47197328700171
8557183.144940002 -55.044702924942506
9013370.38951742 -39.5276027338268
9493877.17927582 -17.206999021159923
10000000.0 -18.23895599701117
10533104.45370936 -35.62406492089246
11094628.943275219 -45.22034501975534
11686088.553466497 -35.77192578384231
12309079.138896018 -57.426371391362814
12965281.629896663 -60.672591060266086
13656466.567946097 -59.40432609667483
14384498.882876629 -60.822971195401024
15151342.924760515 -61.02596664012822
15959067.76404731 -61.6646554600338
16809852.774253618 -61.88406590676835
17705993.51226898 -62.011847541720854
18649907.912142944 -61.44544628500508
19644142.809066266 -63.97930644369251
20691380.811147902 -60.02522113106941
21794447.537529834 -54.41298070590281
22956319.242369097 -64.04231875730896
24180130.84525718 -64.03824608243302
25469184.3897454 -65.74665866160774
26826957.95279722 -65.57175873317755
28257115.02920827 -66.10701138573398
29763514.41631313 -68.71130490135953
31350220.62565112 -67.33548166960388
33021514.849681754 -68.79246836308583
34781906.51314127 -67.05003981155073
36636145.44020716 -69.71292866449411
38589234.67029899 -68.55360645184227
40646443.95709628 -69.68248165372967
42813323.98719387 -67.51299177733553
45095721.35676145 -69.90698956511866
47499794.346614026 -72.49598054128181
50032029.53825999 -70.809248539104
52699259.31575657 -71.64705599246304
55508680.300597996 -71.71150401420776
58467872.7693759 -75.24005711734095
61584821.10660254 -86.78294665822818
64867935.34788508 -73.84761575541985
68326073.87157391 -73.90860759140791
71968567.30011514 -74.54570843862649
75805243.67559262 -74.28433503277392
79846454.97739078 -73.39155924247362
84103105.05352604 -74.56987795078905
88586679.04100814 -73.29217223436538
93309274.35461664 -74.42222399389078
98283633.32770011 -65.6689080705607
103523177.59307377 -76.8748422159781
109042044.29677527 -77.37300456709438
114855124.24239345 -73.21082806806112
120978102.06889038 -77.50123640698156
127427498.57031322 -61.871577038091004
134220715.2716012 -80.03221779717737
141376081.38073614 -79.52339987950515
148912903.24394056 -80.00651095489266
156851516.43735445 -81.76588909537952
165213340.63573685 -52.52009709838595
174020937.40624848 -76.10792938600561
183298071.08324376 -82.53182232285423
193069772.88832456 -82.44109434977372
203362408.46866703 -78.84049415352719
214203749.0358383 -80.64024754466408
225623046.2970626 -83.3259044575346
237651111.38110778 -83.75701652120722
250320397.97173202 -86.44468454396912
263665089.87303555 -84.11768648639102
277721193.2429355 -86.34155374139696
292526633.74366355 -83.86072122992614
308121358.87140083 -86.88517254066159
324547445.74113256 -89.95138045134982
341849214.6175927 -87.37149119629196
360073348.49856204 -87.95210947642266
379269019.0732238 -88.35430093719228
399488019.39541787 -94.53241483697306
420784903.6297398 -88.21922835163831
443217134.24760854 -91.32279546097172
466845237.07037944 -90.78008308436745
491732964.5779006 -90.90301871107387
517947467.9231202 -92.47073925530853
545559478.1168514 -77.53336278835347
574643496.8715974 -92.87116989092371
605277997.6193355 -92.02246402015233
637545637.2456493 -91.83996788163054
671533479.1115135 -93.60202204932318
707333227.9644439 -94.88641475291425
745041477.3728887 -92.65871027638036
784759970.3514622 -95.66441595983082
826595873.8801795 -93.92395390725295
870662068.0585117 -94.97294223824795
917077450.674293 -115.28306929247259
965967258.0093802 -96.52353812058706
1017463402.7476043 -124.38981048588747
1071704829.8967092 -100.09999863526099
1128837891.6846883 -98.04210153950305
1189016742.44199 -102.76323088758274
1252403754.5350692 -99.94664179436079
1319169956.473569 -97.68671980838342
1389495494.373136 -83.95169301089146
1463570118.0190797 -99.9100709109809
1541593692.8422735 -101.66881396228493
1623776739.1887176 -101.18028398504386
1710341000.337838 -102.84191477817632
1801520040.802024 -98.0073013919764
1897559876.5218503 -102.92789996996716
1998719638.6572526 -102.53455852754456
2105272272.7657027 -105.9142767834629
2217505275.2539296 -102.72340568867952
2335721469.0901213 -104.34651784815361
2460239820.8697777 -104.64383888199494
2591396301.439652 -121.23708540106216
2729544792.402002 -109.43865011905396
2875058040.944877 -106.27364292352895
3028328665.5749454 -94.63693218337193
3189770215.466325 -107.65273478410194
3359818286.2837744 -104.9345987127578
3538931695.4909844 -106.54565164421598
3727593720.314938 -107.96892181584064
3926313401.7068396 -114.20915313583734
4135626917.8176975 -106.64595313827323
4356099030.694599 -109.3545020332171
4588324610.100841 -109.01643405069201
4832930238.571753 -110.50850053758076
5090575902.036687 -111.94569671481987
5361956770.568806 -111.19146288622139
5647805074.067546 -111.39317306666173
5948892077.934331 -112.61974021084576
6266030164.072656 -111.47619594786983
6600075022.827075 -112.41233947695747
6951927961.775591 -113.66639527457038
7322538337.6045265 -116.89772832397625
7712906117.627993 -113.33496130201007
8124084577.862974 -116.10327588344384
8557183144.939984 -112.9405438566881
9013370389.51742 -117.11245515263269
9493877179.27582 -116.86795919633128
10000000000.0 -117.53085814735658
