10.0 15.959683904500793
10.53310445370937 16.273528446266962
11.094628943275218 16.596313233910152
11.686088553466515 16.927539668004258
12.309079138896024 17.266687081561777
12.965281629896682 17.613218283573996
13.65646656794611 17.966584583150336
14.38449888287663 18.326230082817382
15.15134292476053 18.691595411102714
15.95906776404731 19.062120646791122
16.80985277425364 19.437247561798074
17.70599351226899 19.816421121921522
18.64990791214297 20.199090282326594
19.644142809066278 20.58470819784244
20.6913808111479 20.97273176869563
21.794447537529855 21.362620668257627
22.956319242369098 21.753835970495814
24.180130845257207 22.145838243226976
25.4691843897454 22.53808535903635
26.826957952797258 22.93002999583017
28.257115029208283 23.32111686574391
29.76351441631318 23.710779794808357
31.350220625651154 24.098438599693512
33.02151484968176 24.48349594558661
34.7819065131413 24.865334141815442
36.63614544020716 25.243311977335054
38.58923467029903 25.616761630699436
40.646443957096295 25.984985791446658
42.81332398719393 26.347255005559113
45.095721356761466 26.702805301102984
47.499794346614124 27.050836358307293
50.03202953826004 27.39051008193009
52.699259315756564 27.72094990226651
55.50868030059805 28.04124073887636
58.467872769375894 28.3504299772957
61.58482110660264 28.64752921253993
64.86793534788511 28.931517249455702
68.32607387157402 29.201344118976287
71.96856730011521 29.45593635910905
75.8052436755926 29.694203427938767
79.84645497739086 29.915045363031876
84.10310505352605 30.117361404183974
88.58667904100822 30.30005957374567
93.30927435461668 30.462066808595942
98.28363332770026 30.602339557392064
103.52317759307378 30.7198741551408
109.04204429677526 30.81371677132408
114.8551242423938 30.88297234572377
120.97810206889012 30.926811928489784
127.42749857031335 30.944477950138705
134.2207152716012 30.935286894466678
141.37608138073614 30.89862893664804
148.91290324394086 30.83396396463597
156.85151643735477 30.74081395963711
165.213340635737 30.61875106450652
174.0209374062485 30.467381509076223
183.29807108324357 30.286325005693634
193.06977288832496 30.07518950858539
203.36240846866724 29.833541154501965
214.2037490358383 29.56086916733508
225.62304629706352 29.25654506266841
237.65111138110728 28.91977562991476
250.32039797173255 28.549548525931737
263.6650898730358 28.144569064185877
277.7211932429355 27.703186169012422
292.5266337436645 27.22330506103561
308.1213588714002 26.70228364219088
324.54744574113323 26.13680978498764
341.84921461759274 25.52275746369937
360.073348498562 24.855024348544013
379.26901907322497 24.127364106375936
399.48801939541704 23.332255632828055
420.78490362974026 22.46092172034118
443.21713424760856 21.503779357617205
466.84523707037897 20.452022086835704
491.73296457790156 19.302032344413327
517.9474679231213 18.066567542736067
545.5594781168514 16.80054399507173
574.6434968715973 15.6491346420804
605.2779976193349 14.889759824950522
637.5456372456507 14.835342385382033
671.5334791115142 15.54819839108247
707.3332279644438 16.76734620465233
745.0414773728917 18.18216371177619
784.7599703514607 19.606539515996978
826.5958738801812 20.96330870586676
870.6620680585127 22.23101510387805
917.0774506742931 23.41105796684817
965.9672580093833 24.512724985478954
1017.4634027476063 25.54712430527068
1071.7048298967104 26.524924261897127
1128.8378916846884 27.455633207230857
1189.01674244199 28.347477243805944
1252.4037545350732 29.207492673637514
1319.1699564735716 30.041680089761932
1389.4954943731375 30.855160625213145
1463.5701180190797 31.652314775166403
1541.5936928422718 32.43689834463356
1623.776739188721 33.21213722184564
1710.3410003378397 33.98080368424199
1801.520040802024 34.745277738311444
1897.5598765218504 35.50759672579484
1998.7196386572507 36.26949582159671
2105.272272765707 37.032441512490834
2217.505275253932 37.79766002547051
2335.7214690901214 38.56616185744669
2460.239820869775 39.338763746868295
2591.3963014396572 40.11610843828946
2729.5447924020073 40.89868341820583
2875.0580409448803 41.68683821475561
3028.3286655749457 42.480801148923646
3189.7702154663216 43.28069523573472
3359.818286283781 44.08655322147182
3538.9316954909877 44.89833204923764
3727.593720314938 45.71592595456218
3926.3134017068355 46.53917909436106
4135.626917817706 47.36789644782159
4356.099030694608 48.2018540137792
4588.324610100844 49.040807322424385
4832.930238571752 49.88449917168222
5090.575902036681 50.73266548675157
5361.956770568817 51.58504075818194
5647.805074067552 52.44136197475772
5948.892077934331 53.30137173018041
6266.030164072656 54.16482057299835
6600.075022827095 55.03146858741364
6951.927961775606 55.90108665863613
7322.538337604534 56.77345682115452
7712.906117627992 57.648373012096606
8124.0845778629655 58.5256407455566
8557.183144940002 59.405077314525734
9013.37038951743 60.28651117769802
9493.87717927582 61.169782063589054
10000.0 62.0547402540674
10533.104453709382 62.94124614751249
11094.628943275218 63.82917010744741
11686.088553466498 64.71839163604851
12309.079138896019 65.60879889515442
12965.281629896688 66.50028865162639
13656.466567946096 67.39276530879125
14384.498882876629 68.28614061285279
15151.342924760515 69.18033338275025
15959.06776404731 70.0752687287107
16809.852774253653 70.9708777402825
17705.99351226898 71.86709717079394
18649.907912142942 72.76386912707278
19644.142809066267 73.66114000791079
20691.3808111479 74.5588611760254
21794.447537529835 75.45698758245157
22956.319242369096 76.35547824301871
24180.13084525718 77.25429510030872
25469.184389745402 78.153403803591
26826.957952797275 79.05277238081861
28257.115029208268 79.95237134578603
29763.51441631313 80.8521740622214
31350.220625651124 81.75215505246625
33021.51484968176 82.65229146129327
34781.90651314134 83.55256195291297
36636.14544020716 84.45294635941761
38589.23467029899 85.35342604997324
40646.44395709628 86.25398367163307
42813.32398719396 87.15460259588295
45095.721356761445 88.0552676617942
47499.79434661403 88.95596409564652
50032.029538259994 89.85667821037508
52699.259315756564 90.75739637913546
55508.680300598106 91.65810665081128
58467.87276937589 92.55879711748685
61584.82110660255 93.45945661613767
64867.935347885075 94.36007433780594
68326.07387157406 95.26064108057722
71968.56730011514 96.1611477861423
75805.24367559262 97.06158618352669
79846.45497739078 97.9619491436064
84103.10505352604 98.86223122643045
88586.67904100832 99.76242692807276
93309.27435461663 100.66253364322905
98283.63332770011 101.56254917542049
103523.17759307378 102.46247297247999
109042.04429677526 103.36230722739273
114855.12424239368 104.26205489351426
120978.10206889013 105.16172149973588
127427.49857031321 106.0613146797308
134220.7152716012 106.96084222344781
141376.08138073614 107.86031684986344
148912.90324394088 108.75975210308701
156851.5164373548 109.65915898247312
165213.34063573685 110.55855628778231
174020.9374062485 111.45795798196366
183298.07108324338 112.35738261756859
193069.77288832495 113.25684650444552
203362.40846866704 114.15636715845253
214203.74903583832 115.05596200045164
225623.04629706353 115.95564713882914
237651.11138110727 116.85543631772374
250320.39797173254 117.7553461555759
263665.08987303555 118.65538621446278
277721.1932429355 119.555568689724
292526.6337436642 120.4559015600317
308121.35887140024 121.3563908650387
324547.44574113254 122.25704837172236
341849.21461759275 123.15787177662702
360073.348498562 124.05886384931634
379269.0190732246 124.9600284275582
399488.019395417 125.86136535810658
420784.9036297398 126.76286992855596
443217.13424760854 127.66453809237072
466845.2370703785 128.5663695486775
491732.9645779016 129.4683559986662
517947.46792312124 130.37049396030682
545559.4781168514 131.27276939732423
574643.4968715974 132.17518322483895
605277.9976193343 133.07771833807217
637545.6372456506 133.98037137337766
671533.4791115135 134.8831260020199
707333.2279644439 135.7859763040613
745041.4773728917 136.68891922999566
784759.9703514606 137.59191840317595
826595.8738801812 138.49499977119976
870662.0680585118 139.39809959356822
917077.4506742931 140.30126245405165
965967.2580093823 141.20443411760044
1017463.4027476063 142.10762469508478
1071704.8298967092 143.01083133543696
1128837.8916846884 143.9140112618498
1189016.74244199 144.81721853363078
1252403.7545350718 145.72040873868713
1319169.9564735717 146.62356423130836
1389495.494373136 147.52664959241213
1463570.1180190798 148.42976240509566
1541593.6928422702 149.3328197178391
1623776.739188721 150.2358368147397
1710341.0003378377 151.13880468475224
1801520.0408020238 152.04175774439025
1897559.8765218505 152.94464558461183
1998719.6386572486 153.84752017396136
2105272.272765707 154.75034744663276
2217505.2752539297 155.6531228747781
2335721.4690901213 156.55587203816032
2460239.8208697727 157.45854233607145
2591396.3014396573 158.36123318512182
2729544.792402007 159.26390685695696
2875058.040944877 160.16657586014472
3028328.6655749455 161.06903533434607
3189770.215466318 161.97152614653658
3359818.286283781 162.8741331052051
3538931.6954909842 163.776668340939
3727593.720314938 164.6791133975675
3926313.4017068394 165.58157013151458
4135626.917817706 166.48396422881902
4356099.030694608 167.38624877953808
4588324.61010084 168.28880172040002
4832930.238571752 169.19140207916172
5090575.902036676 170.09336833600486
5361956.770568817 170.99614642761665
5647805.074067546 171.8987586950426
5948892.077934331 172.80065374043937
6266030.164072656 173.7025605022169
6600075.022827089 174.6056318072948
6951927.961775606 175.50756922996837
7322538.337604526 176.40994706837682
7712906.117627992 177.3128788382332
8124084.5778629575 178.21433473516893
8557183.144940002 179.11702612339445
9013370.38951742 180.01939305886697
9493877.17927582 180.92200925688405
10000000.0 181.824251316839
10533104.45370936 182.72695122997823
11094628.943275219 183.6294057576393
11686088.553466497 184.5299680357923
12309079.138896018 185.43388986278865
12965281.629896663 186.33771178219575
13656466.567946097 187.24065027665847
14384498.882876629 188.14412035220505
15151342.924760515 189.04313565847144
15959067.76404731 189.94471102912425
16809852.774253618 190.84517911015368
17705993.51226898 191.7486081847501
18649907.912142944 192.6452872057823
19644142.809066266 193.54850100402743
20691380.811147902 194.46326488061896
21794447.537529834 195.36332650835993
22956319.242369097 196.26435854344174
24180130.84525718 197.16163267076237
25469184.3897454 198.0682234951236
26826957.95279722 198.95144512679758
28257115.02920827 199.88611190106337
29763514.41631313 200.78203997365134
31350220.62565112 201.70123436924754
33021514.849681754 202.65980714023985
34781906.51314127 203.54263617013862
36636145.44020716 204.32105445176734
38589234.67029899 205.2836190351452
40646443.95709628 206.20504151563583
42813323.98719387 207.02047235042042
45095721.35676145 -22.77954500659918
47499794.346614026 -22.794559677071696
50032029.53825999 -22.80790105332367
52699259.31575657 -22.819776446187042
55508680.300597996 -22.830363061986283
58467872.7693759 -22.839813260386727
61584821.10660254 -22.848258734669766
64867935.34788508 -22.855813860439447
68326073.87157391 -22.86257839823438
71968567.30011514 -22.868639692105205
75805243.67559262 -22.874074472737963
79846454.97739078 -22.878950347196945
84103105.05352604 -22.883327039807938
88586679.04100814 -22.887257432388314
93309274.35461664 -22.89078844327804
98283633.32770011 -22.893961773596324
103523177.59307377 -22.896814545521273
109042044.29677527 -22.899379850614775
114855124.24239345 -22.90168722333469
120978102.06889038 -22.903763051603203
127427498.57031322 -22.905630934486325
134220715.2716012 -22.907311994570033
141376081.38073614 -22.908825151991895
148912903.24394056 -22.910187365177457
156851516.43735445 -22.911413843253317
165213340.63573685 -22.912518233541203
174020937.40624848 -22.913512787697773
183298071.08324376 -22.914408508944465
193069772.88832456 -22.91521528296226
203362408.46866703 -22.915941994378905
214203749.0358383 -22.9165966303794
225623046.2970626 -22.91718637340441
237651111.38110778 -22.917717683672073
250320397.97173202 -22.918196373031485
263665089.87303555 -22.918627671080657
277721193.2429355 -22.919016284240428
292526633.74366355 -22.919366448812568
308121358.87140083 -22.91968197837854
324547445.74113256 -22.919966306498267
341849214.6175927 -22.920222524861416
360073348.49856204 -22.920453417601728
379269019.0732238 -22.920661492167042
399488019.39541787 -22.920849006921923
420784903.6297398 -22.921017996122494
443217134.24760854 -22.92117029220806
466845237.07037944 -22.92130754596186
491732964.5779006 -22.921431244588675
517947467.9231202 -22.921542727952406
545559478.1168514 -22.921643203292646
574643496.8715974 -22.92173375832354
605277997.6193355 -22.921815373158424
637545637.2456493 -22.921888930929057
671533479.1115135 -22.921955227478435
707333227.9644439 -22.922014979913268
745041477.3728887 -22.922068834490613
784759970.3514622 -22.922117373561544
826595873.8801795 -22.922161121973893
870662068.0585117 -22.922200552695294
917077450.674293 -22.92223609196896
965967258.0093802 -22.922268123941553
1017463402.7476043 -22.922296994822943
1071704829.8967092 -22.92232301663603
1128837891.6846883 -22.922346470578255
1189016742.44199 -22.922367610100885
1252403754.5350692 -22.922386663621594
1319169956.473569 -22.9224038370093
1389495494.373136 -22.92241931581495
1463570118.0190797 -22.922433267266324
1541593692.8422735 -22.922445842084286
1623776739.1887176 -22.922457176128678
1710341000.337838 -22.922467391824277
1801520040.802024 -22.92247659954395
1897559876.5218503 -22.92248489874168
1998719638.6572526 -22.92249237906664
2105272272.7657027 -22.9224991213192
2217505275.2539296 -22.92250519833596
2335721469.0901213 -22.922510675743123
2460239820.8697777 -22.922515612713994
2591396301.439652 -22.922520062571433
2729544792.402002 -22.922524073378348
2875058040.944877 -22.922527688461845
3028328665.5749454 -22.922530946852365
3189770215.466325 -22.92253388375931
3359818286.2837744 -22.92253653088818
3538931695.4909844 -22.92253891684574
3727593720.314938 -22.922541067387208
3926313401.7068396 -22.92254300575364
4135626917.8176975 -22.922544752866926
4356099030.694599 -22.92254632760865
4588324610.100841 -22.922547746975503
4832930238.571753 -22.92254902630909
5090575902.036687 -22.92255017940733
5361956770.568806 -22.922551218744967
5647805074.067546 -22.922552155538586
5948892077.934331 -22.922552999897942
6266030164.072656 -22.922553760953292
6600075022.827075 -22.922554446920394
6951927961.775591 -22.922555065207682
7322538337.6045265 -22.922555622493867
7712906117.627993 -22.92255612479678
8124084577.862974 -22.92255657753215
8557183144.939984 -22.92255698560969
9013370389.51742 -22.922557353420796
9493877179.27582 -22.922557684948263
10000000000.0 -22.922557983762665
10.0 -5.167074052258327
10.53310445370937 -5.168210352938578
11.094628943275218 -5.169461660775166
11.686088553466515 -5.1708385322531925
12.309079138896024 -5.172352261698583
12.965281629896682 -5.1740148732114735
13.65646656794611 -5.175839108211365
14.38449888287663 -5.1778383889706685
15.15134292476053 -5.1800267704230505
15.95906776404731 -5.18241885266307
16.80985277425364 -5.185029681012725
17.70599351226899 -5.187874600487024
18.64990791214297 -5.190969078091926
19.644142809066278 -5.194328486109791
20.6913808111479 -5.197967839121617
21.794447537529855 -5.201901487454672
22.956319242369098 -5.2061427675893235
24.180130845257207 -5.21070360814019
25.4691843897454 -5.2155941010247195
26.826957952797258 -5.220822042513511
28.257115029208283 -5.226392459005117
29.76351441631318 -5.232307130102841
31.350220625651154 -5.238564131480949
33.02151484968176 -5.245157416787411
34.7819065131413 -5.252076465613337
36.63614544020716 -5.25930602276202
38.58923467029903 -5.266825953892054
40.646443957096295 -5.274611235582231
42.81332398719393 -5.2826321070275695
45.095721356761466 -5.290854381750732
47.499794346614124 -5.299239929624867
50.03202953826004 -5.307747315524126
52.699259315756564 -5.316332577295071
55.50868030059805 -5.324950115122682
58.467872769375894 -5.333553651413926
61.58482110660264 -5.342097225400439
64.86793534788511 -5.3505361693977935
68.32607387157402 -5.358828031241561
71.96856730011521 -5.366933397446592
75.8052436755926 -5.374816587442831
79.84645497739086 -5.3824461958773835
84.10310505352605 -5.38979547101634
88.58667904100822 -5.396842524109735
93.30927435461668 -5.403570381038419
98.28363332770026 -5.40996688705746
103.52317759307378 -5.416024487515585
109.04204429677526 -5.421739908797108
114.8551242423938 -5.427113763456717
120.97810206889012 -5.432150107003407
127.42749857031335 -5.436855968084195
134.2207152716012 -5.441240873179454
141.37608138073614 -5.445316383390914
148.91290324394086 -5.449095655471994
156.85151643735477 -5.452593037657265
165.213340635737 -5.455823706304896
174.0209374062485 -5.458803346633251
183.29807108324357 -5.461547878839696
193.06977288832496 -5.464073228620183
203.36240846866724 -5.466395139469178
214.2037490358383 -5.468529024382911
225.62304629706352 -5.47048985249825
237.65111138110728 -5.472292066939187
250.32039797173255 -5.47394952977343
263.6650898730358 -5.475475490527549
277.7211932429355 -5.476882573822258
292.5266337436645 -5.478182783825244
308.1213588714002 -5.479387521653569
324.54744574113323 -5.48050761389828
341.84921461759274 -5.4815533495230895
360.073348498562 -5.482534523771828
379.26901907322497 -5.483460487248112
399.48801939541704 -5.484340198976917
420.78490362974026 -5.48518228278669
443.21713424760856 -5.485995085709745
466.84523707037897 -5.486786738578482
491.73296457790156 -5.48756521765871
517.9474679231213 -5.488338407594846
545.5594781168514 -5.489114165300819
574.6434968715973 -5.489900384504965
605.2779976193349 -5.490705061298123
637.5456372456507 -5.491536360173077
671.5334791115142 -5.492402680892824
707.3332279644438 -5.493312725788425
745.0414773728917 -5.494275567779399
784.7599703514607 -5.495300718205977
826.5958738801812 -5.496398195251997
870.6620680585127 -5.497578591268585
917.0774506742931 -5.49885313942497
965.9672580093833 -5.500233778387786
1017.4634027476063 -5.501733214225277
1071.7048298967104 -5.503364978225611
1128.8378916846884 -5.505143479152449
1189.01674244199 -5.507084048220911
1252.4037545350732 -5.509202974744786
1319.1699564735716 -5.51151752996773
1389.4954943731375 -5.514045976646087
1463.5701180190797 -5.516807561752156
1541.5936928422718 -5.519822489271075
1623.776739188721 -5.523111870155926
1710.3410003378397 -5.526697647689937
1801.520040802024 -5.530602495152122
1897.5598765218504 -5.534849685842501
1998.7196386572507 -5.539462934464941
2105.272272765707 -5.544466212412469
2217.505275253932 -5.549883540244389
2335.7214690901214 -5.555738764061884
2460.239820869775 -5.562055324668104
2591.3963014396572 -5.56885603270552
2729.5447924020073 -5.576162865063523
2875.0580409448803 -5.583996801992768
3028.3286655749457 -5.592377727108136
3189.7702154663216 -5.601324413461911
3359.818286283781 -5.610854621137164
3538.9316954909877 -5.620985329820702
3727.593720314938 -5.6317331279137575
3926.3134017068355 -5.643114775159017
4135.626917817706 -5.65514794972583
4356.099030694608 -5.667852183006207
4588.324610100844 -5.681249977085238
4832.930238571752 -5.695368091080035
5090.575902036681 -5.710238975086764
5361.956770568817 -5.725902324027339
5647.805074067552 -5.74240672004381
5948.892077934331 -5.759811330586544
6266.030164072656 -5.778187631857941
6600.075022827095 -5.797621131030775
6951.927961775606 -5.818213067872792
7322.538337604534 -5.8400820846094
7712.906117627992 -5.863365861500202
8124.0845778629655 -5.888222723838932
8557.183144940002 -5.914833233671013
9013.37038951743 -5.94340178516052
9493.87717927582 -5.974158225287148
10000.0 -6.007359523819785
10533.104453709382 -6.043291514568421
11094.628943275218 -6.082270726863595
11686.088553466498 -6.124646322200937
12309.079138896019 -6.170802143161449
12965.281629896688 -6.221158875419413
13656.466567946096 -6.276176314181255
14384.498882876629 -6.336355717713871
15151.342924760515 -6.4022422203929406
15959.06776404731 -6.474427267682488
16809.852774253653 -6.553551025187892
17705.99351226898 -6.640304703446329
18649.907912142942 -6.735432730520831
19644.142809066267 -6.83973469549699
20691.3808111479 -6.954066979140935
21794.447537529835 -7.079343982852544
22956.319242369096 -7.216538866904165
24180.13084525718 -7.366683712656518
25469.184389745402 -7.5308690344872105
26826.957952797275 -7.710242586837163
28257.115029208268 -7.906007440842168
29763.51441631313 -8.119419346721727
31350.220625651124 -8.35178345365344
33021.51484968176 -8.604450527446657
34781.90651314134 -8.878812892864978
36636.14544020716 -9.176300427122571
38589.23467029899 -9.498377047825732
40646.44395709628 -9.846538268554943
42813.32398719396 -10.222310541121358
45095.721356761445 -10.627253263297067
47499.79434661403 -11.06296451115054
50032.029538259994 -11.531091762256962
52699.259315756564 -12.033349126653881
55508.680300598106 -12.571542925952121
58467.87276937589 -13.147607898522505
61584.82110660255 -13.763656937621816
64867.935347885075 -14.422048196746866
68326.07387157406 -15.125474805356829
71968.56730011514 -15.877084612955075
75805.24367559262 -16.680640795547593
79846.45497739078 -17.540739623357233
84103.10505352604 -18.46311063111752
88586.67904100832 -19.455039471221266
93309.27435461663 -20.52597989311249
98283.63332770011 -21.688468692148643
103523.17759307378 -22.95954763107954
109042.04429677526 -24.363078178294096
114855.12424239368 -25.93372877149312
120978.10206889013 -27.72434657608706
127427.49857031321 -29.820898449668853
134220.7152716012 -32.37680746344853
141376.08138073614 -35.707932581352814
148912.90324394088 -40.651517323224134
156851.5164373548 -51.40631640871667
165213.34063573685 -49.374990584476
174020.9374062485 -40.90567956149876
183298.07108324338 -36.97069116718527
193069.77288832495 -34.4638511623393
203362.40846866704 -32.66683657808852
214203.74903583832 -31.29510429735206
225623.04629706353 -30.206375950505397
237651.11138110727 -29.31912832677351
250320.39797173254 -28.582221565864828
263665.08987303555 -27.96142401505604
277721.1932429355 -27.432674288312136
292526.6337436642 -26.978402819280763
308121.35887140024 -26.5853832606031
324547.44574113254 -26.243408095574363
341849.21461759275 -25.94443560082526
360073.348498562 -25.682019883955363
379269.0190732246 -25.450918027375007
399488.019395417 -25.246811962266804
420784.9036297398 -25.066106927131976
443217.13424760854 -24.90578240192042
466845.2370703785 -24.763279835456956
491732.9645779016 -24.63641670352647
517947.46792312124 -24.523319758263874
545559.4781168514 -24.422372498098184
574643.4968715974 -24.332173333921965
605277.9976193343 -24.251501911208567
637545.6372456506 -24.17929172939285
671533.4791115135 -24.114607679693776
707333.2279644439 -24.056627465547898
745041.4773728917 -24.004626118240637
784759.9703514606 -23.957963002721222
826595.8738801812 -23.91607084391294
870662.0680585118 -23.87844640548629
917077.4506742931 -23.844642530101016
965967.2580093823 -23.814261309127033
1017463.4027476063 -23.786948195435937
1071704.8298967092 -23.762386908342258
1128837.8916846884 -23.740295007683123
1189016.74244199 -23.720420036051657
1252403.7545350718 -23.702536145821504
1319169.9564735717 -23.686441141670826
1389495.494373136 -23.67195388073994
1463570.1180190798 -23.65891198179572
1541593.6928422702 -23.647169802368104
1623776.739188721 -23.63659664902904
1710341.0003378377 -23.627075191159662
1801520.0408020238 -23.618500052799526
1897559.8765218505 -23.61077656078422
1998719.6386572486 -23.603819630334264
2105272.272765707 -23.597552771837368
2217505.2752539297 -23.591907204669464
2335721.4690901213 -23.58682106575175
2460239.8208697727 -23.582238702081245
2591396.3014396573 -23.578110037823784
2729544.792402007 -23.574390007689637
2875058.040944877 -23.57103804932804
3028328.6655749455 -23.56801764830839
3189770.215466318 -23.565295930038154
3359818.286283781 -23.5628432935789
3538931.6954909842 -23.56063308293155
3727593.720314938 -23.55864129182728
3926313.4017068394 -23.55684629852176
4135626.917817706 -23.555228627459744
4356099.030694608 -23.553770735030607
4588324.61010084 -23.552456816923936
4832930.238571752 -23.551272634868667
5090575.902036676 -23.550205360770473
5361956.770568817 -23.54924343647233
5647805.074067546 -23.548376447550762
5948892.077934331 -23.54759500972401
6266030.164072656 -23.546890666594827
6600075.022827089 -23.546255797589172
6951927.961775606 -23.545683535056646
7322538.337604526 -23.54516768961982
7712906.117627992 -23.544702682938684
8124084.5778629575 -23.544283487150267
8557183.144940002 -23.54390557031541
9013370.38951742 -23.54356484727246
9493877.17927582 -23.543257635356763
10000000.0 -23.54298061450313
10533104.45370936 -23.542730791292932
11094628.943275219 -23.542505466554648
11686088.553466497 -23.542302206163463
12309079.138896018 -23.542118814724407
12965281.629896663 -23.5419533118486
13656466.567946097 -23.541803910774
14384498.882876629 -23.54166899908944
15151342.924760515 -23.541547121363607
15959067.76404731 -23.541436963484767
16809852.774253618 -23.541337338551138
17705993.51226898 -23.541247174154947
18649907.912142944 -23.541165500931612
19644142.809066266 -23.541091442249535
20691380.811147902 -23.541024204938207
21794447.537529834 -23.540963070952955
22956319.242369097 -23.540907389899388
24180130.84525718 -23.540856572337653
25469184.3897454 -23.540810083801468
26826957.95279722 -23.540767439477474
28257115.02920827 -23.54072819948744
29763514.41631313 -23.54069196473882
31350220.62565112 -23.540658373292796
33021514.849681754 -23.54062709722182
34781906.51314127 -23.540597839922302
36636145.44020716 -23.54057033384736
38589234.67029899 -23.540544338631776
40646443.95709628 -23.54051963957272
42813323.98719387 -23.54049604642721
45095721.35676145 -23.540473392487286
47499794.346614026 -23.54045153387421
50032029.53825999 -23.54043034900249
52699259.31575657 -23.540409738135146
55508680.300597996 -23.54038962296615
58467872.7693759 -23.54036994613431
61584821.10660254 -23.540350670594158
64867935.34788508 -23.540331778750204
68326073.87157391 -23.540313271283075
71968567.30011514 -23.54029516560398
75805243.67559262 -23.540277493896514
79846454.97739078 -23.540260300737387
84103105.05352604 -23.540243640328157
88586679.04100814 -23.54022757339562
93309274.35461664 -23.540212163870034
98283633.32770011 -23.540197475487666
103523177.59307377 -23.540183568453983
109042044.29677527 -23.54017049636964
114855124.24239345 -23.540158303551486
120978102.06889038 -23.540147022910496
127427498.57031322 -23.540136674480525
134220715.2716012 -23.540127264652533
141376081.38073614 -23.540118786115837
148912903.24394056 -23.54011121847373
156851516.43735445 -23.54010452941249
165213340.63573685 -23.5400986763307
174020937.40624848 -23.54009360825899
183298071.08324376 -23.54008926796435
193069772.88832456 -23.54008559403799
203362408.46866703 -23.540082522921875
214203749.0358383 -23.5400799907218
225623046.2970626 -23.540077934779568
237651111.38110778 -23.54007629496262
250320397.97173202 -23.540075014638656
263665089.87303555 -23.54007404138201
277721193.2429355 -23.540073327396925
292526633.74366355 -23.540072829728544
308121358.87140083 -23.540072510273635
324547445.74113256 -23.54007233564805
341849214.6175927 -23.54007227694378
360073348.49856204 -23.540072309406163
379269019.0732238 -23.54007241206814
399488019.39541787 -23.54007256735903
420784903.6297398 -23.540072760722857
443217134.24760854 -23.540072980235436
466845237.07037944 -23.54007321623687
491732964.5779006 -23.540073461013368
517947467.9231202 -23.54007370849752
545559478.1168514 -23.540073953995805
574643496.8715974 -23.540074193956414
605277997.6193355 -23.540074425764995
637545637.2456493 -23.5400746475729
671533479.1115135 -23.540074858148976
707333227.9644439 -23.54007505674292
745041477.3728887 -23.54007524299735
784759970.3514622 -23.540075416849767
826595873.8801795 -23.540075578458286
870662068.0585117 -23.54007572815888
917077450.674293 -23.540075866397054
965967258.0093802 -23.54007599371186
1017463402.7476043 -23.54007611068631
1071704829.8967092 -23.540076217937035
1128837891.6846883 -23.5400763160934
1189016742.44199 -23.540076405780823
1252403754.5350692 -23.540076487611582
1319169956.473569 -23.540076562180168
1389495494.373136 -23.54007663004978
1463570118.0190797 -23.540076691764902
1541593692.8422735 -23.540076747828135
1623776739.1887176 -23.540076798720627
1710341000.337838 -23.540076844882133
1801520040.802024 -23.540076886727434
1897559876.5218503 -23.540076924638814
1998719638.6572526 -23.540076958964526
2105272272.7657027 -23.540076990034827
2217505275.2539296 -23.540077018142554
2335721469.0901213 -23.540077043561737
2460239820.8697777 -23.540077066542032
2591396301.439652 -23.540077087310816
2729544792.402002 -23.54007710607851
2875058040.944877 -23.540077123029462
3028328665.5749454 -23.540077138339434
3189770215.466325 -23.540077152162393
3359818286.2837744 -23.540077164642994
3538931695.4909844 -23.540077175906813
3727593720.314938 -23.540077186073667
3926313401.7068396 -23.54007719524661
4135626917.8176975 -23.540077203524742
4356099030.694599 -23.540077210991292
4588324610.100841 -23.54007721773005
4832930238.571753 -23.54007722380569
5090575902.036687 -23.5400772292873
5361956770.568806 -23.54007723423198
5647805074.067546 -23.54007723868916
5948892077.934331 -23.54007724271124
6266030164.072656 -23.54007724633432
6600075022.827075 -23.54007724960436
6951927961.775591 -23.540077252552063
7322538337.6045265 -23.54007725520896
7712906117.627993 -23.540077257605706
8124084577.862974 -23.540077259766786
8557183144.939984 -23.540077261713552
9013370389.51742 -23.54007726346971
9493877179.27582 -23.540077265053036
10000000000.0 -23.540077266479837
10.0 -5.167074052258327
10.53310445370937 -5.168210352938578
11.094628943275218 -5.169461660775166
11.686088553466515 -5.1708385322531925
12.309079138896024 -5.172352261698583
12.965281629896682 -5.1740148732114735
13.65646656794611 -5.175839108211365
14.38449888287663 -5.1778383889706685
15.15134292476053 -5.1800267704230505
15.95906776404731 -5.18241885266307
16.80985277425364 -5.185029681012725
17.70599351226899 -5.187874600487024
18.64990791214297 -5.190969078091926
19.644142809066278 -5.194328486109791
20.6913808111479 -5.197967839121617
21.794447537529855 -5.201901487454672
22.956319242369098 -5.2061427675893235
24.180130845257207 -5.21070360814019
25.4691843897454 -5.2155941010247195
26.826957952797258 -5.220822042513511
28.257115029208283 -5.226392459005117
29.76351441631318 -5.232307130102841
31.350220625651154 -5.238564131480949
33.02151484968176 -5.245157416787411
34.7819065131413 -5.252076465613337
36.63614544020716 -5.25930602276202
38.58923467029903 -5.266825953892054
40.646443957096295 -5.274611235582231
42.81332398719393 -5.2826321070275695
45.095721356761466 -5.290854381750732
47.499794346614124 -5.299239929624867
50.03202953826004 -5.307747315524126
52.699259315756564 -5.316332577295071
55.50868030059805 -5.324950115122682
58.467872769375894 -5.333553651413926
61.58482110660264 -5.342097225400439
64.86793534788511 -5.3505361693977935
68.32607387157402 -5.358828031241561
71.96856730011521 -5.366933397446592
75.8052436755926 -5.374816587442831
79.84645497739086 -5.3824461958773835
84.10310505352605 -5.38979547101634
88.58667904100822 -5.396842524109735
93.30927435461668 -5.403570381038419
98.28363332770026 -5.40996688705746
103.52317759307378 -5.416024487515585
109.04204429677526 -5.421739908797108
114.8551242423938 -5.427113763456717
120.97810206889012 -5.432150107003407
127.42749857031335 -5.436855968084195
134.2207152716012 -5.441240873179454
141.37608138073614 -5.445316383390914
148.91290324394086 -5.449095655471994
156.85151643735477 -5.452593037657265
165.213340635737 -5.455823706304896
174.0209374062485 -5.458803346633251
183.29807108324357 -5.461547878839696
193.06977288832496 -5.464073228620183
203.36240846866724 -5.466395139469178
214.2037490358383 -5.468529024382911
225.62304629706352 -5.47048985249825
237.65111138110728 -5.472292066939187
250.32039797173255 -5.47394952977343
263.6650898730358 -5.475475490527549
277.7211932429355 -5.476882573822258
292.5266337436645 -5.478182783825244
308.1213588714002 -5.479387521653569
324.54744574113323 -5.48050761389828
341.84921461759274 -5.4815533495230895
360.073348498562 -5.482534523771828
379.26901907322497 -5.483460487248112
399.48801939541704 -5.484340198976917
420.78490362974026 -5.48518228278669
443.21713424760856 -5.485995085709745
466.84523707037897 -5.486786738578482
491.73296457790156 -5.48756521765871
517.9474679231213 -5.488338407594846
545.5594781168514 -5.489114165300819
574.6434968715973 -5.489900384504965
605.2779976193349 -5.490705061298123
637.5456372456507 -5.491536360173077
671.5334791115142 -5.492402680892824
707.3332279644438 -5.493312725788425
745.0414773728917 -5.494275567779399
784.7599703514607 -5.495300718205977
826.5958738801812 -5.496398195251997
870.6620680585127 -5.497578591268585
917.0774506742931 -5.49885313942497
965.9672580093833 -5.500233778387786
1017.4634027476063 -5.501733214225277
1071.7048298967104 -5.503364978225611
1128.8378916846884 -5.505143479152449
1189.01674244199 -5.507084048220911
1252.4037545350732 -5.509202974744786
1319.1699564735716 -5.51151752996773
1389.4954943731375 -5.514045976646087
1463.5701180190797 -5.516807561752156
1541.5936928422718 -5.519822489271075
1623.776739188721 -5.523111870155926
1710.3410003378397 -5.526697647689937
1801.520040802024 -5.530602495152122
1897.5598765218504 -5.534849685842501
1998.7196386572507 -5.539462934464941
2105.272272765707 -5.544466212412469
2217.505275253932 -5.549883540244389
2335.7214690901214 -5.555738764061884
2460.239820869775 -5.562055324668104
2591.3963014396572 -5.56885603270552
2729.5447924020073 -5.576162865063523
2875.0580409448803 -5.583996801992768
3028.3286655749457 -5.592377727108136
3189.7702154663216 -5.601324413461911
3359.818286283781 -5.610854621137164
3538.9316954909877 -5.620985329820702
3727.593720314938 -5.6317331279137575
3926.3134017068355 -5.643114775159017
4135.626917817706 -5.65514794972583
4356.099030694608 -5.667852183006207
4588.324610100844 -5.681249977085238
4832.930238571752 -5.695368091080035
5090.575902036681 -5.710238975086764
5361.956770568817 -5.725902324027339
5647.805074067552 -5.74240672004381
5948.892077934331 -5.759811330586544
6266.030164072656 -5.778187631857941
6600.075022827095 -5.797621131030775
6951.927961775606 -5.818213067872792
7322.538337604534 -5.8400820846094
7712.906117627992 -5.863365861500202
8124.0845778629655 -5.888222723838932
8557.183144940002 -5.914833233671013
9013.37038951743 -5.94340178516052
9493.87717927582 -5.974158225287148
10000.0 -6.007359523819785
10533.104453709382 -6.043291514568421
11094.628943275218 -6.082270726863595
11686.088553466498 -6.124646322200937
12309.079138896019 -6.170802143161449
12965.281629896688 -6.221158875419413
13656.466567946096 -6.276176314181255
14384.498882876629 -6.336355717713871
15151.342924760515 -6.4022422203929406
15959.06776404731 -6.474427267682488
16809.852774253653 -6.553551025187892
17705.99351226898 -6.640304703446329
18649.907912142942 -6.735432730520831
19644.142809066267 -6.83973469549699
20691.3808111479 -6.954066979140935
21794.447537529835 -7.079343982852544
22956.319242369096 -7.216538866904165
24180.13084525718 -7.366683712656518
25469.184389745402 -7.5308690344872105
26826.957952797275 -7.710242586837163
28257.115029208268 -7.906007440842168
29763.51441631313 -8.119419346721727
31350.220625651124 -8.35178345365344
33021.51484968176 -8.604450527446657
34781.90651314134 -8.878812892864978
36636.14544020716 -9.176300427122571
38589.23467029899 -9.498377047825732
40646.44395709628 -9.846538268554943
42813.32398719396 -10.222310541121358
45095.721356761445 -10.627253263297067
47499.79434661403 -11.06296451115054
50032.029538259994 -11.531091762256962
52699.259315756564 -12.033349126653881
55508.680300598106 -12.571542925952121
58467.87276937589 -13.147607898522505
61584.82110660255 -13.763656937621816
64867.935347885075 -14.422048196746866
68326.07387157406 -15.125474805356829
71968.56730011514 -15.877084612955075
75805.24367559262 -16.680640795547593
79846.45497739078 -17.540739623357233
84103.10505352604 -18.46311063111752
88586.67904100832 -19.455039471221266
93309.27435461663 -20.52597989311249
98283.63332770011 -21.688468692148643
103523.17759307378 -22.95954763107954
109042.04429677526 -24.363078178294096
114855.12424239368 -25.93372877149312
120978.10206889013 -27.72434657608706
127427.49857031321 -29.820898449668853
134220.7152716012 -32.37680746344853
141376.08138073614 -35.707932581352814
148912.90324394088 -40.651517323224134
156851.5164373548 -51.40631640871667
165213.34063573685 -49.374990584476
174020.9374062485 -40.90567956149876
183298.07108324338 -36.97069116718527
193069.77288832495 -34.4638511623393
203362.40846866704 -32.66683657808852
214203.74903583832 -31.29510429735206
225623.04629706353 -30.206375950505397
237651.11138110727 -29.31912832677351
250320.39797173254 -28.582221565864828
263665.08987303555 -27.96142401505604
277721.1932429355 -27.432674288312136
292526.6337436642 -26.978402819280763
308121.35887140024 -26.5853832606031
324547.44574113254 -26.243408095574363
341849.21461759275 -25.94443560082526
360073.348498562 -25.682019883955363
379269.0190732246 -25.450918027375007
399488.019395417 -25.246811962266804
420784.9036297398 -25.066106927131976
443217.13424760854 -24.90578240192042
466845.2370703785 -24.763279835456956
491732.9645779016 -24.63641670352647
517947.46792312124 -24.523319758263874
545559.4781168514 -24.422372498098184
574643.4968715974 -24.332173333921965
605277.9976193343 -24.251501911208567
637545.6372456506 -24.17929172939285
671533.4791115135 -24.114607679693776
707333.2279644439 -24.056627465547898
745041.4773728917 -24.004626118240637
784759.9703514606 -23.957963002721222
826595.8738801812 -23.91607084391294
870662.0680585118 -23.87844640548629
917077.4506742931 -23.844642530101016
965967.2580093823 -23.814261309127033
1017463.4027476063 -23.786948195435937
1071704.8298967092 -23.762386908342258
1128837.8916846884 -23.740295007683123
1189016.74244199 -23.720420036051657
1252403.7545350718 -23.702536145821504
1319169.9564735717 -23.686441141670826
1389495.494373136 -23.67195388073994
1463570.1180190798 -23.65891198179572
1541593.6928422702 -23.647169802368104
1623776.739188721 -23.63659664902904
1710341.0003378377 -23.627075191159662
1801520.0408020238 -23.618500052799526
1897559.8765218505 -23.61077656078422
1998719.6386572486 -23.603819630334264
2105272.272765707 -23.597552771837368
2217505.2752539297 -23.591907204669464
2335721.4690901213 -23.58682106575175
2460239.8208697727 -23.582238702081245
2591396.3014396573 -23.578110037823784
2729544.792402007 -23.574390007689637
2875058.040944877 -23.57103804932804
3028328.6655749455 -23.56801764830839
3189770.215466318 -23.565295930038154
3359818.286283781 -23.5628432935789
3538931.6954909842 -23.56063308293155
3727593.720314938 -23.55864129182728
3926313.4017068394 -23.55684629852176
4135626.917817706 -23.555228627459744
4356099.030694608 -23.553770735030607
4588324.61010084 -23.552456816923936
4832930.238571752 -23.551272634868667
5090575.902036676 -23.550205360770473
5361956.770568817 -23.54924343647233
5647805.074067546 -23.548376447550762
5948892.077934331 -23.54759500972401
6266030.164072656 -23.546890666594827
6600075.022827089 -23.546255797589172
6951927.961775606 -23.545683535056646
7322538.337604526 -23.54516768961982
7712906.117627992 -23.544702682938684
8124084.5778629575 -23.544283487150267
8557183.144940002 -23.54390557031541
9013370.38951742 -23.54356484727246
9493877.17927582 -23.543257635356763
10000000.0 -23.54298061450313
10533104.45370936 -23.542730791292932
11094628.943275219 -23.542505466554648
11686088.553466497 -23.542302206163463
12309079.138896018 -23.542118814724407
12965281.629896663 -23.5419533118486
13656466.567946097 -23.541803910774
14384498.882876629 -23.54166899908944
15151342.924760515 -23.541547121363607
15959067.76404731 -23.541436963484767
16809852.774253618 -23.541337338551138
17705993.51226898 -23.541247174154947
18649907.912142944 -23.541165500931612
19644142.809066266 -23.541091442249535
20691380.811147902 -23.541024204938207
21794447.537529834 -23.540963070952955
22956319.242369097 -23.540907389899388
24180130.84525718 -23.540856572337653
25469184.3897454 -23.540810083801468
26826957.95279722 -23.540767439477474
28257115.02920827 -23.54072819948744
29763514.41631313 -23.54069196473882
31350220.62565112 -23.540658373292796
33021514.849681754 -23.54062709722182
34781906.51314127 -23.540597839922302
36636145.44020716 -23.54057033384736
38589234.67029899 -23.540544338631776
40646443.95709628 -23.54051963957272
42813323.98719387 -23.54049604642721
45095721.35676145 -23.540473392487286
47499794.346614026 -23.54045153387421
50032029.53825999 -23.54043034900249
52699259.31575657 -23.540409738135146
55508680.300597996 -23.54038962296615
58467872.7693759 -23.54036994613431
61584821.10660254 -23.540350670594158
64867935.34788508 -23.540331778750204
68326073.87157391 -23.540313271283075
71968567.30011514 -23.54029516560398
75805243.67559262 -23.540277493896514
79846454.97739078 -23.540260300737387
84103105.05352604 -23.540243640328157
88586679.04100814 -23.54022757339562
93309274.35461664 -23.540212163870034
98283633.32770011 -23.540197475487666
103523177.59307377 -23.540183568453983
109042044.29677527 -23.54017049636964
114855124.24239345 -23.540158303551486
120978102.06889038 -23.540147022910496
127427498.57031322 -23.540136674480525
134220715.2716012 -23.540127264652533
141376081.38073614 -23.540118786115837
148912903.24394056 -23.54011121847373
156851516.43735445 -23.54010452941249
165213340.63573685 -23.5400986763307
174020937.40624848 -23.54009360825899
183298071.08324376 -23.54008926796435
193069772.88832456 -23.54008559403799
203362408.46866703 -23.540082522921875
214203749.0358383 -23.5400799907218
225623046.2970626 -23.540077934779568
237651111.38110778 -23.54007629496262
250320397.97173202 -23.540075014638656
263665089.87303555 -23.54007404138201
277721193.2429355 -23.540073327396925
292526633.74366355 -23.540072829728544
308121358.87140083 -23.540072510273635
324547445.74113256 -23.54007233564805
341849214.6175927 -23.54007227694378
360073348.49856204 -23.540072309406163
379269019.0732238 -23.54007241206814
399488019.39541787 -23.54007256735903
420784903.6297398 -23.540072760722857
443217134.24760854 -23.540072980235436
466845237.07037944 -23.54007321623687
491732964.5779006 -23.540073461013368
517947467.9231202 -23.54007370849752
545559478.1168514 -23.540073953995805
574643496.8715974 -23.540074193956414
605277997.6193355 -23.540074425764995
637545637.2456493 -23.5400746475729
671533479.1115135 -23.540074858148976
707333227.9644439 -23.54007505674292
745041477.3728887 -23.54007524299735
784759970.3514622 -23.540075416849767
826595873.8801795 -23.540075578458286
870662068.0585117 -23.54007572815888
917077450.674293 -23.540075866397054
965967258.0093802 -23.54007599371186
1017463402.7476043 -23.54007611068631
1071704829.8967092 -23.540076217937035
1128837891.6846883 -23.5400763160934
1189016742.44199 -23.540076405780823
1252403754.5350692 -23.540076487611582
1319169956.473569 -23.540076562180168
1389495494.373136 -23.54007663004978
1463570118.0190797 -23.540076691764902
1541593692.8422735 -23.540076747828135
1623776739.1887176 -23.540076798720627
1710341000.337838 -23.540076844882133
1801520040.802024 -23.540076886727434
1897559876.5218503 -23.540076924638814
1998719638.6572526 -23.540076958964526
2105272272.7657027 -23.540076990034827
2217505275.2539296 -23.540077018142554
2335721469.0901213 -23.540077043561737
2460239820.8697777 -23.540077066542032
2591396301.439652 -23.540077087310816
2729544792.402002 -23.54007710607851
2875058040.944877 -23.540077123029462
3028328665.5749454 -23.540077138339434
3189770215.466325 -23.540077152162393
3359818286.2837744 -23.540077164642994
3538931695.4909844 -23.540077175906813
3727593720.314938 -23.540077186073667
3926313401.7068396 -23.54007719524661
4135626917.8176975 -23.540077203524742
4356099030.694599 -23.540077210991292
4588324610.100841 -23.54007721773005
4832930238.571753 -23.54007722380569
5090575902.036687 -23.5400772292873
5361956770.568806 -23.54007723423198
5647805074.067546 -23.54007723868916
5948892077.934331 -23.54007724271124
6266030164.072656 -23.54007724633432
6600075022.827075 -23.54007724960436
6951927961.775591 -23.540077252552063
7322538337.6045265 -23.54007725520896
7712906117.627993 -23.540077257605706
8124084577.862974 -23.540077259766786
8557183144.939984 -23.540077261713552
9013370389.51742 -23.54007726346971
9493877179.27582 -23.540077265053036
10000000000.0 -23.540077266479837
10.0 -2.2328868456209285
10.53310445370937 -2.207154183069417
11.094628943275218 -2.179673136022003
11.686088553466515 -2.1504118178607
12.309079138896024 -2.1193550364253486
12.965281629896682 -2.0865066630505376
13.65646656794611 -2.0518918138476243
14.38449888287663 -2.015558718565638
15.15134292476053 -1.9775801464105367
15.95906776404731 -1.938054260491648
16.80985277425364 -1.8971047848417522
17.70599351226899 -1.8548803910636058
18.64990791214297 -1.811553245380523
19.644142809066278 -1.767316699873497
20.6913808111479 -1.7223821611078005
21.794447537529855 -1.6769752213251938
22.956319242369098 -1.6313311871861444
24.180130845257207 -1.5856901837680248
25.4691843897454 -1.5402920426029973
26.826957952797258 -1.4953711986667175
28.257115029208283 -1.45115182047031
29.76351441631318 -1.4078433799553711
31.350220625651154 -1.3656368366455842
33.02151484968176 -1.3247015669870024
34.7819065131413 -1.2851831196522523
36.63614544020716 -1.247201825617243
38.58923467029903 -1.2108522428134232
40.646443957096295 -1.1762033728743366
42.81332398719393 -1.1432995546151428
45.095721356761466 -1.1121619167250343
47.499794346614124 -1.0827902607963802
50.03202953826004 -1.0551652442958916
52.699259315756564 -1.0292507397175978
55.50868030059805 -1.0049962588961103
58.467872769375894 -0.9823393481019178
61.58482110660264 -0.9612078781514406
64.86793534788511 -0.9415221726120775
68.32607387157402 -0.9231969349974147
71.96856730011521 -0.9061429517666675
75.8052436755926 -0.8902685614474939
79.84645497739086 -0.8754808911087919
84.10310505352605 -0.8616868697865676
88.58667904100822 -0.8487940345246164
93.30927435461668 -0.8367111487294501
98.28363332770026 -0.8253486549516376
103.52317759307378 -0.8146189853182172
109.04204429677526 -0.8044367530237464
114.8551242423938 -0.7947188478048407
120.97810206889012 -0.7853844574634294
127.42749857031335 -0.776355036409298
134.2207152716012 -0.7675542410580891
141.37608138073614 -0.7589078507997865
148.91290324394086 -0.7503436922112336
156.85151643735477 -0.7417915832332069
165.213340635737 -0.7331833131222477
174.0209374062485 -0.7244526730604577
183.29807108324357 -0.7155355512819654
193.06977288832496 -0.7063701052721929
203.36240846866724 -0.6968970219374122
214.2037490358383 -0.6870598743946275
225.62304629706352 -0.6768055810739368
237.65111138110728 -0.6660849689840707
250.32039797173255 -0.6548534381597038
263.6650898730358 -0.643071718437543
277.7211932429355 -0.6307067028601996
292.5266337436645 -0.6177323343466977
308.1213588714002 -0.6041305141850505
324.54744574113323 -0.5898919928678211
341.84921461759274 -0.575017196567165
360.073348498562 -0.5595169369410252
379.26901907322497 -0.5434129489066546
399.48801939541704 -0.5267382014581266
420.78490362974026 -0.5095369312106063
443.21713424760856 -0.49186435765712827
466.84523707037897 -0.4737860530386978
491.73296457790156 -0.4553769577625239
517.9474679231213 -0.43672005327345387
545.5594781168514 -0.41790472653851285
574.6434968715973 -0.39902488181869283
605.2779976193349 -0.380176873967644
637.5456372456507 -0.361457351164905
671.5334791115142 -0.3429611021846064
707.3332279644438 -0.3247790032327217
745.0414773728917 -0.3069961520260878
784.7599703514607 -0.2896902630285065
826.5958738801812 -0.2729303791041172
870.6620680585127 -0.2567759333501852
917.0774506742931 -0.24127617265484638
965.9672580093833 -0.22646993364747084
1017.4634027476063 -0.21238574382501846
1071.7048298967104 -0.19904220684743534
1128.8378916846884 -0.18644862186425734
1189.01674244199 -0.17460578223593293
1252.4037545350732 -0.16350689869333715
1319.1699564735716 -0.15313859507551242
1389.4954943731375 -0.14348193042134355
1463.5701180190797 -0.13451340835824624
1541.5936928422718 -0.1262059426869459
1623.776739188721 -0.11852975598411954
1710.3410003378397 -0.11145319550358433
1801.520040802024 -0.10494345721521048
1897.5598765218504 -0.0989672143535772
1998.7196386572507 -0.09349115123415706
2105.272272765707 -0.08848240642161616
2217.505275253932 -0.08390893164158074
2335.7214690901214 -0.07973977431837415
2460.239820869775 -0.07594529239122698
2591.3963014396572 -0.0724973102970959
2729.5447924020073 -0.06936922482585088
2875.0580409448803 -0.06653606910517432
3028.3286655749457 -0.06397454232156712
3189.7702154663216 -0.06166301203856821
3359.818286283781 -0.05958149518846999
3538.9316954909877 -0.0577116230366129
3727.593720314938 -0.056036594673607026
3926.3134017068355 -0.05454112289132093
4135.626917817706 -0.05321137570556598
4356.099030694608 -0.05203491621997111
4588.324610100844 -0.05100064307399882
4832.930238571752 -0.050098733303638815
5090.575902036681 -0.04932058913209758
5361.956770568817 -0.048658789908652134
5647.805074067552 -0.04810705021987004
5948.892077934331 -0.04766018500088896
6266.030164072656 -0.047314082357567594
6600.075022827095 -0.04706568467124314
6951.927961775606 -0.04691297851204045
7322.538337604534 -0.04685499377235218
7712.906117627992 -0.046891812395200155
8124.0845778629655 -0.04702458698960812
8557.183144940002 -0.047255569549446555
9013.37038951743 -0.047588150401616056
9493.87717927582 -0.04802690739692764
10000.0 -0.048577665194943484
10533.104453709382 -0.04924756434770387
11094.628943275218 -0.05004513964001453
11686.088553466498 -0.050980406931015944
12309.079138896019 -0.05206495744169039
12965.281629896688 -0.05331205814683629
13656.466567946096 -0.05473675660412274
14384.498882876629 -0.056355988227290404
15151.342924760515 -0.05818868368894982
15959.06776404731 -0.060255873811615006
16809.852774253653 -0.0625807890011815
17705.99351226898 -0.065188949941402
18649.907912142942 -0.06810824595763607
19644.142809066267 -0.07136899703958792
20691.3808111479 -0.07500399509141868
21794.447537529835 -0.0790485193530748
22956.319242369096 -0.0835403202474806
24180.13084525718 -0.08851956500365173
25469.184389745402 -0.0940287373413898
26826.957952797275 -0.10011248236596473
28257.115029208268 -0.10681738654678316
29763.51441631313 -0.11419168153947731
31350.220625651124 -0.12228485967341225
33021.51484968176 -0.13114718841727752
34781.90651314134 -0.14082911134235213
36636.14544020716 -0.15138052422127524
38589.23467029899 -0.1628499171928763
40646.44395709628 -0.17528337775135486
42813.32398719396 -0.18872345471979354
45095.721356761445 -0.2032078906406304
47499.79434661403 -0.2187682390110659
50032.029538259994 -0.23542839343145533
52699.259315756564 -0.2532030675367033
55508.680300598106 -0.27209627693071214
58467.87276937589 -0.2920998862583904
61584.82110660255 -0.3131922948021537
64867.935347885075 -0.33533734127932585
68326.07387157406 -0.3584835112346162
71968.56730011514 -0.3825635274320233
75805.24367559262 -0.4074943937639691
79846.45497739078 -0.43317794613557226
84103.10505352604 -0.4595019399098926
88586.67904100832 -0.4863416739164545
93309.27435461663 -0.5135621180600631
98283.63332770011 -0.5410204779673375
103523.17759307378 -0.5685690990966096
109042.04429677526 -0.5960585876736387
114855.12424239368 -0.6233410094361671
120978.10206889013 -0.6502730211910113
127427.49857031321 -0.6767187955843569
134220.7152716012 -0.7025526152484273
141376.08138073614 -0.7276610370981516
148912.90324394088 -0.7519445580832849
156851.5164373548 -0.7753187469713747
165213.34063573685 -0.7977148396304752
174020.9374062485 -0.8190798247994677
183298.07108324338 -0.8393760715027098
193069.77288832495 -0.8585805666334494
203362.40846866704 -0.8766838417614815
214203.74903583832 -0.8936886717195164
225623.04629706353 -0.9096086255478185
237651.11138110727 -0.9244665437174676
250320.39797173254 -0.9382930058756225
263665.08987303555 -0.9511248419104019
277721.1932429355 -0.9630037271999521
292526.6337436642 -0.9739748912305625
308121.35887140024 -0.9840859582822634
324547.44574113254 -0.9933859297643156
341849.21461759275 -1.0019243102923943
360073.348498562 -1.0097503738907785
379269.0190732246 -1.0169125624102193
399488.019395417 -1.0234580054863
420784.9036297398 -1.0294321496158767
443217.13424760854 -1.0348784832773723
466845.2370703785 -1.0398383448957451
491732.9645779016 -1.0443508010869078
517947.46792312124 -1.0484525832986265
545559.4781168514 -1.0521780721965097
574643.4968715974 -1.0555593201806885
605277.9976193343 -1.0586261036972193
637545.6372456506 -1.0614059981500161
671533.4791115135 -1.063924469314147
707333.2279644439 -1.0662049761736347
745041.4773728917 -1.0682690809913604
784759.9703514606 -1.0701365632498792
826595.8738801812 -1.071825534749201
870662.0680585118 -1.0733525537501056
917077.4506742931 -1.0747327365946435
965967.2580093823 -1.0759798655528685
1017463.4027476063 -1.077106492087815
1071704.8298967092 -1.0781240349664927
1128837.8916846884 -1.079042872798305
1189016.74244199 -1.0798724309363035
1252403.7545350718 -1.0806212625862381
1319169.9564735717 -1.081297124274447
1389495.494373136 -1.0819070457848574
1463570.1180190798 -1.082457394763798
1541593.6928422702 -1.082953936255742
1623776.739188721 -1.0834018874116726
1710341.0003378377 -1.0838059676993332
1801520.0408020238 -1.0841704448214864
1897559.8765218505 -1.08449917673239
1998719.6386572486 -1.0847956499561338
2105272.272765707 -1.08506301452902
2217505.2752539297 -1.0853041157935779
2335721.4690901213 -1.0855215233299422
2460239.8208697727 -1.0857175572409823
2591396.3014396573 -1.0858943120023916
2729544.792402007 -1.086053678124172
2875058.040944877 -1.0861973617624106
3028328.6655749455 -1.0863269025115623
3189770.215466318 -1.0864436895021892
3359818.286283781 -1.0865489759796425
3538931.6954909842 -1.0866438924865616
3727593.720314938 -1.0867294588035117
3926313.4017068394 -1.0868065947185703
4135626.917817706 -1.086876129785329
4356099.030694608 -1.0869388121243453
4588324.61010084 -1.0869953163809773
4832930.238571752 -1.0870462509159546
5090575.902036676 -1.0870921642883968
5361956.770568817 -1.087133551113161
5647805.074067546 -1.0871708573597099
5948892.077934331 -1.087204485103514
6266030.164072656 -1.0872347968641538
6600075.022827089 -1.087262119457816
6951927.961775606 -1.0872867475290033
7322538.337604526 -1.0873089467017847
7712906.117627992 -1.0873289564320472
8124084.5778629575 -1.0873469925917485
8557183.144940002 -1.0873632497735766
9013370.38951742 -1.0873779033995499
9493877.17927582 -1.087391111604007
10000000.0 -1.087403016928476
10533104.45370936 -1.087413747865805
11094628.943275219 -1.0874234202455426
11686088.553466497 -1.0874321384692933
12309079.138896018 -1.0874399966489603
12965281.629896663 -1.0874470796190119
13656466.567946097 -1.0874534638415407
14384498.882876629 -1.0874592182444958
15151342.924760515 -1.0874644049542026
15959067.76404731 -1.0874690799696345
16809852.774253618 -1.0874732937734775
17705993.51226898 -1.087477091856199
18649907.912142944 -1.0874805152332487
19644142.809066266 -1.0874836008679574
20691380.811147902 -1.0874863820810092
21794447.537529834 -1.0874888889047065
22956319.242369097 -1.0874911484067846
24180130.84525718 -1.0874931849863816
25469184.3897454 -1.0874950206387926
26826957.95279722 -1.0874966751865727
28257115.02920827 -1.0874981664960754
29763514.41631313 -1.0874995106725898
31350220.62565112 -1.0875007222311295
33021514.849681754 -1.087501814255004
34781906.51314127 -1.087502798538575
36636145.44020716 -1.0875036857126101
38589234.67029899 -1.0875044853562483
40646443.95709628 -1.0875052061068828
42813323.98719387 -1.0875058557425485
45095721.35676145 -1.0875064412899806
47499794.346614026 -1.0875069690622905
50032029.53825999 -1.0875074447653297
52699259.31575657 -1.087507873531646
55508680.300597996 -1.0875082599970167
58467872.7693759 -1.0875086083311916
61584821.10660254 -1.0875089222991179
64867935.34788508 -1.0875092052897184
68326073.87157391 -1.0875094603601714
71968567.30011514 -1.0875096902658477
75805243.67559262 -1.0875098974869775
79846454.97739078 -1.0875100842648484
84103105.05352604 -1.0875102526130798
88586679.04100814 -1.0875104043526311
93309274.35461664 -1.0875105411205803
98283633.32770011 -1.087510664394084
103523177.59307377 -1.0875107755053341
109042044.29677527 -1.0875108756544984
114855124.24239345 -1.0875109659220912
120978102.06889038 -1.0875110472846297
127427498.57031322 -1.0875111206186026
134220715.2716012 -1.0875111867178382
141376081.38073614 -1.087511246295188
148912903.24394056 -1.0875112999966732
156851516.43735445 -1.0875113483962067
165213340.63573685 -1.0875113920218946
174020937.40624848 -1.087511431343141
183298071.08324376 -1.0875114667865065
193069772.88832456 -1.087511498730596
203362408.46866703 -1.0875115275238962
214203749.0358383 -1.0875115534764466
225623046.2970626 -1.0875115768702412
237651111.38110778 -1.087511597954765
250320397.97173202 -1.0875116169590155
263665089.87303555 -1.0875116340874325
277721193.2429355 -1.0875116495271713
292526633.74366355 -1.0875116634429811
308121358.87140083 -1.0875116759843073
324547445.74113256 -1.0875116872901973
341849214.6175927 -1.0875116974789791
360073348.49856204 -1.08751170666236
379269019.0732238 -1.0875117149413
399488019.39541787 -1.0875117224037116
420784903.6297398 -1.0875117291278138
443217134.24760854 -1.0875117351905637
466845237.07037944 -1.0875117406521582
491732964.5779006 -1.0875117455774153
517947467.9231202 -1.0875117500172662
545559478.1168514 -1.0875117540177173
574643496.8715974 -1.0875117576230662
605277997.6193355 -1.0875117608750053
637545637.2456493 -1.087511763802216
671533479.1115135 -1.0875117664455145
707333227.9644439 -1.087511768824162
745041477.3728887 -1.0875117709687685
784759970.3514622 -1.087511772903862
826595873.8801795 -1.0875117746466092
870662068.0585117 -1.0875117762157538
917077450.674293 -1.0875117776328187
965967258.0093802 -1.0875117789086262
1017463402.7476043 -1.0875117800594574
1071704829.8967092 -1.0875117810967474
1128837891.6846883 -1.0875117820304738
1189016742.44199 -1.0875117828719643
1252403754.5350692 -1.0875117836324166
1319169956.473569 -1.0875117843167823
1389495494.373136 -1.0875117849338298
1463570118.0190797 -1.087511785489632
1541593692.8422735 -1.0875117859907024
1623776739.1887176 -1.0875117864428556
1710341000.337838 -1.0875117868480229
1801520040.802024 -1.0875117872153905
1897559876.5218503 -1.0875117875464877
1998719638.6572526 -1.0875117878445897
2105272272.7657027 -1.0875117881133962
2217505275.2539296 -1.0875117883557228
2335721469.0901213 -1.0875117885727508
2460239820.8697777 -1.087511788771423
2591396301.439652 -1.0875117889472294
2729544792.402002 -1.08751178910748
2875058040.944877 -1.0875117892524018
3028328665.5749454 -1.087511789381857
3189770215.466325 -1.087511789498852
3359818286.2837744 -1.087511789604034
3538931695.4909844 -1.0875117896986475
3727593720.314938 -1.0875117897848878
3926313401.7068396 -1.0875117898622313
4135626917.8176975 -1.0875117899316904
4356099030.694599 -1.0875117899945494
4588324610.100841 -1.0875117900495772
4832930238.571753 -1.0875117901018025
5090575902.036687 -1.0875117901485427
5361956770.568806 -1.0875117901904332
5647805074.067546 -1.0875117902272526
5948892077.934331 -1.087511790257843
6266030164.072656 -1.0875117902894633
6600075022.827075 -1.0875117903192701
6951927961.775591 -1.0875117903432407
7322538337.6045265 -1.0875117903662528
7712906117.627993 -1.0875117903855205
8124084577.862974 -1.0875117904033484
8557183144.939984 -1.0875117904187384
9013370389.51742 -1.0875117904339238
9493877179.27582 -1.0875117904465506
10000000000.0 -1.087511790459006
