10.0 16.937710033148207
10.53310445370937 16.488965509907402
11.094628943275218 16.040480338808806
11.686088553466515 15.592282557080289
12.309079138896024 15.144403195083578
12.965281629896682 14.696876574175029
13.65646656794611 14.249740658857032
14.38449888287663 13.803037417954416
15.15134292476053 13.356813231638638
15.95906776404731 12.911119336917613
16.80985277425364 12.466012306454102
17.70599351226899 12.021554571143788
18.64990791214297 11.577814988553492
19.644142809066278 11.134869455747157
20.6913808111479 10.692801567342618
21.794447537529855 10.251703327403662
22.956319242369098 9.811675903850096
24.180130845257207 9.372830434822555
25.4691843897454 8.935288883020338
26.826957952797258 8.499184928272895
28.257115029208283 8.064664906534736
29.76351441631318 7.631888769669153
31.350220625651154 7.201031079830777
33.02151484968176 6.772282003821713
34.7819065131413 6.345848302057092
36.63614544020716 5.921954294977598
38.58923467029903 5.500842769640948
40.646443957096295 5.082775811399857
42.81332398719393 4.668035512846864
45.095721356761466 4.256924528267817
47.499794346614124 3.84976642079131
50.03202953826004 3.446905753063412
52.699259315756564 3.0487078706691015
55.50868030059805 2.6555583052636864
58.467872769375894 2.2678617526636002
61.58482110660264 1.8860405567334064
64.86793534788511 1.5105326401873427
68.32607387157402 1.1417888479196234
71.96856730011521 0.7802696514911012
75.8052436755926 0.42644121202200624
79.84645497739086 0.08077079522606637
84.10310505352605 -0.2562784244785645
88.58667904100822 -0.5842531046722723
93.30927435461668 -0.9027159266629613
98.28363332770026 -1.211252108738004
103.52317759307378 -1.5094760606907685
109.04204429677526 -1.7970380077025896
114.8551242423938 -2.073630345426258
120.97810206889012 -2.338993514546214
127.42749857031335 -2.5929211645418566
134.2207152716012 -2.8352643978028795
141.37608138073614 -3.0659349142552905
148.91290324394086 -3.2849069203264705
156.85151643735477 -3.4922177157897094
165.213340635737 -3.687966935769108
174.0209374062485 -3.8723144760382864
183.29807108324357 -4.045477203187095
193.06977288832496 -4.207724588610219
203.36240846866724 -4.359373452875103
214.2037490358383 -4.500782032335762
225.62304629706352 -4.6323435963142785
237.65111138110728 -4.754479837241476
250.32039797173255 -4.867634249994302
263.6650898730358 -4.972265689471919
277.7211932429355 -5.068842268258246
292.5266337436645 -5.157835721869909
308.1213588714002 -5.239716334714268
324.54744574113323 -5.314948484990801
341.84921461759274 -5.383986836361449
360.073348498562 -5.447273176924949
379.26901907322497 -5.505233887742291
399.48801939541704 -5.558277997818587
420.78490362974026 -5.6067957810994375
443.21713424760856 -5.651157835229475
466.84523707037897 -5.6917145809654235
491.73296457790156 -5.728796121712093
517.9474679231213 -5.762712400824011
545.5594781168514 -5.793753599953133
574.6434968715973 -5.8221907257788486
605.2779976193349 -5.848276335935346
637.5456372456507 -5.872245361471885
671.5334791115142 -5.894315988405698
707.3332279644438 -5.914690564808387
745.0414773728917 -5.933556505551863
784.7599703514607 -5.951087170815137
826.5958738801812 -5.967442698434136
870.6620680585127 -5.982770774036908
917.0774506742931 -5.9972073261261825
965.9672580093833 -6.010877137450636
1017.4634027476063 -6.023894366246724
1071.7048298967104 -6.036362976058789
1128.8378916846884 -6.048377075148035
1189.01674244199 -6.060021171551423
1252.4037545350732 -6.071370353845195
1319.1699564735716 -6.082490411383446
1389.4954943731375 -6.093437913307191
1463.5701180190797 -6.1042602681431735
1541.5936928422718 -6.114995790328929
1623.776739188721 -6.125673801315878
1710.3410003378397 -6.1363147938648535
1801.520040802024 -6.1469306868927465
1897.5598765218504 -6.157525194684671
1998.7196386572507 -6.16809432855155
2105.272272765707 -6.178627041197002
2217.505275253932 -6.189106014603451
2335.7214690901214 -6.199508581522053
2460.239820869775 -6.20980776017646
2591.3963014396572 -6.219973372114871
2729.5447924020073 -6.229973205491222
2875.0580409448803 -6.239774180843857
3028.3286655749457 -6.249343475410031
3189.7702154663216 -6.2586495634296195
3359.818286283781 -6.2676631354854395
3538.9316954909877 -6.276357867739019
3727.593720314938 -6.284711021478657
3926.3134017068355 -6.292703864194515
4135.626917817706 -6.300321913173709
4356.099030694608 -6.307555012088184
4588.324610100844 -6.314397258188638
4832.930238571752 -6.320846802960622
5090.575902036681 -6.326905552042524
5361.956770568817 -6.332578791149696
5647.805074067552 -6.337874763757289
5948.892077934331 -6.3428042240414175
6266.030164072656 -6.347379985422341
6600.075022827095 -6.351616481274366
6951.927961775606 -6.355529350575269
7322.538337604534 -6.35913505760972
7712.906117627992 -6.362450551464393
8124.0845778629655 -6.365492968246346
8557.183144940002 -6.368279376628511
9013.37038951743 -6.370826565508224
9493.87717927582 -6.373150871324038
10000.0 -6.3752680416450405
10533.104453709382 -6.377193131191527
11094.628943275218 -6.378940426198625
11686.088553466498 -6.3805233930651815
12309.079138896019 -6.381954647349079
12965.281629896688 -6.383245939493271
13656.466567946096 -6.384408153943174
14384.498882876629 -6.385451318721459
15151.342924760515 -6.38638462285395
15959.06776404731 -6.387216439435103
16809.852774253653 -6.3879543524260125
17705.99351226898 -6.3886051856001576
18649.907912142942 -6.389175032308976
19644.142809066267 -6.3896692849952945
20691.3808111479 -6.3900926635572075
21794.447537529835 -6.390449241870852
22956.319242369096 -6.390742471900993
24180.13084525718 -6.390975204948729
25469.184389745402 -6.391149709697197
26826.957952797275 -6.391267686769135
28257.115029208268 -6.39133027959645
29763.51441631313 -6.391338081431065
31350.220625651124 -6.391291138373441
33021.51484968176 -6.391188948323356
34781.90651314134 -6.391030455789367
36636.14544020716 -6.3908140425047915
38589.23467029899 -6.39053751383548
40646.44395709628 -6.390198080985963
42813.32398719396 -6.3897923390375
45095.721356761445 -6.389316240898506
47499.79434661403 -6.388765067299409
50032.029538259994 -6.388133393022008
52699.259315756564 -6.387415049644379
55508.680300598106 -6.3866030851816475
58467.87276937589 -6.38568972114216
61584.82110660255 -6.384666307667902
64867.935347885075 -6.3835232776395925
68326.07387157406 -6.3822501008517065
71968.56730011514 -6.380835239653163
75805.24367559262 -6.3792661077734145
79846.45497739078 -6.377529034438586
84103.10505352604 -6.375609236312849
88586.67904100832 -6.373490800281889
93309.27435461663 -6.371156680622439
98283.63332770011 -6.368588714654346
103523.17759307378 -6.365767661540833
109042.04429677526 -6.362673269454432
114855.12424239368 -6.359284376816129
120978.10206889013 -6.355579053703817
127427.49857031321 -6.351534789732569
134220.7152716012 -6.3471287346586
141376.08138073614 -6.342337997563301
148912.90324394088 -6.337140009604619
156851.5164373548 -6.33151295390494
165213.34063573685 -6.325436264046957
174020.9374062485 -6.3188911897997935
183298.07108324338 -6.311861425063871
193069.77288832495 -6.304333788601665
203362.40846866704 -6.2962989430428316
214203.74903583832 -6.287752132101991
225623.04629706353 -6.278693910276503
237651.11138110727 -6.269130833959116
250320.39797173254 -6.259076078466976
263665.08987303555 -6.248549942629764
277721.1932429355 -6.237580201925254
292526.6337436642 -6.22620227331711
308121.35887140024 -6.214459160321484
324547.44574113254 -6.202401155536633
341849.21461759275 -6.190085289665531
360073.348498562 -6.177574530275361
379269.0190732246 -6.164936749112738
399488.019395417 -6.152243492344633
420784.9036297398 -6.1395686020985565
443217.13424760854 -6.126986748628313
466845.2370703785 -6.114571939115978
491732.9645779016 -6.102396070751135
517947.46792312124 -6.090527592101962
545559.4781168514 -6.079030328323566
574643.4968715974 -6.067962513379345
605277.9976193343 -6.057376057530545
637545.6372456506 -6.047316062413341
671533.4791115135 -6.037820580578251
707333.2279644439 -6.028920602712359
745041.4773728917 -6.020640244851309
784759.9703514606 -6.012997100256674
826595.8738801812 -6.006002716420839
870662.0680585118 -5.999663156675867
917077.4506742931 -5.993979607661756
965967.2580093823 -5.988948997872424
1017463.4027476063 -5.984564598000399
1071704.8298967092 -5.9808165802335855
1128837.8916846884 -5.97769252048939
1189016.74244199 -5.975177834367821
1252403.7545350718 -5.973256144036508
1319169.9564735717 -5.97190957907854
1389495.494373136 -5.9711190193600565
1463570.1180190798 -5.970864292063166
1541593.6928422702 -5.971124338069689
1623776.739188721 -5.971877364764408
1710341.0003378377 -5.973101002982604
1801520.0408020238 -5.9747724852002655
1897559.8765218505 -5.976868860175863
1998719.6386572486 -5.979367256190181
2105272.272765707 -5.982245200983463
2217505.2752539297 -5.985481001762544
2335721.4690901213 -5.989054183627374
2460239.8208697727 -5.99294597991098
2591396.3014396573 -5.9971398637025075
2729544.792402007 -6.001622106658568
2875058.040944877 -6.006382349423424
3028328.6655749455 -6.011414167740612
3189770.215466318 -6.016715619641876
3359818.286283781 -6.022289761757183
3538931.6954909842 -6.028145126473366
3727593.720314938 -6.034296155958172
3926313.4017068394 -6.040763593501833
4135626.917817706 -6.0475748367865245
4356099.030694608 -6.054764261225523
4588324.61010084 -6.062373524178954
4832930.238571752 -6.070451862530306
5090575.902036676 -6.079056396787443
5361956.770568817 -6.088252454626019
5647805.074067546 -6.098113925757961
5948892.077934331 -6.108723658337193
6266030.164072656 -6.12017390496879
6600075.022827089 -6.132566823896663
6951927.961775606 -6.1460150382086685
7322538.337604526 -6.160642252971645
7712906.117627992 -6.176583927105483
8124084.5778629575 -6.19398799350261
8557183.144940002 -6.213015617342908
9013370.38951742 -6.233841978668736
9493877.17927582 -6.2566570609854715
10000000.0 -6.281666422851582
10533104.45370936 -6.30909192404324
11094628.943275219 -6.339172371869356
11686088.553466497 -6.37216404655528
12309079.138896018 -6.4083410573479025
12965281.629896663 -6.447995473228529
13656466.567946097 -6.491437164055217
14384498.882876629 -6.538993279914875
15151342.924760515 -6.591007288902357
15959067.76404731 -6.6478374870831
16809852.774253618 -6.709854889834811
17705993.51226898 -6.77744041208757
18649907.912142944 -6.85098124734756
19644142.809066266 -6.930866363096677
20691380.811147902 -7.017481044578009
21794447.537529834 -7.111200441442016
22956319.242369097 -7.212382103390277
24180130.84525718 -7.32135753258233
25469184.3897454 -7.438422832320195
26826957.95279722 -7.563828592684606
28257115.02920827 -7.697769222548539
29763514.41631313 -7.840372010628497
31350220.62565112 -7.991686271467749
33021514.849681754 -8.151672999689993
34781906.51314127 -8.320195510716275
36636145.44020716 -8.49701158107629
38589234.67029899 -8.681767609364847
40646443.95709628 -8.873995293788093
42813323.98719387 -9.073111260167156
45095721.35676145 -9.278419974228084
47499794.346614026 -9.489120136605973
50032029.53825999 -9.704314594723428
52699259.31575657 -9.923023622741816
55508680.300597996 -10.144201232254584
58467872.7693759 -10.366753997192726
61584821.10660254 -10.589561721654544
64867935.34788508 -10.811499162722448
68326073.87157391 -11.031457952390774
71968567.30011514 -11.248367849803104
75805243.67559262 -11.461216498285152
79846454.97739078 -11.669066957131967
84103105.05352604 -11.871072417001393
88586679.04100814 -12.066487677619977
93309274.35461664 -12.254677152674113
98283633.32770011 -12.435119354029336
103523177.59307377 -12.60740798168766
109042044.29677527 -12.77124989552166
114855124.24239345 -12.926460361570921
120978102.06889038 -13.072956045190088
127427498.57031322 -13.210746265003756
134220715.2716012 -13.339923028156733
141376081.38073614 -13.460650343910176
148912903.24394056 -13.573153265995458
156851516.43735445 -13.677707051529788
165213340.63573685 -13.774626752978902
174020937.40624848 -13.86425748575676
183298071.08324376 -13.946965542850208
193069772.88832456 -14.023130462919877
203362408.46866703 -14.093138102203476
214203749.0358383 -14.157374714294413
225623046.2970626 -14.216222005799775
237651111.38110778 -14.270053109365223
250320397.97173202 -14.319229397761575
263665089.87303555 -14.364098052183598
277721193.2429355 -14.404990293383824
292526633.74366355 -14.442220184372987
308121358.87140083 -14.476083916989326
324547445.74113256 -14.506859500412224
341849214.6175927 -14.534806777047988
360073348.49856204 -14.560167699293833
379269019.0732238 -14.5831668089368
399488019.39541787 -14.604011869005578
420784903.6297398 -14.622894605531329
443217134.24760854 -14.639991523818697
466845237.07037944 -14.65546476988212
491732964.5779006 -14.669463013634003
517947467.9231202 -14.682122334758109
545559478.1168514 -14.693567097099143
574643496.8715974 -14.703910799907522
605277997.6193355 -14.713256898201765
637545637.2456493 -14.721699586152784
671533479.1115135 -14.72932454001938
707333227.9644439 -14.736209617667784
745041477.3728887 -14.742425514723926
784759970.3514622 -14.748036376389761
826595873.8801795 -14.753100365861007
870662068.0585117 -14.7576701911183
917077450.674293 -14.761793591068653
965967258.0093802 -14.765513783040623
1017463402.7476043 -14.768869874255142
1071704829.8967092 -14.771897238796399
1128837891.6846883 -14.7746278628824
1189016742.44199 -14.777090660026635
1252403754.5350692 -14.779311758870984
1319169956.473569 -14.78131476525975
1389495494.373136 -14.783121001125512
1463570118.0190797 -14.784749721010066
1541593692.8422735 -14.78621830945104
1623776739.1887176 -14.787542460443255
1710341000.337838 -14.788736338509006
1801520040.802024 -14.789812727626025
1897559876.5218503 -14.790783162704269
1998719638.6572526 -14.791658051316915
2105272272.7657027 -14.792446783789044
2217505275.2539296 -14.793157828633799
2335721469.0901213 -14.793798827313605
2460239820.8697777 -14.794376670416323
2591396301.439652 -14.794897572820467
2729544792.402002 -14.795367138911939
2875058040.944877 -14.795790422002895
3028328665.5749454 -14.79617198184392
3189770215.466325 -14.796515926211114
3359818286.2837744 -14.796825960845599
3538931695.4909844 -14.797105426955317
3727593720.314938 -14.797357336500683
3926313401.7068396 -14.797584406540343
4135626917.8176975 -14.79778908310113
4356099030.694599 -14.797973573653033
4588324610.100841 -14.79813987076314
4832930238.571753 -14.798289765260215
5090575902.036687 -14.798424876448488
5361956770.568806 -14.798546660087212
5647805074.067546 -14.79865643158755
5948892077.934331 -14.7987553753312
6266030164.072656 -14.798844559999779
6600075022.827075 -14.798924944001698
6951927961.775591 -14.798997402014821
7322538337.6045265 -14.799062710252205
7712906117.627993 -14.799121574344456
8124084577.862974 -14.799174636854913
8557183144.939984 -14.799222465171816
9013370389.51742 -14.799265565638011
9493877179.27582 -14.799304422697547
10000000000.0 -14.799339440616503
10.0 16.937710033148207
10.53310445370937 16.488965509907402
11.094628943275218 16.040480338808806
11.686088553466515 15.592282557080289
12.309079138896024 15.144403195083578
12.965281629896682 14.696876574175029
13.65646656794611 14.249740658857032
14.38449888287663 13.803037417954416
15.15134292476053 13.356813231638638
15.95906776404731 12.911119336917613
16.80985277425364 12.466012306454102
17.70599351226899 12.021554571143788
18.64990791214297 11.577814988553492
19.644142809066278 11.134869455747157
20.6913808111479 10.692801567342618
21.794447537529855 10.251703327403662
22.956319242369098 9.811675903850096
24.180130845257207 9.372830434822555
25.4691843897454 8.935288883020338
26.826957952797258 8.499184928272895
28.257115029208283 8.064664906534736
29.76351441631318 7.631888769669153
31.350220625651154 7.201031079830777
33.02151484968176 6.772282003821713
34.7819065131413 6.345848302057092
36.63614544020716 5.921954294977598
38.58923467029903 5.500842769640948
40.646443957096295 5.082775811399857
42.81332398719393 4.668035512846864
45.095721356761466 4.256924528267817
47.499794346614124 3.84976642079131
50.03202953826004 3.446905753063412
52.699259315756564 3.0487078706691015
55.50868030059805 2.6555583052636864
58.467872769375894 2.2678617526636002
61.58482110660264 1.8860405567334064
64.86793534788511 1.5105326401873427
68.32607387157402 1.1417888479196234
71.96856730011521 0.7802696514911012
75.8052436755926 0.42644121202200624
79.84645497739086 0.08077079522606637
84.10310505352605 -0.2562784244785645
88.58667904100822 -0.5842531046722723
93.30927435461668 -0.9027159266629613
98.28363332770026 -1.211252108738004
103.52317759307378 -1.5094760606907685
109.04204429677526 -1.7970380077025896
114.8551242423938 -2.073630345426258
120.97810206889012 -2.338993514546214
127.42749857031335 -2.5929211645418566
134.2207152716012 -2.8352643978028795
141.37608138073614 -3.0659349142552905
148.91290324394086 -3.2849069203264705
156.85151643735477 -3.4922177157897094
165.213340635737 -3.687966935769108
174.0209374062485 -3.8723144760382864
183.29807108324357 -4.045477203187095
193.06977288832496 -4.207724588610219
203.36240846866724 -4.359373452875103
214.2037490358383 -4.500782032335762
225.62304629706352 -4.6323435963142785
237.65111138110728 -4.754479837241476
250.32039797173255 -4.867634249994302
263.6650898730358 -4.972265689471919
277.7211932429355 -5.068842268258246
292.5266337436645 -5.157835721869909
308.1213588714002 -5.239716334714268
324.54744574113323 -5.314948484990801
341.84921461759274 -5.383986836361449
360.073348498562 -5.447273176924949
379.26901907322497 -5.505233887742291
399.48801939541704 -5.558277997818587
420.78490362974026 -5.6067957810994375
443.21713424760856 -5.651157835229475
466.84523707037897 -5.6917145809654235
491.73296457790156 -5.728796121712093
517.9474679231213 -5.762712400824011
545.5594781168514 -5.793753599953133
574.6434968715973 -5.8221907257788486
605.2779976193349 -5.848276335935346
637.5456372456507 -5.872245361471885
671.5334791115142 -5.894315988405698
707.3332279644438 -5.914690564808387
745.0414773728917 -5.933556505551863
784.7599703514607 -5.951087170815137
826.5958738801812 -5.967442698434136
870.6620680585127 -5.982770774036908
917.0774506742931 -5.9972073261261825
965.9672580093833 -6.010877137450636
1017.4634027476063 -6.023894366246724
1071.7048298967104 -6.036362976058789
1128.8378916846884 -6.048377075148035
1189.01674244199 -6.060021171551423
1252.4037545350732 -6.071370353845195
1319.1699564735716 -6.082490411383446
1389.4954943731375 -6.093437913307191
1463.5701180190797 -6.1042602681431735
1541.5936928422718 -6.114995790328929
1623.776739188721 -6.125673801315878
1710.3410003378397 -6.1363147938648535
1801.520040802024 -6.1469306868927465
1897.5598765218504 -6.157525194684671
1998.7196386572507 -6.16809432855155
2105.272272765707 -6.178627041197002
2217.505275253932 -6.189106014603451
2335.7214690901214 -6.199508581522053
2460.239820869775 -6.20980776017646
2591.3963014396572 -6.219973372114871
2729.5447924020073 -6.229973205491222
2875.0580409448803 -6.239774180843857
3028.3286655749457 -6.249343475410031
3189.7702154663216 -6.2586495634296195
3359.818286283781 -6.2676631354854395
3538.9316954909877 -6.276357867739019
3727.593720314938 -6.284711021478657
3926.3134017068355 -6.292703864194515
4135.626917817706 -6.300321913173709
4356.099030694608 -6.307555012088184
4588.324610100844 -6.314397258188638
4832.930238571752 -6.320846802960622
5090.575902036681 -6.326905552042524
5361.956770568817 -6.332578791149696
5647.805074067552 -6.337874763757289
5948.892077934331 -6.3428042240414175
6266.030164072656 -6.347379985422341
6600.075022827095 -6.351616481274366
6951.927961775606 -6.355529350575269
7322.538337604534 -6.35913505760972
7712.906117627992 -6.362450551464393
8124.0845778629655 -6.365492968246346
8557.183144940002 -6.368279376628511
9013.37038951743 -6.370826565508224
9493.87717927582 -6.373150871324038
10000.0 -6.3752680416450405
10533.104453709382 -6.377193131191527
11094.628943275218 -6.378940426198625
11686.088553466498 -6.3805233930651815
12309.079138896019 -6.381954647349079
12965.281629896688 -6.383245939493271
13656.466567946096 -6.384408153943174
14384.498882876629 -6.385451318721459
15151.342924760515 -6.38638462285395
15959.06776404731 -6.387216439435103
16809.852774253653 -6.3879543524260125
17705.99351226898 -6.3886051856001576
18649.907912142942 -6.389175032308976
19644.142809066267 -6.3896692849952945
20691.3808111479 -6.3900926635572075
21794.447537529835 -6.390449241870852
22956.319242369096 -6.390742471900993
24180.13084525718 -6.390975204948729
25469.184389745402 -6.391149709697197
26826.957952797275 -6.391267686769135
28257.115029208268 -6.39133027959645
29763.51441631313 -6.391338081431065
31350.220625651124 -6.391291138373441
33021.51484968176 -6.391188948323356
34781.90651314134 -6.391030455789367
36636.14544020716 -6.3908140425047915
38589.23467029899 -6.39053751383548
40646.44395709628 -6.390198080985963
42813.32398719396 -6.3897923390375
45095.721356761445 -6.389316240898506
47499.79434661403 -6.388765067299409
50032.029538259994 -6.388133393022008
52699.259315756564 -6.387415049644379
55508.680300598106 -6.3866030851816475
58467.87276937589 -6.38568972114216
61584.82110660255 -6.384666307667902
64867.935347885075 -6.3835232776395925
68326.07387157406 -6.3822501008517065
71968.56730011514 -6.380835239653163
75805.24367559262 -6.3792661077734145
79846.45497739078 -6.377529034438586
84103.10505352604 -6.375609236312849
88586.67904100832 -6.373490800281889
93309.27435461663 -6.371156680622439
98283.63332770011 -6.368588714654346
103523.17759307378 -6.365767661540833
109042.04429677526 -6.362673269454432
114855.12424239368 -6.359284376816129
120978.10206889013 -6.355579053703817
127427.49857031321 -6.351534789732569
134220.7152716012 -6.3471287346586
141376.08138073614 -6.342337997563301
148912.90324394088 -6.337140009604619
156851.5164373548 -6.33151295390494
165213.34063573685 -6.325436264046957
174020.9374062485 -6.3188911897997935
183298.07108324338 -6.311861425063871
193069.77288832495 -6.304333788601665
203362.40846866704 -6.2962989430428316
214203.74903583832 -6.287752132101991
225623.04629706353 -6.278693910276503
237651.11138110727 -6.269130833959116
250320.39797173254 -6.259076078466976
263665.08987303555 -6.248549942629764
277721.1932429355 -6.237580201925254
292526.6337436642 -6.22620227331711
308121.35887140024 -6.214459160321484
324547.44574113254 -6.202401155536633
341849.21461759275 -6.190085289665531
360073.348498562 -6.177574530275361
379269.0190732246 -6.164936749112738
399488.019395417 -6.152243492344633
420784.9036297398 -6.1395686020985565
443217.13424760854 -6.126986748628313
466845.2370703785 -6.114571939115978
491732.9645779016 -6.102396070751135
517947.46792312124 -6.090527592101962
545559.4781168514 -6.079030328323566
574643.4968715974 -6.067962513379345
605277.9976193343 -6.057376057530545
637545.6372456506 -6.047316062413341
671533.4791115135 -6.037820580578251
707333.2279644439 -6.028920602712359
745041.4773728917 -6.020640244851309
784759.9703514606 -6.012997100256674
826595.8738801812 -6.006002716420839
870662.0680585118 -5.999663156675867
917077.4506742931 -5.993979607661756
965967.2580093823 -5.988948997872424
1017463.4027476063 -5.984564598000399
1071704.8298967092 -5.9808165802335855
1128837.8916846884 -5.97769252048939
1189016.74244199 -5.975177834367821
1252403.7545350718 -5.973256144036508
1319169.9564735717 -5.97190957907854
1389495.494373136 -5.9711190193600565
1463570.1180190798 -5.970864292063166
1541593.6928422702 -5.971124338069689
1623776.739188721 -5.971877364764408
1710341.0003378377 -5.973101002982604
1801520.0408020238 -5.9747724852002655
1897559.8765218505 -5.976868860175863
1998719.6386572486 -5.979367256190181
2105272.272765707 -5.982245200983463
2217505.2752539297 -5.985481001762544
2335721.4690901213 -5.989054183627374
2460239.8208697727 -5.99294597991098
2591396.3014396573 -5.9971398637025075
2729544.792402007 -6.001622106658568
2875058.040944877 -6.006382349423424
3028328.6655749455 -6.011414167740612
3189770.215466318 -6.016715619641876
3359818.286283781 -6.022289761757183
3538931.6954909842 -6.028145126473366
3727593.720314938 -6.034296155958172
3926313.4017068394 -6.040763593501833
4135626.917817706 -6.0475748367865245
4356099.030694608 -6.054764261225523
4588324.61010084 -6.062373524178954
4832930.238571752 -6.070451862530306
5090575.902036676 -6.079056396787443
5361956.770568817 -6.088252454626019
5647805.074067546 -6.098113925757961
5948892.077934331 -6.108723658337193
6266030.164072656 -6.12017390496879
6600075.022827089 -6.132566823896663
6951927.961775606 -6.1460150382086685
7322538.337604526 -6.160642252971645
7712906.117627992 -6.176583927105483
8124084.5778629575 -6.19398799350261
8557183.144940002 -6.213015617342908
9013370.38951742 -6.233841978668736
9493877.17927582 -6.2566570609854715
10000000.0 -6.281666422851582
10533104.45370936 -6.30909192404324
11094628.943275219 -6.339172371869356
11686088.553466497 -6.37216404655528
12309079.138896018 -6.4083410573479025
12965281.629896663 -6.447995473228529
13656466.567946097 -6.491437164055217
14384498.882876629 -6.538993279914875
15151342.924760515 -6.591007288902357
15959067.76404731 -6.6478374870831
16809852.774253618 -6.709854889834811
17705993.51226898 -6.77744041208757
18649907.912142944 -6.85098124734756
19644142.809066266 -6.930866363096677
20691380.811147902 -7.017481044578009
21794447.537529834 -7.111200441442016
22956319.242369097 -7.212382103390277
24180130.84525718 -7.32135753258233
25469184.3897454 -7.438422832320195
26826957.95279722 -7.563828592684606
28257115.02920827 -7.697769222548539
29763514.41631313 -7.840372010628497
31350220.62565112 -7.991686271467749
33021514.849681754 -8.151672999689993
34781906.51314127 -8.320195510716275
36636145.44020716 -8.49701158107629
38589234.67029899 -8.681767609364847
40646443.95709628 -8.873995293788093
42813323.98719387 -9.073111260167156
45095721.35676145 -9.278419974228084
47499794.346614026 -9.489120136605973
50032029.53825999 -9.704314594723428
52699259.31575657 -9.923023622741816
55508680.300597996 -10.144201232254584
58467872.7693759 -10.366753997192726
61584821.10660254 -10.589561721654544
64867935.34788508 -10.811499162722448
68326073.87157391 -11.031457952390774
71968567.30011514 -11.248367849803104
75805243.67559262 -11.461216498285152
79846454.97739078 -11.669066957131967
84103105.05352604 -11.871072417001393
88586679.04100814 -12.066487677619977
93309274.35461664 -12.254677152674113
98283633.32770011 -12.435119354029336
103523177.59307377 -12.60740798168766
109042044.29677527 -12.77124989552166
114855124.24239345 -12.926460361570921
120978102.06889038 -13.072956045190088
127427498.57031322 -13.210746265003756
134220715.2716012 -13.339923028156733
141376081.38073614 -13.460650343910176
148912903.24394056 -13.573153265995458
156851516.43735445 -13.677707051529788
165213340.63573685 -13.774626752978902
174020937.40624848 -13.86425748575676
183298071.08324376 -13.946965542850208
193069772.88832456 -14.023130462919877
203362408.46866703 -14.093138102203476
214203749.0358383 -14.157374714294413
225623046.2970626 -14.216222005799775
237651111.38110778 -14.270053109365223
250320397.97173202 -14.319229397761575
263665089.87303555 -14.364098052183598
277721193.2429355 -14.404990293383824
292526633.74366355 -14.442220184372987
308121358.87140083 -14.476083916989326
324547445.74113256 -14.506859500412224
341849214.6175927 -14.534806777047988
360073348.49856204 -14.560167699293833
379269019.0732238 -14.5831668089368
399488019.39541787 -14.604011869005578
420784903.6297398 -14.622894605531329
443217134.24760854 -14.639991523818697
466845237.07037944 -14.65546476988212
491732964.5779006 -14.669463013634003
517947467.9231202 -14.682122334758109
545559478.1168514 -14.693567097099143
574643496.8715974 -14.703910799907522
605277997.6193355 -14.713256898201765
637545637.2456493 -14.721699586152784
671533479.1115135 -14.72932454001938
707333227.9644439 -14.736209617667784
745041477.3728887 -14.742425514723926
784759970.3514622 -14.748036376389761
826595873.8801795 -14.753100365861007
870662068.0585117 -14.7576701911183
917077450.674293 -14.761793591068653
965967258.0093802 -14.765513783040623
1017463402.7476043 -14.768869874255142
1071704829.8967092 -14.771897238796399
1128837891.6846883 -14.7746278628824
1189016742.44199 -14.777090660026635
1252403754.5350692 -14.779311758870984
1319169956.473569 -14.78131476525975
1389495494.373136 -14.783121001125512
1463570118.0190797 -14.784749721010066
1541593692.8422735 -14.78621830945104
1623776739.1887176 -14.787542460443255
1710341000.337838 -14.788736338509006
1801520040.802024 -14.789812727626025
1897559876.5218503 -14.790783162704269
1998719638.6572526 -14.791658051316915
2105272272.7657027 -14.792446783789044
2217505275.2539296 -14.793157828633799
2335721469.0901213 -14.793798827313605
2460239820.8697777 -14.794376670416323
2591396301.439652 -14.794897572820467
2729544792.402002 -14.795367138911939
2875058040.944877 -14.795790422002895
3028328665.5749454 -14.79617198184392
3189770215.466325 -14.796515926211114
3359818286.2837744 -14.796825960845599
3538931695.4909844 -14.797105426955317
3727593720.314938 -14.797357336500683
3926313401.7068396 -14.797584406540343
4135626917.8176975 -14.79778908310113
4356099030.694599 -14.797973573653033
4588324610.100841 -14.79813987076314
4832930238.571753 -14.798289765260215
5090575902.036687 -14.798424876448488
5361956770.568806 -14.798546660087212
5647805074.067546 -14.79865643158755
5948892077.934331 -14.7987553753312
6266030164.072656 -14.798844559999779
6600075022.827075 -14.798924944001698
6951927961.775591 -14.798997402014821
7322538337.6045265 -14.799062710252205
7712906117.627993 -14.799121574344456
8124084577.862974 -14.799174636854913
8557183144.939984 -14.799222465171816
9013370389.51742 -14.799265565638011
9493877179.27582 -14.799304422697547
10000000000.0 -14.799339440616503
10.0 -0.6238041131940324
10.53310445370937 -0.6566193490010351
11.094628943275218 -0.6892162535354653
11.686088553466515 -0.7214318455690252
12.309079138896024 -0.7531125060471755
12.965281629896682 -0.7841170022090387
13.65646656794611 -0.8143190144758876
14.38449888287663 -0.8436090879308824
15.15134292476053 -0.8718959681638285
15.95906776404731 -0.8991073186733771
16.80985277425364 -0.9251898507112527
17.70599351226899 -0.9501089239839025
18.64990791214297 -0.973847696578972
19.644142809066278 -0.9964059143629801
20.6913808111479 -1.0177984343038917
21.794447537529855 -1.0380535737760546
22.956319242369098 -1.0572113703269301
24.180130845257207 -1.075321825254371
25.4691843897454 -1.0924431912439843
26.826957952797258 -1.1086403505867852
28.257115029208283 -1.1239833172916738
29.76351441631318 -1.1385458845145964
31.350220625651154 -1.1524044286339523
33.02151484968176 -1.1656368733228881
34.7819065131413 -1.1783218110872302
36.63614544020716 -1.190537775899835
38.58923467029903 -1.2023626585179923
40.646443957096295 -1.2138732555477485
42.81332398719393 -1.2251449439754694
45.095721356761466 -1.2362514743761785
47.499794346614124 -1.2472648779420275
50.03202953826004 -1.2582554845263252
52.699259315756564 -1.2692920506822123
55.50868030059805 -1.2804419979221198
58.467872769375894 -1.2917717618727864
61.58482110660264 -1.3033472524799594
64.86793534788511 -1.315234423900339
68.32607387157402 -1.327499950232796
71.96856730011521 -1.340212000009347
75.8052436755926 -1.3534410986709757
79.84645497739086 -1.3672610644523573
84.10310505352605 -1.3817499996180203
88.58667904100822 -1.3969913161528793
93.30927435461668 -1.4130747730936943
98.28363332770026 -1.4300975017987396
103.52317759307378 -1.448164995537352
109.04204429677526 -1.4673920406228587
114.8551242423938 -1.4879035675494627
120.97810206889012 -1.509835401812845
127.42749857031335 -1.5333348948465122
134.2207152716012 -1.5585614154442415
141.37608138073614 -1.5856866809127363
148.91290324394086 -1.6148949049666013
156.85151643735477 -1.6463827361735264
165.213340635737 -1.6803589569206285
174.0209374062485 -1.7170439089490417
183.29807108324357 -1.7566686081463296
193.06977288832496 -1.7994735093066163
203.36240846866724 -1.8457068818008073
214.2037490358383 -1.8956227604136382
225.62304629706352 -1.9494784428063328
237.65111138110728 -2.0075315168616257
250.32039797173255 -2.070036418059425
263.6650898730358 -2.1372405392596665
277.7211932429355 -2.209379942672167
292.5266337436645 -2.286674755738181
308.1213588714002 -2.3693243679073013
324.54744574113323 -2.4575025819840612
341.84921461759274 -2.551352909302068
360.073348498562 -2.6509842293005983
379.26901907322497 -2.756467057570342
399.48801939541704 -2.8678306783883167
420.78490362974026 -2.985061394688052
443.21713424760856 -3.1081021275843264
466.84523707037897 -3.2368535573596318
491.73296457790156 -3.371176938255516
517.9474679231213 -3.5108986423589537
545.5594781168514 -3.655816397158083
574.6434968715973 -3.805707082594097
605.2779976193349 -3.9603358536492292
637.5456372456507 -4.119466261444603
671.5334791115142 -4.282870967201767
707.3332279644438 -4.450342586165773
745.0414773728917 -4.62170416801562
784.7599703514607 -4.796818819598503
826.5958738801812 -4.975598005707906
870.6620680585127 -5.158008122289672
917.0774506742931 -5.344075019791563
965.9672580093833 -5.5338862564951175
1017.4634027476063 -5.727590975518457
1071.7048298967104 -5.925397417260517
1128.8378916846884 -6.127568194079909
1189.01674244199 -6.334413559446064
1252.4037545350732 -6.546282994269108
1319.1699564735716 -6.763555504548125
1389.4954943731375 -6.986629074120964
1463.5701180190797 -7.21590974266931
1541.5936928422718 -7.451800781833617
1623.776739188721 -7.694692421936296
1710.3410003378397 -7.944952539930206
1801.520040802024 -8.202918658205014
1897.5598765218504 -8.468891527163265
1998.7196386572507 -8.74313047619909
2105.272272765707 -9.025850622886045
2217.505275253932 -9.317221934275267
2335.7214690901214 -9.617370042943627
2460.239820869775 -9.926378639225128
2591.3963014396572 -10.244293194641646
2729.5447924020073 -10.571125723465265
2875.0580409448803 -10.90686026165844
3028.3286655749457 -11.251458735531454
3189.7702154663216 -11.6048669050259
3359.818286283781 -11.967020095762525
3538.9316954909877 -12.337848475881373
3727.593720314938 -12.717281683506073
3926.3134017068355 -13.105252663416621
4135.626917817706 -13.501700622522447
4356.099030694608 -13.906573059091098
4588.324610100844 -14.319826857630698
4832.930238571752 -14.741428468466449
5090.575902036681 -15.171353208438012
5361.956770568817 -15.609583728145395
5647.805074067552 -16.056107694206492
5948.892077934331 -16.510914735117595
6266.030164072656 -16.9739926997902
6600.075022827095 -17.44532328169262
6951.927961775606 -17.924877071086968
7322.538337604534 -18.41260811452294
7712.906117627992 -18.908448084753697
8124.0845778629655 -19.412300194570555
8557.183144940002 -19.92403302254758
9013.37038951743 -20.443474454157776
9493.87717927582 -20.970405974231156
10000.0 -21.504557572022314
10533.104453709382 -22.045603533963902
11094.628943275218 -22.593159397870775
11686.088553466498 -23.146780323213797
12309.079138896019 -23.70596109385925
12965.281629896688 -24.27013791279701
13656.466567946096 -24.838692075101335
14384.498882876629 -25.410955519642656
15151.342924760515 -25.986218167324807
15959.06776404731 -26.563736860213464
16809.852774253653 -27.14274562866652
17705.99351226898 -27.72246693901429
18649.907912142942 -28.30212351821064
19644.142809066267 -28.880950318556486
20691.3808111479 -29.458206177731157
21794.447537529835 -30.033184747600696
22956.319242369096 -30.605224308256652
24180.13084525718 -31.173716148186394
25469.184389745402 -31.738111272502984
26826.957952797275 -32.29792529271989
28257.115029208268 -32.852741446947384
29763.51441631313 -33.40221179194772
31350.220625651124 -33.94605669208744
33021.51484968176 -34.48406279991418
34781.90651314134 -35.01607977531107
36636.14544020716 -35.54201602311635
38589.23467029899 -36.06183374253387
40646.44395709628 -36.57554357687077
42813.32398719396 -37.08319913149702
45095.721356761445 -37.58489159461766
47499.79434661403 -38.08074465295356
50032.029538259994 -38.57090984631591
52699.259315756564 -39.0555624546402
55508.680300598106 -39.53489796128308
58467.87276937589 -40.00912908982248
61584.82110660255 -40.47848337040592
64867.935347885075 -40.94320115760465
68326.07387157406 -41.40353399626041
71968.56730011514 -41.85974321604668
75805.24367559262 -42.312098630158836
79846.45497739078 -42.760877218954924
84103.10505352604 -43.20636169506744
88586.67904100832 -43.64883887141065
93309.27435461663 -44.088597785557575
98283.63332770011 -44.525927570494794
103523.17759307378 -44.9611150992985
109042.04429677526 -45.394442466199614
114855.12424239368 -45.82618439516676
120978.10206889013 -46.25660568654551
127427.49857031321 -46.685958820389935
134220.7152716012 -47.114481831160404
141376.08138073614 -47.542396553091834
148912.90324394088 -47.969907310710376
156851.5164373548 -48.397200097697805
165213.34063573685 -48.8244422531328
174020.9374062485 -49.251782610767904
183298.07108324338 -49.67935206777678
193069.77288832495 -50.107264496911654
203362.40846866704 -50.53561791187735
214203.74903583832 -50.964495790582006
225623.04629706353 -51.39396846427836
237651.11138110727 -51.82409449126472
250320.39797173254 -52.254921949859
263665.08987303555 -52.68648960459287
277721.1932429355 -53.11882791971746
292526.6337436642 -53.55195991308271
308121.35887140024 -53.98590185954744
324547.44574113254 -54.42066386515958
341849.21461759275 -54.85625034082424
360073.348498562 -55.292660407122575
379269.0190732246 -55.72988826085701
399488.019395417 -56.16792352967017
420784.9036297398 -56.606751634813115
443217.13424760854 -57.04635417490901
466845.2370703785 -57.48670933639767
491732.9645779016 -57.927792329979575
517947.46792312124 -58.36957584738883
545559.4781168514 -58.81203052938248
574643.4968715974 -59.25512543401075
605277.9976193343 -59.69882849382251
637545.6372456506 -60.1431069513907
671533.4791115135 -60.587927764102986
707333.2279644439 -61.0332579711772
745041.4773728917 -61.47906501811531
784759.9703514606 -61.92531703597307
826595.8738801812 -62.37198307482138
870662.0680585118 -62.819033292449944
917077.4506742931 -63.266439100675726
965967.2580093823 -63.71417327259338
1017463.4027476063 -64.16221001471116
1071704.8298967092 -64.61052500825247
1128837.8916846884 -65.05909542399634
1189016.74244199 -65.507899914915
1252403.7545350718 -65.95691859064017
1319169.9564735717 -66.40613297746438
1389495.494373136 -66.85552596719543
1463570.1180190798 -67.30508175777626
1541593.6928422702 -67.75478578818957
1623776.739188721 -68.20462466977162
1710341.0003378377 -68.65458611568593
1801520.0408020238 -69.10465887000973
1897559.8765218505 -69.55483263755963
1998719.6386572486 -70.0050980153595
2105272.272765707 -70.45544642641447
2217505.2752539297 -70.90587005628188
2335721.4690901213 -71.35636179277846
2460239.8208697727 -71.80691516902249
2591396.3014396573 -72.25752430993566
2729544.792402007 -72.70818388222074
2875058.040944877 -73.15888904778294
3028328.6655749455 -73.60963542052235
3189770.215466318 -74.06041902636721
3359818.286283781 -74.5112362664186
3538931.6954909842 -74.96208388304252
3727593.720314938 -75.41295892873984
3926313.4017068394 -75.86385873762882
4135626.917817706 -76.31478089935325
4356099.030694608 -76.76572323526293
4588324.61010084 -77.21668377668094
4832930.238571752 -77.66766074511169
5090575.902036676 -78.11865253423069
5361956.770568817 -78.56965769350901
5647805.074067546 -79.02067491334306
5948892.077934331 -79.47170301156044
6266030.164072656 -79.92274092117292
6600075.022827089 -80.37378767928897
6951927.961775606 -80.82484241705897
7322538.337604526 -81.27590435057628
7712906.117627992 -81.72697277264328
8124084.5778629575 -82.17804704532092
8557183.144940002 -82.62912659319085
9013370.38951742 -83.08021089726773
9493877.17927582 -83.53129948949304
10000000.0 -83.98239194776282
10533104.45370936 -84.43348789143556
11094628.943275219 -84.88458697727806
11686088.553466497 -85.33568889579857
12309079.138896018 -85.78679336794296
12965281.629896663 -86.23790014210908
13656466.567946097 -86.68900899145584
14384498.882876629 -87.14011971146674
15151342.924760515 -87.59123211776404
15959067.76404731 -88.04234604412329
16809852.774253618 -88.49346134069444
17705993.51226898 -88.94457787238764
18649907.912142944 -89.39569551742282
19644142.809066266 -89.84681416602058
20691380.811147902 -90.29793371921967
21794447.537529834 -90.74905408781346
22956319.242369097 -91.20017519138749
24180130.84525718 -91.65129695745495
25469184.3897454 -92.10241932067647
26826957.95279722 -92.55354222215306
28257115.02920827 -93.0046656087944
29763514.41631313 -93.45578943274587
31350220.62565112 -93.9069136508703
33021514.849681754 -94.35803822428673
34781906.51314127 -94.80916311794672
36636145.44020716 -95.2602883002601
38589234.67029899 -95.71141374275206
40646443.95709628 -96.16253941975528
42813323.98719387 -96.61366530813655
45095721.35676145 -97.0647913870419
47499794.346614026 -97.51591763767591
50032029.53825999 -97.96704404309662
52699259.31575657 -98.41817058803484
55508680.300597996 -98.86929725872454
58467872.7693759 -99.32042404276076
61584821.10660254 -99.77155092896103
64867935.34788508 -100.22267790724518
68326073.87157391 -100.67380496852974
71968567.30011514 -101.12493210462476
75805243.67559262 -101.57605930815055
79846454.97739078 -102.02718657245359
84103105.05352604 -102.47831389153774
88586679.04100814 -102.92944125999918
93309274.35461664 -103.3805686729656
98283633.32770011 -103.8316961260463
103523177.59307377 -104.28282361528268
109042044.29677527 -104.73395113710902
114855124.24239345 -105.18507868830922
120978102.06889038 -105.63620626598521
127427498.57031322 -106.08733386752502
134220715.2716012 -106.53846149057416
141376081.38073614 -106.98958913301053
148912903.24394056 -107.44071679292078
156851516.43735445 -107.89184446858155
165213340.63573685 -108.34297215843891
174020937.40624848 -108.79409986109182
183298071.08324376 -109.24522757527814
193069772.88832456 -109.69635529985959
203362408.46866703 -110.14748303381104
214203749.0358383 -110.59861077620754
225623046.2970626 -111.04973852621609
237651111.38110778 -111.50086628308551
250320397.97173202 -111.95199404613962
263665089.87303555 -112.40312181476722
277721193.2429355 -112.85424958841904
292526633.74366355 -113.30537736659933
308121358.87140083 -113.7565051488607
324547445.74113256 -114.20763293480161
341849214.6175927 -114.65876072405813
360073348.49856204 -115.10988851630336
379269019.0732238 -115.56101631124196
399488019.39541787 -116.01214410860916
420784903.6297398 -116.46327190816476
443217134.24760854 -116.91439970969311
466845237.07037944 -117.36552751299918
491732964.5779006 -117.81665531790799
517947467.9231202 -118.26778312426099
545559478.1168514 -118.71891093191608
574643496.8715974 -119.17003874074481
605277997.6193355 -119.62116655063113
637545637.2456493 -120.07229436147043
671533479.1115135 -120.52342217316922
707333227.9644439 -120.97454998564288
745041477.3728887 -121.42567779881452
784759970.3514622 -121.87680561261503
826595873.8801795 -122.32793342698271
870662068.0585117 -122.779061241862
917077450.674293 -123.23018905720183
965967258.0093802 -123.6813168729563
1017463402.7476043 -124.1324446890861
1071704829.8967092 -124.58357250555221
1128837891.6846883 -125.03470032232366
1189016742.44199 -125.48582813936859
1252403754.5350692 -125.93695595666033
1319169956.473569 -126.38808377417534
1389495494.373136 -126.83921159189049
1463570118.0190797 -127.29033940978684
1541593692.8422735 -127.74146722784576
1623776739.1887176 -128.19259504605253
1710341000.337838 -128.64372286439098
1801520040.802024 -129.0948506828492
1897559876.5218503 -129.54597850141442
1998719638.6572526 -129.9971063200773
2105272272.7657027 -130.44823413882776
2217505275.2539296 -130.89936195765677
2335721469.0901213 -131.35048977655646
2460239820.8697777 -131.8016175955206
2591396301.439652 -132.25274541454297
2729544792.402002 -132.70387323361626
2875058040.944877 -133.15500105273668
3028328665.5749454 -133.60612887189956
3189770215.466325 -134.05725669110072
3359818286.2837744 -134.5083845103357
3538931695.4909844 -134.95951232960203
3727593720.314938 -135.41064014889642
3926313401.7068396 -135.86176796821564
4135626917.8176975 -136.31289578755718
4356099030.694599 -136.76402360691972
4588324610.100841 -137.21515142630042
4832930238.571753 -137.6662792456975
5090575902.036687 -138.11740706511011
5361956770.568806 -138.5685348845358
5647805074.067546 -139.01966270397347
5948892077.934331 -139.47079052342244
6266030164.072656 -139.92191834288118
6600075022.827075 -140.3730461623486
6951927961.775591 -140.8241739818245
7322538337.6045265 -141.2753018013072
7712906117.627993 -141.7264296207964
8124084577.862974 -142.17755744029174
8557183144.939984 -142.62868525979232
9013370389.51742 -143.07981307929754
9493877179.27582 -143.53094089880722
10000000000.0 -143.98206871832073
