10.0 7.462962707091626
10.53310445370937 7.463094242153414
11.094628943275218 7.46324020371979
11.686088553466515 7.463402123498372
12.309079138896024 7.463581745004948
12.965281629896682 7.463780996228336
13.65646656794611 7.464001998432921
14.38449888287663 7.464247199790304
15.15134292476053 7.4645191738788865
15.95906776404731 7.464820865917982
16.80985277425364 7.465155510306877
17.70599351226899 7.465526686502972
18.64990791214297 7.4659383975823115
19.644142809066278 7.466395025293754
20.6913808111479 7.466901462620987
21.794447537529855 7.467463170539379
22.956319242369098 7.468086075808983
24.180130845257207 7.46877687738924
25.4691843897454 7.469542917097804
26.826957952797258 7.470392340789668
28.257115029208283 7.471334141382493
29.76351441631318 7.47237834220061
31.350220625651154 7.473535990653389
33.02151484968176 7.474819279558522
34.7819065131413 7.47624173535092
36.63614544020716 7.4778182646144655
38.58923467029903 7.479565381649084
40.646443957096295 7.48150132066291
42.81332398719393 7.483646189059434
45.095721356761466 7.486022147677462
47.499794346614124 7.488653664242503
50.03202953826004 7.4915677054993415
52.699259315756564 7.494793925628402
55.50868030059805 7.498364967750809
58.467872769375894 7.502316689651955
61.58482110660264 7.506688455775324
64.86793534788511 7.511523434624935
68.32607387157402 7.5168688896701195
71.96856730011521 7.522776495924941
75.8052436755926 7.5293026926157
79.84645497739086 7.536508932500188
84.10310505352605 7.544462105450876
88.58667904100822 7.55323475091131
93.30927435461668 7.562905397211662
98.28363332770026 7.573558814088795
103.52317759307378 7.585286200936038
109.04204429677526 7.598185362089771
114.8551242423938 7.612360749613991
120.97810206889012 7.62792345889043
127.42749857031335 7.644991012971549
134.2207152716012 7.6636871212172935
141.37608138073614 7.6841411094868945
148.91290324394086 7.706487259058966
156.85151643735477 7.730863822982897
165.213340635737 7.757411825870845
174.0209374062485 7.786273542168251
183.29807108324357 7.817590643551582
193.06977288832496 7.851502121154622
203.36240846866724 7.888141731794791
214.2037490358383 7.927635360151518
225.62304629706352 7.9700979364805535
237.65111138110728 8.01563031460265
250.32039797173255 8.064316006963466
263.6650898730358 8.116217968710028
277.7211932429355 8.171375576618702
292.5266337436645 8.229801949960422
308.1213588714002 8.291481815861989
324.54744574113323 8.356370121279724
341.84921461759274 8.424391533746554
360.073348498562 8.495441038118415
379.26901907322497 8.569385726072337
399.48801939541704 8.646067842447785
420.78490362974026 8.725309117259322
443.21713424760856 8.80691628019093
466.84523707037897 8.890687634728794
491.73296457790156 8.976420441160336
517.9474679231213 9.063918851018213
545.5594781168514 9.153002028382994
574.6434968715973 9.24351213840096
605.2779976193349 9.335321814627852
637.5456372456507 9.428340778267593
671.5334791115142 9.522521343280593
707.3332279644438 9.617862534960658
745.0414773728917 9.714412693195605
784.7599703514607 9.812270437424159
826.5958738801812 9.911583980736118
870.6620680585127 10.0125488037602
917.0774506742931 10.115403777371078
965.9672580093833 10.220425818284903
1017.4634027476063 10.327923225018626
1071.7048298967104 10.438227826890662
1128.8378916846884 10.551686098140529
1189.01674244199 10.668649412089867
1252.4037545350732 10.789463598610965
1319.1699564735716 10.914458007052872
1389.4954943731375 11.043934291248112
1463.5701180190797 11.17815516996152
1541.5936928422718 11.317333438921121
1623.776739188721 11.461621567626388
1710.3410003378397 11.611102221935683
1801.520040802024 11.765780085996685
1897.5598765218504 11.925575356235822
1998.7196386572507 12.090319261097378
2105.272272765707 12.259751915997018
2217.505275253932 12.433522745598049
2335.7214690901214 12.61119362616798
2460.239820869775 12.79224476567433
2591.3963014396572 12.976083231137443
2729.5447924020073 13.162053897576776
2875.0580409448803 13.349452476261405
3028.3286655749457 13.53754017729539
3189.7702154663216 13.725559489205652
3359.818286283781 13.912750510732433
3538.9316954909877 14.098367256523265
3727.593720314938 14.281693380139037
3926.3134017068355 14.462056803108293
4135.626917817706 14.638842813605118
4356.099030694608 14.811505284330051
4588.324610100844 14.97957576477553
4832.930238571752 15.142670306105954
5090.575902036681 15.30049398374095
5361.956770568817 15.452843179750523
5647.805074067552 15.599605773675023
5948.892077934331 15.74075946178111
6266.030164072656 15.876368475055218
6600.075022827095 16.00657900127871
6951.927961775606 16.131613630446697
7322.538337604534 16.25176513531751
7712.906117627992 16.3673898829584
8124.0845778629655 16.478901136643394
8557.183144940002 16.586762468444668
9013.37038951743 16.691481452560804
9493.87717927582 16.793603762361
10000.0 16.893707743139693
10533.104453709382 16.992399487809468
11094.628943275218 17.09030840061637
11686.088553466498 17.18808320059849
12309.079138896019 17.286388286474114
12965.281629896688 17.385900365090755
13656.466567946096 17.487305231008058
14384.498882876629 17.59129457868514
15151.342924760515 17.69856272934146
15959.06776404731 17.809803162670775
16809.852774253653 17.925704757902913
17705.99351226898 18.04694767016219
18649.907912142942 18.17419879622385
19644.142809066267 18.30810681556607
20691.3808111479 18.449296830962197
21794.447537529835 18.59836467166759
22956.319242369096 18.755870963253965
24180.13084525718 18.922335105178828
25469.184389745402 19.098229331407655
26826.957952797275 19.283973052588465
28257.115029208268 19.479927693425466
29763.51441631313 19.686392238533593
31350.220625651124 19.903599687439197
33021.51484968176 20.13171459029924
34781.90651314134 20.37083179555828
36636.14544020716 20.620976489129315
38589.23467029899 20.882105546544842
40646.44395709628 21.154110159706466
42813.32398719396 21.436819642670905
45095.721356761445 21.730006270029047
47499.79434661403 22.03339096275849
50032.029538259994 22.34664960861423
52699.259315756564 22.669419792575162
55508.680300598106 23.001307712680827
58467.87276937589 23.341895070670194
61584.82110660255 23.690745748734415
64867.935347885075 24.047412114153115
68326.07387157406 24.411440826654342
71968.56730011514 24.782378058605836
75805.24367559262 25.15977407133012
79846.45497739078 25.54318712166261
84103.10505352604 25.93218669921405
88586.67904100832 26.326356115881623
93309.27435461663 26.725294485936143
98283.63332770011 27.12861814621072
103523.17759307378 27.535961572996005
109042.04429677526 27.94697785584885
114855.12424239368 28.361338788599998
120978.10206889013 28.778734635713555
127427.49857031321 29.19887362884271
134220.7152716012 29.621481243014433
141376.08138073614 30.04629929693965
148912.90324394088 30.473084915572137
156851.5164373548 30.901609388052748
165213.34063573685 31.331656948036528
174020.9374062485 31.763023498736217
183298.07108324338 32.19551530026183
193069.77288832495 32.628947632731375
203362.40846866704 33.06314344523736
214203.74903583832 33.497931997551134
225623.04629706353 33.93314749894211
237651.11138110727 34.368627746818845
250320.39797173254 34.80421276578105
263665.08987303555 35.239743447042464
277721.1932429355 35.67506018735662
292526.6337436642 36.11000152585261
308121.35887140024 36.544402778021755
324547.44574113254 36.97809466606362
341849.21461759275 37.41090194554391
360073.348498562 37.8426420302659
379269.0190732246 38.273123618453305
399488.019395417 38.70214532566647
420784.9036297398 39.129494332785114
443217.13424760854 39.55494506069014
466845.2370703785 39.97825788656323
491732.9645779016 40.39917792168608
517947.46792312124 40.81743387494878
545559.4781168514 41.23273703192713
574643.4968715974 41.6447803845477
605277.9976193343 42.05323795236915
637545.6372456506 42.45776434209287
671533.4791115135 42.857994596904014
707333.2279644439 43.25354439178679
745041.4773728917 43.644010633599
784759.9703514606 44.02897252586876
826595.8738801812 44.407993155690846
870662.0680585118 44.78062165625914
917077.4506742931 45.14639598716695
965967.2580093823 45.50484636271485
1017463.4027476063 45.85549933769285
1071704.8298967092 46.197882536877295
1128837.8916846884 46.53152998554358
1189016.74244199 46.85598796561382
1252403.7545350718 47.17082128767658
1319169.9564735717 47.47561983430351
1389495.494373136 47.77000519792203
1463570.1180190798 48.053637209799085
1541593.6928422702 48.326220138883755
1623776.739188721 48.58750833193205
1710341.0003378377 48.837311072424484
1801520.0408020238 49.07549645649582
1897559.8765218505 49.301994117587896
1998719.6386572486 49.51679667835404
2105272.272765707 49.71995986269155
2217505.2752539297 49.911601262461545
2335721.4690901213 50.091897813347245
2460239.8208697727 50.2610820907734
2591396.3014396573 50.41943758623535
2729544.792402007 50.56729315965639
2875058.040944877 50.70501688762607
3028328.6655749455 50.833009535300434
3189770.215466318 50.95169787563983
3359818.286283781 51.06152806405731
3538931.6954909842 51.16295924862635
3727593.720314938 51.25645756899437
3926313.4017068394 51.34249065802133
4135626.917817706 51.421522729010015
4356099.030694608 51.49401029441893
4588324.61010084 51.560398536839614
4832930.238571752 51.62111832372349
5090575.902036676 51.67658383908449
5361956.770568817 51.72719079113183
5647805.074067546 51.77331514172738
5948892.077934331 51.81531230175892
6266030.164072656 51.85351672786611
6600075.022827089 51.888241864718694
6951927.961775606 51.91978036974979
7322538.337604526 51.948404569735594
7712906.117627992 51.974367098169445
8124084.5778629575 51.99790167023552
8557183.144940002 52.01922395758813
9013370.38951742 52.03853252947512
9493877.17927582 52.056009833446346
10000000.0 52.07182319233257
10533104.45370936 52.086125800443796
11094628.943275219 52.09905770312623
11686088.553466497 52.11074674945554
12309079.138896018 52.12130950944535
12965281.629896663 52.13085214965876
13656466.567946097 52.1394712636011
14384498.882876629 52.147254654248165
15151342.924760515 52.154282068665395
15959067.76404731 52.16062588205099
16809852.774253618 52.16635173581176
17705993.51226898 52.17151912725161
18649907.912142944 52.17618195515351
19644142.809066266 52.180389022330445
20691380.811147902 52.18418449808205
21794447.537529834 52.18760834136774
22956319.242369097 52.190696689751555
24180130.84525718 52.19348221231514
25469184.3897454 52.1959944365204
26826957.95279722 52.19826004182521
28257115.02920827 52.200303127022536
29763514.41631313 52.20214545823241
31350220.62565112 52.20380668870364
33021514.849681754 52.20530456122276
34781906.51314127 52.20665509109436
36636145.44020716 52.20787273290699
38589234.67029899 52.20897053117932
40646443.95709628 52.20996025466871
42813323.98719387 52.21085252220816
45095721.35676145 52.21165691296763
47499794.346614026 52.21238206773559
50032029.53825999 52.21303577969142
52699259.31575657 52.21362507920489
55508680.300597996 52.21415630490625
58467872.7693759 52.21463517380808
61584821.10660254 52.21506684110363
64867935.34788508 52.215455956177436
68326073.87157391 52.215806709477505
71968567.30011514 52.21612288034778
75805243.67559262 52.216407876986715
79846454.97739078 52.21666477140862
84103105.05352604 52.21689633165369
88586679.04100814 52.21710505715886
93309274.35461664 52.21729319750041
98283633.32770011 52.21746278156539
103523177.59307377 52.217615640629795
109042044.29677527 52.21775342236342
114855124.24239345 52.21787761376764
120978102.06889038 52.21798955513145
127427498.57031322 52.218090454915796
134220715.2716012 52.218181401159626
141376081.38073614 52.2182633758398
148912903.24394056 52.21833726442857
156851516.43735445 52.21840386427293
165213340.63573685 52.218463893779614
174020937.40624848 52.218518000912155
183298071.08324376 52.218566770936725
193069772.88832456 52.21861072962567
203362408.46866703 52.21865035070724
214203749.0358383 52.21868606383797
225623046.2970626 52.218718252738
237651111.38110778 52.21874726706481
250320397.97173202 52.21877341809968
263665089.87303555 52.21879698953507
277721193.2429355 52.21881823582267
292526633.74366355 52.21883738539273
308121358.87140083 52.21885464579515
324547445.74113256 52.218870203578376
341849214.6175927 52.21888422614769
360073348.49856204 52.21889686464115
379269019.0732238 52.21890825693484
399488019.39541787 52.21891852493063
420784903.6297398 52.218927780099584
443217134.24760854 52.21893612282101
466845237.07037944 52.21894364108558
491732964.5779006 52.21895041887229
517947467.9231202 52.21895652719055
545559478.1168514 52.21896203282908
574643496.8715974 52.21896699556425
605277997.6193355 52.21897146852855
637545637.2456493 52.21897550063339
671533479.1115135 52.21897913408087
707333227.9644439 52.21898240970958
745041477.3728887 52.21898536213135
784759970.3514622 52.218988022609565
826595873.8801795 52.21899042172786
870662068.0585117 52.21899258268472
917077450.674293 52.21899453153937
965967258.0093802 52.218996287586
1017463402.7476043 52.21899787055353
1071704829.8967092 52.2189992975254
1128837891.6846883 52.219000583266144
1189016742.44199 52.219001742848604
1252403754.5350692 52.21900278729137
1319169956.473569 52.219003729208204
1389495494.373136 52.219004577507036
1463570118.0190797 52.21900534315159
1541593692.8422735 52.21900603236329
1623776739.1887176 52.21900665351996
1710341000.337838 52.21900721524521
1801520040.802024 52.219007719196114
1897559876.5218503 52.21900817423474
1998719638.6572526 52.21900858469511
2105272272.7657027 52.21900895427098
2217505275.2539296 52.21900928694672
2335721469.0901213 52.21900958766625
2460239820.8697777 52.21900985854428
2591396301.439652 52.21901010205224
2729544792.402002 52.21901032247027
2875058040.944877 52.21901052133045
3028328665.5749454 52.219010699675806
3189770215.466325 52.219010860377104
3359818286.2837744 52.21901100575434
3538931695.4909844 52.219011137046806
3727593720.314938 52.21901125466957
3926313401.7068396 52.21901136026703
4135626917.8176975 52.21901145614812
4356099030.694599 52.21901154316532
4588324610.100841 52.21901162061329
4832930238.571753 52.219011691518745
5090575902.036687 52.219011754158714
5361956770.568806 52.21901181138428
5647805074.067546 52.21901186223512
5948892077.934331 52.219011908265045
6266030164.072656 52.21901195169633
6600075022.827075 52.21901198765089
6951927961.775591 52.21901202269967
7322538337.6045265 52.219012052198906
7712906117.627993 52.2190120805616
8124084577.862974 52.21901210421146
8557183144.939984 52.219012128043175
9013370389.51742 52.21901214726593
9493877179.27582 52.2190121649394
10000000000.0 52.21901218223241
10.0 -22.588294809818784
10.53310445370937 -22.58836218648259
11.094628943275218 -22.588436524323452
11.686088553466515 -22.588519482587035
12.309079138896024 -22.58860983937529
12.965281629896682 -22.588711638514564
13.65646656794611 -22.58882200015435
14.38449888287663 -22.58894698911009
15.15134292476053 -22.589083240248343
15.95906776404731 -22.58923421343287
16.80985277425364 -22.58940050875362
17.70599351226899 -22.58958505512863
18.64990791214297 -22.589788389697155
19.644142809066278 -22.590012626164658
20.6913808111479 -22.590259476460048
21.794447537529855 -22.590531736415297
22.956319242369098 -22.590831166676434
24.180130845257207 -22.59116025013116
25.4691843897454 -22.591522169203753
26.826957952797258 -22.591918810177674
28.257115029208283 -22.592353868332044
29.76351441631318 -22.59282981638824
31.350220625651154 -22.59335034695736
33.02151484968176 -22.593918291856102
34.7819065131413 -22.594536933480725
36.63614544020716 -22.595209703114442
38.58923467029903 -22.595939704223987
40.646443957096295 -22.596730168785534
42.81332398719393 -22.59758359920722
45.095721356761466 -22.598502639456015
47.499794346614124 -22.599489284467914
50.03202953826004 -22.600545031892505
52.699259315756564 -22.601670362365812
55.50868030059805 -22.602865177427304
58.467872769375894 -22.604128018879322
61.58482110660264 -22.605456333561143
64.86793534788511 -22.60684587446851
68.32607387157402 -22.60829087599837
71.96856730011521 -22.609783567884477
75.8052436755926 -22.611314259617586
79.84645497739086 -22.61287097792136
84.10310505352605 -22.614439459966647
88.58667904100822 -22.6160030346173
93.30927435461668 -22.61754265574984
98.28363332770026 -22.619036712147068
103.52317759307378 -22.62046126808357
109.04204429677526 -22.62179006852527
114.8551242423938 -22.62299461002543
120.97810206889012 -22.62404439159357
127.42749857031335 -22.62490687459956
134.2207152716012 -22.62554779157697
141.37608138073614 -22.625931163810712
148.91290324394086 -22.626019393261558
156.85151643735477 -22.625773291656465
165.213340635737 -22.62515204495392
174.0209374062485 -22.624113078122434
183.29807108324357 -22.622611886144803
193.06977288832496 -22.620601751168934
203.36240846866724 -22.618033377493695
214.2037490358383 -22.61485448610355
225.62304629706352 -22.61100930682387
237.65111138110728 -22.606438011434594
250.32039797173255 -22.601076075621734
263.6650898730358 -22.59485365504863
277.7211932429355 -22.587694819408952
292.5266337436645 -22.57951684985803
308.1213588714002 -22.57022944565671
324.54744574113323 -22.55973395629921
341.84921461759274 -22.54792257413543
360.073348498562 -22.534677550030207
379.26901907322497 -22.519870419438945
399.48801939541704 -22.503361251161316
420.78490362974026 -22.484997935104595
443.21713424760856 -22.464615547345595
466.84523707037897 -22.442035793239853
491.73296457790156 -22.417066567238145
517.9474679231213 -22.38950166339611
545.5594781168514 -22.35912067313762
574.6434968715973 -22.325689121638167
605.2779976193349 -22.28895887382381
637.5456372456507 -22.24866889002549
671.5334791115142 -22.20454636654487
707.3332279644438 -22.156308330684304
745.0414773728917 -22.103663749535425
784.7599703514607 -22.0463162038914
826.5958738801812 -21.983967170888565
870.6620680585127 -21.916319963418896
917.0774506742931 -21.84308432788473
965.9672580093833 -21.7639817079258
1017.4634027476063 -21.67875113083327
1071.7048298967104 -21.587155660036835
1128.8378916846884 -21.48898929981916
1189.01674244199 -21.384084212809817
1252.4037545350732 -21.272318068820248
1319.1699564735716 -21.153621298937168
1389.4954943731375 -21.027984010936084
1463.5701180190797 -20.895462283834853
1541.5936928422718 -20.7561835674
1623.776739188721 -20.610350904716558
1710.3410003378397 -20.458245717442022
1801.520040802024 -20.300228942222326
1897.5598765218504 -20.136740336114435
1998.7196386572507 -19.968295857656603
2105.272272765707 -19.7954830785203
2217.505275253932 -19.618954675805817
2335.7214690901214 -19.43942012158905
2460.239820869775 -19.257635764255575
2591.3963014396572 -19.074393554505058
2729.5447924020073 -18.890508735274455
2875.0580409448803 -18.706806842587383
3028.3286655749457 -18.52411040368294
3189.7702154663216 -18.343225722967173
3359.818286283781 -18.164930143551548
3538.9316954909877 -17.989960159282777
3727.593720314938 -17.81900071039833
3926.3134017068355 -17.652675955720124
4135.626917817706 -17.491541745481488
4356.099030694608 -17.336079961558372
4588.324610100844 -17.186694807387827
4832.930238571752 -17.043711053654988
5090.575902036681 -16.907374179001625
5361.956770568817 -16.77785225995772
5647.805074067552 -16.65523942830738
5948.892077934331 -16.53956064595191
6266.030164072656 -16.430777531533494
6600.075022827095 -16.328794962691504
6951.927961775606 -16.233468165669734
7322.538337604534 -16.144610033527652
7712.906117627992 -16.06199843002414
8124.0845778629655 -15.985383279114131
8557.183144940002 -15.914493270524357
9013.37038951743 -15.849042059476222
9493.87717927582 -15.78873386671199
10000.0 -15.733268439564927
10533.104453709382 -15.682345339180657
11094.628943275218 -15.6356675724302
11686.088553466498 -15.592944589758712
12309.079138896019 -15.553894689572044
12965.281629896688 -15.518246882957582
13656.466567946096 -15.485742276724137
14384.498882876629 -15.45613503217436
15151.342924760515 -15.42919296136757
15959.06776404731 -15.404697817332467
16809.852774253653 -15.382445332330025
17705.99351226898 -15.362245047662814
18649.907912142942 -15.343919988489233
19644.142809066267 -15.327306208944123
20691.3808111479 -15.312252250412968
21794.447537529835 -15.298618533021607
22956.319242369096 -15.286276710989334
24180.13084525718 -15.275108998857263
25469.184389745402 -15.265007499201406
26826.957952797275 -15.255873529568857
28257.115029208268 -15.247616966736947
29763.51441631313 -15.240155610854355
31350.220625651124 -15.233414577247125
33021.51484968176 -15.227325717754418
34781.90651314134 -15.221827072536964
36636.14544020716 -15.21686235764431
38589.23467029899 -15.212380483851131
40646.44395709628 -15.208335109813433
42813.32398719396 -15.204684226285048
45095.721356761445 -15.201389774091096
47499.79434661403 -15.19841728942235
50032.029538259994 -15.19573557694411
52699.259315756564 -15.193316415548937
55508.680300598106 -15.191134280246448
58467.87276937589 -15.189166094475059
61584.82110660255 -15.187391000247866
64867.935347885075 -15.185790150976985
68326.07387157406 -15.184346522628902
71968.56730011514 -15.183044737533374
75805.24367559262 -15.181870911551787
79846.45497739078 -15.180812509560047
84103.10505352604 -15.179858216195456
88586.67904100832 -15.178997818613926
93309.27435461663 -15.178222101838251
98283.63332770011 -15.17752274920353
103523.17759307378 -15.17689225949907
109042.04429677526 -15.176323862666216
114855.12424239368 -15.175811454719783
120978.10206889013 -15.175349528096632
127427.49857031321 -15.174933116876117
134220.7152716012 -15.174557740539003
141376.08138073614 -15.174219360109571
148912.90324394088 -15.173914333309085
156851.5164373548 -15.173639375137212
165213.34063573685 -15.173391523399486
174020.9374062485 -15.173168108510673
183298.07108324338 -15.172966722111969
193069.77288832495 -15.172785193736614
203362.40846866704 -15.172621566023029
214203.74903583832 -15.172474075032806
225623.04629706353 -15.17234112937776
237651.11138110727 -15.17222129591391
250320.39797173254 -15.172113281684275
263665.08987303555 -15.172015920760353
277721.1932429355 -15.171928163489419
292526.6337436642 -15.171849061896248
308121.35887140024 -15.171777763042622
324547.44574113254 -15.1717134974625
341849.21461759275 -15.171655571375933
360073.348498562 -15.171603359511366
379269.0190732246 -15.17155629829928
399488.019395417 -15.171513879412139
420784.9036297398 -15.171475645740331
443217.13424760854 -15.171441183494581
466845.2370703785 -15.171410120979846
491732.9645779016 -15.17138212290626
517947.46792312124 -15.171356887009388
545559.4781168514 -15.171334141087412
574643.4968715974 -15.171313638762173
605277.9976193343 -15.17129515974472
637545.6372456506 -15.171278503622815
671533.4791115135 -15.17126349028149
707333.2279644439 -15.171249958483967
745041.4773728917 -15.171237761467252
784759.9703514606 -15.171226768354947
826595.8738801812 -15.171216859300108
870662.0680585118 -15.171207928151695
917077.4506742931 -15.1711998780445
965967.2580093823 -15.171192622132054
1017463.4027476063 -15.171186082370944
1071704.8298967092 -15.171180187453665
1128837.8916846884 -15.171174874363597
1189016.74244199 -15.17117008547044
1252403.7545350718 -15.171165768966052
1319169.9564735717 -15.171161878150256
1389495.494373136 -15.171158371279985
1463570.1180190798 -15.171155209833977
1541593.6928422702 -15.171152362398947
1623776.739188721 -15.171149793700632
1710341.0003378377 -15.171147478978977
1801520.0408020238 -15.17114539325531
1897559.8765218505 -15.171143514202242
1998719.6386572486 -15.171141818452798
2105272.272765707 -15.171140292547541
2217505.2752539297 -15.171138914766276
2335721.4690901213 -15.171137676013014
2460239.8208697727 -15.171136554487944
2591396.3014396573 -15.171135548376517
2729544.792402007 -15.171134637337412
2875058.040944877 -15.171133815351398
3028328.6655749455 -15.171133082105847
3189770.215466318 -15.171132415647435
3359818.286283781 -15.171131816334471
3538931.6954909842 -15.171131273896838
3727593.720314938 -15.171130786108996
3926313.4017068394 -15.171130343379852
4135626.917817706 -15.171129949976049
4356099.030694608 -15.171129596371431
4588324.61010084 -15.171129274164157
4832930.238571752 -15.17112897827017
5090575.902036676 -15.171128721156173
5361956.770568817 -15.171128485535853
5647805.074067546 -15.171128276561095
5948892.077934331 -15.171128083464403
6266030.164072656 -15.17112790955623
6600075.022827089 -15.171127755659358
6951927.961775606 -15.171127613255063
7322538.337604526 -15.171127489331354
7712906.117627992 -15.171127376293907
8124084.5778629575 -15.171127271554566
8557183.144940002 -15.171127178488709
9013370.38951742 -15.171127095118297
9493877.17927582 -15.17112702360212
10000000.0 -15.171126950010121
10533104.45370936 -15.171126895286413
11094628.943275219 -15.171126838946872
11686088.553466497 -15.171126786463258
12309079.138896018 -15.171126740727578
12965281.629896663 -15.171126700646598
13656466.567946097 -15.171126666944048
14384498.882876629 -15.171126629310972
15151342.924760515 -15.17112659788433
15959067.76404731 -15.171126568703917
16809852.774253618 -15.171126554947545
17705993.51226898 -15.171126530652606
18649907.912142944 -15.171126503995115
19644142.809066266 -15.171126497365904
20691380.811147902 -15.171126470537995
21794447.537529834 -15.171126469308774
22956319.242369097 -15.171126452734017
24180130.84525718 -15.171126434083122
25469184.3897454 -15.171126442451007
26826957.95279722 -15.171126419256948
28257115.02920827 -15.171126405675627
29763514.41631313 -15.171126407772498
31350220.62565112 -15.171126402865166
33021514.849681754 -15.171126413035623
34781906.51314127 -15.171126394999082
36636145.44020716 -15.171126390838065
38589234.67029899 -15.171126355051074
40646443.95709628 -15.171126370892289
42813323.98719387 -15.171126380614128
45095721.35676145 -15.171126375838513
47499794.346614026 -15.171126409498154
50032029.53825999 -15.17112637381537
52699259.31575657 -15.171126356947294
55508680.300597996 -15.171126352303169
58467872.7693759 -15.171126357854554
61584821.10660254 -15.171126332637787
64867935.34788508 -15.171126347510215
68326073.87157391 -15.17112630310452
71968567.30011514 -15.171126336180603
75805243.67559262 -15.171126368631898
79846454.97739078 -15.171126460849871
84103105.05352604 -15.171126329340186
88586679.04100814 -15.171126350752289
93309274.35461664 -15.171126229956355
98283633.32770011 -15.171126452468755
103523177.59307377 -15.171126440686422
109042044.29677527 -15.17112641784184
114855124.24239345 -15.171126203554968
120978102.06889038 -15.171126604862318
127427498.57031322 -15.171126330259225
134220715.2716012 -15.171126362632775
141376081.38073614 -15.171126552593641
148912903.24394056 -15.171126439605366
156851516.43735445 -15.17112619961819
165213340.63573685 -15.171126133619257
174020937.40624848 -15.17112518502364
183298071.08324376 -15.171128908010017
193069772.88832456 -15.171124767120682
203362408.46866703 -15.17112732861751
214203749.0358383 -15.171123479460151
225623046.2970626 -15.171123940528526
237651111.38110778 -15.171125637501596
250320397.97173202 -15.17112713644603
263665089.87303555 -15.171127322295327
277721193.2429355 -15.171127482385478
292526633.74366355 -15.17112674363279
308121358.87140083 -15.17112525320266
324547445.74113256 -15.171125688239666
341849214.6175927 -15.171129362164645
360073348.49856204 -15.171133005595701
379269019.0732238 -15.171125432944894
399488019.39541787 -15.171125537494001
420784903.6297398 -15.171125144341897
443217134.24760854 -15.171125453763498
466845237.07037944 -15.17113238895405
491732964.5779006 -15.17113342410223
517947467.9231202 -15.171126954684027
545559478.1168514 -15.17111842013306
574643496.8715974 -15.171098966495844
605277997.6193355 -15.171109740845486
637545637.2456493 -15.171101721121484
671533479.1115135 -15.17114513004947
707333227.9644439 -15.171129838120073
745041477.3728887 -15.171091149331525
784759970.3514622 -15.171153831278026
826595873.8801795 -15.171104558447194
870662068.0585117 -15.171187714370063
917077450.674293 -15.171220473044588
965967258.0093802 -15.171084701809567
1017463402.7476043 -15.17107629789204
1071704829.8967092 -15.171105712376985
1128837891.6846883 -15.171198064145111
1189016742.44199 -15.171105560848568
1252403754.5350692 -15.171190823303798
1319169956.473569 -15.171132585874517
1389495494.373136 -15.171247727198555
1463570118.0190797 -15.170981746598823
1541593692.8422735 -15.171243577687948
1623776739.1887176 -15.1713386620872
1710341000.337838 -15.17097485789211
1801520040.802024 -15.171364503065984
1897559876.5218503 -15.171955382932047
1998719638.6572526 -15.171782907728822
2105272272.7657027 -15.170837388146587
2217505275.2539296 -15.171714006207544
2335721469.0901213 -15.17097289466334
2460239820.8697777 -15.17095995064905
2591396301.439652 -15.171505267723562
2729544792.402002 -15.1718578158232
2875058040.944877 -15.172496013330253
3028328665.5749454 -15.170195937847135
3189770215.466325 -15.171110975631205
3359818286.2837744 -15.169937732432556
3538931695.4909844 -15.171620200737772
3727593720.314938 -15.171068269301708
3926313401.7068396 -15.169952617654676
4135626917.8176975 -15.168873823631433
4356099030.694599 -15.17521940822652
4588324610.100841 -15.167157540160757
4832930238.571753 -0.6934084564315219
5090575902.036687 -0.6933173336762775
5361956770.568806 -0.6932352009462766
5647805074.067546 -0.6931611713370954
5948892077.934331 -0.6930944454334917
6266030164.072656 -0.6930343026826515
6600075022.827075 -0.6929800936119148
6951927961.775591 -0.6929312328220358
7322538337.6045265 -0.6928871926622946
7712906117.627993 -0.6928474975392194
8124084577.862974 -0.6928117187747838
8557183144.939984 -0.692779469985959
9013370389.51742 -0.692750402906924
9493877179.27582 -0.6927242036266748
10000000000.0 -0.6927005892094298
10.0 -22.588294809818784
10.53310445370937 -22.58836218648259
11.094628943275218 -22.588436524323452
11.686088553466515 -22.588519482587035
12.309079138896024 -22.58860983937529
12.965281629896682 -22.588711638514564
13.65646656794611 -22.58882200015435
14.38449888287663 -22.58894698911009
15.15134292476053 -22.589083240248343
15.95906776404731 -22.58923421343287
16.80985277425364 -22.58940050875362
17.70599351226899 -22.58958505512863
18.64990791214297 -22.589788389697155
19.644142809066278 -22.590012626164658
20.6913808111479 -22.590259476460048
21.794447537529855 -22.590531736415297
22.956319242369098 -22.590831166676434
24.180130845257207 -22.59116025013116
25.4691843897454 -22.591522169203753
26.826957952797258 -22.591918810177674
28.257115029208283 -22.592353868332044
29.76351441631318 -22.59282981638824
31.350220625651154 -22.59335034695736
33.02151484968176 -22.593918291856102
34.7819065131413 -22.594536933480725
36.63614544020716 -22.595209703114442
38.58923467029903 -22.595939704223987
40.646443957096295 -22.596730168785534
42.81332398719393 -22.59758359920722
45.095721356761466 -22.598502639456015
47.499794346614124 -22.599489284467914
50.03202953826004 -22.600545031892505
52.699259315756564 -22.601670362365812
55.50868030059805 -22.602865177427304
58.467872769375894 -22.604128018879322
61.58482110660264 -22.605456333561143
64.86793534788511 -22.60684587446851
68.32607387157402 -22.60829087599837
71.96856730011521 -22.609783567884477
75.8052436755926 -22.611314259617586
79.84645497739086 -22.61287097792136
84.10310505352605 -22.614439459966647
88.58667904100822 -22.6160030346173
93.30927435461668 -22.61754265574984
98.28363332770026 -22.619036712147068
103.52317759307378 -22.62046126808357
109.04204429677526 -22.62179006852527
114.8551242423938 -22.62299461002543
120.97810206889012 -22.62404439159357
127.42749857031335 -22.62490687459956
134.2207152716012 -22.62554779157697
141.37608138073614 -22.625931163810712
148.91290324394086 -22.626019393261558
156.85151643735477 -22.625773291656465
165.213340635737 -22.62515204495392
174.0209374062485 -22.624113078122434
183.29807108324357 -22.622611886144803
193.06977288832496 -22.620601751168934
203.36240846866724 -22.618033377493695
214.2037490358383 -22.61485448610355
225.62304629706352 -22.61100930682387
237.65111138110728 -22.606438011434594
250.32039797173255 -22.601076075621734
263.6650898730358 -22.59485365504863
277.7211932429355 -22.587694819408952
292.5266337436645 -22.57951684985803
308.1213588714002 -22.57022944565671
324.54744574113323 -22.55973395629921
341.84921461759274 -22.54792257413543
360.073348498562 -22.534677550030207
379.26901907322497 -22.519870419438945
399.48801939541704 -22.503361251161316
420.78490362974026 -22.484997935104595
443.21713424760856 -22.464615547345595
466.84523707037897 -22.442035793239853
491.73296457790156 -22.417066567238145
517.9474679231213 -22.38950166339611
545.5594781168514 -22.35912067313762
574.6434968715973 -22.325689121638167
605.2779976193349 -22.28895887382381
637.5456372456507 -22.24866889002549
671.5334791115142 -22.20454636654487
707.3332279644438 -22.156308330684304
745.0414773728917 -22.103663749535425
784.7599703514607 -22.0463162038914
826.5958738801812 -21.983967170888565
870.6620680585127 -21.916319963418896
917.0774506742931 -21.84308432788473
965.9672580093833 -21.7639817079258
1017.4634027476063 -21.67875113083327
1071.7048298967104 -21.587155660036835
1128.8378916846884 -21.48898929981916
1189.01674244199 -21.384084212809817
1252.4037545350732 -21.272318068820248
1319.1699564735716 -21.153621298937168
1389.4954943731375 -21.027984010936084
1463.5701180190797 -20.895462283834853
1541.5936928422718 -20.7561835674
1623.776739188721 -20.610350904716558
1710.3410003378397 -20.458245717442022
1801.520040802024 -20.300228942222326
1897.5598765218504 -20.136740336114435
1998.7196386572507 -19.968295857656603
2105.272272765707 -19.7954830785203
2217.505275253932 -19.618954675805817
2335.7214690901214 -19.43942012158905
2460.239820869775 -19.257635764255575
2591.3963014396572 -19.074393554505058
2729.5447924020073 -18.890508735274455
2875.0580409448803 -18.706806842587383
3028.3286655749457 -18.52411040368294
3189.7702154663216 -18.343225722967173
3359.818286283781 -18.164930143551548
3538.9316954909877 -17.989960159282777
3727.593720314938 -17.81900071039833
3926.3134017068355 -17.652675955720124
4135.626917817706 -17.491541745481488
4356.099030694608 -17.336079961558372
4588.324610100844 -17.186694807387827
4832.930238571752 -17.043711053654988
5090.575902036681 -16.907374179001625
5361.956770568817 -16.77785225995772
5647.805074067552 -16.65523942830738
5948.892077934331 -16.53956064595191
6266.030164072656 -16.430777531533494
6600.075022827095 -16.328794962691504
6951.927961775606 -16.233468165669734
7322.538337604534 -16.144610033527652
7712.906117627992 -16.06199843002414
8124.0845778629655 -15.985383279114131
8557.183144940002 -15.914493270524357
9013.37038951743 -15.849042059476222
9493.87717927582 -15.78873386671199
10000.0 -15.733268439564927
10533.104453709382 -15.682345339180657
11094.628943275218 -15.6356675724302
11686.088553466498 -15.592944589758712
12309.079138896019 -15.553894689572044
12965.281629896688 -15.518246882957582
13656.466567946096 -15.485742276724137
14384.498882876629 -15.45613503217436
15151.342924760515 -15.42919296136757
15959.06776404731 -15.404697817332467
16809.852774253653 -15.382445332330025
17705.99351226898 -15.362245047662814
18649.907912142942 -15.343919988489233
19644.142809066267 -15.327306208944123
20691.3808111479 -15.312252250412968
21794.447537529835 -15.298618533021607
22956.319242369096 -15.286276710989334
24180.13084525718 -15.275108998857263
25469.184389745402 -15.265007499201406
26826.957952797275 -15.255873529568857
28257.115029208268 -15.247616966736947
29763.51441631313 -15.240155610854355
31350.220625651124 -15.233414577247125
33021.51484968176 -15.227325717754418
34781.90651314134 -15.221827072536964
36636.14544020716 -15.21686235764431
38589.23467029899 -15.212380483851131
40646.44395709628 -15.208335109813433
42813.32398719396 -15.204684226285048
45095.721356761445 -15.201389774091096
47499.79434661403 -15.19841728942235
50032.029538259994 -15.19573557694411
52699.259315756564 -15.193316415548937
55508.680300598106 -15.191134280246448
58467.87276937589 -15.189166094475059
61584.82110660255 -15.187391000247866
64867.935347885075 -15.185790150976985
68326.07387157406 -15.184346522628902
71968.56730011514 -15.183044737533374
75805.24367559262 -15.181870911551787
79846.45497739078 -15.180812509560047
84103.10505352604 -15.179858216195456
88586.67904100832 -15.178997818613926
93309.27435461663 -15.178222101838251
98283.63332770011 -15.17752274920353
103523.17759307378 -15.17689225949907
109042.04429677526 -15.176323862666216
114855.12424239368 -15.175811454719783
120978.10206889013 -15.175349528096632
127427.49857031321 -15.174933116876117
134220.7152716012 -15.174557740539003
141376.08138073614 -15.174219360109571
148912.90324394088 -15.173914333309085
156851.5164373548 -15.173639375137212
165213.34063573685 -15.173391523399486
174020.9374062485 -15.173168108510673
183298.07108324338 -15.172966722111969
193069.77288832495 -15.172785193736614
203362.40846866704 -15.172621566023029
214203.74903583832 -15.172474075032806
225623.04629706353 -15.17234112937776
237651.11138110727 -15.17222129591391
250320.39797173254 -15.172113281684275
263665.08987303555 -15.172015920760353
277721.1932429355 -15.171928163489419
292526.6337436642 -15.171849061896248
308121.35887140024 -15.171777763042622
324547.44574113254 -15.1717134974625
341849.21461759275 -15.171655571375933
360073.348498562 -15.171603359511366
379269.0190732246 -15.17155629829928
399488.019395417 -15.171513879412139
420784.9036297398 -15.171475645740331
443217.13424760854 -15.171441183494581
466845.2370703785 -15.171410120979846
491732.9645779016 -15.17138212290626
517947.46792312124 -15.171356887009388
545559.4781168514 -15.171334141087412
574643.4968715974 -15.171313638762173
605277.9976193343 -15.17129515974472
637545.6372456506 -15.171278503622815
671533.4791115135 -15.17126349028149
707333.2279644439 -15.171249958483967
745041.4773728917 -15.171237761467252
784759.9703514606 -15.171226768354947
826595.8738801812 -15.171216859300108
870662.0680585118 -15.171207928151695
917077.4506742931 -15.1711998780445
965967.2580093823 -15.171192622132054
1017463.4027476063 -15.171186082370944
1071704.8298967092 -15.171180187453665
1128837.8916846884 -15.171174874363597
1189016.74244199 -15.17117008547044
1252403.7545350718 -15.171165768966052
1319169.9564735717 -15.171161878150256
1389495.494373136 -15.171158371279985
1463570.1180190798 -15.171155209833977
1541593.6928422702 -15.171152362398947
1623776.739188721 -15.171149793700632
1710341.0003378377 -15.171147478978977
1801520.0408020238 -15.17114539325531
1897559.8765218505 -15.171143514202242
1998719.6386572486 -15.171141818452798
2105272.272765707 -15.171140292547541
2217505.2752539297 -15.171138914766276
2335721.4690901213 -15.171137676013014
2460239.8208697727 -15.171136554487944
2591396.3014396573 -15.171135548376517
2729544.792402007 -15.171134637337412
2875058.040944877 -15.171133815351398
3028328.6655749455 -15.171133082105847
3189770.215466318 -15.171132415647435
3359818.286283781 -15.171131816334471
3538931.6954909842 -15.171131273896838
3727593.720314938 -15.171130786108996
3926313.4017068394 -15.171130343379852
4135626.917817706 -15.171129949976049
4356099.030694608 -15.171129596371431
4588324.61010084 -15.171129274164157
4832930.238571752 -15.17112897827017
5090575.902036676 -15.171128721156173
5361956.770568817 -15.171128485535853
5647805.074067546 -15.171128276561095
5948892.077934331 -15.171128083464403
6266030.164072656 -15.17112790955623
6600075.022827089 -15.171127755659358
6951927.961775606 -15.171127613255063
7322538.337604526 -15.171127489331354
7712906.117627992 -15.171127376293907
8124084.5778629575 -15.171127271554566
8557183.144940002 -15.171127178488709
9013370.38951742 -15.171127095118297
9493877.17927582 -15.17112702360212
10000000.0 -15.171126950010121
10533104.45370936 -15.171126895286413
11094628.943275219 -15.171126838946872
11686088.553466497 -15.171126786463258
12309079.138896018 -15.171126740727578
12965281.629896663 -15.171126700646598
13656466.567946097 -15.171126666944048
14384498.882876629 -15.171126629310972
15151342.924760515 -15.17112659788433
15959067.76404731 -15.171126568703917
16809852.774253618 -15.171126554947545
17705993.51226898 -15.171126530652606
18649907.912142944 -15.171126503995115
19644142.809066266 -15.171126497365904
20691380.811147902 -15.171126470537995
21794447.537529834 -15.171126469308774
22956319.242369097 -15.171126452734017
24180130.84525718 -15.171126434083122
25469184.3897454 -15.171126442451007
26826957.95279722 -15.171126419256948
28257115.02920827 -15.171126405675627
29763514.41631313 -15.171126407772498
31350220.62565112 -15.171126402865166
33021514.849681754 -15.171126413035623
34781906.51314127 -15.171126394999082
36636145.44020716 -15.171126390838065
38589234.67029899 -15.171126355051074
40646443.95709628 -15.171126370892289
42813323.98719387 -15.171126380614128
45095721.35676145 -15.171126375838513
47499794.346614026 -15.171126409498154
50032029.53825999 -15.17112637381537
52699259.31575657 -15.171126356947294
55508680.300597996 -15.171126352303169
58467872.7693759 -15.171126357854554
61584821.10660254 -15.171126332637787
64867935.34788508 -15.171126347510215
68326073.87157391 -15.17112630310452
71968567.30011514 -15.171126336180603
75805243.67559262 -15.171126368631898
79846454.97739078 -15.171126460849871
84103105.05352604 -15.171126329340186
88586679.04100814 -15.171126350752289
93309274.35461664 -15.171126229956355
98283633.32770011 -15.171126452468755
103523177.59307377 -15.171126440686422
109042044.29677527 -15.17112641784184
114855124.24239345 -15.171126203554968
120978102.06889038 -15.171126604862318
127427498.57031322 -15.171126330259225
134220715.2716012 -15.171126362632775
141376081.38073614 -15.171126552593641
148912903.24394056 -15.171126439605366
156851516.43735445 -15.17112619961819
165213340.63573685 -15.171126133619257
174020937.40624848 -15.17112518502364
183298071.08324376 -15.171128908010017
193069772.88832456 -15.171124767120682
203362408.46866703 -15.17112732861751
214203749.0358383 -15.171123479460151
225623046.2970626 -15.171123940528526
237651111.38110778 -15.171125637501596
250320397.97173202 -15.17112713644603
263665089.87303555 -15.171127322295327
277721193.2429355 -15.171127482385478
292526633.74366355 -15.17112674363279
308121358.87140083 -15.17112525320266
324547445.74113256 -15.171125688239666
341849214.6175927 -15.171129362164645
360073348.49856204 -15.171133005595701
379269019.0732238 -15.171125432944894
399488019.39541787 -15.171125537494001
420784903.6297398 -15.171125144341897
443217134.24760854 -15.171125453763498
466845237.07037944 -15.17113238895405
491732964.5779006 -15.17113342410223
517947467.9231202 -15.171126954684027
545559478.1168514 -15.17111842013306
574643496.8715974 -15.171098966495844
605277997.6193355 -15.171109740845486
637545637.2456493 -15.171101721121484
671533479.1115135 -15.17114513004947
707333227.9644439 -15.171129838120073
745041477.3728887 -15.171091149331525
784759970.3514622 -15.171153831278026
826595873.8801795 -15.171104558447194
870662068.0585117 -15.171187714370063
917077450.674293 -15.171220473044588
965967258.0093802 -15.171084701809567
1017463402.7476043 -15.17107629789204
1071704829.8967092 -15.171105712376985
1128837891.6846883 -15.171198064145111
1189016742.44199 -15.171105560848568
1252403754.5350692 -15.171190823303798
1319169956.473569 -15.171132585874517
1389495494.373136 -15.171247727198555
1463570118.0190797 -15.170981746598823
1541593692.8422735 -15.171243577687948
1623776739.1887176 -15.1713386620872
1710341000.337838 -15.17097485789211
1801520040.802024 -15.171364503065984
1897559876.5218503 -15.171955382932047
1998719638.6572526 -15.171782907728822
2105272272.7657027 -15.170837388146587
2217505275.2539296 -15.171714006207544
2335721469.0901213 -15.17097289466334
2460239820.8697777 -15.17095995064905
2591396301.439652 -15.171505267723562
2729544792.402002 -15.1718578158232
2875058040.944877 -15.172496013330253
3028328665.5749454 -15.170195937847135
3189770215.466325 -15.171110975631205
3359818286.2837744 -15.169937732432556
3538931695.4909844 -15.171620200737772
3727593720.314938 -15.171068269301708
3926313401.7068396 -15.169952617654676
4135626917.8176975 -15.168873823631433
4356099030.694599 -15.17521940822652
4588324610.100841 -15.167157540160757
4832930238.571753 -0.6934084564315219
5090575902.036687 -0.6933173336762775
5361956770.568806 -0.6932352009462766
5647805074.067546 -0.6931611713370954
5948892077.934331 -0.6930944454334917
6266030164.072656 -0.6930343026826515
6600075022.827075 -0.6929800936119148
6951927961.775591 -0.6929312328220358
7322538337.6045265 -0.6928871926622946
7712906117.627993 -0.6928474975392194
8124084577.862974 -0.6928117187747838
8557183144.939984 -0.692779469985959
9013370389.51742 -0.692750402906924
9493877179.27582 -0.6927242036266748
10000000000.0 -0.6927005892094298
