10.0 15.887156091554102
10.53310445370937 16.264786244473818
11.094628943275218 16.647500112316813
11.686088553466515 17.034810658135676
12.309079138896024 17.426241778077806
12.965281629896682 17.821329102510244
13.65646656794611 18.219620052040582
14.38449888287663 18.62067351379801
15.15134292476053 19.024059189099187
15.95906776404731 19.429356360344144
16.80985277425364 19.836152665971138
17.70599351226899 20.244042443116506
18.64990791214297 20.652624930949102
19.644142809066278 21.061502306191695
20.6913808111479 21.470277769836386
21.794447537529855 21.87855338112143
22.956319242369098 22.285928024484363
24.180130845257207 22.691995387647353
25.4691843897454 23.0963420021757
26.826957952797258 23.498545455543443
28.257115029208283 23.89817275177451
29.76351441631318 24.29477894393684
31.350220625651154 24.687906056655635
33.02151484968176 25.077082388014766
34.7819065131413 25.46182224057513
36.63614544020716 25.84162615639122
38.58923467029903 26.215981737567763
40.646443957096295 26.58436509803643
42.81332398719393 26.946243008315292
45.095721356761466 27.30107577309987
47.499794346614124 27.648320858637693
50.03202953826004 27.987437264542695
52.699259315756564 28.317890595009104
55.50868030059805 28.639158748032276
58.467872769375894 28.950738106807176
61.58482110660264 29.25215006438327
64.86793534788511 29.542947681291267
68.32607387157402 29.82272223938308
71.96856730011521 30.091109434065196
75.8052436755926 30.34779493784449
79.84645497739086 30.59251907759039
84.10310505352605 30.825080388724352
88.58667904100822 31.045337856386656
93.30927435461668 31.25321170669374
98.28363332770026 31.448682674807888
103.52317759307378 31.631789753399158
109.04204429677526 31.80262648809661
114.8551242423938 31.961335954881406
120.97810206889012 32.108104601692794
127.42749857031335 32.24315517782067
134.2207152716012 32.3667389937071
141.37608138073614 32.479127757496585
148.91290324394086 32.58060522666931
156.85151643735477 32.67145889199953
165.213340635737 32.75197187476086
174.0209374062485 32.822415192293384
183.29807108324357 32.88304050057096
193.06977288832496 32.9340733939203
203.36240846866724 32.975707300801
214.2037490358383 33.00809800013457
225.62304629706352 33.031358750915004
237.65111138110728 33.04555601775049
250.32039797173255 33.05070577111016
263.6650898730358 33.04677032788014
277.7211932429355 33.033655717897126
292.5266337436645 33.011209555506724
308.1213588714002 32.97921941124287
324.54744574113323 32.93741170007776
341.84921461759274 32.88545110508511
360.073348498562 32.822940587635884
379.26901907322497 32.749422036021414
399.48801939541704 32.664377633255455
420.78490362974026 32.56723202658393
443.21713424760856 32.45735539630933
466.84523707037897 32.33406752143202
491.73296457790156 32.19664293235481
517.9474679231213 32.04431723830593
545.5594781168514 31.87629468268309
574.6434968715973 31.691756956083175
605.2779976193349 31.489873251334664
637.5456372456507 31.26981149069534
671.5334791115142 31.030750593459196
707.3332279644438 30.771893591922883
745.0414773728917 30.492481322036788
784.7599703514607 30.191806364573264
826.5958738801812 29.86922684338159
870.6620680585127 29.52417965262123
917.0774506742931 29.156192662711206
965.9672580093833 28.764895454564027
1017.4634027476063 28.35002817260351
1071.7048298967104 27.911448133671936
1128.8378916846884 27.449133925307496
1189.01674244199 26.96318682595345
1252.4037545350732 26.45382950019652
1319.1699564735716 25.921402040447603
1389.4954943731375 25.3663555479037
1463.5701180190797 24.7892435429017
1541.5936928422718 24.190711578566415
1623.776739188721 23.571485484899938
1710.3410003378397 22.932358698040936
1801.520040802024 22.274179126123986
1897.5598765218504 21.597835982284906
1998.7196386572507 20.90424696605229
2105.272272765707 20.194346117780633
2217.505275253932 19.469072601593375
2335.7214690901214 18.729360606747466
2460.239820869775 17.9761304849012
2591.3963014396572 17.2102811856199
2729.5447924020073 16.432683992730727
2875.0580409448803 15.644177531880638
3028.3286655749457 14.845563973629275
3189.7702154663216 14.037606351757727
3359.818286283781 13.22102688561613
3538.9316954909877 12.396506207240648
3727.593720314938 11.564683378530145
3926.3134017068355 10.726156613390836
4135.626917817706 9.881484607341907
4356.099030694608 9.031188410022734
4588.324610100844 8.175753788612601
4832.930238571752 7.315634046977909
5090.575902036681 6.451253293454721
5361.956770568817 5.583010171588519
5647.805074067552 4.711282092198738
5948.892077934331 3.8364300436439436
6266.030164072656 2.9588040775402336
6600.075022827095 2.078749615779938
6951.927961775606 1.1966147541463643
7322.538337604534 0.31275879336991774
7712.906117627992 -0.5724377276290025
8124.0845778629655 -1.458561166585054
8557.183144940002 -2.3451506970962894
9013.37038951743 -3.231681571489897
9493.87717927582 -4.117545259349268
10000.0 -5.002025963332594
10533.104453709382 -5.884273065625461
11094.628943275218 -6.763269154763014
11686.088553466498 -7.637793535535903
12309.079138896019 -8.506381535672674
12965.281629896688 -9.367280632425425
13656.466567946096 -10.218405435857248
14384.498882876629 -11.05729504789273
15151.342924760515 -11.88107819095042
15959.06776404731 -12.686453749304833
16809.852774253653 -13.469696603631029
17705.99351226898 -14.226700308662032
18649.907912142942 -14.953068215977188
19644.142809066267 -15.644261912133558
20691.3808111479 -16.29580918545971
21794.447537529835 -16.903562882283843
22956.319242369096 -17.463988320320368
24180.13084525718 -17.974443806151854
25469.184389745402 -18.43341118934305
26826.957952797275 -18.840635774018214
28257.115029208268 -19.19714881093215
29763.51441631313 -19.50516809458305
31350.220625651124 -19.767895951599407
33021.51484968176 -19.989251485919436
34781.90651314134 -20.17358060274053
36636.14544020716 -20.325382953427372
38589.23467029899 -20.44908323844462
40646.44395709628 -20.548860313254067
42813.32398719396 -20.628535390781416
45095.721356761445 -20.691512406252205
47499.79434661403 -20.740759541082532
50032.029538259994 -20.778820089818353
52699.259315756564 -20.807842058174074
55508.680300598106 -20.829618004811152
58467.87276937589 -20.84562893050925
61584.82110660255 -20.857088058581983
64867.935347885075 -20.864981969036233
68326.07387157406 -20.870107734799006
71968.56730011514 -20.87310551575343
75805.24367559262 -20.87448657963781
79846.45497739078 -20.874657017891337
84103.10505352604 -20.873937578120646
88586.67904100832 -20.872580094447155
93309.27435461663 -20.87078099817486
98283.63332770011 -20.868692361120598
103523.17759307378 -20.866430877680244
109042.04429677526 -20.864085140236405
114855.12424239368 -20.861721511025664
120978.10206889013 -20.85938884628064
127427.49857031321 -20.85712228554669
134220.7152716012 -20.854946282828905
141376.08138073614 -20.852877024122844
148912.90324394088 -20.850924350135266
156851.5164373548 -20.849093280452852
165213.34063573685 -20.847385217612214
174020.9374062485 -20.845798894672882
183298.07108324338 -20.844331117379674
193069.77288832495 -20.842977342478648
203362.40846866704 -20.841732125446086
214203.74903583832 -20.840589464453032
225623.04629706353 -20.839543062110863
237651.11138110727 -20.83858652225089
250320.39797173254 -20.837713495599296
263665.08987303555 -20.836917785340887
277721.1932429355 -20.836193421473954
292526.6337436642 -20.835534710927494
308121.35887140024 -20.834936269036074
324547.44574113254 -20.834393036837167
341849.21461759275 -20.833900287623912
360073.348498562 -20.833453625594537
379269.0190732246 -20.83304897868058
399488.019395417 -20.832682587300386
420784.9036297398 -20.83235099031436
443217.13424760854 -20.83205100921779
466845.2370703785 -20.83177973131143
491732.9645779016 -20.83153449246381
517947.46792312124 -20.831312859876956
545559.4781168514 -20.831112615192602
574643.4968715974 -20.830931738128942
605277.9976193343 -20.830768390852686
637545.6372456506 -20.83062090314593
671533.4791115135 -20.8304877584427
707333.2279644439 -20.83036758076195
745041.4773728917 -20.830259122532773
784759.9703514606 -20.830161253306937
826595.8738801812 -20.83007294932232
870662.0680585118 -20.829993283886573
917077.4506742931 -20.829921418539136
965967.2580093823 -20.82985659494664
1017463.4027476063 -20.829798127485297
1071704.8298967092 -20.829745396461888
1128837.8916846884 -20.829697841931445
1189016.74244199 -20.82965495806431
1252403.7545350718 -20.829616288017206
1319169.9564735717 -20.829581419275062
1389495.494373136 -20.829549979415653
1463570.1180190798 -20.829521632268477
1541593.6928422702 -20.8294960744305
1623776.739188721 -20.829473032107707
1710341.0003378377 -20.829452258256097
1801520.0408020238 -20.82943352999038
1897559.8765218505 -20.82941664624224
1998719.6386572486 -20.82940142563902
2105272.272765707 -20.82938770458822
2217505.2752539297 -20.829375335544285
2335721.4690901213 -20.82936418544284
2460239.8208697727 -20.82935413428679
2591396.3014396573 -20.82934507386774
2729544.792402007 -20.82933690661321
2875058.040944877 -20.82932954454344
3028328.6655749455 -20.829322908334188
3189770.215466318 -20.829316926463193
3359818.286283781 -20.829311534448824
3538931.6954909842 -20.829306674156314
3727593.720314938 -20.829302293175363
3926313.4017068394 -20.829298344256454
4135626.917817706 -20.829294784804468
4356099.030694608 -20.82929157642132
4588324.61010084 -20.829288684490916
4832930.238571752 -20.82928607780923
5090575.902036676 -20.829283728247425
5361956.770568817 -20.82928161044925
5647805.074067546 -20.829279701557354
5948892.077934331 -20.829277980968712
6266030.164072656 -20.82927643011093
6600075.022827089 -20.82927503224312
6951927.961775606 -20.829273772274775
7322538.337604526 -20.829272636603932
7712906.117627992 -20.82927161296983
8124084.5778629575 -20.829270690320747
8557183.144940002 -20.82926985869516
9013370.38951742 -20.829269109113632
9493877.17927582 -20.829268433482973
10000000.0 -20.829267824507728
10533104.45370936 -20.82926727561235
11094628.943275219 -20.82926678086977
11686088.553466497 -20.829266334937678
12309079.138896018 -20.829265933000833
12965281.629896663 -20.829265570718665
13656466.567946097 -20.829265244179137
14384498.882876629 -20.82926494985599
15151342.924760515 -20.82926468457081
15959067.76404731 -20.8292644454588
16809852.774253618 -20.829264229937785
17705993.51226898 -20.829264035680243
18649907.912142944 -20.829263860588387
19644142.809066266 -20.8292637027714
20691380.811147902 -20.829263560524733
21794447.537529834 -20.829263432312473
22956319.242369097 -20.82926331674976
24180130.84525718 -20.829263212588774
25469184.3897454 -20.829263118704517
26826957.95279722 -20.829263034083056
28257115.02920827 -20.82926295781052
29763514.41631313 -20.829262889063163
31350220.62565112 -20.829262827098574
33021514.849681754 -20.82926277124762
34781906.51314127 -20.82926272090708
36636145.44020716 -20.82926267553324
38589234.67029899 -20.829262634636144
40646443.95709628 -20.82926259777391
42813323.98719387 -20.829262564548724
45095721.35676145 -20.82926253460161
47499794.346614026 -20.829262507609137
50032029.53825999 -20.829262483279795
52699259.31575657 -20.829262461350908
55508680.300597996 -20.82926244158557
58467872.7693759 -20.829262423770277
61584821.10660254 -20.82926240771283
64867935.34788508 -20.829262393239546
68326073.87157391 -20.829262380194198
71968567.30011514 -20.829262368436147
75805243.67559262 -20.829262357837976
79846454.97739078 -20.829262348285404
84103105.05352604 -20.829262339675523
88586679.04100814 -20.829262331914997
93309274.35461664 -20.82926232492007
98283633.32770011 -20.829262318615417
103523177.59307377 -20.829262312932755
109042044.29677527 -20.829262307810737
114855124.24239345 -20.829262303194138
120978102.06889038 -20.82926229903341
127427498.57031322 -20.829262295282533
134220715.2716012 -20.829262291901944
141376081.38073614 -20.829262288854842
148912903.24394056 -20.829262286108346
156851516.43735445 -20.829262283633025
165213340.63573685 -20.829262281401796
174020937.40624848 -20.829262279390704
183298071.08324376 -20.82926227757804
193069772.88832456 -20.82926227594429
203362408.46866703 -20.82926227447169
214203749.0358383 -20.82926227314436
225623046.2970626 -20.82926227194806
237651111.38110778 -20.829262270869652
250320397.97173202 -20.82926226989772
263665089.87303555 -20.8292622690215
277721193.2429355 -20.829262268232064
292526633.74366355 -20.82926226752038
308121358.87140083 -20.829262266878885
324547445.74113256 -20.82926226630078
341849214.6175927 -20.829262265779608
360073348.49856204 -20.829262265309893
379269019.0732238 -20.829262264886538
399488019.39541787 -20.829262264504806
420784903.6297398 -20.829262264161002
443217134.24760854 -20.82926226385097
466845237.07037944 -20.829262263571415
491732964.5779006 -20.829262263319656
517947467.9231202 -20.82926226309258
545559478.1168514 -20.829262262887887
574643496.8715974 -20.829262262703587
605277997.6193355 -20.82926226253733
637545637.2456493 -20.829262262387502
671533479.1115135 -20.829262262252417
707333227.9644439 -20.8292622621305
745041477.3728887 -20.82926226202104
784759970.3514622 -20.82926226192219
826595873.8801795 -20.829262261832824
870662068.0585117 -20.82926226175295
917077450.674293 -20.829262261680277
965967258.0093802 -20.829262261615145
1017463402.7476043 -20.829262261556224
1071704829.8967092 -20.82926226150292
1128837891.6846883 -20.82926226145492
1189016742.44199 -20.829262261412197
1252403754.5350692 -20.829262261373188
1319169956.473569 -20.829262261338517
1389495494.373136 -20.829262261306898
1463570118.0190797 -20.829262261277638
1541593692.8422735 -20.82926226125261
1623776739.1887176 -20.829262261229275
1710341000.337838 -20.829262261209042
1801520040.802024 -20.82926226119019
1897559876.5218503 -20.829262261172854
1998719638.6572526 -20.829262261158057
2105272272.7657027 -20.829262261144503
2217505275.2539296 -20.829262261131408
2335721469.0901213 -20.82926226112035
2460239820.8697777 -20.829262261110646
2591396301.439652 -20.82926226110198
2729544792.402002 -20.829262261093184
2875058040.944877 -20.829262261085574
3028328665.5749454 -20.829262261079435
3189770215.466325 -20.829262261073996
3359818286.2837744 -20.829262261068003
3538931695.4909844 -20.829262261063786
3727593720.314938 -20.829262261058528
3926313401.7068396 -20.829262261054588
4135626917.8176975 -20.82926226105137
4356099030.694599 -20.82926226104668
4588324610.100841 -20.829262261045777
4832930238.571753 -20.8292622610422
5090575902.036687 -20.82926226104007
5361956770.568806 -20.82926226103863
5647805074.067546 -20.829262261036416
5948892077.934331 -20.829262261035034
6266030164.072656 -20.829262261032508
6600075022.827075 -20.829262261031495
6951927961.775591 -20.829262261030394
7322538337.6045265 -20.82926226102868
7712906117.627993 -20.829262261027594
8124084577.862974 -20.829262261027203
8557183144.939984 -20.82926226102628
9013370389.51742 -20.82926226102569
9493877179.27582 -20.829262261024326
10000000000.0 -20.829262261022464
10.0 15.887156091554102
10.53310445370937 16.264786244473818
11.094628943275218 16.647500112316813
11.686088553466515 17.034810658135676
12.309079138896024 17.426241778077806
12.965281629896682 17.821329102510244
13.65646656794611 18.219620052040582
14.38449888287663 18.62067351379801
15.15134292476053 19.024059189099187
15.95906776404731 19.429356360344144
16.80985277425364 19.836152665971138
17.70599351226899 20.244042443116506
18.64990791214297 20.652624930949102
19.644142809066278 21.061502306191695
20.6913808111479 21.470277769836386
21.794447537529855 21.87855338112143
22.956319242369098 22.285928024484363
24.180130845257207 22.691995387647353
25.4691843897454 23.0963420021757
26.826957952797258 23.498545455543443
28.257115029208283 23.89817275177451
29.76351441631318 24.29477894393684
31.350220625651154 24.687906056655635
33.02151484968176 25.077082388014766
34.7819065131413 25.46182224057513
36.63614544020716 25.84162615639122
38.58923467029903 26.215981737567763
40.646443957096295 26.58436509803643
42.81332398719393 26.946243008315292
45.095721356761466 27.30107577309987
47.499794346614124 27.648320858637693
50.03202953826004 27.987437264542695
52.699259315756564 28.317890595009104
55.50868030059805 28.639158748032276
58.467872769375894 28.950738106807176
61.58482110660264 29.25215006438327
64.86793534788511 29.542947681291267
68.32607387157402 29.82272223938308
71.96856730011521 30.091109434065196
75.8052436755926 30.34779493784449
79.84645497739086 30.59251907759039
84.10310505352605 30.825080388724352
88.58667904100822 31.045337856386656
93.30927435461668 31.25321170669374
98.28363332770026 31.448682674807888
103.52317759307378 31.631789753399158
109.04204429677526 31.80262648809661
114.8551242423938 31.961335954881406
120.97810206889012 32.108104601692794
127.42749857031335 32.24315517782067
134.2207152716012 32.3667389937071
141.37608138073614 32.479127757496585
148.91290324394086 32.58060522666931
156.85151643735477 32.67145889199953
165.213340635737 32.75197187476086
174.0209374062485 32.822415192293384
183.29807108324357 32.88304050057096
193.06977288832496 32.9340733939203
203.36240846866724 32.975707300801
214.2037490358383 33.00809800013457
225.62304629706352 33.031358750915004
237.65111138110728 33.04555601775049
250.32039797173255 33.05070577111016
263.6650898730358 33.04677032788014
277.7211932429355 33.033655717897126
292.5266337436645 33.011209555506724
308.1213588714002 32.97921941124287
324.54744574113323 32.93741170007776
341.84921461759274 32.88545110508511
360.073348498562 32.822940587635884
379.26901907322497 32.749422036021414
399.48801939541704 32.664377633255455
420.78490362974026 32.56723202658393
443.21713424760856 32.45735539630933
466.84523707037897 32.33406752143202
491.73296457790156 32.19664293235481
517.9474679231213 32.04431723830593
545.5594781168514 31.87629468268309
574.6434968715973 31.691756956083175
605.2779976193349 31.489873251334664
637.5456372456507 31.26981149069534
671.5334791115142 31.030750593459196
707.3332279644438 30.771893591922883
745.0414773728917 30.492481322036788
784.7599703514607 30.191806364573264
826.5958738801812 29.86922684338159
870.6620680585127 29.52417965262123
917.0774506742931 29.156192662711206
965.9672580093833 28.764895454564027
1017.4634027476063 28.35002817260351
1071.7048298967104 27.911448133671936
1128.8378916846884 27.449133925307496
1189.01674244199 26.96318682595345
1252.4037545350732 26.45382950019652
1319.1699564735716 25.921402040447603
1389.4954943731375 25.3663555479037
1463.5701180190797 24.7892435429017
1541.5936928422718 24.190711578566415
1623.776739188721 23.571485484899938
1710.3410003378397 22.932358698040936
1801.520040802024 22.274179126123986
1897.5598765218504 21.597835982284906
1998.7196386572507 20.90424696605229
2105.272272765707 20.194346117780633
2217.505275253932 19.469072601593375
2335.7214690901214 18.729360606747466
2460.239820869775 17.9761304849012
2591.3963014396572 17.2102811856199
2729.5447924020073 16.432683992730727
2875.0580409448803 15.644177531880638
3028.3286655749457 14.845563973629275
3189.7702154663216 14.037606351757727
3359.818286283781 13.22102688561613
3538.9316954909877 12.396506207240648
3727.593720314938 11.564683378530145
3926.3134017068355 10.726156613390836
4135.626917817706 9.881484607341907
4356.099030694608 9.031188410022734
4588.324610100844 8.175753788612601
4832.930238571752 7.315634046977909
5090.575902036681 6.451253293454721
5361.956770568817 5.583010171588519
5647.805074067552 4.711282092198738
5948.892077934331 3.8364300436439436
6266.030164072656 2.9588040775402336
6600.075022827095 2.078749615779938
6951.927961775606 1.1966147541463643
7322.538337604534 0.31275879336991774
7712.906117627992 -0.5724377276290025
8124.0845778629655 -1.458561166585054
8557.183144940002 -2.3451506970962894
9013.37038951743 -3.231681571489897
9493.87717927582 -4.117545259349268
10000.0 -5.002025963332594
10533.104453709382 -5.884273065625461
11094.628943275218 -6.763269154763014
11686.088553466498 -7.637793535535903
12309.079138896019 -8.506381535672674
12965.281629896688 -9.367280632425425
13656.466567946096 -10.218405435857248
14384.498882876629 -11.05729504789273
15151.342924760515 -11.88107819095042
15959.06776404731 -12.686453749304833
16809.852774253653 -13.469696603631029
17705.99351226898 -14.226700308662032
18649.907912142942 -14.953068215977188
19644.142809066267 -15.644261912133558
20691.3808111479 -16.29580918545971
21794.447537529835 -16.903562882283843
22956.319242369096 -17.463988320320368
24180.13084525718 -17.974443806151854
25469.184389745402 -18.43341118934305
26826.957952797275 -18.840635774018214
28257.115029208268 -19.19714881093215
29763.51441631313 -19.50516809458305
31350.220625651124 -19.767895951599407
33021.51484968176 -19.989251485919436
34781.90651314134 -20.17358060274053
36636.14544020716 -20.325382953427372
38589.23467029899 -20.44908323844462
40646.44395709628 -20.548860313254067
42813.32398719396 -20.628535390781416
45095.721356761445 -20.691512406252205
47499.79434661403 -20.740759541082532
50032.029538259994 -20.778820089818353
52699.259315756564 -20.807842058174074
55508.680300598106 -20.829618004811152
58467.87276937589 -20.84562893050925
61584.82110660255 -20.857088058581983
64867.935347885075 -20.864981969036233
68326.07387157406 -20.870107734799006
71968.56730011514 -20.87310551575343
75805.24367559262 -20.87448657963781
79846.45497739078 -20.874657017891337
84103.10505352604 -20.873937578120646
88586.67904100832 -20.872580094447155
93309.27435461663 -20.87078099817486
98283.63332770011 -20.868692361120598
103523.17759307378 -20.866430877680244
109042.04429677526 -20.864085140236405
114855.12424239368 -20.861721511025664
120978.10206889013 -20.85938884628064
127427.49857031321 -20.85712228554669
134220.7152716012 -20.854946282828905
141376.08138073614 -20.852877024122844
148912.90324394088 -20.850924350135266
156851.5164373548 -20.849093280452852
165213.34063573685 -20.847385217612214
174020.9374062485 -20.845798894672882
183298.07108324338 -20.844331117379674
193069.77288832495 -20.842977342478648
203362.40846866704 -20.841732125446086
214203.74903583832 -20.840589464453032
225623.04629706353 -20.839543062110863
237651.11138110727 -20.83858652225089
250320.39797173254 -20.837713495599296
263665.08987303555 -20.836917785340887
277721.1932429355 -20.836193421473954
292526.6337436642 -20.835534710927494
308121.35887140024 -20.834936269036074
324547.44574113254 -20.834393036837167
341849.21461759275 -20.833900287623912
360073.348498562 -20.833453625594537
379269.0190732246 -20.83304897868058
399488.019395417 -20.832682587300386
420784.9036297398 -20.83235099031436
443217.13424760854 -20.83205100921779
466845.2370703785 -20.83177973131143
491732.9645779016 -20.83153449246381
517947.46792312124 -20.831312859876956
545559.4781168514 -20.831112615192602
574643.4968715974 -20.830931738128942
605277.9976193343 -20.830768390852686
637545.6372456506 -20.83062090314593
671533.4791115135 -20.8304877584427
707333.2279644439 -20.83036758076195
745041.4773728917 -20.830259122532773
784759.9703514606 -20.830161253306937
826595.8738801812 -20.83007294932232
870662.0680585118 -20.829993283886573
917077.4506742931 -20.829921418539136
965967.2580093823 -20.82985659494664
1017463.4027476063 -20.829798127485297
1071704.8298967092 -20.829745396461888
1128837.8916846884 -20.829697841931445
1189016.74244199 -20.82965495806431
1252403.7545350718 -20.829616288017206
1319169.9564735717 -20.829581419275062
1389495.494373136 -20.829549979415653
1463570.1180190798 -20.829521632268477
1541593.6928422702 -20.8294960744305
1623776.739188721 -20.829473032107707
1710341.0003378377 -20.829452258256097
1801520.0408020238 -20.82943352999038
1897559.8765218505 -20.82941664624224
1998719.6386572486 -20.82940142563902
2105272.272765707 -20.82938770458822
2217505.2752539297 -20.829375335544285
2335721.4690901213 -20.82936418544284
2460239.8208697727 -20.82935413428679
2591396.3014396573 -20.82934507386774
2729544.792402007 -20.82933690661321
2875058.040944877 -20.82932954454344
3028328.6655749455 -20.829322908334188
3189770.215466318 -20.829316926463193
3359818.286283781 -20.829311534448824
3538931.6954909842 -20.829306674156314
3727593.720314938 -20.829302293175363
3926313.4017068394 -20.829298344256454
4135626.917817706 -20.829294784804468
4356099.030694608 -20.82929157642132
4588324.61010084 -20.829288684490916
4832930.238571752 -20.82928607780923
5090575.902036676 -20.829283728247425
5361956.770568817 -20.82928161044925
5647805.074067546 -20.829279701557354
5948892.077934331 -20.829277980968712
6266030.164072656 -20.82927643011093
6600075.022827089 -20.82927503224312
6951927.961775606 -20.829273772274775
7322538.337604526 -20.829272636603932
7712906.117627992 -20.82927161296983
8124084.5778629575 -20.829270690320747
8557183.144940002 -20.82926985869516
9013370.38951742 -20.829269109113632
9493877.17927582 -20.829268433482973
10000000.0 -20.829267824507728
10533104.45370936 -20.82926727561235
11094628.943275219 -20.82926678086977
11686088.553466497 -20.829266334937678
12309079.138896018 -20.829265933000833
12965281.629896663 -20.829265570718665
13656466.567946097 -20.829265244179137
14384498.882876629 -20.82926494985599
15151342.924760515 -20.82926468457081
15959067.76404731 -20.8292644454588
16809852.774253618 -20.829264229937785
17705993.51226898 -20.829264035680243
18649907.912142944 -20.829263860588387
19644142.809066266 -20.8292637027714
20691380.811147902 -20.829263560524733
21794447.537529834 -20.829263432312473
22956319.242369097 -20.82926331674976
24180130.84525718 -20.829263212588774
25469184.3897454 -20.829263118704517
26826957.95279722 -20.829263034083056
28257115.02920827 -20.82926295781052
29763514.41631313 -20.829262889063163
31350220.62565112 -20.829262827098574
33021514.849681754 -20.82926277124762
34781906.51314127 -20.82926272090708
36636145.44020716 -20.82926267553324
38589234.67029899 -20.829262634636144
40646443.95709628 -20.82926259777391
42813323.98719387 -20.829262564548724
45095721.35676145 -20.82926253460161
47499794.346614026 -20.829262507609137
50032029.53825999 -20.829262483279795
52699259.31575657 -20.829262461350908
55508680.300597996 -20.82926244158557
58467872.7693759 -20.829262423770277
61584821.10660254 -20.82926240771283
64867935.34788508 -20.829262393239546
68326073.87157391 -20.829262380194198
71968567.30011514 -20.829262368436147
75805243.67559262 -20.829262357837976
79846454.97739078 -20.829262348285404
84103105.05352604 -20.829262339675523
88586679.04100814 -20.829262331914997
93309274.35461664 -20.82926232492007
98283633.32770011 -20.829262318615417
103523177.59307377 -20.829262312932755
109042044.29677527 -20.829262307810737
114855124.24239345 -20.829262303194138
120978102.06889038 -20.82926229903341
127427498.57031322 -20.829262295282533
134220715.2716012 -20.829262291901944
141376081.38073614 -20.829262288854842
148912903.24394056 -20.829262286108346
156851516.43735445 -20.829262283633025
165213340.63573685 -20.829262281401796
174020937.40624848 -20.829262279390704
183298071.08324376 -20.82926227757804
193069772.88832456 -20.82926227594429
203362408.46866703 -20.82926227447169
214203749.0358383 -20.82926227314436
225623046.2970626 -20.82926227194806
237651111.38110778 -20.829262270869652
250320397.97173202 -20.82926226989772
263665089.87303555 -20.8292622690215
277721193.2429355 -20.829262268232064
292526633.74366355 -20.82926226752038
308121358.87140083 -20.829262266878885
324547445.74113256 -20.82926226630078
341849214.6175927 -20.829262265779608
360073348.49856204 -20.829262265309893
379269019.0732238 -20.829262264886538
399488019.39541787 -20.829262264504806
420784903.6297398 -20.829262264161002
443217134.24760854 -20.82926226385097
466845237.07037944 -20.829262263571415
491732964.5779006 -20.829262263319656
517947467.9231202 -20.82926226309258
545559478.1168514 -20.829262262887887
574643496.8715974 -20.829262262703587
605277997.6193355 -20.82926226253733
637545637.2456493 -20.829262262387502
671533479.1115135 -20.829262262252417
707333227.9644439 -20.8292622621305
745041477.3728887 -20.82926226202104
784759970.3514622 -20.82926226192219
826595873.8801795 -20.829262261832824
870662068.0585117 -20.82926226175295
917077450.674293 -20.829262261680277
965967258.0093802 -20.829262261615145
1017463402.7476043 -20.829262261556224
1071704829.8967092 -20.82926226150292
1128837891.6846883 -20.82926226145492
1189016742.44199 -20.829262261412197
1252403754.5350692 -20.829262261373188
1319169956.473569 -20.829262261338517
1389495494.373136 -20.829262261306898
1463570118.0190797 -20.829262261277638
1541593692.8422735 -20.82926226125261
1623776739.1887176 -20.829262261229275
1710341000.337838 -20.829262261209042
1801520040.802024 -20.82926226119019
1897559876.5218503 -20.829262261172854
1998719638.6572526 -20.829262261158057
2105272272.7657027 -20.829262261144503
2217505275.2539296 -20.829262261131408
2335721469.0901213 -20.82926226112035
2460239820.8697777 -20.829262261110646
2591396301.439652 -20.82926226110198
2729544792.402002 -20.829262261093184
2875058040.944877 -20.829262261085574
3028328665.5749454 -20.829262261079435
3189770215.466325 -20.829262261073996
3359818286.2837744 -20.829262261068003
3538931695.4909844 -20.829262261063786
3727593720.314938 -20.829262261058528
3926313401.7068396 -20.829262261054588
4135626917.8176975 -20.82926226105137
4356099030.694599 -20.82926226104668
4588324610.100841 -20.829262261045777
4832930238.571753 -20.8292622610422
5090575902.036687 -20.82926226104007
5361956770.568806 -20.82926226103863
5647805074.067546 -20.829262261036416
5948892077.934331 -20.829262261035034
6266030164.072656 -20.829262261032508
6600075022.827075 -20.829262261031495
6951927961.775591 -20.829262261030394
7322538337.6045265 -20.82926226102868
7712906117.627993 -20.829262261027594
8124084577.862974 -20.829262261027203
8557183144.939984 -20.82926226102628
9013370389.51742 -20.82926226102569
9493877179.27582 -20.829262261024326
10000000000.0 -20.829262261022464
