10.0 -240.85330485821942
10.53310445370937 -272.482831877597
11.094628943275218 -251.10656535687156
11.686088553466515 -258.86201096875493
12.309079138896024 -260.0818734804074
12.965281629896682 -245.69510509990724
13.65646656794611 -249.67417673160452
14.38449888287663 -251.69820634888436
15.15134292476053 -254.98712563486467
15.95906776404731 -248.16136537240598
16.80985277425364 -255.24844792462665
17.70599351226899 -252.08965255301246
18.64990791214297 -264.4050001174442
19.644142809066278 -257.5560905142242
20.6913808111479 -249.6225762693902
21.794447537529855 -257.8575137575659
22.956319242369098 -244.34738031737297
24.180130845257207 -260.14084263937735
25.4691843897454 -257.6672054188897
26.826957952797258 -250.59978701812096
28.257115029208283 -260.52296522058145
29.76351441631318 -241.6329263328558
31.350220625651154 -248.8242504097177
33.02151484968176 -257.09222547485405
34.7819065131413 -249.851130491424
36.63614544020716 -255.61674293129326
38.58923467029903 -250.79868122225835
40.646443957096295 -270.02394726903833
42.81332398719393 -273.06337664410216
45.095721356761466 -255.55547272360718
47.499794346614124 -270.41453073898003
50.03202953826004 -256.906157395695
52.699259315756564 -249.38908040094776
55.50868030059805 -260.98588496551815
58.467872769375894 -266.02088435460803
61.58482110660264 -257.3229786098545
64.86793534788511 -257.41321338328214
68.32607387157402 -256.88569491180294
71.96856730011521 -258.8847243197706
75.8052436755926 -259.9158779877019
79.84645497739086 -263.2070139900602
84.10310505352605 -253.61030978167048
88.58667904100822 -262.43522457031975
93.30927435461668 -259.2723629690229
98.28363332770026 -269.17518764642784
103.52317759307378 -267.3411360006892
109.04204429677526 -259.01931743362354
114.8551242423938 -262.739436411136
120.97810206889012 -261.5553666659402
127.42749857031335 -267.1033695316578
134.2207152716012 -259.0486298684807
141.37608138073614 -272.01270868947955
148.91290324394086 -266.36122842759977
156.85151643735477 -267.07008875476015
165.213340635737 -269.86036835476943
174.0209374062485 -270.936063315462
183.29807108324357 -265.0527303981434
193.06977288832496 -266.38565902423363
203.36240846866724 -274.570381317427
214.2037490358383 -267.4602333798705
225.62304629706352 -278.8205506098879
237.65111138110728 -267.78112751572814
250.32039797173255 -268.33271631033557
263.6650898730358 -277.5813470769847
277.7211932429355 -287.0284806679708
292.5266337436645 -274.3675833966403
308.1213588714002 -271.7414863312559
324.54744574113323 -271.36615623325696
341.84921461759274 -279.81540102651314
360.073348498562 -277.7530895053154
379.26901907322497 -273.4902996384679
399.48801939541704 -277.2275737307429
420.78490362974026 -277.6871995534318
443.21713424760856 -285.682267725799
466.84523707037897 -280.8766866270848
491.73296457790156 -275.5738910096164
517.9474679231213 -281.0279179940859
545.5594781168514 -276.11698927659086
574.6434968715973 -279.96077178273174
605.2779976193349 -295.9486977186102
637.5456372456507 -275.28862808283793
671.5334791115142 -291.962896962169
707.3332279644438 -281.76942810295367
745.0414773728917 -298.32009541694606
784.7599703514607 -284.96094005513794
826.5958738801812 -296.4328515209076
870.6620680585127 -282.28170611273913
917.0774506742931 -292.81924728275203
965.9672580093833 -287.9352190729694
1017.4634027476063 -282.712799362505
1071.7048298967104 -309.05084980748285
1128.8378916846884 -291.1336123625752
1189.01674244199 -296.08769693216095
1252.4037545350732 -306.20341440180204
1319.1699564735716 -290.54253033284766
1389.4954943731375 -294.0138985434248
1463.5701180190797 -292.72362662711805
1541.5936928422718 -297.2872525688215
1623.776739188721 -305.82654669013044
1710.3410003378397 -292.38008718212194
1801.520040802024 -301.34612236105926
1897.5598765218504 -296.97570917283207
1998.7196386572507 -297.2919574025335
2105.272272765707 -298.7050266623926
2217.505275253932 -307.7237754247023
2335.7214690901214 -310.4232420014841
2460.239820869775 -297.8298727867843
2591.3963014396572 -304.4091095835048
2729.5447924020073 -316.5891622705247
2875.0580409448803 -307.4165891840977
3028.3286655749457 -318.48365530337287
3189.7702154663216 -304.8561817933776
3359.818286283781 -311.06773354014456
3538.9316954909877 -314.8214876394858
3727.593720314938 -312.0310959077404
3926.3134017068355 -337.07765703490276
4135.626917817706 -314.19482189299737
4356.099030694608 -307.4667675295907
4588.324610100844 -313.06860766486386
4832.930238571752 -307.4023703722472
5090.575902036681 -314.230972811361
5361.956770568817 -328.02939688193965
5647.805074067552 -314.9982943508232
5948.892077934331 -322.7159413541819
6266.030164072656 -319.05379175502196
6600.075022827095 -322.58819122292425
6951.927961775606 -327.52690283707403
7322.538337604534 -327.3694165219954
7712.906117627992 -332.043068275448
8124.0845778629655 -328.1043771844335
8557.183144940002 -326.20188539502306
9013.37038951743 -332.02381434753454
9493.87717927582 -329.9061945372052
10000.0 -342.8178557546779
10533.104453709382 -342.90386357708746
11094.628943275218 -342.18124768356074
11686.088553466498 -349.14675225340693
12309.079138896019 -335.057613837784
12965.281629896688 -332.9325081276851
13656.466567946096 -342.8178557546779
14384.498882876629 -341.14150866308114
15151.342924760515 -351.63825096785615
15959.06776404731 -337.1326199994169
16809.852774253653 -345.4056749798019
17705.99351226898 -343.5037538316596
18649.907912142942 -348.5751770538993
19644.142809066267 -345.64197149830784
20691.3808111479 -336.7318759858529
21794.447537529835 -334.3773488240686
22956.319242369096 -364.1044376428237
24180.13084525718 -340.32714007624566
25469.184389745402 -351.815399299445
26826.957952797275 -338.16728762176456
28257.115029208268 -342.55889124738883
29763.51441631313 -347.2931772420552
31350.220625651124 -354.0045639477085
33021.51484968176 -337.4211708338141
34781.90651314134 -348.78771343057105
36636.14544020716 -348.782221365479
38589.23467029899 -349.6749418613802
40646.44395709628 -339.70997641785584
42813.32398719396 -346.5403542420943
45095.721356761445 -340.2273061900506
47499.79434661403 -348.66469463857356
50032.029538259994 -336.8344006564228
52699.259315756564 -344.7734335590069
55508.680300598106 -340.84928682894486
58467.87276937589 -345.9764547744979
61584.82110660255 -337.4136490509751
64867.935347885075 -337.25636514693207
68326.07387157406 -355.34688222592115
71968.56730011514 -348.24429942828147
75805.24367559262 -345.0629261083006
79846.45497739078 -342.5908171188671
84103.10505352604 -344.04468231771875
88586.67904100832 -340.89393912751734
93309.27435461663 -348.2158864447674
98283.63332770011 -347.4557054916667
103523.17759307378 -335.4471715228042
109042.04429677526 -349.19055484827015
114855.12424239368 -347.1569528159401
120978.10206889013 -335.609566021286
127427.49857031321 -339.2091188028427
134220.7152716012 -343.41534665319637
141376.08138073614 -338.8843972595148
148912.90324394088 -357.70120045612595
156851.5164373548 -337.7012312707732
165213.34063573685 -339.87450714917975
174020.9374062485 -348.0669892057331
183298.07108324338 -347.05415362080055
193069.77288832495 -335.63865321663843
203362.40846866704 -344.90024921446064
214203.74903583832 -347.2410084616052
225623.04629706353 -346.26681299404777
237651.11138110727 -340.0217310565812
250320.39797173254 -339.9731452997938
263665.08987303555 -341.6779005220269
277721.1932429355 -351.1954032942533
292526.6337436642 -352.1732865318183
308121.35887140024 -346.1480085464999
324547.44574113254 -349.63205996657996
341849.21461759275 -342.0180173172724
360073.348498562 -341.98784620344094
379269.0190732246 -339.7000784498218
399488.019395417 -342.15108197079087
420784.9036297398 -343.01478349389976
443217.13424760854 -342.96450658165605
466845.2370703785 -347.16656793548714
491732.9645779016 -345.47144528412736
517947.46792312124 -343.12994649320365
545559.4781168514 -340.4041626899112
574643.4968715974 -340.35111362802286
605277.9976193343 -347.2554808864926
637545.6372456506 -351.6089138936888
671533.4791115135 -340.9952001835762
707333.2279644439 -345.4046693341874
745041.4773728917 -352.8429170079519
784759.9703514606 -355.75789257553777
826595.8738801812 -351.32189675723305
870662.0680585118 -384.7918156754489
917077.4506742931 -343.0394910152861
965967.2580093823 -355.208267597627
1017463.4027476063 -341.1095582663065
1071704.8298967092 -354.85087905426275
1128837.8916846884 -365.455182940502
1189016.74244199 -357.79370088088257
1252403.7545350718 -345.16686720483136
1319169.9564735717 -339.65005065223556
1389495.494373136 -354.11636371699524
1463570.1180190798 -343.1693392351895
1541593.6928422702 -349.1226832954827
1623776.739188721 -348.98285385653764
1710341.0003378377 -349.1410661130545
1801520.0408020238 -339.65234223545116
1897559.8765218505 -343.1627400399143
1998719.6386572486 -335.21416262738114
2105272.272765707 -369.9845618855641
2217505.2752539297 -343.1732787256217
2335721.4690901213 -349.19250828816405
2460239.8208697727 -349.16081854083995
2591396.3014396573 -343.17336879072036
2729544.792402007 -339.65214205651705
2875058.040944877 -343.16919650666557
3028328.6655749455 -333.62995829392383
3189770.215466318 -343.1673649171183
3359818.286283781 -343.1731348970849
3538931.6954909842 -343.1723251983197
3727593.720314938 -337.14999227629613
3926313.4017068394 -343.14331545325047
4135626.917817706 -376.05173504521537
4356099.030694608 -343.16395603398814
4588324.61010084 -337.11777662976726
4832930.238571752 -343.06002655353336
5090575.902036676 -337.1531165384775
5361956.770568817 -327.6089517551779
5647805.074067546 -329.1946544401584
5948892.077934331 -327.59557535325143
6266030.164072656 -336.99908805938264
6600075.022827089 -325.0767560139179
6951927.961775606 -327.59002324547686
7322538.337604526 -331.1151100191248
7712906.117627992 -323.17213358329235
8124084.5778629575 -327.60303727967323
8557183.144940002 -334.10963133810213
9013370.38951742 -332.8879165326308
9493877.17927582 -327.4482157265172
10000000.0 -327.6111674534791
10533104.45370936 -323.1736927940067
11094628.943275219 -330.26241173231966
11686088.553466497 -318.05839715180264
12309079.138896018 -327.33450775047834
12965281.629896663 -319.06335617305393
13656466.567946097 -323.13324000088664
14384498.882876629 -318.06834392284065
15151342.924760515 -331.129983920433
15959067.76404731 -325.0651785571966
16809852.774253618 -320.74806548353183
17705993.51226898 -317.1401299515402
18649907.912142944 -311.1035222987967
19644142.809066266 -311.13149243719675
20691380.811147902 -308.82058249981867
21794447.537529834 -317.13764573070125
22956319.242369097 -307.56627127153683
24180130.84525718 -319.09178876953456
25469184.3897454 -345.0235221719473
26826957.95279722 -314.8805847514979
28257115.02920827 -312.0374645463801
29763514.41631313 -307.60690111793843
31350220.62565112 -306.78305590504215
33021514.849681754 -302.6388723035664
34781906.51314127 -325.7442300001758
36636145.44020716 -302.0360966261555
38589234.67029899 -301.15143540967796
40646443.95709628 -302.12039110613307
42813323.98719387 -301.3926597321719
45095721.35676145 -295.0996379334832
47499794.346614026 -304.423033284429
50032029.53825999 -296.68044954950966
52699259.31575657 -292.3052189824082
55508680.300597996 -297.5026199987839
58467872.7693759 -297.77115633405475
61584821.10660254 -297.55396506845335
64867935.34788508 -313.6533980544267
68326073.87157391 -329.4496298282319
71968567.30011514 -297.14364582604566
75805243.67559262 -296.64700282259383
79846454.97739078 -312.4844833993846
84103105.05352604 -297.49174376123614
88586679.04100814 -309.6031425166368
93309274.35461664 -308.80982752182314
98283633.32770011 -299.96461905287805
103523177.59307377 -298.95782474281634
109042044.29677527 -306.930887245851
114855124.24239345 -312.9485017845483
120978102.06889038 -308.5229414352976
127427498.57031322 -315.1950654270912
134220715.2716012 -299.7177250430209
141376081.38073614 -299.5236940817071
148912903.24394056 -313.86434378967243
156851516.43735445 -307.592124591436
165213340.63573685 -299.81092055645985
174020937.40624848 -304.6041830600163
183298071.08324376 -303.8373062396098
193069772.88832456 -298.51960539303127
203362408.46866703 -305.81335204337586
214203749.0358383 -320.76072626006913
225623046.2970626 -313.76159704853995
237651111.38110778 -307.17022715723647
250320397.97173202 -303.5854742012004
263665089.87303555 -303.69479092358034
277721193.2429355 -300.2885388225063
292526633.74366355 -302.853017472924
308121358.87140083 -298.38523778731894
324547445.74113256 -296.00058402803546
341849214.6175927 -299.795612792872
360073348.49856204 -293.90149619785797
379269019.0732238 -310.25591616747806
399488019.39541787 -306.37914681751874
420784903.6297398 -290.8700378678139
443217134.24760854 -292.87312430280724
466845237.07037944 -289.9947969402604
491732964.5779006 -288.3293908896372
517947467.9231202 -294.57000289806666
545559478.1168514 -290.4548920779752
574643496.8715974 -290.2991985165174
605277997.6193355 -279.3047516610403
637545637.2456493 -284.8470566595349
671533479.1115135 -299.14823491264536
707333227.9644439 -276.631866314957
745041477.3728887 -280.3484666309233
784759970.3514622 -292.78155054300436
826595873.8801795 -278.3991970933402
870662068.0585117 -289.8972275186079
917077450.674293 -288.19885013093864
965967258.0093802 -292.78946472848065
1017463402.7476043 -272.1990481684633
1071704829.8967092 -278.94683174770444
1128837891.6846883 -271.2391170289816
1189016742.44199 -291.03731550217947
1252403754.5350692 -258.9227704253281
1319169956.473569 -265.57807380019375
1389495494.373136 -255.84856607508485
1463570118.0190797 -264.1573280159161
1541593692.8422735 -281.9122997068505
1623776739.1887176 -262.60648601517295
1710341000.337838 -261.0971932552581
1801520040.802024 -257.8381197801593
1897559876.5218503 -258.0903940027888
1998719638.6572526 -252.21428843367673
2105272272.7657027 -254.41458326550696
2217505275.2539296 -250.73334833447146
2335721469.0901213 -277.25508541508356
2460239820.8697777 -272.86560570549136
2591396301.439652 -245.11438763501587
2729544792.402002 -259.697344808808
2875058040.944877 -269.53514793553205
3028328665.5749454 -246.40049359088363
3189770215.466325 -248.10692086558805
3359818286.2837744 -242.85493561644114
3538931695.4909844 -234.19157716790522
3727593720.314938 -238.04159646308057
3926313401.7068396 -225.58985709185617
4135626917.8176975 -230.40337407199252
4356099030.694599 -240.11307894993465
4588324610.100841 -246.93424205756472
4832930238.571753 -238.16179467376557
5090575902.036687 -237.25465725362054
5361956770.568806 -233.68227213049207
5647805074.067546 -238.48098725885748
5948892077.934331 -223.73999645790752
6266030164.072656 -242.48349136506036
6600075022.827075 -226.82725944521172
6951927961.775591 -221.82326840114092
7322538337.6045265 -213.69638417869032
7712906117.627993 -225.07516465337363
8124084577.862974 -217.92922282636016
8557183144.939984 -215.70168705687368
9013370389.51742 -210.48719827014278
9493877179.27582 -220.80690881512356
10000000000.0 -209.44286556130226
10.0 -240.85330485821942
10.53310445370937 -272.482831877597
11.094628943275218 -251.10656535687156
11.686088553466515 -258.86201096875493
12.309079138896024 -260.0818734804074
12.965281629896682 -245.69510509990724
13.65646656794611 -249.67417673160452
14.38449888287663 -251.69820634888436
15.15134292476053 -254.98712563486467
15.95906776404731 -248.16136537240598
16.80985277425364 -255.24844792462665
17.70599351226899 -252.08965255301246
18.64990791214297 -264.4050001174442
19.644142809066278 -257.5560905142242
20.6913808111479 -249.6225762693902
21.794447537529855 -257.8575137575659
22.956319242369098 -244.34738031737297
24.180130845257207 -260.14084263937735
25.4691843897454 -257.6672054188897
26.826957952797258 -250.59978701812096
28.257115029208283 -260.52296522058145
29.76351441631318 -241.6329263328558
31.350220625651154 -248.8242504097177
33.02151484968176 -257.09222547485405
34.7819065131413 -249.851130491424
36.63614544020716 -255.61674293129326
38.58923467029903 -250.79868122225835
40.646443957096295 -270.02394726903833
42.81332398719393 -273.06337664410216
45.095721356761466 -255.55547272360718
47.499794346614124 -270.41453073898003
50.03202953826004 -256.906157395695
52.699259315756564 -249.38908040094776
55.50868030059805 -260.98588496551815
58.467872769375894 -266.02088435460803
61.58482110660264 -257.3229786098545
64.86793534788511 -257.41321338328214
68.32607387157402 -256.88569491180294
71.96856730011521 -258.8847243197706
75.8052436755926 -259.9158779877019
79.84645497739086 -263.2070139900602
84.10310505352605 -253.61030978167048
88.58667904100822 -262.43522457031975
93.30927435461668 -259.2723629690229
98.28363332770026 -269.17518764642784
103.52317759307378 -267.3411360006892
109.04204429677526 -259.01931743362354
114.8551242423938 -262.739436411136
120.97810206889012 -261.5553666659402
127.42749857031335 -267.1033695316578
134.2207152716012 -259.0486298684807
141.37608138073614 -272.01270868947955
148.91290324394086 -266.36122842759977
156.85151643735477 -267.07008875476015
165.213340635737 -269.86036835476943
174.0209374062485 -270.936063315462
183.29807108324357 -265.0527303981434
193.06977288832496 -266.38565902423363
203.36240846866724 -274.570381317427
214.2037490358383 -267.4602333798705
225.62304629706352 -278.8205506098879
237.65111138110728 -267.78112751572814
250.32039797173255 -268.33271631033557
263.6650898730358 -277.5813470769847
277.7211932429355 -287.0284806679708
292.5266337436645 -274.3675833966403
308.1213588714002 -271.7414863312559
324.54744574113323 -271.36615623325696
341.84921461759274 -279.81540102651314
360.073348498562 -277.7530895053154
379.26901907322497 -273.4902996384679
399.48801939541704 -277.2275737307429
420.78490362974026 -277.6871995534318
443.21713424760856 -285.682267725799
466.84523707037897 -280.8766866270848
491.73296457790156 -275.5738910096164
517.9474679231213 -281.0279179940859
545.5594781168514 -276.11698927659086
574.6434968715973 -279.96077178273174
605.2779976193349 -295.9486977186102
637.5456372456507 -275.28862808283793
671.5334791115142 -291.962896962169
707.3332279644438 -281.76942810295367
745.0414773728917 -298.32009541694606
784.7599703514607 -284.96094005513794
826.5958738801812 -296.4328515209076
870.6620680585127 -282.28170611273913
917.0774506742931 -292.81924728275203
965.9672580093833 -287.9352190729694
1017.4634027476063 -282.712799362505
1071.7048298967104 -309.05084980748285
1128.8378916846884 -291.1336123625752
1189.01674244199 -296.08769693216095
1252.4037545350732 -306.20341440180204
1319.1699564735716 -290.54253033284766
1389.4954943731375 -294.0138985434248
1463.5701180190797 -292.72362662711805
1541.5936928422718 -297.2872525688215
1623.776739188721 -305.82654669013044
1710.3410003378397 -292.38008718212194
1801.520040802024 -301.34612236105926
1897.5598765218504 -296.97570917283207
1998.7196386572507 -297.2919574025335
2105.272272765707 -298.7050266623926
2217.505275253932 -307.7237754247023
2335.7214690901214 -310.4232420014841
2460.239820869775 -297.8298727867843
2591.3963014396572 -304.4091095835048
2729.5447924020073 -316.5891622705247
2875.0580409448803 -307.4165891840977
3028.3286655749457 -318.48365530337287
3189.7702154663216 -304.8561817933776
3359.818286283781 -311.06773354014456
3538.9316954909877 -314.8214876394858
3727.593720314938 -312.0310959077404
3926.3134017068355 -337.07765703490276
4135.626917817706 -314.19482189299737
4356.099030694608 -307.4667675295907
4588.324610100844 -313.06860766486386
4832.930238571752 -307.4023703722472
5090.575902036681 -314.230972811361
5361.956770568817 -328.02939688193965
5647.805074067552 -314.9982943508232
5948.892077934331 -322.7159413541819
6266.030164072656 -319.05379175502196
6600.075022827095 -322.58819122292425
6951.927961775606 -327.52690283707403
7322.538337604534 -327.3694165219954
7712.906117627992 -332.043068275448
8124.0845778629655 -328.1043771844335
8557.183144940002 -326.20188539502306
9013.37038951743 -332.02381434753454
9493.87717927582 -329.9061945372052
10000.0 -342.8178557546779
10533.104453709382 -342.90386357708746
11094.628943275218 -342.18124768356074
11686.088553466498 -349.14675225340693
12309.079138896019 -335.057613837784
12965.281629896688 -332.9325081276851
13656.466567946096 -342.8178557546779
14384.498882876629 -341.14150866308114
15151.342924760515 -351.63825096785615
15959.06776404731 -337.1326199994169
16809.852774253653 -345.4056749798019
17705.99351226898 -343.5037538316596
18649.907912142942 -348.5751770538993
19644.142809066267 -345.64197149830784
20691.3808111479 -336.7318759858529
21794.447537529835 -334.3773488240686
22956.319242369096 -364.1044376428237
24180.13084525718 -340.32714007624566
25469.184389745402 -351.815399299445
26826.957952797275 -338.16728762176456
28257.115029208268 -342.55889124738883
29763.51441631313 -347.2931772420552
31350.220625651124 -354.0045639477085
33021.51484968176 -337.4211708338141
34781.90651314134 -348.78771343057105
36636.14544020716 -348.782221365479
38589.23467029899 -349.6749418613802
40646.44395709628 -339.70997641785584
42813.32398719396 -346.5403542420943
45095.721356761445 -340.2273061900506
47499.79434661403 -348.66469463857356
50032.029538259994 -336.8344006564228
52699.259315756564 -344.7734335590069
55508.680300598106 -340.84928682894486
58467.87276937589 -345.9764547744979
61584.82110660255 -337.4136490509751
64867.935347885075 -337.25636514693207
68326.07387157406 -355.34688222592115
71968.56730011514 -348.24429942828147
75805.24367559262 -345.0629261083006
79846.45497739078 -342.5908171188671
84103.10505352604 -344.04468231771875
88586.67904100832 -340.89393912751734
93309.27435461663 -348.2158864447674
98283.63332770011 -347.4557054916667
103523.17759307378 -335.4471715228042
109042.04429677526 -349.19055484827015
114855.12424239368 -347.1569528159401
120978.10206889013 -335.609566021286
127427.49857031321 -339.2091188028427
134220.7152716012 -343.41534665319637
141376.08138073614 -338.8843972595148
148912.90324394088 -357.70120045612595
156851.5164373548 -337.7012312707732
165213.34063573685 -339.87450714917975
174020.9374062485 -348.0669892057331
183298.07108324338 -347.05415362080055
193069.77288832495 -335.63865321663843
203362.40846866704 -344.90024921446064
214203.74903583832 -347.2410084616052
225623.04629706353 -346.26681299404777
237651.11138110727 -340.0217310565812
250320.39797173254 -339.9731452997938
263665.08987303555 -341.6779005220269
277721.1932429355 -351.1954032942533
292526.6337436642 -352.1732865318183
308121.35887140024 -346.1480085464999
324547.44574113254 -349.63205996657996
341849.21461759275 -342.0180173172724
360073.348498562 -341.98784620344094
379269.0190732246 -339.7000784498218
399488.019395417 -342.15108197079087
420784.9036297398 -343.01478349389976
443217.13424760854 -342.96450658165605
466845.2370703785 -347.16656793548714
491732.9645779016 -345.47144528412736
517947.46792312124 -343.12994649320365
545559.4781168514 -340.4041626899112
574643.4968715974 -340.35111362802286
605277.9976193343 -347.2554808864926
637545.6372456506 -351.6089138936888
671533.4791115135 -340.9952001835762
707333.2279644439 -345.4046693341874
745041.4773728917 -352.8429170079519
784759.9703514606 -355.75789257553777
826595.8738801812 -351.32189675723305
870662.0680585118 -384.7918156754489
917077.4506742931 -343.0394910152861
965967.2580093823 -355.208267597627
1017463.4027476063 -341.1095582663065
1071704.8298967092 -354.85087905426275
1128837.8916846884 -365.455182940502
1189016.74244199 -357.79370088088257
1252403.7545350718 -345.16686720483136
1319169.9564735717 -339.65005065223556
1389495.494373136 -354.11636371699524
1463570.1180190798 -343.1693392351895
1541593.6928422702 -349.1226832954827
1623776.739188721 -348.98285385653764
1710341.0003378377 -349.1410661130545
1801520.0408020238 -339.65234223545116
1897559.8765218505 -343.1627400399143
1998719.6386572486 -335.21416262738114
2105272.272765707 -369.9845618855641
2217505.2752539297 -343.1732787256217
2335721.4690901213 -349.19250828816405
2460239.8208697727 -349.16081854083995
2591396.3014396573 -343.17336879072036
2729544.792402007 -339.65214205651705
2875058.040944877 -343.16919650666557
3028328.6655749455 -333.62995829392383
3189770.215466318 -343.1673649171183
3359818.286283781 -343.1731348970849
3538931.6954909842 -343.1723251983197
3727593.720314938 -337.14999227629613
3926313.4017068394 -343.14331545325047
4135626.917817706 -376.05173504521537
4356099.030694608 -343.16395603398814
4588324.61010084 -337.11777662976726
4832930.238571752 -343.06002655353336
5090575.902036676 -337.1531165384775
5361956.770568817 -327.6089517551779
5647805.074067546 -329.1946544401584
5948892.077934331 -327.59557535325143
6266030.164072656 -336.99908805938264
6600075.022827089 -325.0767560139179
6951927.961775606 -327.59002324547686
7322538.337604526 -331.1151100191248
7712906.117627992 -323.17213358329235
8124084.5778629575 -327.60303727967323
8557183.144940002 -334.10963133810213
9013370.38951742 -332.8879165326308
9493877.17927582 -327.4482157265172
10000000.0 -327.6111674534791
10533104.45370936 -323.1736927940067
11094628.943275219 -330.26241173231966
11686088.553466497 -318.05839715180264
12309079.138896018 -327.33450775047834
12965281.629896663 -319.06335617305393
13656466.567946097 -323.13324000088664
14384498.882876629 -318.06834392284065
15151342.924760515 -331.129983920433
15959067.76404731 -325.0651785571966
16809852.774253618 -320.74806548353183
17705993.51226898 -317.1401299515402
18649907.912142944 -311.1035222987967
19644142.809066266 -311.13149243719675
20691380.811147902 -308.82058249981867
21794447.537529834 -317.13764573070125
22956319.242369097 -307.56627127153683
24180130.84525718 -319.09178876953456
25469184.3897454 -345.0235221719473
26826957.95279722 -314.8805847514979
28257115.02920827 -312.0374645463801
29763514.41631313 -307.60690111793843
31350220.62565112 -306.78305590504215
33021514.849681754 -302.6388723035664
34781906.51314127 -325.7442300001758
36636145.44020716 -302.0360966261555
38589234.67029899 -301.15143540967796
40646443.95709628 -302.12039110613307
42813323.98719387 -301.3926597321719
45095721.35676145 -295.0996379334832
47499794.346614026 -304.423033284429
50032029.53825999 -296.68044954950966
52699259.31575657 -292.3052189824082
55508680.300597996 -297.5026199987839
58467872.7693759 -297.77115633405475
61584821.10660254 -297.55396506845335
64867935.34788508 -313.6533980544267
68326073.87157391 -329.4496298282319
71968567.30011514 -297.14364582604566
75805243.67559262 -296.64700282259383
79846454.97739078 -312.4844833993846
84103105.05352604 -297.49174376123614
88586679.04100814 -309.6031425166368
93309274.35461664 -308.80982752182314
98283633.32770011 -299.96461905287805
103523177.59307377 -298.95782474281634
109042044.29677527 -306.930887245851
114855124.24239345 -312.9485017845483
120978102.06889038 -308.5229414352976
127427498.57031322 -315.1950654270912
134220715.2716012 -299.7177250430209
141376081.38073614 -299.5236940817071
148912903.24394056 -313.86434378967243
156851516.43735445 -307.592124591436
165213340.63573685 -299.81092055645985
174020937.40624848 -304.6041830600163
183298071.08324376 -303.8373062396098
193069772.88832456 -298.51960539303127
203362408.46866703 -305.81335204337586
214203749.0358383 -320.76072626006913
225623046.2970626 -313.76159704853995
237651111.38110778 -307.17022715723647
250320397.97173202 -303.5854742012004
263665089.87303555 -303.69479092358034
277721193.2429355 -300.2885388225063
292526633.74366355 -302.853017472924
308121358.87140083 -298.38523778731894
324547445.74113256 -296.00058402803546
341849214.6175927 -299.795612792872
360073348.49856204 -293.90149619785797
379269019.0732238 -310.25591616747806
399488019.39541787 -306.37914681751874
420784903.6297398 -290.8700378678139
443217134.24760854 -292.87312430280724
466845237.07037944 -289.9947969402604
491732964.5779006 -288.3293908896372
517947467.9231202 -294.57000289806666
545559478.1168514 -290.4548920779752
574643496.8715974 -290.2991985165174
605277997.6193355 -279.3047516610403
637545637.2456493 -284.8470566595349
671533479.1115135 -299.14823491264536
707333227.9644439 -276.631866314957
745041477.3728887 -280.3484666309233
784759970.3514622 -292.78155054300436
826595873.8801795 -278.3991970933402
870662068.0585117 -289.8972275186079
917077450.674293 -288.19885013093864
965967258.0093802 -292.78946472848065
1017463402.7476043 -272.1990481684633
1071704829.8967092 -278.94683174770444
1128837891.6846883 -271.2391170289816
1189016742.44199 -291.03731550217947
1252403754.5350692 -258.9227704253281
1319169956.473569 -265.57807380019375
1389495494.373136 -255.84856607508485
1463570118.0190797 -264.1573280159161
1541593692.8422735 -281.9122997068505
1623776739.1887176 -262.60648601517295
1710341000.337838 -261.0971932552581
1801520040.802024 -257.8381197801593
1897559876.5218503 -258.0903940027888
1998719638.6572526 -252.21428843367673
2105272272.7657027 -254.41458326550696
2217505275.2539296 -250.73334833447146
2335721469.0901213 -277.25508541508356
2460239820.8697777 -272.86560570549136
2591396301.439652 -245.11438763501587
2729544792.402002 -259.697344808808
2875058040.944877 -269.53514793553205
3028328665.5749454 -246.40049359088363
3189770215.466325 -248.10692086558805
3359818286.2837744 -242.85493561644114
3538931695.4909844 -234.19157716790522
3727593720.314938 -238.04159646308057
3926313401.7068396 -225.58985709185617
4135626917.8176975 -230.40337407199252
4356099030.694599 -240.11307894993465
4588324610.100841 -246.93424205756472
4832930238.571753 -238.16179467376557
5090575902.036687 -237.25465725362054
5361956770.568806 -233.68227213049207
5647805074.067546 -238.48098725885748
5948892077.934331 -223.73999645790752
6266030164.072656 -242.48349136506036
6600075022.827075 -226.82725944521172
6951927961.775591 -221.82326840114092
7322538337.6045265 -213.69638417869032
7712906117.627993 -225.07516465337363
8124084577.862974 -217.92922282636016
8557183144.939984 -215.70168705687368
9013370389.51742 -210.48719827014278
9493877179.27582 -220.80690881512356
10000000000.0 -209.44286556130226
