10.0 -20.846725827304148
10.53310445370937 -20.84672580000715
11.094628943275218 -20.84672577094861
11.686088553466515 -20.846725754202104
12.309079138896024 -20.846725713829592
12.965281629896682 -20.846725674894174
13.65646656794611 -20.846725643423966
14.38449888287663 -20.846725605866077
15.15134292476053 -20.846725549613232
15.95906776404731 -20.846725490535256
16.80985277425364 -20.84672543677399
17.70599351226899 -20.84672537533756
18.64990791214297 -20.84672530628259
19.644142809066278 -20.846725217614605
20.6913808111479 -20.846725128055198
21.794447537529855 -20.846725034389774
22.956319242369098 -20.84672492276177
24.180130845257207 -20.846724804508426
25.4691843897454 -20.846724670753105
26.826957952797258 -20.846724521894565
28.257115029208283 -20.846724357389114
29.76351441631318 -20.846724174841803
31.350220625651154 -20.846723972320387
33.02151484968176 -20.84672374723878
34.7819065131413 -20.846723497742406
36.63614544020716 -20.84672322212118
38.58923467029903 -20.846722914458297
40.646443957096295 -20.846722572820035
42.81332398719393 -20.846722197253982
45.095721356761466 -20.846721778419838
47.499794346614124 -20.846721313391182
50.03202953826004 -20.8467207975579
52.699259315756564 -20.84672022546322
55.50868030059805 -20.846719590825295
58.467872769375894 -20.846718886292606
61.58482110660264 -20.846718105213217
64.86793534788511 -20.846717238445997
68.32607387157402 -20.846716276619574
71.96856730011521 -20.846715209655528
75.8052436755926 -20.84671402611358
79.84645497739086 -20.846712712619976
84.10310505352605 -20.846711255469273
88.58667904100822 -20.846709639031417
93.30927435461668 -20.846707845650077
98.28363332770026 -20.846705855997993
103.52317759307378 -20.846703648177378
109.04204429677526 -20.846701198806418
114.8551242423938 -20.84669848157239
120.97810206889012 -20.84669546674479
127.42749857031335 -20.846692122037908
134.2207152716012 -20.846688410996816
141.37608138073614 -20.84668429399371
148.91290324394086 -20.846679726189727
156.85151643735477 -20.846674658349574
165.213340635737 -20.84666903587494
174.0209374062485 -20.846662797900187
183.29807108324357 -20.84665587715477
193.06977288832496 -20.846648198874597
203.36240846866724 -20.846639680089826
214.2037490358383 -20.846630228870797
225.62304629706352 -20.846619743142316
237.65111138110728 -20.84660810971533
250.32039797173255 -20.846595202858072
263.6650898730358 -20.8465808832866
277.7211932429355 -20.846564996363565
292.5266337436645 -20.84654737052871
308.1213588714002 -20.846527815475394
324.54744574113323 -20.846506120012766
341.84921461759274 -20.846482049957196
360.073348498562 -20.846455345389572
379.26901907322497 -20.846425718020917
399.48801939541704 -20.846392847966705
420.78490362974026 -20.846356380383018
443.21713424760856 -20.846315921581727
466.84523707037897 -20.846271034837926
491.73296457790156 -20.846221235617453
517.9474679231213 -20.84616598643074
545.5594781168514 -20.846104690956963
574.6434968715973 -20.84603668772121
605.2779976193349 -20.845961242862742
637.5456372456507 -20.84587754232968
671.5334791115142 -20.845784683052923
707.3332279644438 -20.845681663261203
745.0414773728917 -20.845567371714388
784.7599703514607 -20.845440575753045
826.5958738801812 -20.845299908041433
870.6620680585127 -20.845143851936072
917.0774506742931 -20.844970725152724
965.9672580093833 -20.84477866178771
1017.4634027476063 -20.84456559229444
1071.7048298967104 -20.84432922138624
1128.8378916846884 -20.844067003427384
1189.01674244199 -20.84377611531266
1252.4037545350732 -20.843453426332236
1319.1699564735716 -20.843095464837557
1389.4954943731375 -20.84269838129845
1463.5701180190797 -20.842257907508326
1541.5936928422718 -20.84176931124349
1623.776739188721 -20.84122734636161
1710.3410003378397 -20.840626197364912
1801.520040802024 -20.839959418253752
1897.5598765218504 -20.839219864914618
1998.7196386572507 -20.83839962041847
2105.272272765707 -20.837489912466122
2217.505275253932 -20.8364810224641
2335.7214690901214 -20.835362185045675
2460.239820869775 -20.83412147740553
2591.3963014396572 -20.832745697409326
2729.5447924020073 -20.831220229465966
2875.0580409448803 -20.82952889700969
3028.3286655749457 -20.827653800496307
3189.7702154663216 -20.825575139726826
3359.818286283781 -20.823271019057692
3538.9316954909877 -20.820717234407084
3727.593720314938 -20.817887040594414
3926.3134017068355 -20.814750897600447
4135.626917817706 -20.81127619466305
4356.099030694608 -20.80742695069727
4588.324610100844 -20.803163490107778
4832.930238571752 -20.798442092969182
5090.575902036681 -20.79321461882637
5361.956770568817 -20.787428103860314
5647.805074067552 -20.781024331512103
5948.892077934331 -20.773939377226235
6266.030164072656 -20.766103129065772
6600.075022827095 -20.757438786372575
6951.927961775606 -20.747862340528332
7322.538337604534 -20.737282042878697
7712.906117627992 -20.725597866826625
8124.0845778629655 -20.712700973522278
8557.183144940002 -20.698473192532486
9013.37038951743 -20.68278653253619
9493.87717927582 -20.665502739859182
10000.0 -20.646472926806744
10533.104453709382 -20.62553729583412
11094.628943275218 -20.602524990068467
11686.088553466498 -20.57725410542711
12309.079138896019 -20.549531904366496
12965.281629896688 -20.519155275713498
13656.466567946096 -20.4859114890586
14384.498882876629 -20.449579295133947
15151.342924760515 -20.409930425019404
15959.06776404731 -20.36673154038588
16809.852774253653 -20.319746683203697
17705.99351226898 -20.26874026662815
18649.907912142942 -20.213480636886338
19644.142809066267 -20.153744219951296
20691.3808111479 -20.089320244894225
21794.447537529835 -20.02001600872379
22956.319242369096 -19.945662615128658
24180.13084525718 -19.86612108313836
25469.184389745402 -19.781288682066695
26826.957952797275 -19.69110530983551
28257.115029208268 -19.595559694001462
29763.51441631313 -19.494695163258363
31350.220625651124 -19.388614715054306
33021.51484968176 -19.277485095497752
34781.90651314134 -19.161539614195803
36636.14544020716 -19.041079441713553
38589.23467029899 -18.91647318049666
40646.44395709628 -18.78815456190368
42813.32398719396 -18.656618199237887
45095.721356761445 -18.52241341498193
47499.79434661403 -18.38613625515806
50032.029538259994 -18.24841989758886
52699.259315756564 -18.10992374742766
55508.680300598106 -17.971321586445416
58467.87276937589 -17.833289196366803
61584.82110660255 -17.69649190657195
64867.935347885075 -17.561572521461855
68326.07387157406 -17.42914006070666
71968.56730011514 -17.299759699857848
75805.24367559262 -17.173944231448516
79846.45497739078 -17.05214728394938
84103.10505352604 -16.9347584433106
88586.67904100832 -16.822100326570467
93309.27435461663 -16.71442756522582
98283.63332770011 -16.611927574423408
103523.17759307378 -16.514722916333117
109042.04429677526 -16.42287501633211
114855.12424239368 -16.33638895956355
120978.10206889013 -16.255219083129717
127427.49857031321 -16.179275083719173
134220.7152716012 -16.108428379138807
141376.08138073614 -16.04251849150073
148912.90324394088 -15.98135925592723
156851.5164373548 -15.92474469833316
165213.34063573685 -15.872454465780745
174020.9374062485 -15.824258730678766
183298.07108324338 -15.779922524085281
193069.77288832495 -15.739209482355172
203362.40846866704 -15.701885014847367
214203.74903583832 -15.667718918448703
225623.04629706353 -15.636487477628922
237651.11138110727 -15.60797509707795
250320.39797173254 -15.581975518575181
263665.08987303555 -15.55829267518167
277721.1932429355 -15.536741234988874
292526.6337436642 -15.51714688409303
308121.35887140024 -15.499346394649239
324547.44574113254 -15.483187519544828
341849.21461759275 -15.468528750456372
360073.348498562 -15.455238971288336
379269.0190732246 -15.443197034425275
399488.019395417 -15.432291282891612
420784.9036297398 -15.422419037631919
443217.13424760854 -15.413486065557047
466845.2370703785 -15.405406040954961
491732.9645779016 -15.398100010213403
517947.46792312124 -15.391495867473616
545559.4781168514 -15.385527846976983
574643.4968715974 -15.38013603626505
605277.9976193343 -15.375265913046835
637545.6372456506 -15.37086790757818
671533.4791115135 -15.366896991461035
707333.2279644439 -15.36331229317511
745041.4773728917 -15.360076740128257
784759.9703514606 -15.357156726609585
826595.8738801812 -15.35452180675247
870662.0680585118 -15.352144411427602
917077.4506742931 -15.349999587850714
965967.2580093823 -15.34806476058252
1017463.4027476063 -15.34631951262629
1071704.8298967092 -15.34474538521383
1128837.8916846884 -15.343325695025081
1189016.74244199 -15.342045367506596
1252403.7545350718 -15.34089078507093
1319169.9564735717 -15.339849648986853
1389495.494373136 -15.338910853860808
1463570.1180190798 -15.338064373629845
1541593.6928422702 -15.337301158132004
1623776.739188721 -15.336613039298644
1710341.0003378377 -15.33599264614153
1801520.0408020238 -15.335433327761844
1897559.8765218505 -15.3349290836322
1998719.6386572486 -15.334474500524792
2105272.272765707 -15.33406469544455
2217505.2752539297 -15.333695264039083
2335721.4690901213 -15.333362233962438
2460239.8208697727 -15.33306202272451
2591396.3014396573 -15.332791399610121
2729544.792402007 -15.332547451288423
2875058.040944877 -15.332327550763319
3028328.6655749455 -15.332129329319757
3189770.215466318 -15.33195065121352
3359818.286283781 -15.3317895908237
3538931.6954909842 -15.331644412033947
3727593.720314938 -15.331513549626315
3926313.4017068394 -15.331395592485517
4135626.917817706 -15.331289268469373
4356099.030694608 -15.331193430730279
4588324.61010084 -15.331107045406174
4832930.238571752 -15.331029180501815
5090575.902036676 -15.330958995850326
5361956.770568817 -15.330895734096615
5647805.074067546 -15.330838712534103
5948892.077934331 -15.330787315749163
6266030.164072656 -15.330740988994165
6600075.022827089 -15.33069923222188
6951927.961775606 -15.330661594687715
7322538.337604526 -15.33062767008585
7712906.117627992 -15.330597092183806
8124084.5778629575 -15.330569530859623
8557183.144940002 -15.330544688548205
9013370.38951742 -15.330522297040783
9493877.17927582 -15.330502114566837
10000000.0 -15.330483923213594
10533104.45370936 -15.330467526556717
11094628.943275219 -15.330452747550085
11686088.553466497 -15.33043942660636
12309079.138896018 -15.330427419882891
12965281.629896663 -15.330416597728352
13656466.567946097 -15.330406843282379
14384498.882876629 -15.330398051202582
15151342.924760515 -15.330390126548895
15959067.76404731 -15.330382983742197
16809852.774253618 -15.33037654564761
17705993.51226898 -15.330370742740666
18649907.912142944 -15.330365512354158
19644142.809066266 -15.330360798002335
20691380.811147902 -15.33035654877525
21794447.537529834 -15.330352718785756
22956319.242369097 -15.330349266668184
24180130.84525718 -15.330346155141424
25469184.3897454 -15.330343350604368
26826957.95279722 -15.330340822768626
28257115.02920827 -15.33033854433061
29763514.41631313 -15.330336490689929
31350220.62565112 -15.330334639671076
33021514.849681754 -15.33033297127264
34781906.51314127 -15.330331467487515
36636145.44020716 -15.33033011205822
38589234.67029899 -15.330328890362415
40646443.95709628 -15.33032778921481
42813323.98719387 -15.33032679670284
45095721.35676145 -15.330325902108228
47499794.346614026 -15.33032509578145
50032029.53825999 -15.330324369012747
52699259.31575657 -15.330323713950122
55508680.300597996 -15.330323123506094
58467872.7693759 -15.33032259132101
61584821.10660254 -15.330322111654668
64867935.34788508 -15.33032167928479
68326073.87157391 -15.330321289589843
71968567.30011514 -15.33032093835681
75805243.67559262 -15.330320621777211
79846454.97739078 -15.330320336402231
84103105.05352604 -15.330320079210209
88586679.04100814 -15.330319847396389
93309274.35461664 -15.330319638448074
98283633.32770011 -15.330319450108007
103523177.59307377 -15.33031928034404
109042044.29677527 -15.330319127356521
114855124.24239345 -15.330318989414417
120978102.06889038 -15.330318865135178
127427498.57031322 -15.330318753070705
134220715.2716012 -15.330318652102289
141376081.38073614 -15.330318561095549
148912903.24394056 -15.330318479055157
156851516.43735445 -15.330318405123293
165213340.63573685 -15.330318338449807
174020937.40624848 -15.330318278362277
183298071.08324376 -15.330318224221006
193069772.88832456 -15.330318175375519
203362408.46866703 -15.330318131463175
214203749.0358383 -15.330318091765395
225623046.2970626 -15.330318056049625
237651111.38110778 -15.33031802385177
250320397.97173202 -15.330317994807894
263665089.87303555 -15.33031796858463
277721193.2429355 -15.330317945060035
292526633.74366355 -15.33031792376047
308121358.87140083 -15.330317904591283
324547445.74113256 -15.330317887330407
341849214.6175927 -15.330317871800673
360073348.49856204 -15.330317857760134
379269019.0732238 -15.33031784508482
399488019.39541787 -15.33031783368328
420784903.6297398 -15.33031782345028
443217134.24760854 -15.3303178141552
466845237.07037944 -15.330317805848821
491732964.5779006 -15.330317798194425
517947467.9231202 -15.330317791544205
545559478.1168514 -15.330317785410552
574643496.8715974 -15.33031778002208
605277997.6193355 -15.330317774936118
637545637.2456493 -15.330317770458468
671533479.1115135 -15.330317766320809
707333227.9644439 -15.330317762778565
745041477.3728887 -15.330317759486341
784759970.3514622 -15.330317756526203
826595873.8801795 -15.330317754047403
870662068.0585117 -15.330317751596922
917077450.674293 -15.330317749437032
965967258.0093802 -15.330317747371867
1017463402.7476043 -15.330317745683384
1071704829.8967092 -15.330317744005473
1128837891.6846883 -15.330317742789344
1189016742.44199 -15.330317741269248
1252403754.5350692 -15.3303177399224
1319169956.473569 -15.33031773911411
1389495494.373136 -15.330317738377929
1463570118.0190797 -15.330317737416966
1541593692.8422735 -15.330317736541366
1623776739.1887176 -15.33031773567136
1710341000.337838 -15.330317735183074
1801520040.802024 -15.330317734601957
1897559876.5218503 -15.33031773462082
1998719638.6572526 -15.330317733697829
2105272272.7657027 -15.330317733489263
2217505275.2539296 -15.330317732679951
2335721469.0901213 -15.33031773271115
2460239820.8697777 -15.330317732590967
2591396301.439652 -15.33031773263977
2729544792.402002 -15.330317731535121
2875058040.944877 -15.33031773190726
3028328665.5749454 -15.330317731389751
3189770215.466325 -15.330317731194105
3359818286.2837744 -15.330317730646817
3538931695.4909844 -15.330317731459163
3727593720.314938 -15.330317730946648
3926313401.7068396 -15.330317731372025
4135626917.8176975 -15.330317729884674
4356099030.694599 -15.330317730478145
4588324610.100841 -15.330317730563385
4832930238.571753 -15.330317729574926
5090575902.036687 -15.330317731599488
5361956770.568806 -15.330317729435842
5647805074.067546 -15.330317729715992
5948892077.934331 -15.33031773004044
6266030164.072656 -15.33031772894029
6600075022.827075 -15.330317729000274
6951927961.775591 -15.33031772949622
7322538337.6045265 -15.33031773036554
7712906117.627993 -15.33031773157877
8124084577.862974 -15.33031773087429
8557183144.939984 -15.330317729648064
9013370389.51742 -15.330317729889472
9493877179.27582 -15.3303177300098
10000000000.0 -15.330317731477745
