10.0 39.407213501545016
10.53310445370937 38.95172511278974
11.094628943275218 38.5118331082205
11.686088553466515 38.04905719260105
12.309079138896024 37.59838888465967
12.965281629896682 37.15604485544184
13.65646656794611 36.69871640147739
14.38449888287663 36.24872149279782
15.15134292476053 35.796978740162395
15.95906776404731 35.349614707834284
16.80985277425364 34.89464847665695
17.70599351226899 34.44449807222897
18.64990791214297 33.99335260178042
19.644142809066278 33.54310330356501
20.6913808111479 33.09002384768669
21.794447537529855 32.64038822302754
22.956319242369098 32.188690336361574
24.180130845257207 31.737404637410762
25.4691843897454 31.286165632500218
26.826957952797258 30.835674482988683
28.257115029208283 30.384865436442666
29.76351441631318 29.933049137142568
31.350220625651154 29.482010900580512
33.02151484968176 29.030845123301123
34.7819065131413 28.580058701924568
36.63614544020716 28.12900611990361
38.58923467029903 27.677740250639932
40.646443957096295 27.226352980974085
42.81332398719393 26.775427843896978
45.095721356761466 26.324105386809045
47.499794346614124 25.873103849601023
50.03202953826004 25.421944815479204
52.699259315756564 24.97080212825996
55.50868030059805 24.519816727143837
58.467872769375894 24.068605280880632
61.58482110660264 23.617550455657152
64.86793534788511 23.166457856855118
68.32607387157402 22.715332794698647
71.96856730011521 22.264221701660446
75.8052436755926 21.813033545663124
79.84645497739086 21.361963647566384
84.10310505352605 20.910882063843083
88.58667904100822 20.459758506301704
93.30927435461668 20.008641123642033
98.28363332770026 19.55754189938153
103.52317759307378 19.106426312522245
109.04204429677526 18.655331418057756
114.8551242423938 18.204233211172383
120.97810206889012 17.75314413859863
127.42749857031335 17.302050544278824
134.2207152716012 16.850962507620324
141.37608138073614 16.399880562583466
148.91290324394086 15.948803309796007
156.85151643735477 15.497734505475249
165.213340635737 15.046667003878401
174.0209374062485 14.595610079040524
183.29807108324357 14.144560085224306
193.06977288832496 13.69351811851038
203.36240846866724 13.242485783730174
214.2037490358383 12.791463830210878
225.62304629706352 12.340453711182358
237.65111138110728 11.889456333928283
250.32039797173255 11.438473252920893
263.6650898730358 10.987506213416324
277.7211932429355 10.536556768082193
292.5266337436645 10.085627080734563
308.1213588714002 9.6347190043284
324.54744574113323 9.183835428485366
341.84921461759274 8.732978711811727
360.073348498562 8.282151931907569
379.26901907322497 7.831358445731102
399.48801939541704 7.380601876517881
420.78490362974026 6.9298864883594815
443.21713424760856 6.479216905744252
466.84523707037897 6.028598113225173
491.73296457790156 5.5780360473647725
517.9474679231213 5.127536959158606
545.5594781168514 4.67710808162129
574.6434968715973 4.226757411471589
605.2779976193349 3.776493807090848
637.5456372456507 3.326327371123025
671.5334791115142 2.8762692494808744
707.3332279644438 2.426331906562806
745.0414773728917 1.9765294999035827
784.7599703514607 1.5268777448951432
826.5958738801812 1.0773944254337815
870.6620680585127 0.6280994043670938
917.0774506742931 0.17901512671356715
965.9672580093833 -0.2698331728773766
1017.4634027476063 -0.7184170390139734
1071.7048298967104 -1.1667043636467287
1128.8378916846884 -1.6146588873238161
1189.01674244199 -2.0622396748899146
1252.4037545350732 -2.509400396424693
1319.1699564735716 -2.9560886378587203
1389.4954943731375 -3.40224507440652
1463.5701180190797 -3.847802556609532
1541.5936928422718 -4.29268500651958
1623.776739188721 -4.736806267773553
1710.3410003378397 -5.180068866154681
1801.520040802024 -5.622362486744247
1897.5598765218504 -6.063562468731232
1998.7196386572507 -6.503528124902191
2105.272272765707 -6.942100884885321
2217.505275253932 -7.379102487326349
2335.7214690901214 -7.814332940663138
2460.239820869775 -8.24756862757371
2591.3963014396572 -8.678560324496239
2729.5447924020073 -9.107031401948461
2875.0580409448803 -9.532676212238195
3028.3286655749457 -9.955158723126491
3189.7702154663216 -10.374111605861568
3359.818286283781 -10.789135805029401
3538.9316954909877 -11.19980073754769
3727.593720314938 -11.60564526085693
3926.3134017068355 -12.006179466605793
4135.626917817706 -12.400887403487793
4356.099030694608 -12.789230772312251
4588.324610100844 -13.17065365073167
4832.930238571752 -13.544588149792997
5090.575902036681 -13.910461014710338
5361.956770568817 -14.26770098834032
5647.805074067552 -14.615746833971626
5948.892077934331 -14.9540557762411
6266.030164072656 -15.282112153430429
6600.075022827095 -15.599436003247567
6951.927961775606 -15.905591339452474
7322.538337604534 -16.20019381709631
7712.906117627992 -16.482917554420847
8124.0845778629655 -16.7535008611396
8557.183144940002 -17.011750683242223
9013.37038951743 -17.257545610457534
9493.87717927582 -17.490837357063807
10000.0 -17.711650681545297
10533.104453709382 -17.92008177118101
11094.628943275218 -18.11629518893461
11686.088553466498 -18.30051952193579
12309.079138896019 -18.473041926974666
12965.281629896688 -18.634201794905387
13656.466567946096 -18.784383775770785
14384.498882876629 -18.924010416691925
15151.342924760515 -19.05353465693506
15959.06776404731 -19.17343239694598
16809.852774253653 -19.28419534392352
17705.99351226898 -19.386324291290244
18649.907912142942 -19.480322957725264
19644.142809066267 -19.566692476497042
20691.3808111479 -19.645926581274438
21794.447537529835 -19.718507515247794
22956.319242369096 -19.78490264936443
24180.13084525718 -19.845561788796495
25469.184389745402 -19.900915113189217
26826.957952797275 -19.95137170190968
28257.115029208268 -19.997318574038555
29763.51441631313 -20.039120180604396
31350.220625651124 -20.077118279742614
33021.51484968176 -20.111632131991012
34781.90651314134 -20.142958955671443
36636.14544020716 -20.17137458614288
38589.23467029899 -20.19713429329434
40646.44395709628 -20.220473712113144
42813.32398719396 -20.24160985021494
45095.721356761445 -20.26074214407498
47499.79434661403 -20.27805353534466
50032.029538259994 -20.293711548259918
52699.259315756564 -20.307869353024742
55508.680300598106 -20.320666799913415
58467.87276937589 -20.332231417125254
61584.82110660255 -20.342679364030758
64867.935347885075 -20.352116335853182
68326.07387157406 -20.360638417590444
71968.56730011514 -20.36833288416051
75805.24367559262 -20.37527894856448
79846.45497739078 -20.38154845750443
84103.10505352604 -20.38720653633704
88586.67904100832 -20.39231218492157
93309.27435461663 -20.396918827248204
98283.63332770011 -20.401074816281493
103523.17759307378 -20.40482389763412
109042.04429677526 -20.408205633917426
114855.12424239368 -20.411255792959366
120978.10206889013 -20.414006701966144
127427.49857031321 -20.41648757084445
134220.7152716012 -20.41872478616944
141376.08138073614 -20.420742178931384
148912.90324394088 -20.422561267799203
156851.5164373548 -20.424201480030394
165213.34063573685 -20.425680351877176
174020.9374062485 -20.427013710392835
183298.07108324338 -20.428215838149114
193069.77288832495 -20.42929962240263
203362.40846866704 -20.430276690251596
214203.74903583832 -20.43115753073525
225623.04629706353 -20.431951605559732
237651.11138110727 -20.43266744890632
250320.39797173254 -20.433312757908414
263665.08987303555 -20.433894474301233
277721.1932429355 -20.43441885816484
292526.6337436642 -20.434891554610633
308121.35887140024 -20.435317653922368
324547.44574113254 -20.435701745929848
341849.21461759275 -20.436047969015583
360073.348498562 -20.436360054422266
379269.0190732246 -20.43664136621548
399488.019395417 -20.43689493730728
420784.9036297398 -20.437123501971357
443217.13424760854 -20.437329525237264
466845.2370703785 -20.43751522932852
491732.9645779016 -20.43768261756334
517947.46792312124 -20.43783349584451
545559.4781168514 -20.437969492153535
574643.4968715974 -20.438092074015128
605277.9976193343 -20.438202564327437
637545.6372456506 -20.43830215553983
671533.4791115135 -20.438391922573672
707333.2279644439 -20.43847283439536
745041.4773728917 -20.438545764423207
784759.9703514606 -20.438611499895472
826595.8738801812 -20.43867075050529
870662.0680585118 -20.438724155911192
917077.4506742931 -20.438772292692615
965967.2580093823 -20.43881568059717
1017463.4027476063 -20.438854788050193
1071704.8298967092 -20.438890037312017
1128837.8916846884 -20.4389218090245
1189016.74244199 -20.438950446211315
1252403.7545350718 -20.438976258128374
1319169.9564735717 -20.438999523462677
1389495.494373136 -20.43902049347863
1463570.1180190798 -20.43903939462545
1541593.6928422702 -20.439056430999504
1623776.739188721 -20.439071786544524
1710341.0003378377 -20.439085627117123
1801520.0408020238 -20.43909810217091
1897559.8765218505 -20.439109346426605
1998719.6386572486 -20.439119481315924
2105272.272765707 -20.439128616299765
2217505.2752539297 -20.439136849991264
2335721.4690901213 -20.43914427134343
2460239.8208697727 -20.439150960501244
2591396.3014396573 -20.43915698968281
2729544.792402007 -20.439162424019948
2875058.040944877 -20.439167322193697
3028328.6655749455 -20.439171737100033
3189770.215466318 -20.439175716418777
3359818.286283781 -20.439179303140527
3538931.6954909842 -20.439182535979583
3727593.720314938 -20.439185449860176
3926313.4017068394 -20.439188076255913
4135626.917817706 -20.439190443522186
4356099.030694608 -20.439192577229605
4588324.61010084 -20.43919450040296
4832930.238571752 -20.439196233855487
5090575.902036676 -20.43919779627112
5361956.770568817 -20.439199204538877
5647805.074067546 -20.43920047384706
5948892.077934331 -20.4392016179432
6266030.164072656 -20.439202649145262
6600075.022827089 -20.43920357861213
6951927.961775606 -20.4392044163789
7322538.337604526 -20.439205171470714
7712906.117627992 -20.43920585208195
8124084.5778629575 -20.439206465533545
8557183.144940002 -20.4392070184705
9013370.38951742 -20.43920751684979
9493877.17927582 -20.439207966058554
10000000.0 -20.439208370928192
10533104.45370936 -20.43920873585907
11094628.943275219 -20.439209064794444
11686088.553466497 -20.439209361273516
12309079.138896018 -20.439209628504113
12965281.629896663 -20.439209869373805
13656466.567946097 -20.439210086453738
14384498.882876629 -20.439210282147545
15151342.924760515 -20.43921045851863
15959067.76404731 -20.439210617485706
16809852.774253618 -20.439210760785574
17705993.51226898 -20.439210889929385
18649907.912142944 -20.43921100632285
19644142.809066266 -20.43921111125766
20691380.811147902 -20.43921120582762
21794447.537529834 -20.43921129106263
22956319.242369097 -20.43921136789328
24180130.84525718 -20.439211437145197
25469184.3897454 -20.43921149954531
26826957.95279722 -20.439211555812534
28257115.02920827 -20.43921160652247
29763514.41631313 -20.439211652224195
31350220.62565112 -20.43921169342727
33021514.849681754 -20.43921173054558
34781906.51314127 -20.439211764011908
36636145.44020716 -20.439211794177922
38589234.67029899 -20.4392118213865
40646443.95709628 -20.43921184589378
42813323.98719387 -20.439211867965085
45095721.35676145 -20.439211887887794
47499794.346614026 -20.43921190583933
50032029.53825999 -20.439211922006937
52699259.31575657 -20.439211936575965
55508680.300597996 -20.439211949716825
58467872.7693759 -20.439211961557
61584821.10660254 -20.43921197225018
64867935.34788508 -20.4392119818627
68326073.87157391 -20.439211990529174
71968567.30011514 -20.439211998350096
75805243.67559262 -20.43921200539272
79846454.97739078 -20.439212011742555
84103105.05352604 -20.439212017458832
88586679.04100814 -20.439212022628777
93309274.35461664 -20.43921202727045
98283633.32770011 -20.439212031486175
103523177.59307377 -20.439212035269584
109042044.29677527 -20.439212038652865
114855124.24239345 -20.43921204172249
120978102.06889038 -20.439212044478865
127427498.57031322 -20.439212046999412
134220715.2716012 -20.439212049253296
141376081.38073614 -20.43921205125967
148912903.24394056 -20.43921205309838
156851516.43735445 -20.439212054749408
165213340.63573685 -20.439212056209364
174020937.40624848 -20.439212057556794
183298071.08324376 -20.43921205870262
193069772.88832456 -20.4392120598493
203362408.46866703 -20.439212060821532
214203749.0358383 -20.439212061727137
225623046.2970626 -20.43921206241217
237651111.38110778 -20.439212063347007
250320397.97173202 -20.43921206387653
263665089.87303555 -20.439212064461017
277721193.2429355 -20.43921206493167
292526633.74366355 -20.43921206542325
308121358.87140083 -20.43921206585093
324547445.74113256 -20.439212066430827
341849214.6175927 -20.439212066916866
360073348.49856204 -20.43921206724842
379269019.0732238 -20.439212067118632
399488019.39541787 -20.439212067742666
420784903.6297398 -20.439212067568718
443217134.24760854 -20.43921206795519
466845237.07037944 -20.439212068223558
491732964.5779006 -20.439212067916365
517947467.9231202 -20.43921206802123
545559478.1168514 -20.439212068486597
574643496.8715974 -20.439212068756724
605277997.6193355 -20.439212068627363
637545637.2456493 -20.439212068323037
671533479.1115135 -20.439212069009677
707333227.9644439 -20.439212068370974
745041477.3728887 -20.43921206815547
784759970.3514622 -20.439212068518753
826595873.8801795 -20.439212069188063
870662068.0585117 -20.439212069283194
917077450.674293 -20.43921206806345
965967258.0093802 -20.439212068756056
1017463402.7476043 -20.43921207100727
1071704829.8967092 -20.43921206836596
1128837891.6846883 -20.439212070710457
1189016742.44199 -20.439212070000895
1252403754.5350692 -20.439212068731536
1319169956.473569 -20.439212067139998
1389495494.373136 -20.439212069031207
1463570118.0190797 -20.43921206914801
1541593692.8422735 -20.439212069416513
1623776739.1887176 -20.439212072572168
1710341000.337838 -20.439212071130072
1801520040.802024 -20.43921207122599
1897559876.5218503 -20.439212072042473
1998719638.6572526 -20.43921207027671
2105272272.7657027 -20.439212056672673
2217505275.2539296 -20.439212071511417
2335721469.0901213 -20.439212073262315
2460239820.8697777 -20.43921205888191
2591396301.439652 -20.439212079681305
2729544792.402002 -20.439212064827043
2875058040.944877 -20.439212066425053
3028328665.5749454 -20.439212032896638
3189770215.466325 -20.43921206070896
3359818286.2837744 -20.4392120553507
3538931695.4909844 -20.439212085223176
3727593720.314938 -20.439212063690494
3926313401.7068396 -20.439212083107222
4135626917.8176975 -20.439212083441003
4356099030.694599 -20.439212047020042
4588324610.100841 -20.43921209113797
4832930238.571753 -20.43921204222803
5090575902.036687 -20.439212071108493
5361956770.568806 -20.439212058216548
5647805074.067546 -20.43921205918139
5948892077.934331 -20.439212109406327
6266030164.072656 -20.43921209219439
6600075022.827075 -20.439212024250132
6951927961.775591 -20.43921208032931
7322538337.6045265 -20.439212095425596
7712906117.627993 -20.439212012665276
8124084577.862974 -20.43921198371063
8557183144.939984 -20.439212196477147
9013370389.51742 -20.43921214174196
9493877179.27582 -20.43921195381161
10000000000.0 -20.43921214787597
10.0 8.881035233311344
10.53310445370937 -15.453412898385775
11.094628943275218 -6.637509136503654
11.686088553466515 17.61003388856723
12.309079138896024 0.36029806008554344
12.965281629896682 9.962657995239404
13.65646656794611 -20.418875481147847
14.38449888287663 -3.2848057729891043
15.15134292476053 -20.95039738461759
15.95906776404731 -19.719990714473106
16.80985277425364 0.37019010820515796
17.70599351226899 -5.19320731958437
18.64990791214297 -3.3609387284909413
19.644142809066278 -5.933627217203888
20.6913808111479 15.508240687090629
21.794447537529855 17.251288050316056
22.956319242369098 -10.067903249039848
24.180130845257207 -3.5202311591352786
25.4691843897454 -16.412153161423078
26.826957952797258 10.17075011355229
28.257115029208283 -12.162681382591442
29.76351441631318 10.583833141429206
31.350220625651154 -10.113154663978023
33.02151484968176 -11.266306250663149
34.7819065131413 -12.422170068916095
36.63614544020716 7.717376166166014
38.58923467029903 -6.228813001359072
40.646443957096295 -9.717535339299058
42.81332398719393 -13.211419442889563
45.095721356761466 -10.886243695222305
47.499794346614124 -11.85839161942512
50.03202953826004 -1.9940054071360063
52.699259315756564 -7.608613979374229
55.50868030059805 3.0339473789490383
58.467872769375894 -6.693934969400429
61.58482110660264 -5.065300183752473
64.86793534788511 -8.787503717564633
68.32607387157402 -8.590218283817817
71.96856730011521 13.028909504770867
75.8052436755926 -4.4801123168016
79.84645497739086 -7.979099906882077
84.10310505352605 -8.52694089544226
88.58667904100822 -7.814369182440689
93.30927435461668 -8.942882326365202
98.28363332770026 -7.065396272771701
103.52317759307378 -7.953072554028032
109.04204429677526 -3.0120462900597067
114.8551242423938 -5.479811977987219
120.97810206889012 -5.187962553034162
127.42749857031335 -4.07290752048853
134.2207152716012 -2.604050534698983
141.37608138073614 -9.332118725558766
148.91290324394086 -6.667457874345089
156.85151643735477 -5.469434449313365
165.213340635737 -1.848439036035196
174.0209374062485 -4.88455157821455
183.29807108324357 6.5360548165484635
193.06977288832496 -2.685310422080221
203.36240846866724 -0.45625130999428415
214.2037490358383 -5.901067477828991
225.62304629706352 -5.6431728888648625
237.65111138110728 3.1097004273504063
250.32039797173255 -0.042892540566032984
263.6650898730358 -3.075851192917688
277.7211932429355 6.502760052334909
292.5266337436645 -5.233950537611997
308.1213588714002 -7.570262831625703
324.54744574113323 6.0009331596050774
341.84921461759274 -5.335905159292311
360.073348498562 -7.792161907996194
379.26901907322497 -4.674243752202635
399.48801939541704 2.7644524434304367
420.78490362974026 -2.1192233190002434
443.21713424760856 -1.3495568430672389
466.84523707037897 3.966821022746717
491.73296457790156 0.6691085472241562
517.9474679231213 -15.366677977967258
545.5594781168514 7.2237937233257385
574.6434968715973 11.730918539917898
605.2779976193349 -4.406124616373508
637.5456372456507 -3.6041819487360676
671.5334791115142 -2.3498445986272705
707.3332279644438 2.1836035455345417
745.0414773728917 0.4432351270713539
784.7599703514607 5.734662449497556
826.5958738801812 -17.188859963120922
870.6620680585127 -0.6181211082911022
917.0774506742931 10.945572911429768
965.9672580093833 -5.101934261931037
1017.4634027476063 -0.15946886013606001
1071.7048298967104 -2.301194067843176
1128.8378916846884 -0.13634179494422993
1189.01674244199 -2.7602063638798473
1252.4037545350732 2.825063646581805
1319.1699564735716 11.062346168434885
1389.4954943731375 0.0780318659031721
1463.5701180190797 -9.806452905786005
1541.5936928422718 -0.09366834857320837
1623.776739188721 -17.20090433188807
1710.3410003378397 1.2545715368189518
1801.520040802024 -13.743812378765671
1897.5598765218504 -6.167289545015906
1998.7196386572507 10.683614090201461
2105.272272765707 -9.648215213099128
2217.505275253932 6.686104149915199
2335.7214690901214 6.148085476502356
2460.239820869775 2.6497244351480647
2591.3963014396572 -0.3703398893236348
2729.5447924020073 -5.720465446229396
2875.0580409448803 -2.166115429946622
3028.3286655749457 11.267428629009675
3189.7702154663216 -3.74807706294568
3359.818286283781 -2.4852984777205633
3538.9316954909877 -4.204184444359313
3727.593720314938 13.107567036303639
3926.3134017068355 -0.9436554303251288
4135.626917817706 1.2858680553112265
4356.099030694608 1.4960915051969232
4588.324610100844 4.179957513117975
4832.930238571752 4.725338818969232
5090.575902036681 3.7390290123286327
5361.956770568817 4.1290849763960304
5647.805074067552 15.51162236988655
5948.892077934331 16.86897715172439
6266.030164072656 19.314573513544016
6600.075022827095 -1.5946655769033953
6951.927961775606 12.766850083848269
7322.538337604534 10.472230980460148
7712.906117627992 9.933125441582787
8124.0845778629655 -0.29760656922263257
8557.183144940002 13.981941437243908
9013.37038951743 8.234203476123783
9493.87717927582 9.136886020310568
10000.0 24.401612702682502
10533.104453709382 10.19142629567817
11094.628943275218 19.801372049250304
11686.088553466498 5.07795325638999
12309.079138896019 10.578477184383209
12965.281629896688 -18.65826326236188
13656.466567946096 22.43967635634219
14384.498882876629 18.425466059610972
15151.342924760515 11.331374836012802
15959.06776404731 11.17398391358909
16809.852774253653 10.551017089462764
17705.99351226898 24.617646741126542
18649.907912142942 0.36492752491645764
19644.142809066267 18.010761097734793
20691.3808111479 -0.4925129311524837
21794.447537529835 -0.9023947318705428
22956.319242369096 1.7584347690391586
24180.13084525718 3.496745041491746
25469.184389745402 9.826102023839892
26826.957952797275 10.037842242115149
28257.115029208268 9.356801119599663
29763.51441631313 10.849064216186443
31350.220625651124 17.78758810050948
33021.51484968176 25.456261770531565
34781.90651314134 -0.8354060827998834
36636.14544020716 7.462992285833686
38589.23467029899 -17.471870615282942
40646.44395709628 8.356697050497349
42813.32398719396 20.069898785289148
45095.721356761445 9.834598756134524
47499.79434661403 -0.012122373543238814
50032.029538259994 25.046256996238835
52699.259315756564 -0.6666073989809709
55508.680300598106 20.75646309417106
58467.87276937589 1.8647517875055288
61584.82110660255 15.679410424549244
64867.935347885075 12.081854733158885
68326.07387157406 -3.304042912007747
71968.56730011514 -9.267139964259071
75805.24367559262 12.719512658431562
79846.45497739078 12.788224149190325
84103.10505352604 12.354137539429619
88586.67904100832 6.505663025885374
93309.27435461663 30.76824021272302
98283.63332770011 -0.5421547839850777
103523.17759307378 -1.2472970339804126
109042.04429677526 7.198925836971776
114855.12424239368 8.433072491037446
120978.10206889013 3.63097891527437
127427.49857031321 14.907153072998348
134220.7152716012 5.904845314180934
141376.08138073614 8.670466405231242
148912.90324394088 18.78339475693902
156851.5164373548 2.36756347105896
165213.34063573685 20.48209159736622
174020.9374062485 -1.248352106740249
183298.07108324338 6.945879982961623
193069.77288832495 5.59076242685607
203362.40846866704 16.99174782914553
214203.74903583832 6.564875526938621
225623.04629706353 31.67901783544281
237651.11138110727 -1.6175338642834125
250320.39797173254 0.6011495877415963
263665.08987303555 4.264229880099638
277721.1932429355 32.49476529105381
292526.6337436642 -26.536905384052876
308121.35887140024 11.27541632065262
324547.44574113254 -1.9203238233624402
341849.21461759275 8.505977020399069
360073.348498562 -1.5540302522014695
379269.0190732246 1.4481085860852585
399488.019395417 6.58159807994151
420784.9036297398 -20.060456673355922
443217.13424760854 22.466067339351298
466845.2370703785 14.78678721804217
491732.9645779016 30.83679374908463
517947.46792312124 4.667682611914689
545559.4781168514 5.228254754341654
574643.4968715974 7.139190336892397
605277.9976193343 20.627878650568825
637545.6372456506 -1.5789724153662283
671533.4791115135 19.7660342238027
707333.2279644439 33.81567333007889
745041.4773728917 7.109159638043022
784759.9703514606 -10.996766364522031
826595.8738801812 -1.5736014581713915
870662.0680585118 14.201033790064086
917077.4506742931 13.670957592245479
965967.2580093823 -8.464185455162607
1017463.4027476063 -2.618634547015128
1071704.8298967092 -1.5713453278102505
1128837.8916846884 -0.03310490840818726
1189016.74244199 -1.566741833449411
1252403.7545350718 -9.633119668235368
1319169.9564735717 -9.364475498515404
1389495.494373136 5.537735743868498
1463570.1180190798 -5.412374116264837
1541593.6928422702 -19.33063880210285
1623776.739188721 -13.686683670143875
1710341.0003378377 -5.838362261458988
1801520.0408020238 -14.786836355913717
1897559.8765218505 15.944997732011553
1998719.6386572486 -16.737369217320033
2105272.272765707 -7.359312357580359
2217505.2752539297 1.8100916245369036
2335721.4690901213 -2.4201189860468335
2460239.8208697727 1.8428236614127198
2591396.3014396573 8.667986716711791
2729544.792402007 -7.5363638828332356
2875058.040944877 -6.778261793991406
3028328.6655749455 -3.6761503923708667
3189770.215466318 -1.2352088216516095
3359818.286283781 -5.489945635472122
3538931.6954909842 -26.81490038244735
3727593.720314938 -19.53518303659476
3926313.4017068394 13.565708584156797
4135626.917817706 -22.641940852714892
4356099.030694608 7.971429423526159
4588324.61010084 -13.983258249094678
4832930.238571752 -2.7573300503144043
5090575.902036676 -7.782242276835031
5361956.770568817 48.8045457347757
5647805.074067546 -11.986162747283108
5948892.077934331 5.195719323919622
6266030.164072656 -8.441804405180605
6600075.022827089 -6.343265117619588
6951927.961775606 -3.3763536897962103
7322538.337604526 -13.223973902152025
7712906.117627992 -3.5395814499740292
8124084.5778629575 -6.319052196028898
8557183.144940002 -19.47578640861381
9013370.38951742 -3.7253662176283586
9493877.17927582 -9.499871557020938
10000000.0 -3.823750734244196
10533104.45370936 -1.511426753622381
11094628.943275219 -44.3088393475707
11686088.553466497 1.3330368398900307
12309079.138896018 2.1347710827532658
12965281.629896663 -26.631059733864472
13656466.567946097 3.4528826141377107
14384498.882876629 -16.861132942232075
15151342.924760515 -19.905102953695813
15959067.76404731 -56.06630751007637
16809852.774253618 3.2922449852850004
17705993.51226898 -4.105578875310954
18649907.912142944 -9.645992938616654
19644142.809066266 -1.3360403751032768
20691380.811147902 4.269483625107927
21794447.537529834 -0.8338750799913328
22956319.242369097 -6.6772215576239455
24180130.84525718 -7.2201521126593455
25469184.3897454 -25.63870685936052
26826957.95279722 -3.7197340532227137
28257115.02920827 6.077172622307939
29763514.41631313 -12.576519102419297
31350220.62565112 -8.11693039451139
33021514.849681754 -6.338488665780833
34781906.51314127 1.7512493781919802
36636145.44020716 20.88529946704098
38589234.67029899 -29.15415604384339
40646443.95709628 -3.287208714577285
42813323.98719387 -8.934415766097413
45095721.35676145 21.214979836722602
47499794.346614026 2.4758400351223764
50032029.53825999 11.042962101369813
52699259.31575657 -9.72998394992022
55508680.300597996 -21.5145224110438
58467872.7693759 0.08896100427103654
61584821.10660254 -4.411925018228814
64867935.34788508 -4.390857315394484
68326073.87157391 -16.582523186696047
71968567.30011514 3.820179357484152
75805243.67559262 -5.78440085863864
79846454.97739078 -19.377143438009014
84103105.05352604 -6.154786507889867
88586679.04100814 -4.8264494119935
93309274.35461664 -4.602352323883702
98283633.32770011 -15.080566011103908
103523177.59307377 2.7936535125652977
109042044.29677527 -18.244662784981983
114855124.24239345 -6.139886659490029
120978102.06889038 3.6046954937094293
127427498.57031322 -0.9830490574249716
134220715.2716012 -11.252875923261003
141376081.38073614 7.234320319986377
148912903.24394056 1.2141529785835572
156851516.43735445 -4.659962760471549
165213340.63573685 23.129023087339004
174020937.40624848 -8.53653198136374
183298071.08324376 -10.010977081758854
193069772.88832456 -27.62471399819951
203362408.46866703 -2.7314507619489654
214203749.0358383 -6.053770306280692
225623046.2970626 -9.99513896539622
237651111.38110778 3.5212010978981576
250320397.97173202 -9.0231346263114
263665089.87303555 -0.28601513579264704
277721193.2429355 -8.811693177189294
292526633.74366355 11.74833727108971
308121358.87140083 -12.08887969423676
324547445.74113256 -16.921783605454056
341849214.6175927 0.5005989385752764
360073348.49856204 -8.460245243605282
379269019.0732238 -7.165562167876765
399488019.39541787 -13.192535638427081
420784903.6297398 1.7533340937164719
443217134.24760854 -5.377221060407733
466845237.07037944 -0.010764393743315843
491732964.5779006 -7.872245867924859
517947467.9231202 -6.4928951141735745
545559478.1168514 -41.625847181609366
574643496.8715974 -5.941389384987509
605277997.6193355 -14.168119255877095
637545637.2456493 2.3503627233245634
671533479.1115135 -7.466898617360025
707333227.9644439 -17.47970694896582
745041477.3728887 6.685713637345211
784759970.3514622 -7.54788454598946
826595873.8801795 6.000713984086029
870662068.0585117 -7.302635499375969
917077450.674293 -16.60122432374638
965967258.0093802 1.3018653394799697
1017463402.7476043 -21.07800796829053
1071704829.8967092 -15.171875072812522
1128837891.6846883 9.029810317534677
1189016742.44199 -14.962854675956425
1252403754.5350692 -9.970177841672891
1319169956.473569 -5.432379987339834
1389495494.373136 -7.622944791810139
1463570118.0190797 6.526877625408986
1541593692.8422735 -7.241430177976172
1623776739.1887176 4.4601993034613665
1710341000.337838 -6.381315627228416
1801520040.802024 -30.461469118158636
1897559876.5218503 -25.838922117316656
1998719638.6572526 -9.841843362237437
2105272272.7657027 4.7371374725997315
2217505275.2539296 9.539627946298875
2335721469.0901213 -3.8326610096295344
2460239820.8697777 -4.414787538898125
2591396301.439652 -14.035856811191515
2729544792.402002 -15.36454849152381
2875058040.944877 -12.064737138585276
3028328665.5749454 6.928083389385334
3189770215.466325 -3.218066098278396
3359818286.2837744 14.131519488977249
3538931695.4909844 -11.45166547398418
3727593720.314938 7.341412687822669
3926313401.7068396 -1.8102832898433725
4135626917.8176975 -2.1987111119719986
4356099030.694599 -1.62489457510754
4588324610.100841 -33.70054080312571
4832930238.571753 -1.4295830050971305
5090575902.036687 -24.878955872054807
5361956770.568806 -10.069457010810599
5647805074.067546 -11.223261503246347
5948892077.934331 -2.8055438896488107
6266030164.072656 -5.662691107529955
6600075022.827075 -15.393457855914072
6951927961.775591 -0.272464323533136
7322538337.6045265 -2.562312049149398
7712906117.627993 6.268376721717433
8124084577.862974 1.3129662830652324
8557183144.939984 -5.303369676660527
9013370389.51742 -4.178099650355441
9493877179.27582 26.219756812712433
10000000000.0 -25.456237132713262
