10.0 60.12562977066522
10.53310445370937 59.67450196265869
11.094628943275218 59.22337415591143
11.686088553466515 58.772246350571564
12.309079138896024 58.321118546786565
12.965281629896682 57.86999074471985
13.65646656794611 57.41886294456823
14.38449888287663 56.967735146546765
15.15134292476053 56.51660735087457
15.95906776404731 56.06547955781587
16.80985277425364 55.614351767655556
17.70599351226899 55.16322398070339
18.64990791214297 54.71209619732562
19.644142809066278 54.26096841789931
20.6913808111479 53.80984064286412
21.794447537529855 53.35871287269251
22.956319242369098 52.90758510791859
24.180130845257207 52.45645734914458
25.4691843897454 52.00532959700795
26.826957952797258 51.55420185223582
28.257115029208283 51.10307411563987
29.76351441631318 50.65194638810113
31.350220625651154 50.200818670620166
33.02151484968176 49.74969096429131
34.7819065131413 49.29856327031657
36.63614544020716 48.84743559004911
38.58923467029903 48.396307924991014
40.646443957096295 47.94518027678387
42.81332398719393 47.49405264725708
45.095721356761466 47.042925038439456
47.499794346614124 46.591797452597355
50.03202953826004 46.14066989220473
52.699259315756564 45.68954236000987
55.50868030059805 45.23841485907829
58.467872769375894 44.78728739277482
61.58482110660264 44.336159964849955
64.86793534788511 43.88503257942315
68.32607387157402 43.433905241070924
71.96856730011521 42.98277795484399
75.8052436755926 42.53165072631706
79.84645497739086 42.080523561651624
84.10310505352605 41.62939646765898
88.58667904100822 41.17826945185061
93.30927435461668 40.727142522484144
98.28363332770026 40.27601568869578
103.52317759307378 39.82488896051849
109.04204429677526 39.373762349007436
114.8551242423938 38.92263586631016
120.97810206889012 38.471509525778615
127.42749857031335 38.02038334203241
134.2207152716012 37.569257331129904
141.37608138073614 37.11813151062673
148.91290324394086 36.667005899721616
156.85151643735477 36.215880519366934
165.213340635737 35.764755392417435
174.0209374062485 35.31363054370824
183.29807108324357 34.862506000244615
193.06977288832496 34.41138179127479
203.36240846866724 33.96025794845865
214.2037490358383 33.50913450596357
225.62304629706352 33.058011500613
237.65111138110728 32.60688897195451
250.32039797173255 32.155766962397024
263.6650898730358 31.704645517338644
277.7211932429355 31.253524685196574
292.5266337436645 30.802404517535052
308.1213588714002 30.351285069223408
324.54744574113323 29.90016639846639
341.84921461759274 29.449048566991358
360.073348498562 28.99793164023339
379.26901907322497 28.546815687561363
399.48801939541704 28.095700782607267
420.78490362974026 27.644587003691115
443.21713424760856 27.193474434376057
466.84523707037897 26.742363164270238
491.73296457790156 26.29125328986019
517.9474679231213 25.84014491573262
545.5594781168514 25.38903815606502
574.6434968715973 24.937933136218845
605.2779976193349 24.48682999490131
637.5456372456507 24.03572888641182
671.5334791115142 23.584629983371613
707.3332279644438 23.133533479731575
745.0414773728917 22.682439594034594
784.7599703514607 22.231348573120144
826.5958738801812 21.780260696062335
870.6620680585127 21.32917627835894
917.0774506742931 20.878095676511673
965.9672580093833 20.427019292884765
1017.4634027476063 19.975947580875285
1071.7048298967104 19.52488105049155
1128.8378916846884 19.07382027431662
1189.01674244199 18.62276589402116
1252.4037545350732 18.171718627387932
1319.1699564735716 17.720679275993355
1389.4954943731375 17.269648733746294
1463.5701180190797 16.818627996152085
1541.5936928422718 16.36761817075109
1623.776739188721 15.916620488560318
1710.3410003378397 15.465636316895488
1801.520040802024 15.01466717361835
1897.5598765218504 14.56371474292755
1998.7196386572507 14.112780893046837
2105.272272765707 13.661867695833527
2217.505275253932 13.210977448618294
2335.7214690901214 12.76011269848696
2460.239820869775 12.309276269271187
2591.3963014396572 11.858471291491107
2729.5447924020073 11.407701235637864
2875.0580409448803 10.95696994907337
3028.3286655749457 10.506281696986527
3189.7702154663216 10.055641207761965
3359.818286283781 9.605053723283689
3538.9316954909877 9.154525054697142
3727.593720314938 8.704061644124208
3926.3134017068355 8.253670633043399
4135.626917817706 7.803359937944729
4356.099030694608 7.353138334085058
4588.324610100844 6.903015548150966
4832.930238571752 6.453002360676394
5090.575902036681 6.0031107193425735
5361.956770568817 5.553353864123648
5647.805074067552 5.103746465531885
5948.892077934331 4.654304777228625
6266.030164072656 4.205046804441127
6600.075022827095 3.7559924896442825
6951.927961775606 3.3071639171776006
7322.538337604534 2.858585538588299
7712.906117627992 2.410284420489618
8124.0845778629655 1.9622905170555982
8557.183144940002 1.514636969159465
9013.37038951743 1.0673604324789046
9493.87717927582 0.6205014368132198
10000.0 0.17410477903702926
10533.104453709382 -0.27178004785976106
11094.628943275218 -0.7170983872748722
11686.088553466498 -1.161789910603269
12309.079138896019 -1.6057880657382322
12965.281629896688 -2.0490194803798563
13656.466567946096 -2.4914033185046796
14384.498882876629 -2.932850588621336
15151.342924760515 -3.3732634032565434
15959.06776404731 -3.8125341898000835
16809.852774253653 -4.250544853950913
17705.99351226898 -4.687165898307001
18649.907912142942 -5.122255500337712
19644.142809066267 -5.555658555998742
20691.3808111479 -5.98720569761226
21794.447537529835 -6.416712297650201
22956.319242369096 -6.843977473351127
24180.13084525718 -7.268783110992736
25469.184389745402 -7.690892933087139
26826.957952797275 -8.110051636544743
28257.115029208268 -8.525984135174776
29763.51441631313 -8.938394945362374
31350.220625651124 -9.346967759366665
33021.51484968176 -9.75136525605367
34781.90651314134 -10.15122920368156
36636.14544020716 -10.546180913151375
38589.23467029899 -10.935822102282222
40646.44395709628 -11.319736231615959
42813.32398719396 -11.69749036929087
45095.721356761445 -12.06863763590043
47499.79434661403 -12.432720269310577
50032.029538259994 -12.789273333727763
52699.259315756564 -13.137829076574896
55508.680300598106 -13.47792191094764
58467.87276937589 -13.8090939714302
61584.82110660255 -14.130901157629033
64867.935347885075 -14.442919544970586
68326.07387157406 -14.7447520081683
71968.56730011514 -15.036034872234517
75805.24367559262 -15.31644438164998
79846.45497739078 -15.58570276366522
84103.10505352604 -15.843583658689536
88586.67904100832 -16.08991670142455
93309.27435461663 -16.32459106101982
98283.63332770011 -16.54755778663443
103523.17759307378 -16.75883085409232
109042.04429677526 -16.958486866407142
114855.12424239368 -17.1466634216771
120978.10206889013 -17.323556221711755
127427.49857031321 -17.489415048671585
134220.7152716012 -17.644538781895612
141376.08138073614 -17.78926965910307
148912.90324394088 -17.923987004973363
156851.5164373548 -18.049100654309324
165213.34063573685 -18.165044288667698
174020.9374062485 -18.272268886048376
183298.07108324338 -18.3712364558933
193069.77288832495 -18.462414199080783
203362.40846866704 -18.54626919786873
214203.74903583832 -18.623263706283183
225623.04629706353 -18.693851079529217
237651.11138110727 -18.75847235234509
250320.39797173254 -18.81755345326509
263665.08987303555 -18.87150302262736
277721.1932429355 -18.920710789166606
292526.6337436642 -18.96554645064134
308121.35887140024 -19.006358999423565
324547.44574113254 -19.04347643208436
341849.21461759275 -19.077205783109754
360073.348498562 -19.107833426019173
379269.0190732246 -19.13562558906182
399488.019395417 -19.16082903825409
420784.9036297398 -19.18367188561582
443217.13424760854 -19.204364486270062
466845.2370703785 -19.22310039350462
491732.9645779016 -19.24005734581489
517947.46792312124 -19.255398264744542
545559.4781168514 -19.269272246540737
574643.4968715974 -19.281815534102293
605277.9976193343 -19.293152459091157
637545.6372456506 -19.30339634661497
671533.4791115135 -19.312650377210097
707333.2279644439 -19.321008402624283
745041.4773728917 -19.328555713503402
784759.9703514606 -19.335369758385472
826595.8738801812 -19.3415208138946
870662.0680585118 -19.347072607419605
917077.4506742931 -19.352082893620654
965967.2580093823 -19.3566039865653
1017463.4027476063 -19.360683249829137
1071704.8298967092 -19.364363546708393
1128837.8916846884 -19.367683653074653
1189016.74244199 -19.37067863523491
1252403.7545350718 -19.37338019522141
1319169.9564735717 -19.375816985944546
1389495.494373136 -19.37801489839957
1463570.1180190798 -19.37999732316988
1541593.6928422702 -19.38178538826279
1623776.739188721 -19.383398175248082
1710341.0003378377 -19.384852915559087
1801520.0408020238 -19.38616516857345
1897559.8765218505 -19.38734898317515
1998719.6386572486 -19.388417044177586
2105272.272765707 -19.38938080503655
2217505.2752539297 -19.390250607996503
2335721.4690901213 -19.391035792998117
2460239.8208697727 -19.391744796163394
2591396.3014396573 -19.392385239055614
2729544.792402007 -19.392964009483148
2875058.040944877 -19.39348733457098
3028328.6655749455 -19.393960847043658
3189770.215466318 -19.39438964522698
3359818.286283781 -19.394778347434624
3538931.6954909842 -19.3951311413058
3727593.720314938 -19.39545182854104
3926313.4017068394 -19.395743865674312
4135626.917817706 -19.39601040103199
4356099.030694608 -19.396254308535553
4588324.61010084 -19.39647821853313
4832930.238571752 -19.396684545988453
5090575.902036676 -19.396875516536284
5361956.770568817 -19.3970531902626
5647805.074067546 -19.397219483961383
5948892.077934331 -19.397376191693553
6266030.164072656 -19.39752500409603
6600075.022827089 -19.39766752654576
6951927.961775606 -19.397805296452294
7322538.337604526 -19.397939799751647
7712906.117627992 -19.398072486875705
8124084.5778629575 -19.39820478834098
8557183.144940002 -19.398338130079562
9013370.38951742 -19.39847394868513
9493877.17927582 -19.39861370683024
10000000.0 -19.39875890885148
10533104.45370936 -19.39891111674865
11094628.943275219 -19.39907196687645
11686088.553466497 -19.39924318721704
12309079.138896018 -19.399426615662307
12965281.629896663 -19.39962421937231
13656466.567946097 -19.399838115478378
14384498.882876629 -19.400070593143248
15151342.924760515 -19.40032413744578
15959067.76404731 -19.400601455078114
16809852.774253618 -19.40090550222361
17705993.51226898 -19.40123951487068
18649907.912142944 -19.401607041673184
19644142.809066266 -19.402011979776255
20691380.811147902 -19.40245861383685
21794447.537529834 -19.402951658555626
22956319.242369097 -19.403496304930773
24180130.84525718 -19.404098270644983
25469184.3897454 -19.404763854877704
26826957.95279722 -19.40549999785584
28257115.02920827 -19.40631434526665
29763514.41631313 -19.407215318219126
31350220.62565112 -19.408212188425637
33021514.849681754 -19.409315159408646
34781906.51314127 -19.410535453277177
36636145.44020716 -19.411885403562323
38589234.67029899 -19.413378553829684
40646443.95709628 -19.41502976165005
42813323.98719387 -19.4168553078595
45095721.35676145 -19.41887301007781
47499794.346614026 -19.421102339560974
50032029.53825999 -19.423564540052553
52699259.31575657 -19.426282746657982
55508680.300597996 -19.429282102370465
58467872.7693759 -19.43258986917084
61584821.10660254 -19.436235529855164
64867935.34788508 -19.440250875833648
68326073.87157391 -19.444670075337655
71968567.30011514 -19.449529715151282
75805243.67559262 -19.4548688078856
79846454.97739078 -19.4607287558211
84103105.05352604 -19.46715326078166
88586679.04100814 -19.474188168297683
93309274.35461664 -19.481881234120078
98283633.32770011 -19.490281798804762
103523177.59307377 -19.49944035775233
109042044.29677527 -19.509408012716904
114855124.24239345 -19.520235793130794
120978102.06889038 -19.531973837049243
127427498.57031322 -19.544670425695607
134220715.2716012 -19.55837087004096
141376081.38073614 -19.573116255186935
148912903.24394056 -19.58894205611841
156851516.43735445 -19.605876649222868
165213340.63573685 -19.62393975444485
174020937.40624848 -19.643140856282997
183298071.08324376 -19.663477663011616
193069772.88832456 -19.684934675145577
203362408.46866703 -19.707481942440094
214203749.0358383 -19.73107409456288
225623046.2970626 -19.75564972819656
237651111.38110778 -19.781131228602696
250320397.97173202 -19.807425087914464
263665089.87303555 -19.834422762558898
277721193.2429355 -19.862002084043798
292526633.74366355 -19.890029204655843
308121358.87140083 -19.91836102674824
324547445.74113256 -19.946848030244983
341849214.6175927 -19.97533738424062
360073348.49856204 -20.00367620719559
379269019.0732238 -20.0317148300797
399488019.39541787 -20.059309913939416
420784903.6297398 -20.086327288515378
443217134.24760854 -20.112644394649312
466845237.07037944 -20.138152246305662
491732964.5779006 -20.162756858014145
517947467.9231202 -20.186380119015116
545559478.1168514 -20.208960127770716
574643496.8715974 -20.230451027840054
605277997.6193355 -20.25082240737739
637545637.2456493 -20.270058339577798
671533479.1115135 -20.28815614624168
707333227.9644439 -20.30512497140108
745041477.3728887 -20.32098424250234
784759970.3514622 -20.3357620916846
826595873.8801795 -20.349493796311204
870662068.0585117 -20.36222028796946
917077450.674293 -20.373986764780593
965967258.0093802 -20.38484143061998
1017463402.7476043 -20.39483437857705
1071704829.8967092 -20.40401661968213
1128837891.6846883 -20.412439260072173
1189016742.44199 -20.42015281772796
1252403754.5350692 -20.427206670591534
1319169956.473569 -20.433648622327972
1389495494.373136 -20.43952457471707
1463570118.0190797 -20.444878290981514
1541593692.8422735 -20.44975123746883
1623776739.1887176 -20.45418249227661
1710341000.337838 -20.458208706745353
1801520040.802024 -20.461864112136652
1897559876.5218503 -20.46518055961981
1998719638.6572526 -20.468187588680365
2105272272.7657027 -20.47091251291052
2217505275.2539296 -20.47338052206905
2335721469.0901213 -20.475614792910367
2460239820.8697777 -20.477636605411185
2591396301.439652 -20.47946546074303
2729544792.402002 -20.481119200428868
2875058040.944877 -20.48261412290346
3028328665.5749454 -20.483965097704008
3189770215.466325 -20.485185672034206
3359818286.2837744 -20.486288178083246
3538931695.4909844 -20.48728382765324
3727593720.314938 -20.488182808006666
3926313401.7068396 -20.488994366462666
4135626917.8176975 -20.489726892166317
4356099030.694599 -20.490387988505034
4588324610.100841 -20.490984547124704
4832930238.571753 -20.49152280651466
5090575902.036687 -20.4920084153793
5361956770.568806 -20.492446482866637
5647805074.067546 -20.49284163000848
5948892077.934331 -20.493198035764447
6266030164.072656 -20.493519476754628
6600075022.827075 -20.493809366021672
6951927961.775591 -20.49407078466986
7322538337.6045265 -20.49430651781627
7712906117.627993 -20.494519080276913
8124084577.862974 -20.494710741950463
8557183144.939984 -20.49488355007337
9013370389.51742 -20.49503935551455
9493877179.27582 -20.495179827031418
10000000000.0 -20.49530647137061
10.0 60.12562977066522
10.53310445370937 59.67450196265869
11.094628943275218 59.22337415591143
11.686088553466515 58.772246350571564
12.309079138896024 58.321118546786565
12.965281629896682 57.86999074471985
13.65646656794611 57.41886294456823
14.38449888287663 56.967735146546765
15.15134292476053 56.51660735087457
15.95906776404731 56.06547955781587
16.80985277425364 55.614351767655556
17.70599351226899 55.16322398070339
18.64990791214297 54.71209619732562
19.644142809066278 54.26096841789931
20.6913808111479 53.80984064286412
21.794447537529855 53.35871287269251
22.956319242369098 52.90758510791859
24.180130845257207 52.45645734914458
25.4691843897454 52.00532959700795
26.826957952797258 51.55420185223582
28.257115029208283 51.10307411563987
29.76351441631318 50.65194638810113
31.350220625651154 50.200818670620166
33.02151484968176 49.74969096429131
34.7819065131413 49.29856327031657
36.63614544020716 48.84743559004911
38.58923467029903 48.396307924991014
40.646443957096295 47.94518027678387
42.81332398719393 47.49405264725708
45.095721356761466 47.042925038439456
47.499794346614124 46.591797452597355
50.03202953826004 46.14066989220473
52.699259315756564 45.68954236000987
55.50868030059805 45.23841485907829
58.467872769375894 44.78728739277482
61.58482110660264 44.336159964849955
64.86793534788511 43.88503257942315
68.32607387157402 43.433905241070924
71.96856730011521 42.98277795484399
75.8052436755926 42.53165072631706
79.84645497739086 42.080523561651624
84.10310505352605 41.62939646765898
88.58667904100822 41.17826945185061
93.30927435461668 40.727142522484144
98.28363332770026 40.27601568869578
103.52317759307378 39.82488896051849
109.04204429677526 39.373762349007436
114.8551242423938 38.92263586631016
120.97810206889012 38.471509525778615
127.42749857031335 38.02038334203241
134.2207152716012 37.569257331129904
141.37608138073614 37.11813151062673
148.91290324394086 36.667005899721616
156.85151643735477 36.215880519366934
165.213340635737 35.764755392417435
174.0209374062485 35.31363054370824
183.29807108324357 34.862506000244615
193.06977288832496 34.41138179127479
203.36240846866724 33.96025794845865
214.2037490358383 33.50913450596357
225.62304629706352 33.058011500613
237.65111138110728 32.60688897195451
250.32039797173255 32.155766962397024
263.6650898730358 31.704645517338644
277.7211932429355 31.253524685196574
292.5266337436645 30.802404517535052
308.1213588714002 30.351285069223408
324.54744574113323 29.90016639846639
341.84921461759274 29.449048566991358
360.073348498562 28.99793164023339
379.26901907322497 28.546815687561363
399.48801939541704 28.095700782607267
420.78490362974026 27.644587003691115
443.21713424760856 27.193474434376057
466.84523707037897 26.742363164270238
491.73296457790156 26.29125328986019
517.9474679231213 25.84014491573262
545.5594781168514 25.38903815606502
574.6434968715973 24.937933136218845
605.2779976193349 24.48682999490131
637.5456372456507 24.03572888641182
671.5334791115142 23.584629983371613
707.3332279644438 23.133533479731575
745.0414773728917 22.682439594034594
784.7599703514607 22.231348573120144
826.5958738801812 21.780260696062335
870.6620680585127 21.32917627835894
917.0774506742931 20.878095676511673
965.9672580093833 20.427019292884765
1017.4634027476063 19.975947580875285
1071.7048298967104 19.52488105049155
1128.8378916846884 19.07382027431662
1189.01674244199 18.62276589402116
1252.4037545350732 18.171718627387932
1319.1699564735716 17.720679275993355
1389.4954943731375 17.269648733746294
1463.5701180190797 16.818627996152085
1541.5936928422718 16.36761817075109
1623.776739188721 15.916620488560318
1710.3410003378397 15.465636316895488
1801.520040802024 15.01466717361835
1897.5598765218504 14.56371474292755
1998.7196386572507 14.112780893046837
2105.272272765707 13.661867695833527
2217.505275253932 13.210977448618294
2335.7214690901214 12.76011269848696
2460.239820869775 12.309276269271187
2591.3963014396572 11.858471291491107
2729.5447924020073 11.407701235637864
2875.0580409448803 10.95696994907337
3028.3286655749457 10.506281696986527
3189.7702154663216 10.055641207761965
3359.818286283781 9.605053723283689
3538.9316954909877 9.154525054697142
3727.593720314938 8.704061644124208
3926.3134017068355 8.253670633043399
4135.626917817706 7.803359937944729
4356.099030694608 7.353138334085058
4588.324610100844 6.903015548150966
4832.930238571752 6.453002360676394
5090.575902036681 6.0031107193425735
5361.956770568817 5.553353864123648
5647.805074067552 5.103746465531885
5948.892077934331 4.654304777228625
6266.030164072656 4.205046804441127
6600.075022827095 3.7559924896442825
6951.927961775606 3.3071639171776006
7322.538337604534 2.858585538588299
7712.906117627992 2.410284420489618
8124.0845778629655 1.9622905170555982
8557.183144940002 1.514636969159465
9013.37038951743 1.0673604324789046
9493.87717927582 0.6205014368132198
10000.0 0.17410477903702926
10533.104453709382 -0.27178004785976106
11094.628943275218 -0.7170983872748722
11686.088553466498 -1.161789910603269
12309.079138896019 -1.6057880657382322
12965.281629896688 -2.0490194803798563
13656.466567946096 -2.4914033185046796
14384.498882876629 -2.932850588621336
15151.342924760515 -3.3732634032565434
15959.06776404731 -3.8125341898000835
16809.852774253653 -4.250544853950913
17705.99351226898 -4.687165898307001
18649.907912142942 -5.122255500337712
19644.142809066267 -5.555658555998742
20691.3808111479 -5.98720569761226
21794.447537529835 -6.416712297650201
22956.319242369096 -6.843977473351127
24180.13084525718 -7.268783110992736
25469.184389745402 -7.690892933087139
26826.957952797275 -8.110051636544743
28257.115029208268 -8.525984135174776
29763.51441631313 -8.938394945362374
31350.220625651124 -9.346967759366665
33021.51484968176 -9.75136525605367
34781.90651314134 -10.15122920368156
36636.14544020716 -10.546180913151375
38589.23467029899 -10.935822102282222
40646.44395709628 -11.319736231615959
42813.32398719396 -11.69749036929087
45095.721356761445 -12.06863763590043
47499.79434661403 -12.432720269310577
50032.029538259994 -12.789273333727763
52699.259315756564 -13.137829076574896
55508.680300598106 -13.47792191094764
58467.87276937589 -13.8090939714302
61584.82110660255 -14.130901157629033
64867.935347885075 -14.442919544970586
68326.07387157406 -14.7447520081683
71968.56730011514 -15.036034872234517
75805.24367559262 -15.31644438164998
79846.45497739078 -15.58570276366522
84103.10505352604 -15.843583658689536
88586.67904100832 -16.08991670142455
93309.27435461663 -16.32459106101982
98283.63332770011 -16.54755778663443
103523.17759307378 -16.75883085409232
109042.04429677526 -16.958486866407142
114855.12424239368 -17.1466634216771
120978.10206889013 -17.323556221711755
127427.49857031321 -17.489415048671585
134220.7152716012 -17.644538781895612
141376.08138073614 -17.78926965910307
148912.90324394088 -17.923987004973363
156851.5164373548 -18.049100654309324
165213.34063573685 -18.165044288667698
174020.9374062485 -18.272268886048376
183298.07108324338 -18.3712364558933
193069.77288832495 -18.462414199080783
203362.40846866704 -18.54626919786873
214203.74903583832 -18.623263706283183
225623.04629706353 -18.693851079529217
237651.11138110727 -18.75847235234509
250320.39797173254 -18.81755345326509
263665.08987303555 -18.87150302262736
277721.1932429355 -18.920710789166606
292526.6337436642 -18.96554645064134
308121.35887140024 -19.006358999423565
324547.44574113254 -19.04347643208436
341849.21461759275 -19.077205783109754
360073.348498562 -19.107833426019173
379269.0190732246 -19.13562558906182
399488.019395417 -19.16082903825409
420784.9036297398 -19.18367188561582
443217.13424760854 -19.204364486270062
466845.2370703785 -19.22310039350462
491732.9645779016 -19.24005734581489
517947.46792312124 -19.255398264744542
545559.4781168514 -19.269272246540737
574643.4968715974 -19.281815534102293
605277.9976193343 -19.293152459091157
637545.6372456506 -19.30339634661497
671533.4791115135 -19.312650377210097
707333.2279644439 -19.321008402624283
745041.4773728917 -19.328555713503402
784759.9703514606 -19.335369758385472
826595.8738801812 -19.3415208138946
870662.0680585118 -19.347072607419605
917077.4506742931 -19.352082893620654
965967.2580093823 -19.3566039865653
1017463.4027476063 -19.360683249829137
1071704.8298967092 -19.364363546708393
1128837.8916846884 -19.367683653074653
1189016.74244199 -19.37067863523491
1252403.7545350718 -19.37338019522141
1319169.9564735717 -19.375816985944546
1389495.494373136 -19.37801489839957
1463570.1180190798 -19.37999732316988
1541593.6928422702 -19.38178538826279
1623776.739188721 -19.383398175248082
1710341.0003378377 -19.384852915559087
1801520.0408020238 -19.38616516857345
1897559.8765218505 -19.38734898317515
1998719.6386572486 -19.388417044177586
2105272.272765707 -19.38938080503655
2217505.2752539297 -19.390250607996503
2335721.4690901213 -19.391035792998117
2460239.8208697727 -19.391744796163394
2591396.3014396573 -19.392385239055614
2729544.792402007 -19.392964009483148
2875058.040944877 -19.39348733457098
3028328.6655749455 -19.393960847043658
3189770.215466318 -19.39438964522698
3359818.286283781 -19.394778347434624
3538931.6954909842 -19.3951311413058
3727593.720314938 -19.39545182854104
3926313.4017068394 -19.395743865674312
4135626.917817706 -19.39601040103199
4356099.030694608 -19.396254308535553
4588324.61010084 -19.39647821853313
4832930.238571752 -19.396684545988453
5090575.902036676 -19.396875516536284
5361956.770568817 -19.3970531902626
5647805.074067546 -19.397219483961383
5948892.077934331 -19.397376191693553
6266030.164072656 -19.39752500409603
6600075.022827089 -19.39766752654576
6951927.961775606 -19.397805296452294
7322538.337604526 -19.397939799751647
7712906.117627992 -19.398072486875705
8124084.5778629575 -19.39820478834098
8557183.144940002 -19.398338130079562
9013370.38951742 -19.39847394868513
9493877.17927582 -19.39861370683024
10000000.0 -19.39875890885148
10533104.45370936 -19.39891111674865
11094628.943275219 -19.39907196687645
11686088.553466497 -19.39924318721704
12309079.138896018 -19.399426615662307
12965281.629896663 -19.39962421937231
13656466.567946097 -19.399838115478378
14384498.882876629 -19.400070593143248
15151342.924760515 -19.40032413744578
15959067.76404731 -19.400601455078114
16809852.774253618 -19.40090550222361
17705993.51226898 -19.40123951487068
18649907.912142944 -19.401607041673184
19644142.809066266 -19.402011979776255
20691380.811147902 -19.40245861383685
21794447.537529834 -19.402951658555626
22956319.242369097 -19.403496304930773
24180130.84525718 -19.404098270644983
25469184.3897454 -19.404763854877704
26826957.95279722 -19.40549999785584
28257115.02920827 -19.40631434526665
29763514.41631313 -19.407215318219126
31350220.62565112 -19.408212188425637
33021514.849681754 -19.409315159408646
34781906.51314127 -19.410535453277177
36636145.44020716 -19.411885403562323
38589234.67029899 -19.413378553829684
40646443.95709628 -19.41502976165005
42813323.98719387 -19.4168553078595
45095721.35676145 -19.41887301007781
47499794.346614026 -19.421102339560974
50032029.53825999 -19.423564540052553
52699259.31575657 -19.426282746657982
55508680.300597996 -19.429282102370465
58467872.7693759 -19.43258986917084
61584821.10660254 -19.436235529855164
64867935.34788508 -19.440250875833648
68326073.87157391 -19.444670075337655
71968567.30011514 -19.449529715151282
75805243.67559262 -19.4548688078856
79846454.97739078 -19.4607287558211
84103105.05352604 -19.46715326078166
88586679.04100814 -19.474188168297683
93309274.35461664 -19.481881234120078
98283633.32770011 -19.490281798804762
103523177.59307377 -19.49944035775233
109042044.29677527 -19.509408012716904
114855124.24239345 -19.520235793130794
120978102.06889038 -19.531973837049243
127427498.57031322 -19.544670425695607
134220715.2716012 -19.55837087004096
141376081.38073614 -19.573116255186935
148912903.24394056 -19.58894205611841
156851516.43735445 -19.605876649222868
165213340.63573685 -19.62393975444485
174020937.40624848 -19.643140856282997
183298071.08324376 -19.663477663011616
193069772.88832456 -19.684934675145577
203362408.46866703 -19.707481942440094
214203749.0358383 -19.73107409456288
225623046.2970626 -19.75564972819656
237651111.38110778 -19.781131228602696
250320397.97173202 -19.807425087914464
263665089.87303555 -19.834422762558898
277721193.2429355 -19.862002084043798
292526633.74366355 -19.890029204655843
308121358.87140083 -19.91836102674824
324547445.74113256 -19.946848030244983
341849214.6175927 -19.97533738424062
360073348.49856204 -20.00367620719559
379269019.0732238 -20.0317148300797
399488019.39541787 -20.059309913939416
420784903.6297398 -20.086327288515378
443217134.24760854 -20.112644394649312
466845237.07037944 -20.138152246305662
491732964.5779006 -20.162756858014145
517947467.9231202 -20.186380119015116
545559478.1168514 -20.208960127770716
574643496.8715974 -20.230451027840054
605277997.6193355 -20.25082240737739
637545637.2456493 -20.270058339577798
671533479.1115135 -20.28815614624168
707333227.9644439 -20.30512497140108
745041477.3728887 -20.32098424250234
784759970.3514622 -20.3357620916846
826595873.8801795 -20.349493796311204
870662068.0585117 -20.36222028796946
917077450.674293 -20.373986764780593
965967258.0093802 -20.38484143061998
1017463402.7476043 -20.39483437857705
1071704829.8967092 -20.40401661968213
1128837891.6846883 -20.412439260072173
1189016742.44199 -20.42015281772796
1252403754.5350692 -20.427206670591534
1319169956.473569 -20.433648622327972
1389495494.373136 -20.43952457471707
1463570118.0190797 -20.444878290981514
1541593692.8422735 -20.44975123746883
1623776739.1887176 -20.45418249227661
1710341000.337838 -20.458208706745353
1801520040.802024 -20.461864112136652
1897559876.5218503 -20.46518055961981
1998719638.6572526 -20.468187588680365
2105272272.7657027 -20.47091251291052
2217505275.2539296 -20.47338052206905
2335721469.0901213 -20.475614792910367
2460239820.8697777 -20.477636605411185
2591396301.439652 -20.47946546074303
2729544792.402002 -20.481119200428868
2875058040.944877 -20.48261412290346
3028328665.5749454 -20.483965097704008
3189770215.466325 -20.485185672034206
3359818286.2837744 -20.486288178083246
3538931695.4909844 -20.48728382765324
3727593720.314938 -20.488182808006666
3926313401.7068396 -20.488994366462666
4135626917.8176975 -20.489726892166317
4356099030.694599 -20.490387988505034
4588324610.100841 -20.490984547124704
4832930238.571753 -20.49152280651466
5090575902.036687 -20.4920084153793
5361956770.568806 -20.492446482866637
5647805074.067546 -20.49284163000848
5948892077.934331 -20.493198035764447
6266030164.072656 -20.493519476754628
6600075022.827075 -20.493809366021672
6951927961.775591 -20.49407078466986
7322538337.6045265 -20.49430651781627
7712906117.627993 -20.494519080276913
8124084577.862974 -20.494710741950463
8557183144.939984 -20.49488355007337
9013370389.51742 -20.49503935551455
9493877179.27582 -20.495179827031418
10000000000.0 -20.49530647137061
