10.0 -13.172394553737668
10.53310445370937 -13.398027224742544
11.094628943275218 -13.623645954236244
11.686088553466515 -13.84750567356021
12.309079138896024 -14.069446283179756
12.965281629896682 -14.288048854814363
13.65646656794611 -14.503092393718475
14.38449888287663 -14.713340207910752
15.15134292476053 -14.918233114541293
15.95906776404731 -15.117206875146515
16.80985277425364 -15.309585499257835
17.70599351226899 -15.494906247134576
18.64990791214297 -15.672724274160089
19.644142809066278 -15.84284486909352
20.6913808111479 -16.004971350438154
21.794447537529855 -16.15889131076665
22.956319242369098 -16.304591177804614
24.180130845257207 -16.442048370480784
25.4691843897454 -16.571295409128748
26.826957952797258 -16.692498543714162
28.257115029208283 -16.805844605564445
29.76351441631318 -16.911577675482523
31.350220625651154 -17.00986745320792
33.02151484968176 -17.10112283199524
34.7819065131413 -17.18555998516803
36.63614544020716 -17.263581301217293
38.58923467029903 -17.33551436954334
40.646443957096295 -17.40170253120139
42.81332398719393 -17.46249612998807
45.095721356761466 -17.518249742019883
47.499794346614124 -17.569325499222405
50.03202953826004 -17.616022639927507
52.699259315756564 -17.65865013757429
55.50868030059805 -17.697562769388625
58.467872769375894 -17.73300859661608
61.58482110660264 -17.765278653879538
64.86793534788511 -17.794635593456416
68.32607387157402 -17.821301395350723
71.96856730011521 -17.845511129901737
75.8052436755926 -17.86748988068029
79.84645497739086 -17.8874167663935
84.10310505352605 -17.905485076311226
88.58667904100822 -17.92184352034996
93.30927435461668 -17.93665786810761
98.28363332770026 -17.950068591140017
103.52317759307378 -17.962195350655893
109.04204429677526 -17.973163375102267
114.8551242423938 -17.98308295897075
120.97810206889012 -17.99204342227022
127.42749857031335 -18.000140883458677
134.2207152716012 -18.007454089666627
141.37608138073614 -18.014062156515493
148.91290324394086 -18.020028036650555
156.85151643735477 -18.025416184072288
165.213340635737 -18.0302766789439
174.0209374062485 -18.034667972667087
183.29807108324357 -18.038624898587877
193.06977288832496 -18.042200196912034
203.36240846866724 -18.04542200461395
214.2037490358383 -18.048331427996754
225.62304629706352 -18.05095443831712
237.65111138110728 -18.05332110407177
250.32039797173255 -18.05545204157855
263.6650898730358 -18.057381151094468
277.7211932429355 -18.059114921250984
292.5266337436645 -18.06067968153208
308.1213588714002 -18.06209152655507
324.54744574113323 -18.063364431956714
341.84921461759274 -18.064513512132624
360.073348498562 -18.065548073073337
379.26901907322497 -18.066479483000137
399.48801939541704 -18.06732272483933
420.78490362974026 -18.068080165761245
443.21713424760856 -18.068762240161675
466.84523707037897 -18.069379838022687
491.73296457790156 -18.06993717183913
517.9474679231213 -18.070437986870324
545.5594781168514 -18.070887957648978
574.6434968715973 -18.071298183955587
605.2779976193349 -18.071662350906493
637.5456372456507 -18.07200073553468
671.5334791115142 -18.072293816626825
707.3332279644438 -18.072564100582472
745.0414773728917 -18.072811133366834
784.7599703514607 -18.073024880053136
826.5958738801812 -18.07322280293404
870.6620680585127 -18.07340190352808
917.0774506742931 -18.07356219319948
965.9672580093833 -18.073711377311014
1017.4634027476063 -18.07384255650249
1071.7048298967104 -18.073958602543236
1128.8378916846884 -18.074069591010595
1189.01674244199 -18.074167994383306
1252.4037545350732 -18.074256367876654
1319.1699564735716 -18.07433947714417
1389.4954943731375 -18.07440551538007
1463.5701180190797 -18.074476306605657
1541.5936928422718 -18.074541715934554
1623.776739188721 -18.074589968658795
1710.3410003378397 -18.074644521284302
1801.520040802024 -18.07468935564678
1897.5598765218504 -18.07473486609198
1998.7196386572507 -18.074776835323117
2105.272272765707 -18.074817712222938
2217.505275253932 -18.07484733595239
2335.7214690901214 -18.074887294583487
2460.239820869775 -18.074918736265687
2591.3963014396572 -18.074948896274677
2729.5447924020073 -18.0749851788564
2875.0580409448803 -18.075016684278427
3028.3286655749457 -18.075035196931697
3189.7702154663216 -18.07507751737457
3359.818286283781 -18.07510730673192
3538.9316954909877 -18.075134770298416
3727.593720314938 -18.07518617453467
3926.3134017068355 -18.07522281767889
4135.626917817706 -18.075266915219427
4356.099030694608 -18.075272167584085
4588.324610100844 -18.075367227701996
4832.930238571752 -18.075376435760397
5090.575902036681 -18.075455225240614
5361.956770568817 -18.075509213513595
5647.805074067552 -18.075527893177338
5948.892077934331 -18.075613994932827
6266.030164072656 -18.075715010006476
6600.075022827095 -18.075750797111706
6951.927961775606 -18.075847051818567
7322.538337604534 -18.076024130551037
7712.906117627992 -18.076028564362982
8124.0845778629655 -18.076202903704562
8557.183144940002 -18.07630102570442
9013.37038951743 -18.076484609016454
9493.87717927582 -18.076507937117412
10000.0 -18.07680377606755
10533.104453709382 -18.077106872492614
11094.628943275218 -18.077319117770642
11686.088553466498 -18.07724969924777
12309.079138896019 -18.077753587092225
12965.281629896688 -18.07799254261244
13656.466567946096 -18.078264823524602
14384.498882876629 -18.078692322569953
15151.342924760515 -18.079482918538957
15959.06776404731 -18.079518801857205
16809.852774253653 -18.080168710989835
17705.99351226898 -18.080711613810976
18649.907912142942 -18.081227652536846
19644.142809066267 -18.082020452248354
20691.3808111479 -18.082937696564446
21794.447537529835 -18.083529559070122
22956.319242369096 -18.08452267896812
24180.13084525718 -18.08533689455427
25469.184389745402 -18.08669240080234
26826.957952797275 -18.087671880576934
28257.115029208268 -18.08914670606193
29763.51441631313 -18.090061840356054
31350.220625651124 -18.092190707853536
33021.51484968176 -18.094165338838533
34781.90651314134 -18.09687855581128
36636.14544020716 -18.09961766517055
38589.23467029899 -18.101174894701327
40646.44395709628 -18.103577918218924
42813.32398719396 -18.10822277318731
45095.721356761445 -18.11149158445248
47499.79434661403 -18.11689722193062
50032.029538259994 -18.118904390820223
52699.259315756564 -18.122914204890442
55508.680300598106 -18.129882633848734
58467.87276937589 -18.137441205807836
61584.82110660255 -18.143374747751444
64867.935347885075 -18.14836680981352
68326.07387157406 -18.161887074285342
71968.56730011514 -18.16343441181283
75805.24367559262 -18.175250426319735
79846.45497739078 -18.18470858379222
84103.10505352604 -18.20086137701455
88586.67904100832 -18.21314606058615
93309.27435461663 -18.223203497286747
98283.63332770011 -18.24486352253547
103523.17759307378 -18.261792206474745
109042.04429677526 -18.28722205526248
114855.12424239368 -18.303287032932282
120978.10206889013 -18.324071908906234
127427.49857031321 -18.354336091532037
134220.7152716012 -18.373629621045623
141376.08138073614 -18.418922691701376
148912.90324394088 -18.45212507603086
156851.5164373548 -18.483039995189333
165213.34063573685 -18.52167921740328
174020.9374062485 -18.575475595041805
183298.07108324338 -18.617939375092213
193069.77288832495 -18.668687320652936
203362.40846866704 -18.72766196345009
214203.74903583832 -18.792389128321727
225623.04629706353 -18.86084555546878
237651.11138110727 -18.93489206146788
250320.39797173254 -19.001702211574596
263665.08987303555 -19.09070489427461
277721.1932429355 -19.17905852859156
292526.6337436642 -19.273765979852993
308121.35887140024 -19.369100341280017
324547.44574113254 -19.49097593075278
341849.21461759275 -19.59178562524043
360073.348498562 -19.709436785357497
379269.0190732246 -19.826024002631385
399488.019395417 -19.958481936663077
420784.9036297398 -20.079967419012416
443217.13424760854 -20.226193179354468
466845.2370703785 -20.36331121313004
491732.9645779016 -20.519306565210115
517947.46792312124 -20.65821942793113
545559.4781168514 -20.809589163440116
574643.4968715974 -20.949261638141046
605277.9976193343 -21.1049160447716
637545.6372456506 -21.253772457562835
671533.4791115135 -21.404398577340686
707333.2279644439 -21.546337901691164
745041.4773728917 -21.699272232415527
784759.9703514606 -21.827016272071088
826595.8738801812 -21.978919754866723
870662.0680585118 -22.116767920959806
917077.4506742931 -22.23334630817326
965967.2580093823 -22.363420920143856
1017463.4027476063 -22.492072552756053
1071704.8298967092 -22.6116388838826
1128837.8916846884 -22.712894896607633
1189016.74244199 -22.823388550323575
1252403.7545350718 -22.904503601892003
1319169.9564735717 -23.002028364961227
1389495.494373136 -23.098709651167862
1463570.1180190798 -23.172790620117354
1541593.6928422702 -23.244319026086746
1623776.739188721 -23.331356305316522
1710341.0003378377 -23.386784410812886
1801520.0408020238 -23.452460779085747
1897559.8765218505 -23.49856952833157
1998719.6386572486 -23.555302631601386
2105272.272765707 -23.588336906354282
2217505.2752539297 -23.67469267458692
2335721.4690901213 -23.67572096760997
2460239.8208697727 -23.742666922477305
2591396.3014396573 -23.74390733279523
2729544.792402007 -23.85815019452043
2875058.040944877 -23.757697334370825
3028328.6655749455 -23.851051799343267
3189770.215466318 -23.855488248929056
3359818.286283781 -23.835960826192668
3538931.6954909842 -23.906403194087183
3727593.720314938 -23.90702960014068
3926313.4017068394 -23.96378071371171
4135626.917817706 -23.96974152840686
4356099.030694608 -23.970473833355403
4588324.61010084 -23.935980579765822
4832930.238571752 -23.979431676717496
5090575.902036676 -23.993895380736753
5361956.770568817 -24.02017766817587
5647805.074067546 -24.010870632040387
5948892.077934331 -24.005708695099578
6266030.164072656 -24.028561197301578
6600075.022827089 -24.027635996577786
6951927.961775606 -24.03512746745021
7322538.337604526 -24.063529902934867
7712906.117627992 -24.05053118494341
8124084.5778629575 -24.033191539495846
8557183.144940002 -24.070632338921545
9013370.38951742 -24.037461710894128
9493877.17927582 -24.078294175883002
10000000.0 -24.1065570976297
10533104.45370936 -24.084086039662573
11094628.943275219 -24.1058656288739
11686088.553466497 -24.043265817574714
12309079.138896018 -24.063348555598086
12965281.629896663 -24.094010404068126
13656466.567946097 -24.088610075958897
14384498.882876629 -24.06444780597248
15151342.924760515 -24.082897846183972
15959067.76404731 -24.065524366152466
16809852.774253618 -24.09558695278094
17705993.51226898 -24.079678654630825
18649907.912142944 -24.087090774117826
19644142.809066266 -24.068600403937804
20691380.811147902 -24.061852892984593
21794447.537529834 -24.082562453659264
22956319.242369097 -24.074304762376787
24180130.84525718 -24.07395927899782
25469184.3897454 -24.07054714651498
26826957.95279722 -24.07022971226439
28257115.02920827 -24.072010015403862
29763514.41631313 -24.08549923702418
31350220.62565112 -24.08997795735822
33021514.849681754 -24.048213315169157
34781906.51314127 -24.065733505593574
36636145.44020716 -24.10560844337091
38589234.67029899 -24.077158082038327
40646443.95709628 -24.09910496005954
42813323.98719387 -24.094653375425466
45095721.35676145 -24.07681652914118
47499794.346614026 -24.06246219424506
50032029.53825999 -24.11017852696086
52699259.31575657 -24.089395180898915
55508680.300597996 -24.11111718399356
58467872.7693759 -24.09001928871995
61584821.10660254 -24.069115817540506
64867935.34788508 -24.07870367249803
68326073.87157391 -24.03324357948638
71968567.30011514 -24.079730716786138
75805243.67559262 -24.091068715907994
79846454.97739078 -24.107551833488422
84103105.05352604 -24.0891131786898
88586679.04100814 -24.084181189035633
93309274.35461664 -24.089545434332578
98283633.32770011 -24.07239051645263
103523177.59307377 -24.091491221436897
109042044.29677527 -24.127097351609414
114855124.24239345 -24.080306688413916
120978102.06889038 -24.065025042714222
127427498.57031322 -24.09561646384974
134220715.2716012 -24.100688321921602
141376081.38073614 -24.121184585303887
148912903.24394056 -24.110672627711637
156851516.43735445 -24.03765308875772
165213340.63573685 -24.05098788503141
174020937.40624848 -24.04884407592928
183298071.08324376 -24.07532961325474
193069772.88832456 -24.11893233583968
203362408.46866703 -24.09184038359539
214203749.0358383 -24.131473007193488
225623046.2970626 -24.13861617566117
237651111.38110778 -24.066732287487568
250320397.97173202 -24.091501314095055
263665089.87303555 -24.07542463955149
277721193.2429355 -24.071148532758805
292526633.74366355 -24.114768780442887
308121358.87140083 -24.063454882508037
324547445.74113256 -24.068872334683764
341849214.6175927 -24.05613418068224
360073348.49856204 -24.032843160644536
379269019.0732238 -24.103930329729447
399488019.39541787 -24.124860445734416
420784903.6297398 -24.10232339750578
443217134.24760854 -24.075227809073354
466845237.07037944 -24.08074580737449
491732964.5779006 -24.043808863505546
517947467.9231202 -24.036850830589632
545559478.1168514 -24.093696892835425
574643496.8715974 -24.077528896776084
605277997.6193355 -24.07099134721915
637545637.2456493 -24.113804480190083
671533479.1115135 -24.084301221229936
707333227.9644439 -24.056951062369507
745041477.3728887 -24.090460679490807
784759970.3514622 -24.061225148010053
826595873.8801795 -24.10496068634286
870662068.0585117 -24.0380326690969
917077450.674293 -24.03610094096556
965967258.0093802 -24.068109586305674
1017463402.7476043 -24.03289777423929
1071704829.8967092 -24.11979189788806
1128837891.6846883 -24.103797037736683
1189016742.44199 -24.144739725732173
1252403754.5350692 -24.13977849490994
1319169956.473569 -24.09209461605944
1389495494.373136 -24.078643782728196
1463570118.0190797 -24.1033261477101
1541593692.8422735 -24.069532244802986
1623776739.1887176 -24.054900340256403
1710341000.337838 -24.06979619850576
1801520040.802024 -24.077189091351208
1897559876.5218503 -24.119856674560488
1998719638.6572526 -24.113108307053164
2105272272.7657027 -24.010281135581486
2217505275.2539296 -24.05267424027859
2335721469.0901213 -24.045577118985946
2460239820.8697777 -24.05051460355208
2591396301.439652 -24.072124057425818
2729544792.402002 -24.01802063663466
2875058040.944877 -24.102570595556777
3028328665.5749454 -24.063133640845855
3189770215.466325 -24.055020168084866
3359818286.2837744 -24.02122366951204
3538931695.4909844 -24.070797471053172
3727593720.314938 -24.119447480458756
3926313401.7068396 -24.08917467161409
4135626917.8176975 -24.042415666708425
4356099030.694599 -24.107263187448513
4588324610.100841 -24.07077986131222
4832930238.571753 -24.034043717552667
5090575902.036687 -24.130837464768376
5361956770.568806 -24.04328809831169
5647805074.067546 -24.085950534902103
5948892077.934331 -24.16491235769922
6266030164.072656 -24.07414813728378
6600075022.827075 -24.040495462288316
6951927961.775591 -24.130251477270946
7322538337.6045265 -24.111759730144954
7712906117.627993 -24.063457801601807
8124084577.862974 -24.045587977201386
8557183144.939984 -24.21223131890285
9013370389.51742 -24.13572804708519
9493877179.27582 -24.06364633460882
10000000000.0 -24.111335176042736
10.0 -7.882383946914201
10.53310445370937 -7.882833815561364
11.094628943275218 -7.883332878388379
11.686088553466515 -7.883886508853951
12.309079138896024 -7.884500665994606
12.965281629896682 -7.88518195784461
13.65646656794611 -7.885937711799995
14.38449888287663 -7.88677605241193
15.15134292476053 -7.887705987490509
15.95906776404731 -7.888737503448815
16.80985277425364 -7.88988167066793
17.70599351226899 -7.891150760079979
18.64990791214297 -7.892558371974513
19.644142809066278 -7.89411957835191
20.6913808111479 -7.89585108011029
21.794447537529855 -7.897771380577065
22.956319242369098 -7.89990097692543
24.180130845257207 -7.902262571179004
25.4691843897454 -7.904881302739027
26.826957952797258 -7.907785004286366
28.257115029208283 -7.911004483283302
29.76351441631318 -7.914573831252895
31.350220625651154 -7.918530763273751
33.02151484968176 -7.922916990072688
34.7819065131413 -7.927778625408282
36.63614544020716 -7.933166631339185
38.58923467029903 -7.939137304097007
40.646443957096295 -7.945752803130103
42.81332398719393 -7.953081726093729
45.095721356761466 -7.961199732051066
47.499794346614124 -7.970190215098574
50.03202953826004 -7.980145030316259
52.699259315756564 -7.991165273103862
55.50868030059805 -8.003362112570617
58.467872769375894 -8.016857678496885
61.58482110660264 -8.03178600020531
64.86793534788511 -8.048293994174534
68.32607387157402 -8.066542495469015
71.96856730011521 -8.086707325498129
75.8052436755926 -8.108980386286452
79.84645497739086 -8.133570767947155
84.10310505352605 -8.160705852597651
88.58667904100822 -8.190632393795775
93.30927435461668 -8.223617545759236
98.28363332770026 -8.25994981199186
103.52317759307378 -8.299939877336008
109.04204429677526 -8.343921282359968
114.8551242423938 -8.392250893859686
120.97810206889012 -8.44530912032931
127.42749857031335 -8.5034998181525
134.2207152716012 -8.567249831736195
141.37608138073614 -8.637008111144423
148.91290324394086 -8.713244353827646
156.85151643735477 -8.796447123473945
165.213340635737 -8.887121409995911
174.0209374062485 -8.98578561035476
183.29807108324357 -9.092967930993451
193.06977288832496 -9.209202238342716
203.36240846866724 -9.335023415261611
214.2037490358383 -9.47096231526894
225.62304629706352 -9.61754044361976
237.65111138110728 -9.775264530843394
250.32039797173255 -9.944621198819663
263.6650898730358 -10.126071948095115
277.7211932429355 -10.320048716272765
292.5266337436645 -10.526950266903155
308.1213588714002 -10.747139666472247
324.54744574113323 -10.980943091790813
341.84921461759274 -11.228650183165904
360.073348498562 -11.490516121973997
379.26901907322497 -11.766765568278647
399.48801939541704 -12.057598550231624
420.78490362974026 -12.363198357094458
443.21713424760856 -12.683741457806622
466.84523707037897 -13.019409452954054
491.73296457790156 -13.370403074648582
517.9474679231213 -13.73695828070003
545.5594781168514 -14.119364551863924
574.6434968715973 -14.517985597238933
605.2779976193349 -14.93328281040153
637.5456372456507 -15.365842005478587
671.5334791115142 -15.816404211996844
707.3332279644438 -16.285901641327015
745.0414773728917 -16.775500389304888
784.7599703514607 -17.286652062088518
826.5958738801812 -17.821157388629516
870.6620680585127 -18.381246145838258
917.0774506742931 -18.969679585740074
965.9672580093833 -19.589884371495053
1017.4634027476063 -20.246131400685393
1071.7048298967104 -20.94377986454377
1128.8378916846884 -21.689618349168278
1189.01674244199 -22.49235426835112
1252.4037545350732 -23.363337369268944
1319.1699564735716 -24.317666791735203
1389.4954943731375 -25.375955561025947
1463.5701180190797 -26.56728524907839
1541.5936928422718 -27.93446616487756
1623.776739188721 -29.54416596311264
1710.3410003378397 -31.50856086109252
1801.520040802024 -34.03897216458287
1897.5598765218504 -37.612743097244646
1998.7196386572507 -43.762641784939625
2105.272272765707 -60.16605110233933
2217.505275253932 -42.93510627907285
2335.7214690901214 -37.134639830172496
2460.239820869775 -33.653849199965904
2591.3963014396572 -31.15015811715295
2729.5447924020073 -29.185470503172922
2875.0580409448803 -27.56157384888254
3028.3286655749457 -26.171844783020298
3189.7702154663216 -24.95231241356615
3359.818286283781 -23.861581144487097
3538.9316954909877 -22.871332737298196
3727.593720314938 -21.961352752708056
3926.3134017068355 -21.11671906964133
4135.626917817706 -20.326114487359426
4356.099030694608 -19.580763910878403
4588.324610100844 -18.87373778752388
4832.930238571752 -18.199480111407286
5090.575902036681 -17.55347940121587
5361.956770568817 -16.93203368077897
5647.805074067552 -16.332079012603007
5948.892077934331 -15.75106206048755
6266.030164072656 -15.186843821093419
6600.075022827095 -14.637625849674691
6951.927961775606 -14.101893002435506
7322.538337604534 -13.57836849680149
7712.906117627992 -13.06597828795536
8124.0845778629655 -12.563822580930069
8557.183144940002 -12.071152868875163
9013.37038951743 -11.587353292344922
9493.87717927582 -11.111925403131131
10000.0 -10.644475625143867
10533.104453709382 -10.184704856809754
11094.628943275218 -9.732399770950732
11686.088553466498 -9.287425450105616
12309.079138896019 -8.849719055579737
12965.281629896688 -8.419284273129763
13656.466567946096 -7.996186311040874
14384.498882876629 -7.580547251102527
15151.342924760515 -7.172541572017746
15959.06776404731 -6.772391680392475
16809.852774253653 -6.380363298750734
17705.99351226898 -5.996760574624055
18649.907912142942 -5.621920791537452
19644.142809066267 -5.256208582928083
20691.3808111479 -4.900009575269407
21794.447537529835 -4.553723417478301
22956.319242369096 -4.2177561910427706
24180.13084525718 -3.8925122385268267
25469.184389745402 -3.5783854966118005
26826.957952797275 -3.2757504716106784
28257.115029208268 -2.984953047378485
29763.51441631313 -2.706301364480355
31350.220625651124 -2.4400570502920664
33021.51484968176 -2.1864271080911832
34781.90651314134 -1.9455567845193342
36636.14544020716 -1.7175237251694062
38589.23467029899 -1.50233369576667
40646.44395709628 -1.2999180910708121
42813.32398719396 -1.1101333777785265
45095.721356761445 -0.9327625265187028
47499.79434661403 -0.7675183879986227
50032.029538259994 -0.614048868500604
52699.259315756564 -0.4719436685415252
55508.680300598106 -0.3407422739508511
58467.87276937589 -0.21994283703531595
61584.82110660255 -0.10901156050529444
64867.935347885075 -0.007392199200571619
68326.07387157406 0.08548467782780574
71968.56730011514 0.17019297426078367
75805.24367559262 0.2473031494937572
79846.45497739078 0.3173752746064039
84103.10505352604 0.380953167455617
88586.67904100832 0.4385596468114259
93309.27435461663 0.49069288817398465
98283.63332770011 0.5378238180691606
103523.17759307378 0.5803944504192229
109042.04429677526 0.6188170473858323
114855.12424239368 0.6534739769712444
120978.10206889013 0.6847181385110734
127427.49857031321 0.7128738329726767
134220.7152716012 0.7382379655550886
141376.08138073614 0.761081481538089
148912.90324394088 0.7816509511005727
156851.5164373548 0.8001702336401488
165213.34063573685 0.8168421662076165
174020.9374062485 0.8318502333273964
183298.07108324338 0.8453601865811412
193069.77288832495 0.8575215916270374
203362.40846866704 0.8684692879994242
214203.74903583832 0.8783247530960815
225623.04629706353 0.8871973664735613
237651.11138110727 0.8951855741094429
250320.39797173254 0.9023779548310783
263665.08987303555 0.908854192896133
277721.1932429355 0.9146859618501006
292526.6337436642 0.9199377254635166
308121.35887140024 0.924667461867257
324547.44574113254 0.9289273170617507
341849.21461759275 0.9327641938468927
360073.348498562 0.9362202819739653
379269.0190732246 0.9393335349899335
399488.019395417 0.94213809887365
420784.9036297398 0.9446646971763096
443217.13424760854 0.9469409769825
466845.2370703785 0.9489918196288484
491732.9645779016 0.950839619752184
517947.46792312124 0.9525045358947024
545559.4781168514 0.9540047155848376
574643.4968715974 0.9553564975076072
605277.9976193343 0.9565745931273607
637545.6372456506 0.9576722498729375
671533.4791115135 0.9586613977836935
707333.2279644439 0.9595527813148103
745041.4773728917 0.9603560778265828
784759.9703514606 0.9610800041202381
826595.8738801812 0.9617324122448133
870662.0680585118 0.9623203756691798
917077.4506742931 0.9628502668006356
965967.2580093823 0.9633278267309485
1017463.4027476063 0.96375822799673
1071704.8298967092 0.9641461310636135
1128837.8916846884 0.9644957351660635
1189016.74244199 0.9648108240744007
1252403.7545350718 0.9650948072985083
1319169.9564735717 0.9653507571872916
1389495.494373136 0.9655814423362742
1463570.1180190798 0.9657893576727329
1541593.6928422702 0.9659767515507899
1623776.739188721 0.9661456501573901
1710341.0003378377 0.9662978794934639
1801520.0408020238 0.9664350851772112
1897559.8765218505 0.96655875028253
1998719.6386572486 0.9666702114098504
2105272.272765707 0.9667706731666503
2217505.2752539297 0.9668612212106305
2335721.4690901213 0.9669428340059305
2460239.8208697727 0.9670163934145494
2591396.3014396573 0.9670826942350905
2729544.792402007 0.9671424528109989
2875058.040944877 0.9671963147687705
3028328.6655749455 0.9672448620122329
3189770.215466318 0.9672886190043555
3359818.286283781 0.9673280584492884
3538931.6954909842 0.9673636063952167
3727593.720314938 0.967395646840252
3926313.4017068394 0.9674245258921663
4135626.917817706 0.9674505554977302
4356099.030694608 0.9674740168203411
4588324.61010084 0.9674951632748623
4832930.238571752 0.9675142232733644
5090575.902036676 0.9675314026920223
5361956.770568817 0.9675468870851138
5647805.074067546 0.9675608436946653
5948892.077934331 0.967573423275207
6266030.164072656 0.9675847616756571
6600075.022827089 0.9675949813840974
6951927.961775606 0.9676041927605257
7322538.337604526 0.9676124952930164
7712906.117627992 0.9676199786697192
8124084.5778629575 0.9676267237032787
8557183.144940002 0.9676328032390034
9013370.38951742 0.9676382829547193
9493877.17927582 0.9676432220030307
10000000.0 0.9676476737546156
10533104.45370936 0.9676516862849592
11094628.943275219 0.9676553029212203
11686088.553466497 0.9676585627138656
12309079.138896018 0.9676615008907978
12965281.629896663 0.9676641491860721
13656466.567946097 0.9676665361831648
14384498.882876629 0.9676686876953757
15151342.924760515 0.9676706268839946
15959067.76404731 0.9676723747992445
16809852.774253618 0.9676739502095817
17705993.51226898 0.9676753701768261
18649907.912142944 0.9676766500979781
19644142.809066266 0.9676778037395016
20691380.811147902 0.9676788435128224
21794447.537529834 0.9676797807289296
22956319.242369097 0.9676806254844348
24180130.84525718 0.9676813868542321
25469184.3897454 0.9676820731190178
26826957.95279722 0.9676826916486715
28257115.02920827 0.9676832491939645
29763514.41631313 0.9676837517563835
31350220.62565112 0.9676842046683753
33021514.849681754 0.9676846129982932
34781906.51314127 0.9676849808442918
36636145.44020716 0.9676853126539158
38589234.67029899 0.9676856113127225
40646443.95709628 0.9676858810189009
42813323.98719387 0.9676861234954638
45095721.35676145 0.9676863425263662
47499794.346614026 0.967686539395876
50032029.53825999 0.967686718802873
52699259.31575657 0.9676868777461882
55508680.300597996 0.967687022699007
58467872.7693759 0.9676871534600368
61584821.10660254 0.9676872700543693
64867935.34788508 0.9676873756684267
68326073.87157391 0.9676874747963676
71968567.30011514 0.9676875566800662
75805243.67559262 0.9676876375973681
79846454.97739078 0.9676877037556942
84103105.05352604 0.967687769605189
88586679.04100814 0.9676878256850703
93309274.35461664 0.9676878799909648
98283633.32770011 0.9676879199013908
103523177.59307377 0.9676879631515412
109042044.29677527 0.9676880041762796
114855124.24239345 0.9676880330086046
120978102.06889038 0.9676880657872808
127427498.57031322 0.9676880796961286
134220715.2716012 0.9676881150837052
141376081.38073614 0.96768813593682
148912903.24394056 0.9676881500167405
156851516.43735445 0.9676881638329436
165213340.63573685 0.9676881880651667
174020937.40624848 0.9676882278704811
183298071.08324376 0.9676882248317753
193069772.88832456 0.9676882231762185
203362408.46866703 0.9676882573739642
214203749.0358383 0.9676882653892988
225623046.2970626 0.9676882533435744
237651111.38110778 0.9676882694193505
250320397.97173202 0.967688270821887
263665089.87303555 0.9676882785313254
277721193.2429355 0.9676882917477807
292526633.74366355 0.9676883235517542
308121358.87140083 0.9676883361266881
324547445.74113256 0.9676883207252457
341849214.6175927 0.9676884061284946
360073348.49856204 0.9676883132006963
379269019.0732238 0.9676883537201829
399488019.39541787 0.9676883502189338
420784903.6297398 0.9676882692010644
443217134.24760854 0.9676883808285687
466845237.07037944 0.9676883699294779
491732964.5779006 0.9676884369991186
517947467.9231202 0.9676882050785275
545559478.1168514 0.9676882727597909
574643496.8715974 0.9676883870599016
605277997.6193355 0.9676880632322239
637545637.2456493 0.9676882118963904
671533479.1115135 0.9676884159711916
707333227.9644439 0.967688527405822
745041477.3728887 0.9676883536068914
784759970.3514622 0.9676882499723215
826595873.8801795 0.9676881871045058
870662068.0585117 0.9676883809382802
917077450.674293 0.9676884197212475
965967258.0093802 0.9676886809967005
1017463402.7476043 0.9676887835371956
1071704829.8967092 0.9676886010382679
1128837891.6846883 0.9676879524269523
1189016742.44199 0.9676886666993196
1252403754.5350692 0.96768810648717
1319169956.473569 0.9676871445642037
1389495494.373136 0.9676890653376234
1463570118.0190797 0.9676891463153097
1541593692.8422735 0.9676884544069289
1623776739.1887176 0.9676886376279517
1710341000.337838 0.9676885110723575
1801520040.802024 0.9676872947531667
1897559876.5218503 0.9676884830764787
1998719638.6572526 0.9676891740044793
2105272272.7657027 0.9676874264605418
2217505275.2539296 0.9676875120207538
2335721469.0901213 0.967692386329852
2460239820.8697777 0.9676891561202505
2591396301.439652 0.9676904273311405
2729544792.402002 0.967685507873133
2875058040.944877 0.9676915148084798
3028328665.5749454 0.9676854124121699
3189770215.466325 0.9676944694021763
3359818286.2837744 0.9676922027016704
3538931695.4909844 0.9676854996309661
3727593720.314938 0.9676945382928079
3926313401.7068396 0.9676840479850666
4135626917.8176975 0.9676863645970988
4356099030.694599 0.9676952331312436
4588324610.100841 0.9676966475590585
4832930238.571753 0.9676908783184748
5090575902.036687 0.967689008959109
5361956770.568806 0.9676870686604278
5647805074.067546 0.9676886027766936
5948892077.934331 0.967700009555751
6266030164.072656 0.9676890376614916
6600075022.827075 0.9676959677390746
6951927961.775591 0.9676639474485805
7322538337.6045265 0.9676767954375798
7712906117.627993 0.9676770571214113
8124084577.862974 0.9676833471447389
8557183144.939984 0.967650977139517
9013370389.51742 0.9676916149435575
9493877179.27582 0.9676959636242495
10000000000.0 0.967634416458935
10.0 -7.882383946914201
10.53310445370937 -7.882833815561364
11.094628943275218 -7.883332878388379
11.686088553466515 -7.883886508853951
12.309079138896024 -7.884500665994606
12.965281629896682 -7.88518195784461
13.65646656794611 -7.885937711799995
14.38449888287663 -7.88677605241193
15.15134292476053 -7.887705987490509
15.95906776404731 -7.888737503448815
16.80985277425364 -7.88988167066793
17.70599351226899 -7.891150760079979
18.64990791214297 -7.892558371974513
19.644142809066278 -7.89411957835191
20.6913808111479 -7.89585108011029
21.794447537529855 -7.897771380577065
22.956319242369098 -7.89990097692543
24.180130845257207 -7.902262571179004
25.4691843897454 -7.904881302739027
26.826957952797258 -7.907785004286366
28.257115029208283 -7.911004483283302
29.76351441631318 -7.914573831252895
31.350220625651154 -7.918530763273751
33.02151484968176 -7.922916990072688
34.7819065131413 -7.927778625408282
36.63614544020716 -7.933166631339185
38.58923467029903 -7.939137304097007
40.646443957096295 -7.945752803130103
42.81332398719393 -7.953081726093729
45.095721356761466 -7.961199732051066
47.499794346614124 -7.970190215098574
50.03202953826004 -7.980145030316259
52.699259315756564 -7.991165273103862
55.50868030059805 -8.003362112570617
58.467872769375894 -8.016857678496885
61.58482110660264 -8.03178600020531
64.86793534788511 -8.048293994174534
68.32607387157402 -8.066542495469015
71.96856730011521 -8.086707325498129
75.8052436755926 -8.108980386286452
79.84645497739086 -8.133570767947155
84.10310505352605 -8.160705852597651
88.58667904100822 -8.190632393795775
93.30927435461668 -8.223617545759236
98.28363332770026 -8.25994981199186
103.52317759307378 -8.299939877336008
109.04204429677526 -8.343921282359968
114.8551242423938 -8.392250893859686
120.97810206889012 -8.44530912032931
127.42749857031335 -8.5034998181525
134.2207152716012 -8.567249831736195
141.37608138073614 -8.637008111144423
148.91290324394086 -8.713244353827646
156.85151643735477 -8.796447123473945
165.213340635737 -8.887121409995911
174.0209374062485 -8.98578561035476
183.29807108324357 -9.092967930993451
193.06977288832496 -9.209202238342716
203.36240846866724 -9.335023415261611
214.2037490358383 -9.47096231526894
225.62304629706352 -9.61754044361976
237.65111138110728 -9.775264530843394
250.32039797173255 -9.944621198819663
263.6650898730358 -10.126071948095115
277.7211932429355 -10.320048716272765
292.5266337436645 -10.526950266903155
308.1213588714002 -10.747139666472247
324.54744574113323 -10.980943091790813
341.84921461759274 -11.228650183165904
360.073348498562 -11.490516121973997
379.26901907322497 -11.766765568278647
399.48801939541704 -12.057598550231624
420.78490362974026 -12.363198357094458
443.21713424760856 -12.683741457806622
466.84523707037897 -13.019409452954054
491.73296457790156 -13.370403074648582
517.9474679231213 -13.73695828070003
545.5594781168514 -14.119364551863924
574.6434968715973 -14.517985597238933
605.2779976193349 -14.93328281040153
637.5456372456507 -15.365842005478587
671.5334791115142 -15.816404211996844
707.3332279644438 -16.285901641327015
745.0414773728917 -16.775500389304888
784.7599703514607 -17.286652062088518
826.5958738801812 -17.821157388629516
870.6620680585127 -18.381246145838258
917.0774506742931 -18.969679585740074
965.9672580093833 -19.589884371495053
1017.4634027476063 -20.246131400685393
1071.7048298967104 -20.94377986454377
1128.8378916846884 -21.689618349168278
1189.01674244199 -22.49235426835112
1252.4037545350732 -23.363337369268944
1319.1699564735716 -24.317666791735203
1389.4954943731375 -25.375955561025947
1463.5701180190797 -26.56728524907839
1541.5936928422718 -27.93446616487756
1623.776739188721 -29.54416596311264
1710.3410003378397 -31.50856086109252
1801.520040802024 -34.03897216458287
1897.5598765218504 -37.612743097244646
1998.7196386572507 -43.762641784939625
2105.272272765707 -60.16605110233933
2217.505275253932 -42.93510627907285
2335.7214690901214 -37.134639830172496
2460.239820869775 -33.653849199965904
2591.3963014396572 -31.15015811715295
2729.5447924020073 -29.185470503172922
2875.0580409448803 -27.56157384888254
3028.3286655749457 -26.171844783020298
3189.7702154663216 -24.95231241356615
3359.818286283781 -23.861581144487097
3538.9316954909877 -22.871332737298196
3727.593720314938 -21.961352752708056
3926.3134017068355 -21.11671906964133
4135.626917817706 -20.326114487359426
4356.099030694608 -19.580763910878403
4588.324610100844 -18.87373778752388
4832.930238571752 -18.199480111407286
5090.575902036681 -17.55347940121587
5361.956770568817 -16.93203368077897
5647.805074067552 -16.332079012603007
5948.892077934331 -15.75106206048755
6266.030164072656 -15.186843821093419
6600.075022827095 -14.637625849674691
6951.927961775606 -14.101893002435506
7322.538337604534 -13.57836849680149
7712.906117627992 -13.06597828795536
8124.0845778629655 -12.563822580930069
8557.183144940002 -12.071152868875163
9013.37038951743 -11.587353292344922
9493.87717927582 -11.111925403131131
10000.0 -10.644475625143867
10533.104453709382 -10.184704856809754
11094.628943275218 -9.732399770950732
11686.088553466498 -9.287425450105616
12309.079138896019 -8.849719055579737
12965.281629896688 -8.419284273129763
13656.466567946096 -7.996186311040874
14384.498882876629 -7.580547251102527
15151.342924760515 -7.172541572017746
15959.06776404731 -6.772391680392475
16809.852774253653 -6.380363298750734
17705.99351226898 -5.996760574624055
18649.907912142942 -5.621920791537452
19644.142809066267 -5.256208582928083
20691.3808111479 -4.900009575269407
21794.447537529835 -4.553723417478301
22956.319242369096 -4.2177561910427706
24180.13084525718 -3.8925122385268267
25469.184389745402 -3.5783854966118005
26826.957952797275 -3.2757504716106784
28257.115029208268 -2.984953047378485
29763.51441631313 -2.706301364480355
31350.220625651124 -2.4400570502920664
33021.51484968176 -2.1864271080911832
34781.90651314134 -1.9455567845193342
36636.14544020716 -1.7175237251694062
38589.23467029899 -1.50233369576667
40646.44395709628 -1.2999180910708121
42813.32398719396 -1.1101333777785265
45095.721356761445 -0.9327625265187028
47499.79434661403 -0.7675183879986227
50032.029538259994 -0.614048868500604
52699.259315756564 -0.4719436685415252
55508.680300598106 -0.3407422739508511
58467.87276937589 -0.21994283703531595
61584.82110660255 -0.10901156050529444
64867.935347885075 -0.007392199200571619
68326.07387157406 0.08548467782780574
71968.56730011514 0.17019297426078367
75805.24367559262 0.2473031494937572
79846.45497739078 0.3173752746064039
84103.10505352604 0.380953167455617
88586.67904100832 0.4385596468114259
93309.27435461663 0.49069288817398465
98283.63332770011 0.5378238180691606
103523.17759307378 0.5803944504192229
109042.04429677526 0.6188170473858323
114855.12424239368 0.6534739769712444
120978.10206889013 0.6847181385110734
127427.49857031321 0.7128738329726767
134220.7152716012 0.7382379655550886
141376.08138073614 0.761081481538089
148912.90324394088 0.7816509511005727
156851.5164373548 0.8001702336401488
165213.34063573685 0.8168421662076165
174020.9374062485 0.8318502333273964
183298.07108324338 0.8453601865811412
193069.77288832495 0.8575215916270374
203362.40846866704 0.8684692879994242
214203.74903583832 0.8783247530960815
225623.04629706353 0.8871973664735613
237651.11138110727 0.8951855741094429
250320.39797173254 0.9023779548310783
263665.08987303555 0.908854192896133
277721.1932429355 0.9146859618501006
292526.6337436642 0.9199377254635166
308121.35887140024 0.924667461867257
324547.44574113254 0.9289273170617507
341849.21461759275 0.9327641938468927
360073.348498562 0.9362202819739653
379269.0190732246 0.9393335349899335
399488.019395417 0.94213809887365
420784.9036297398 0.9446646971763096
443217.13424760854 0.9469409769825
466845.2370703785 0.9489918196288484
491732.9645779016 0.950839619752184
517947.46792312124 0.9525045358947024
545559.4781168514 0.9540047155848376
574643.4968715974 0.9553564975076072
605277.9976193343 0.9565745931273607
637545.6372456506 0.9576722498729375
671533.4791115135 0.9586613977836935
707333.2279644439 0.9595527813148103
745041.4773728917 0.9603560778265828
784759.9703514606 0.9610800041202381
826595.8738801812 0.9617324122448133
870662.0680585118 0.9623203756691798
917077.4506742931 0.9628502668006356
965967.2580093823 0.9633278267309485
1017463.4027476063 0.96375822799673
1071704.8298967092 0.9641461310636135
1128837.8916846884 0.9644957351660635
1189016.74244199 0.9648108240744007
1252403.7545350718 0.9650948072985083
1319169.9564735717 0.9653507571872916
1389495.494373136 0.9655814423362742
1463570.1180190798 0.9657893576727329
1541593.6928422702 0.9659767515507899
1623776.739188721 0.9661456501573901
1710341.0003378377 0.9662978794934639
1801520.0408020238 0.9664350851772112
1897559.8765218505 0.96655875028253
1998719.6386572486 0.9666702114098504
2105272.272765707 0.9667706731666503
2217505.2752539297 0.9668612212106305
2335721.4690901213 0.9669428340059305
2460239.8208697727 0.9670163934145494
2591396.3014396573 0.9670826942350905
2729544.792402007 0.9671424528109989
2875058.040944877 0.9671963147687705
3028328.6655749455 0.9672448620122329
3189770.215466318 0.9672886190043555
3359818.286283781 0.9673280584492884
3538931.6954909842 0.9673636063952167
3727593.720314938 0.967395646840252
3926313.4017068394 0.9674245258921663
4135626.917817706 0.9674505554977302
4356099.030694608 0.9674740168203411
4588324.61010084 0.9674951632748623
4832930.238571752 0.9675142232733644
5090575.902036676 0.9675314026920223
5361956.770568817 0.9675468870851138
5647805.074067546 0.9675608436946653
5948892.077934331 0.967573423275207
6266030.164072656 0.9675847616756571
6600075.022827089 0.9675949813840974
6951927.961775606 0.9676041927605257
7322538.337604526 0.9676124952930164
7712906.117627992 0.9676199786697192
8124084.5778629575 0.9676267237032787
8557183.144940002 0.9676328032390034
9013370.38951742 0.9676382829547193
9493877.17927582 0.9676432220030307
10000000.0 0.9676476737546156
10533104.45370936 0.9676516862849592
11094628.943275219 0.9676553029212203
11686088.553466497 0.9676585627138656
12309079.138896018 0.9676615008907978
12965281.629896663 0.9676641491860721
13656466.567946097 0.9676665361831648
14384498.882876629 0.9676686876953757
15151342.924760515 0.9676706268839946
15959067.76404731 0.9676723747992445
16809852.774253618 0.9676739502095817
17705993.51226898 0.9676753701768261
18649907.912142944 0.9676766500979781
19644142.809066266 0.9676778037395016
20691380.811147902 0.9676788435128224
21794447.537529834 0.9676797807289296
22956319.242369097 0.9676806254844348
24180130.84525718 0.9676813868542321
25469184.3897454 0.9676820731190178
26826957.95279722 0.9676826916486715
28257115.02920827 0.9676832491939645
29763514.41631313 0.9676837517563835
31350220.62565112 0.9676842046683753
33021514.849681754 0.9676846129982932
34781906.51314127 0.9676849808442918
36636145.44020716 0.9676853126539158
38589234.67029899 0.9676856113127225
40646443.95709628 0.9676858810189009
42813323.98719387 0.9676861234954638
45095721.35676145 0.9676863425263662
47499794.346614026 0.967686539395876
50032029.53825999 0.967686718802873
52699259.31575657 0.9676868777461882
55508680.300597996 0.967687022699007
58467872.7693759 0.9676871534600368
61584821.10660254 0.9676872700543693
64867935.34788508 0.9676873756684267
68326073.87157391 0.9676874747963676
71968567.30011514 0.9676875566800662
75805243.67559262 0.9676876375973681
79846454.97739078 0.9676877037556942
84103105.05352604 0.967687769605189
88586679.04100814 0.9676878256850703
93309274.35461664 0.9676878799909648
98283633.32770011 0.9676879199013908
103523177.59307377 0.9676879631515412
109042044.29677527 0.9676880041762796
114855124.24239345 0.9676880330086046
120978102.06889038 0.9676880657872808
127427498.57031322 0.9676880796961286
134220715.2716012 0.9676881150837052
141376081.38073614 0.96768813593682
148912903.24394056 0.9676881500167405
156851516.43735445 0.9676881638329436
165213340.63573685 0.9676881880651667
174020937.40624848 0.9676882278704811
183298071.08324376 0.9676882248317753
193069772.88832456 0.9676882231762185
203362408.46866703 0.9676882573739642
214203749.0358383 0.9676882653892988
225623046.2970626 0.9676882533435744
237651111.38110778 0.9676882694193505
250320397.97173202 0.967688270821887
263665089.87303555 0.9676882785313254
277721193.2429355 0.9676882917477807
292526633.74366355 0.9676883235517542
308121358.87140083 0.9676883361266881
324547445.74113256 0.9676883207252457
341849214.6175927 0.9676884061284946
360073348.49856204 0.9676883132006963
379269019.0732238 0.9676883537201829
399488019.39541787 0.9676883502189338
420784903.6297398 0.9676882692010644
443217134.24760854 0.9676883808285687
466845237.07037944 0.9676883699294779
491732964.5779006 0.9676884369991186
517947467.9231202 0.9676882050785275
545559478.1168514 0.9676882727597909
574643496.8715974 0.9676883870599016
605277997.6193355 0.9676880632322239
637545637.2456493 0.9676882118963904
671533479.1115135 0.9676884159711916
707333227.9644439 0.967688527405822
745041477.3728887 0.9676883536068914
784759970.3514622 0.9676882499723215
826595873.8801795 0.9676881871045058
870662068.0585117 0.9676883809382802
917077450.674293 0.9676884197212475
965967258.0093802 0.9676886809967005
1017463402.7476043 0.9676887835371956
1071704829.8967092 0.9676886010382679
1128837891.6846883 0.9676879524269523
1189016742.44199 0.9676886666993196
1252403754.5350692 0.96768810648717
1319169956.473569 0.9676871445642037
1389495494.373136 0.9676890653376234
1463570118.0190797 0.9676891463153097
1541593692.8422735 0.9676884544069289
1623776739.1887176 0.9676886376279517
1710341000.337838 0.9676885110723575
1801520040.802024 0.9676872947531667
1897559876.5218503 0.9676884830764787
1998719638.6572526 0.9676891740044793
2105272272.7657027 0.9676874264605418
2217505275.2539296 0.9676875120207538
2335721469.0901213 0.967692386329852
2460239820.8697777 0.9676891561202505
2591396301.439652 0.9676904273311405
2729544792.402002 0.967685507873133
2875058040.944877 0.9676915148084798
3028328665.5749454 0.9676854124121699
3189770215.466325 0.9676944694021763
3359818286.2837744 0.9676922027016704
3538931695.4909844 0.9676854996309661
3727593720.314938 0.9676945382928079
3926313401.7068396 0.9676840479850666
4135626917.8176975 0.9676863645970988
4356099030.694599 0.9676952331312436
4588324610.100841 0.9676966475590585
4832930238.571753 0.9676908783184748
5090575902.036687 0.967689008959109
5361956770.568806 0.9676870686604278
5647805074.067546 0.9676886027766936
5948892077.934331 0.967700009555751
6266030164.072656 0.9676890376614916
6600075022.827075 0.9676959677390746
6951927961.775591 0.9676639474485805
7322538337.6045265 0.9676767954375798
7712906117.627993 0.9676770571214113
8124084577.862974 0.9676833471447389
8557183144.939984 0.967650977139517
9013370389.51742 0.9676916149435575
9493877179.27582 0.9676959636242495
10000000000.0 0.967634416458935
