10.0 4.93703597771221
10.53310445370937 4.904455784230608
11.094628943275218 4.8688489822484815
11.686088553466515 4.829992224804057
12.309079138896024 4.787657750683419
12.965281629896682 4.741614141737502
13.65646656794611 4.691631630260693
14.38449888287663 4.637484221452557
15.15134292476053 4.5789540436225495
15.95906776404731 4.5158366896168385
16.80985277425364 4.447945392390706
17.70599351226899 4.375117974738192
18.64990791214297 4.297222224413516
19.644142809066278 4.214162352304235
20.6913808111479 4.125886644605493
21.794447537529855 4.032391472548252
22.956319242369098 3.933729809318922
24.180130845257207 3.830014539874837
25.4691843897454 3.721424163116031
26.826957952797258 3.6082050069914082
28.257115029208283 3.4906733963705783
29.76351441631318 3.369215293850012
31.350220625651154 3.24428517508983
33.02151484968176 3.116400886796699
34.7819065131413 2.9861393262928986
36.63614544020716 2.854128238196182
38.58923467029903 2.7210376155613987
40.646443957096295 2.5875688356668505
42.81332398719393 2.4544436475600198
45.095721356761466 2.3223922359650615
47.499794346614124 2.1921414995282777
50.03202953826004 2.064403488356337
52.699259315756564 1.9398644913820173
55.50868030059805 1.8191758261364912
58.467872769375894 1.7029457378033552
61.58482110660264 1.5917333635110205
64.86793534788511 1.4860443477035377
68.32607387157402 1.3863288052593887
71.96856730011521 1.292980866658897
75.8052436755926 1.206340375884386
79.84645497739086 1.1266960204469416
84.10310505352605 1.054289951154459
88.58667904100822 0.9893234200497926
93.30927435461668 0.9319632872428872
98.28363332770026 0.8823490326573945
103.52317759307378 0.8405998361471233
109.04204429677526 0.806821708886985
114.8551242423938 0.7811142330299827
120.97810206889012 0.7635767507052892
127.42749857031335 0.7543138259111047
134.2207152716012 0.7534398564493812
141.37608138073614 0.761082635965032
148.91290324394086 0.7773858727831087
156.85151643735477 0.8025105261164649
165.213340635737 0.8366349506140816
174.0209374062485 0.8799538392093813
183.29807108324357 0.9326759451603965
193.06977288832496 0.9950206394862864
203.36240846866724 1.0672133726699253
214.2037490358383 1.1494800930250921
225.62304629706352 1.2420408028583467
237.65111138110728 1.3451023689023636
250.32039797173255 1.4588507955538508
263.6650898730358 1.5834431811343832
277.7211932429355 1.7189995968527088
292.5266337436645 1.8655951514324878
308.1213588714002 2.0232525047245
324.54744574113323 2.1919350928845107
341.84921461759274 2.371541292000583
360.073348498562 2.561899736899869
379.26901907322497 2.762765942663292
399.48801939541704 2.9738203376649164
420.78490362974026 3.1946677508969783
443.21713424760856 3.4248383376860563
466.84523707037897 3.663789870036357
491.73296457790156 3.9109112773305306
517.9474679231213 4.165527271991603
545.5594781168514 4.426903895228261
574.6434968715973 4.694254783439192
605.2779976193349 4.966747988047825
637.5456372456507 5.243513179693524
671.5334791115142 5.523649102781929
707.3332279644438 5.806231176879161
745.0414773728917 6.090319168462798
784.7599703514607 6.37496488898757
826.5958738801812 6.659219894389033
870.6620680585127 6.942143178855444
917.0774506742931 7.222808856392221
965.9672580093833 7.500313820361252
1017.4634027476063 7.773785354600409
1071.7048298967104 8.042388650239676
1128.8378916846884 8.305334148426391
1189.01674244199 8.561884606170302
1252.4037545350732 8.811361750283238
1319.1699564735716 9.053152360848147
1389.4954943731375 9.286713615700604
1463.5701180190797 9.511577521053823
1541.5936928422718 9.72735426647398
1623.776739188721 9.933734365990167
1710.3410003378397 10.130489486142043
1801.520040802024 10.317471905650248
1897.5598765218504 10.494612610128442
1998.7196386572507 10.66191807646861
2105.272272765707 10.819465859245863
2217.505275253932 10.967399134942543
2335.7214690901214 11.105920400011604
2460.239820869775 11.235284539131971
2591.3963014396572 11.355791495884478
2729.5447924020073 11.467778770910726
2875.0580409448803 11.57161396263636
3028.3286655749457 11.667687541323879
3189.7702154663216 11.756406017477637
3359.818286283781 11.838185632458183
3538.9316954909877 11.913446664439665
3727.593720314938 11.982608409602467
3926.3134017068355 12.046084866995379
4135.626917817706 12.10428112954232
4356.099030694608 12.157590460399696
4588.324610100844 12.206392017557942
4832.930238571752 12.251049176260294
5090.575902036681 12.29190839090881
5361.956770568817 12.329298533941596
5647.805074067552 12.363530647620154
5948.892077934331 12.394898046707432
6266.030164072656 12.423676712975094
6600.075022827095 12.450125927570099
6951.927961775606 12.474489092781402
7322.538337604534 12.49699470089739
7712.906117627992 12.517857413959819
8124.0845778629655 12.53727922419535
8557.183144940002 12.555450670525056
9013.37038951743 12.57255209168182
9493.87717927582 12.588754900951377
10000.0 12.604222871599255
10533.104453709382 12.619113425359904
11094.628943275218 12.633578919201087
11686.088553466498 12.647767927817583
12309.079138896019 12.661826521165583
12965.281629896688 12.675899537562179
13656.466567946096 12.690131853889312
14384.498882876629 12.70466965489075
15151.342924760515 12.719661703744954
15959.06776404731 12.735260615843435
16809.852774253653 12.751624137216604
17705.99351226898 12.76891642804522
18649.907912142942 12.787309350506746
19644.142809066267 12.806983758418884
20691.3808111479 12.828130784187424
21794.447537529835 12.85095311582509
22956.319242369096 12.875666253992238
24180.13084525718 12.902499735318573
25469.184389745402 12.931698304346803
26826.957952797275 12.963523011799774
28257.115029208268 12.998252211934016
29763.51441631313 13.03618242629386
31350.220625651124 13.077629035614063
33021.51484968176 13.122926755793301
34781.90651314134 13.172429848557485
36636.14544020716 13.226512012598235
38589.23467029899 13.285565897277692
40646.44395709628 13.350002179224896
42813.32398719396 13.420248142563453
45095.721356761445 13.496745707406088
47499.79434661403 13.579948858782968
50032.029538259994 13.670320440455477
52699.259315756564 13.768328295362684
55508.680300598106 13.87444075682134
58467.87276937589 13.989121522168386
61584.82110660255 14.112823971914757
64867.935347885075 14.24598503218569
68326.07387157406 14.389018713200137
71968.56730011514 14.54230949037061
75805.24367559262 14.706205723498302
79846.45497739078 14.88101333116769
84103.10505352604 15.066989948374934
88586.67904100832 15.264339793938335
93309.27435461663 15.473209458836251
98283.63332770011 15.693684796692505
103523.17759307378 15.925789055597724
109042.04429677526 16.16948233765295
114855.12424239368 16.424662413578258
120978.10206889013 16.69116685877517
127427.49857031321 16.968776418710082
134220.7152716012 17.257219460268573
141376.08138073614 17.556177324914298
148912.90324394088 17.865290371587893
156851.5164373548 18.18416448351687
165213.34063573685 18.51237781273237
174020.9374062485 18.849487547975134
183298.07108324338 19.1950365131763
193069.77288832495 19.548559432352974
203362.40846866704 19.90958872916306
214203.74903583832 20.27765976322751
225623.04629706353 20.65231543812107
237651.11138110727 21.033110146028562
250320.39797173254 21.41961304025744
263665.08987303555 21.8114106486654
277721.1932429355 22.20810885848383
292526.6337436642 22.60933431614435
308121.35887140024 23.014735295132695
324547.44574113254 23.423982091125573
341849.21461759275 23.836767007150105
360073.348498562 24.2528039929203
379269.0190732246 24.67182800181837
399488.019395417 25.093594127007435
420784.9036297398 25.517876574636126
443217.13424760854 25.944467527357325
466845.2370703785 26.37317594582918
491732.9645779016 26.803826349254134
517947.46792312124 27.236257609187465
545559.4781168514 27.67032178357596
574643.4968715974 28.10588301108038
605277.9976193343 28.54281647903575
637545.6372456506 28.981007472685178
671533.4791115135 29.420350508268083
707333.2279644439 29.860748548633765
745041.4773728917 30.302112297143754
784759.9703514606 30.744359563733596
826595.8738801812 31.18741469584457
870662.0680585118 31.63120806657779
917077.4506742931 32.07567561271545
965967.2580093823 32.520758415601236
1017463.4027476063 32.96640231879811
1071704.8298967092 33.4125575771252
1128837.8916846884 33.85917853290238
1189016.74244199 34.30622331557856
1252403.7545350718 34.753653562094016
1319169.9564735717 35.20143415567826
1389495.494373136 35.649532981439464
1463570.1180190798 36.09792069727583
1541593.6928422702 36.5465705193955
1623776.739188721 36.995458021202246
1710341.0003378377 37.44456094529296
1801520.0408020238 37.89385902770985
1897559.8765218505 38.343333833957715
1998719.6386572486 38.79296860643295
2105272.272765707 39.24274812258916
2217505.2752539297 39.69265856335468
2335721.4690901213 40.14268739146358
2460239.8208697727 40.5928232390695
2591396.3014396573 41.043055803971534
2729544.792402007 41.49337575434998
2875058.040944877 41.943774641121635
3028328.6655749455 42.39424481749104
3189770.215466318 42.84477936553803
3359818.286283781 43.29537202869649
3538931.6954909842 43.74601715046789
3727593.720314938 44.19670961826127
3926313.4017068394 44.64744481231256
4135626.917817706 45.09821855916334
4356099.030694608 45.54902708937832
4588324.61010084 45.999866999091694
4832930.238571752 46.45073521508201
5090575.902036676 46.901628963151865
5361956.770568817 47.352545739344414
5647805.074067546 47.80348328394396
5948892.077934331 48.25443955791261
6266030.164072656 48.705412721512744
6600075.022827089 49.1564011150005
6951927.961775606 49.607403241144254
7322538.337604526 50.05841774945508
7712906.117627992 50.509443421833296
8124084.5778629575 50.960479159716044
8557183.144940002 51.41152397236762
9013370.38951742 51.86257696637146
9493877.17927582 52.31363733610226
10000000.0 52.76470435510354
10533104.45370936 53.21577736838464
11094628.943275219 53.66685578536752
11686088.553466497 54.11793907358891
12309079.138896018 54.56902675299864
12965281.629896663 55.02011839079576
13656466.567946097 55.47121359679436
14384498.882876629 55.922312019259095
15151342.924760515 56.37341334107709
15959067.76404731 56.82451727638056
16809852.774253618 57.27562356748368
17705993.51226898 57.72673198208579
18649907.912142944 58.17784231078256
19644142.809066266 58.62895436480138
20691380.811147902 59.080067973997
21794447.537529834 59.53118298497881
22956319.242369097 59.98229925949207
24180130.84525718 60.433416672912934
25469184.3897454 60.8845351128994
26826957.95279722 61.33565447819365
28257115.02920827 61.78677467751904
29763514.41631313 62.237895628611625
31350220.62565112 62.68901725731244
33021514.849681754 63.14013949677684
34781906.51314127 63.59126228674111
36636145.44020716 64.04238557291306
38589234.67029899 64.49350930634294
40646443.95709628 64.94463344289153
42813323.98719387 65.39575794280951
45095721.35676145 65.84688277023476
47499794.346614026 66.29800789285258
50032029.53825999 66.74913328155134
52699259.31575657 67.20025891007802
55508680.300597996 67.65138475478271
58467872.7693759 68.10251079431859
61584821.10660254 68.55363700946396
64867935.34788508 69.00476338292624
68326073.87157391 69.45588989904168
71968567.30011514 69.90701654374716
75805243.67559262 70.35814330437108
79846454.97739078 70.80927016948192
84103105.05352604 71.26039712876745
88586679.04100814 71.71152417289575
93309274.35461664 72.16265129351684
98283633.32770011 72.61377848312891
103523177.59307377 73.06490573492648
109042044.29677527 73.5160330427075
114855124.24239345 73.96716040090206
120978102.06889038 74.41828780471704
127427498.57031322 74.86941524953428
134220715.2716012 75.32054273126897
141376081.38073614 75.77167024640198
148912903.24394056 76.222797791549
156851516.43735445 76.67392536376005
165213340.63573685 77.12505296033582
174020937.40624848 77.57618057898328
183298071.08324376 78.02730821741216
193069772.88832456 78.47843587378944
203362408.46866703 78.92956354611131
214203749.0358383 79.38069123296793
225623046.2970626 79.83181893294463
237651111.38110778 80.2829466449825
250320397.97173202 80.73407436716118
263665089.87303555 81.18520209905647
277721193.2429355 81.6363298399124
292526633.74366355 82.08745758844172
308121358.87140083 82.53858534426635
324547445.74113256 82.98971310587945
341849214.6175927 83.4408408728824
360073348.49856204 83.89196864566722
379269019.0732238 84.3430964230972
399488019.39541787 84.79422420425587
420784903.6297398 85.24535198937693
443217134.24760854 85.69647977880106
466845237.07037944 86.1476075698462
491732964.5779006 86.59873536367228
517947467.9231202 87.04986316094252
545559478.1168514 87.50099096055499
574643496.8715974 87.95211876157536
605277997.6193355 88.40324656303407
637545637.2456493 88.85437436990294
671533479.1115135 89.3055021738779
707333227.9644439 89.75662998647383
745041477.3728887 90.20775778522702
784759970.3514622 90.6588856051218
826595873.8801795 91.11001340933228
870662068.0585117 91.56114121507304
917077450.674293 92.01226903958285
965967258.0093802 92.4633968468723
1017463402.7476043 92.91452465321468
1071704829.8967092 93.36565248367945
1128837891.6846883 93.81678029733774
1189016742.44199 94.26790811662585
1252403754.5350692 94.71903590173767
1319169956.473569 95.17016370830662
1389495494.373136 95.62129157731215
1463570118.0190797 96.0724193757525
1541593692.8422735 96.52354726334411
1623776739.1887176 96.9746748909846
1710341000.337838 97.42580293514794
1801520040.802024 97.87693054505462
1897559876.5218503 98.32805848487783
1998719638.6572526 98.77918612761918
2105272272.7657027 99.23031425708334
2217505275.2539296 99.68144210225842
2335721469.0901213 100.13256974963906
2460239820.8697777 100.58369740982344
2591396301.439652 101.03482504234584
2729544792.402002 101.48595404030428
2875058040.944877 101.93708104837135
3028328665.5749454 102.38820924738276
3189770215.466325 102.8393367446864
3359818286.2837744 103.2904641792486
3538931695.4909844 103.74159434117928
3727593720.314938 104.19272014266609
3926313401.7068396 104.64384514489507
4135626917.8176975 105.09497476022474
4356099030.694599 105.54610351401259
4588324610.100841 105.99722141429076
4832930238.571753 106.44835437621671
5090575902.036687 106.89948800978003
5361956770.568806 107.35060438055226
5647805074.067546 107.8017486347158
5948892077.934331 108.25285474733307
6266030164.072656 108.70402042320626
6600075022.827075 109.15513924894489
6951927961.775591 109.60626673007258
7322538337.6045265 110.05737826465058
7712906117.627993 110.50848218462156
8124084577.862974 110.95961221175486
8557183144.939984 111.41078744433378
9013370389.51742 111.86193727071577
9493877179.27582 112.31296529613135
10000000000.0 112.76407504916577
10.0 4.93703597771221
10.53310445370937 4.904455784230608
11.094628943275218 4.8688489822484815
11.686088553466515 4.829992224804057
12.309079138896024 4.787657750683419
12.965281629896682 4.741614141737502
13.65646656794611 4.691631630260693
14.38449888287663 4.637484221452557
15.15134292476053 4.5789540436225495
15.95906776404731 4.5158366896168385
16.80985277425364 4.447945392390706
17.70599351226899 4.375117974738192
18.64990791214297 4.297222224413516
19.644142809066278 4.214162352304235
20.6913808111479 4.125886644605493
21.794447537529855 4.032391472548252
22.956319242369098 3.933729809318922
24.180130845257207 3.830014539874837
25.4691843897454 3.721424163116031
26.826957952797258 3.6082050069914082
28.257115029208283 3.4906733963705783
29.76351441631318 3.369215293850012
31.350220625651154 3.24428517508983
33.02151484968176 3.116400886796699
34.7819065131413 2.9861393262928986
36.63614544020716 2.854128238196182
38.58923467029903 2.7210376155613987
40.646443957096295 2.5875688356668505
42.81332398719393 2.4544436475600198
45.095721356761466 2.3223922359650615
47.499794346614124 2.1921414995282777
50.03202953826004 2.064403488356337
52.699259315756564 1.9398644913820173
55.50868030059805 1.8191758261364912
58.467872769375894 1.7029457378033552
61.58482110660264 1.5917333635110205
64.86793534788511 1.4860443477035377
68.32607387157402 1.3863288052593887
71.96856730011521 1.292980866658897
75.8052436755926 1.206340375884386
79.84645497739086 1.1266960204469416
84.10310505352605 1.054289951154459
88.58667904100822 0.9893234200497926
93.30927435461668 0.9319632872428872
98.28363332770026 0.8823490326573945
103.52317759307378 0.8405998361471233
109.04204429677526 0.806821708886985
114.8551242423938 0.7811142330299827
120.97810206889012 0.7635767507052892
127.42749857031335 0.7543138259111047
134.2207152716012 0.7534398564493812
141.37608138073614 0.761082635965032
148.91290324394086 0.7773858727831087
156.85151643735477 0.8025105261164649
165.213340635737 0.8366349506140816
174.0209374062485 0.8799538392093813
183.29807108324357 0.9326759451603965
193.06977288832496 0.9950206394862864
203.36240846866724 1.0672133726699253
214.2037490358383 1.1494800930250921
225.62304629706352 1.2420408028583467
237.65111138110728 1.3451023689023636
250.32039797173255 1.4588507955538508
263.6650898730358 1.5834431811343832
277.7211932429355 1.7189995968527088
292.5266337436645 1.8655951514324878
308.1213588714002 2.0232525047245
324.54744574113323 2.1919350928845107
341.84921461759274 2.371541292000583
360.073348498562 2.561899736899869
379.26901907322497 2.762765942663292
399.48801939541704 2.9738203376649164
420.78490362974026 3.1946677508969783
443.21713424760856 3.4248383376860563
466.84523707037897 3.663789870036357
491.73296457790156 3.9109112773305306
517.9474679231213 4.165527271991603
545.5594781168514 4.426903895228261
574.6434968715973 4.694254783439192
605.2779976193349 4.966747988047825
637.5456372456507 5.243513179693524
671.5334791115142 5.523649102781929
707.3332279644438 5.806231176879161
745.0414773728917 6.090319168462798
784.7599703514607 6.37496488898757
826.5958738801812 6.659219894389033
870.6620680585127 6.942143178855444
917.0774506742931 7.222808856392221
965.9672580093833 7.500313820361252
1017.4634027476063 7.773785354600409
1071.7048298967104 8.042388650239676
1128.8378916846884 8.305334148426391
1189.01674244199 8.561884606170302
1252.4037545350732 8.811361750283238
1319.1699564735716 9.053152360848147
1389.4954943731375 9.286713615700604
1463.5701180190797 9.511577521053823
1541.5936928422718 9.72735426647398
1623.776739188721 9.933734365990167
1710.3410003378397 10.130489486142043
1801.520040802024 10.317471905650248
1897.5598765218504 10.494612610128442
1998.7196386572507 10.66191807646861
2105.272272765707 10.819465859245863
2217.505275253932 10.967399134942543
2335.7214690901214 11.105920400011604
2460.239820869775 11.235284539131971
2591.3963014396572 11.355791495884478
2729.5447924020073 11.467778770910726
2875.0580409448803 11.57161396263636
3028.3286655749457 11.667687541323879
3189.7702154663216 11.756406017477637
3359.818286283781 11.838185632458183
3538.9316954909877 11.913446664439665
3727.593720314938 11.982608409602467
3926.3134017068355 12.046084866995379
4135.626917817706 12.10428112954232
4356.099030694608 12.157590460399696
4588.324610100844 12.206392017557942
4832.930238571752 12.251049176260294
5090.575902036681 12.29190839090881
5361.956770568817 12.329298533941596
5647.805074067552 12.363530647620154
5948.892077934331 12.394898046707432
6266.030164072656 12.423676712975094
6600.075022827095 12.450125927570099
6951.927961775606 12.474489092781402
7322.538337604534 12.49699470089739
7712.906117627992 12.517857413959819
8124.0845778629655 12.53727922419535
8557.183144940002 12.555450670525056
9013.37038951743 12.57255209168182
9493.87717927582 12.588754900951377
10000.0 12.604222871599255
10533.104453709382 12.619113425359904
11094.628943275218 12.633578919201087
11686.088553466498 12.647767927817583
12309.079138896019 12.661826521165583
12965.281629896688 12.675899537562179
13656.466567946096 12.690131853889312
14384.498882876629 12.70466965489075
15151.342924760515 12.719661703744954
15959.06776404731 12.735260615843435
16809.852774253653 12.751624137216604
17705.99351226898 12.76891642804522
18649.907912142942 12.787309350506746
19644.142809066267 12.806983758418884
20691.3808111479 12.828130784187424
21794.447537529835 12.85095311582509
22956.319242369096 12.875666253992238
24180.13084525718 12.902499735318573
25469.184389745402 12.931698304346803
26826.957952797275 12.963523011799774
28257.115029208268 12.998252211934016
29763.51441631313 13.03618242629386
31350.220625651124 13.077629035614063
33021.51484968176 13.122926755793301
34781.90651314134 13.172429848557485
36636.14544020716 13.226512012598235
38589.23467029899 13.285565897277692
40646.44395709628 13.350002179224896
42813.32398719396 13.420248142563453
45095.721356761445 13.496745707406088
47499.79434661403 13.579948858782968
50032.029538259994 13.670320440455477
52699.259315756564 13.768328295362684
55508.680300598106 13.87444075682134
58467.87276937589 13.989121522168386
61584.82110660255 14.112823971914757
64867.935347885075 14.24598503218569
68326.07387157406 14.389018713200137
71968.56730011514 14.54230949037061
75805.24367559262 14.706205723498302
79846.45497739078 14.88101333116769
84103.10505352604 15.066989948374934
88586.67904100832 15.264339793938335
93309.27435461663 15.473209458836251
98283.63332770011 15.693684796692505
103523.17759307378 15.925789055597724
109042.04429677526 16.16948233765295
114855.12424239368 16.424662413578258
120978.10206889013 16.69116685877517
127427.49857031321 16.968776418710082
134220.7152716012 17.257219460268573
141376.08138073614 17.556177324914298
148912.90324394088 17.865290371587893
156851.5164373548 18.18416448351687
165213.34063573685 18.51237781273237
174020.9374062485 18.849487547975134
183298.07108324338 19.1950365131763
193069.77288832495 19.548559432352974
203362.40846866704 19.90958872916306
214203.74903583832 20.27765976322751
225623.04629706353 20.65231543812107
237651.11138110727 21.033110146028562
250320.39797173254 21.41961304025744
263665.08987303555 21.8114106486654
277721.1932429355 22.20810885848383
292526.6337436642 22.60933431614435
308121.35887140024 23.014735295132695
324547.44574113254 23.423982091125573
341849.21461759275 23.836767007150105
360073.348498562 24.2528039929203
379269.0190732246 24.67182800181837
399488.019395417 25.093594127007435
420784.9036297398 25.517876574636126
443217.13424760854 25.944467527357325
466845.2370703785 26.37317594582918
491732.9645779016 26.803826349254134
517947.46792312124 27.236257609187465
545559.4781168514 27.67032178357596
574643.4968715974 28.10588301108038
605277.9976193343 28.54281647903575
637545.6372456506 28.981007472685178
671533.4791115135 29.420350508268083
707333.2279644439 29.860748548633765
745041.4773728917 30.302112297143754
784759.9703514606 30.744359563733596
826595.8738801812 31.18741469584457
870662.0680585118 31.63120806657779
917077.4506742931 32.07567561271545
965967.2580093823 32.520758415601236
1017463.4027476063 32.96640231879811
1071704.8298967092 33.4125575771252
1128837.8916846884 33.85917853290238
1189016.74244199 34.30622331557856
1252403.7545350718 34.753653562094016
1319169.9564735717 35.20143415567826
1389495.494373136 35.649532981439464
1463570.1180190798 36.09792069727583
1541593.6928422702 36.5465705193955
1623776.739188721 36.995458021202246
1710341.0003378377 37.44456094529296
1801520.0408020238 37.89385902770985
1897559.8765218505 38.343333833957715
1998719.6386572486 38.79296860643295
2105272.272765707 39.24274812258916
2217505.2752539297 39.69265856335468
2335721.4690901213 40.14268739146358
2460239.8208697727 40.5928232390695
2591396.3014396573 41.043055803971534
2729544.792402007 41.49337575434998
2875058.040944877 41.943774641121635
3028328.6655749455 42.39424481749104
3189770.215466318 42.84477936553803
3359818.286283781 43.29537202869649
3538931.6954909842 43.74601715046789
3727593.720314938 44.19670961826127
3926313.4017068394 44.64744481231256
4135626.917817706 45.09821855916334
4356099.030694608 45.54902708937832
4588324.61010084 45.999866999091694
4832930.238571752 46.45073521508201
5090575.902036676 46.901628963151865
5361956.770568817 47.352545739344414
5647805.074067546 47.80348328394396
5948892.077934331 48.25443955791261
6266030.164072656 48.705412721512744
6600075.022827089 49.1564011150005
6951927.961775606 49.607403241144254
7322538.337604526 50.05841774945508
7712906.117627992 50.509443421833296
8124084.5778629575 50.960479159716044
8557183.144940002 51.41152397236762
9013370.38951742 51.86257696637146
9493877.17927582 52.31363733610226
10000000.0 52.76470435510354
10533104.45370936 53.21577736838464
11094628.943275219 53.66685578536752
11686088.553466497 54.11793907358891
12309079.138896018 54.56902675299864
12965281.629896663 55.02011839079576
13656466.567946097 55.47121359679436
14384498.882876629 55.922312019259095
15151342.924760515 56.37341334107709
15959067.76404731 56.82451727638056
16809852.774253618 57.27562356748368
17705993.51226898 57.72673198208579
18649907.912142944 58.17784231078256
19644142.809066266 58.62895436480138
20691380.811147902 59.080067973997
21794447.537529834 59.53118298497881
22956319.242369097 59.98229925949207
24180130.84525718 60.433416672912934
25469184.3897454 60.8845351128994
26826957.95279722 61.33565447819365
28257115.02920827 61.78677467751904
29763514.41631313 62.237895628611625
31350220.62565112 62.68901725731244
33021514.849681754 63.14013949677684
34781906.51314127 63.59126228674111
36636145.44020716 64.04238557291306
38589234.67029899 64.49350930634294
40646443.95709628 64.94463344289153
42813323.98719387 65.39575794280951
45095721.35676145 65.84688277023476
47499794.346614026 66.29800789285258
50032029.53825999 66.74913328155134
52699259.31575657 67.20025891007802
55508680.300597996 67.65138475478271
58467872.7693759 68.10251079431859
61584821.10660254 68.55363700946396
64867935.34788508 69.00476338292624
68326073.87157391 69.45588989904168
71968567.30011514 69.90701654374716
75805243.67559262 70.35814330437108
79846454.97739078 70.80927016948192
84103105.05352604 71.26039712876745
88586679.04100814 71.71152417289575
93309274.35461664 72.16265129351684
98283633.32770011 72.61377848312891
103523177.59307377 73.06490573492648
109042044.29677527 73.5160330427075
114855124.24239345 73.96716040090206
120978102.06889038 74.41828780471704
127427498.57031322 74.86941524953428
134220715.2716012 75.32054273126897
141376081.38073614 75.77167024640198
148912903.24394056 76.222797791549
156851516.43735445 76.67392536376005
165213340.63573685 77.12505296033582
174020937.40624848 77.57618057898328
183298071.08324376 78.02730821741216
193069772.88832456 78.47843587378944
203362408.46866703 78.92956354611131
214203749.0358383 79.38069123296793
225623046.2970626 79.83181893294463
237651111.38110778 80.2829466449825
250320397.97173202 80.73407436716118
263665089.87303555 81.18520209905647
277721193.2429355 81.6363298399124
292526633.74366355 82.08745758844172
308121358.87140083 82.53858534426635
324547445.74113256 82.98971310587945
341849214.6175927 83.4408408728824
360073348.49856204 83.89196864566722
379269019.0732238 84.3430964230972
399488019.39541787 84.79422420425587
420784903.6297398 85.24535198937693
443217134.24760854 85.69647977880106
466845237.07037944 86.1476075698462
491732964.5779006 86.59873536367228
517947467.9231202 87.04986316094252
545559478.1168514 87.50099096055499
574643496.8715974 87.95211876157536
605277997.6193355 88.40324656303407
637545637.2456493 88.85437436990294
671533479.1115135 89.3055021738779
707333227.9644439 89.75662998647383
745041477.3728887 90.20775778522702
784759970.3514622 90.6588856051218
826595873.8801795 91.11001340933228
870662068.0585117 91.56114121507304
917077450.674293 92.01226903958285
965967258.0093802 92.4633968468723
1017463402.7476043 92.91452465321468
1071704829.8967092 93.36565248367945
1128837891.6846883 93.81678029733774
1189016742.44199 94.26790811662585
1252403754.5350692 94.71903590173767
1319169956.473569 95.17016370830662
1389495494.373136 95.62129157731215
1463570118.0190797 96.0724193757525
1541593692.8422735 96.52354726334411
1623776739.1887176 96.9746748909846
1710341000.337838 97.42580293514794
1801520040.802024 97.87693054505462
1897559876.5218503 98.32805848487783
1998719638.6572526 98.77918612761918
2105272272.7657027 99.23031425708334
2217505275.2539296 99.68144210225842
2335721469.0901213 100.13256974963906
2460239820.8697777 100.58369740982344
2591396301.439652 101.03482504234584
2729544792.402002 101.48595404030428
2875058040.944877 101.93708104837135
3028328665.5749454 102.38820924738276
3189770215.466325 102.8393367446864
3359818286.2837744 103.2904641792486
3538931695.4909844 103.74159434117928
3727593720.314938 104.19272014266609
3926313401.7068396 104.64384514489507
4135626917.8176975 105.09497476022474
4356099030.694599 105.54610351401259
4588324610.100841 105.99722141429076
4832930238.571753 106.44835437621671
5090575902.036687 106.89948800978003
5361956770.568806 107.35060438055226
5647805074.067546 107.8017486347158
5948892077.934331 108.25285474733307
6266030164.072656 108.70402042320626
6600075022.827075 109.15513924894489
6951927961.775591 109.60626673007258
7322538337.6045265 110.05737826465058
7712906117.627993 110.50848218462156
8124084577.862974 110.95961221175486
8557183144.939984 111.41078744433378
9013370389.51742 111.86193727071577
9493877179.27582 112.31296529613135
10000000000.0 112.76407504916577
