10.0 58.820957032487925
10.53310445370937 58.37486462358651
11.094628943275218 57.92931554525616
11.686088553466515 57.48436758315471
12.309079138896024 57.04008409713035
12.965281629896682 56.59653488474917
13.65646656794611 56.15379765469847
14.38449888287663 55.71195688634297
15.15134292476053 55.27110617066718
15.95906776404731 54.831347147279814
16.80985277425364 54.39279318965984
17.70599351226899 53.95556588454027
18.64990791214297 53.519800444342344
19.644142809066278 53.08564325503503
20.6913808111479 52.65325413484539
21.794447537529855 52.22280696774839
22.956319242369098 51.794491394398094
24.180130845257207 51.36851081868956
25.4691843897454 50.94508668811309
26.826957952797258 50.52445720206716
28.257115029208283 50.10687705102277
29.76351441631318 49.69261975202503
31.350220625651154 49.28197648098778
33.02151484968176 48.87525586173004
34.7819065131413 48.472784049195674
36.63614544020716 48.07490370364978
38.58923467029903 47.681971659631785
40.646443957096295 47.294358679966294
42.81332398719393 46.91244577968922
45.095721356761466 46.5366222369962
47.499794346614124 46.16728104168782
50.03202953826004 45.80481514464267
52.699259315756564 45.449612787294996
55.50868030059805 45.102051322898205
58.467872769375894 44.762492698710275
61.58482110660264 44.43127608589131
64.86793534788511 44.108710943648504
68.32607387157402 43.79507264242488
71.96856730011521 43.49059392532627
75.8052436755926 43.19545993518635
79.84645497739086 42.9098042099121
84.10310505352605 42.633702937983855
88.58667904100822 42.3671725831789
93.30927435461668 42.11016907143866
98.28363332770026 41.862586904075336
103.52317759307378 41.62426138182924
109.04204429677526 41.39497263135125
114.8551242423938 41.17444996792095
120.97810206889012 40.9623785475513
127.42749857031335 40.758407999072006
134.2207152716012 40.56216174381361
141.37608138073614 40.373245589567745
148.91290324394086 40.19125913908166
156.85151643735477 40.01580580459107
165.213340635737 39.846502633626876
174.0209374062485 39.68298910923591
183.29807108324357 39.52493578601746
193.06977288832496 39.372050518230225
203.36240846866724 39.224083306447326
214.2037490358383 39.08082919045109
225.62304629706352 38.9421296377766
237.65111138110728 38.807870936379224
250.32039797173255 38.67798286127965
263.6650898730358 38.55243242790059
277.7211932429355 38.43121957622977
292.5266337436645 38.314369617438174
308.1213588714002 38.20192607198422
324.54744574113323 38.093942617079286
341.84921461759274 37.99047579390382
360.073348498562 37.89157855769881
379.26901907322497 37.79729269035921
399.48801939541704 37.70764499739016
420.78490362974026 37.62264258579534
443.21713424760856 37.542269483689104
466.84523707037897 37.46648664938937
491.73296457790156 37.39523027312632
517.9474679231213 37.32841303996506
545.5594781168514 37.26592466798897
574.6434968715973 37.207635492940966
605.2779976193349 37.153398200420554
637.5456372456507 37.103050545189724
671.5334791115142 37.05641878940415
707.3332279644438 37.01332088808862
745.0414773728917 36.973569141158464
784.7599703514607 36.936972423105416
826.5958738801812 36.903339956762025
870.6620680585127 36.87248201485973
917.0774506742931 36.84421316081164
965.9672580093833 36.81835210514173
1017.4634027476063 36.79472486515453
1071.7048298967104 36.77316441173417
1128.8378916846884 36.753511278852244
1189.01674244199 36.735614727303734
1252.4037545350732 36.71933285655192
1319.1699564735716 36.704532284984396
1389.4954943731375 36.69108826521742
1463.5701180190797 36.67888501487767
1541.5936928422718 36.667815012827624
1623.776739188721 36.65777774773355
1710.3410003378397 36.648682150914034
1801.520040802024 36.64044291846957
1897.5598765218504 36.6329821252851
1998.7196386572507 36.62622854631585
2105.272272765707 36.62011643697743
2217.505275253932 36.61458601680819
2335.7214690901214 36.60958245611928
2460.239820869775 36.60505569360225
2591.3963014396572 36.60096078094091
2729.5447924020073 36.5972553174552
2875.0580409448803 36.59390212800274
3028.3286655749457 36.59086655580391
3189.7702154663216 36.588117374222776
3359.818286283781 36.585625993885564
3538.9316954909877 36.58336679077793
3727.593720314938 36.5813158211746
3926.3134017068355 36.57945174491134
4135.626917817706 36.57775503076721
4356.099030694608 36.57620754309072
4588.324610100844 36.57479307283749
4832.930238571752 36.573496851549045
5090.575902036681 36.57230463627705
5361.956770568817 36.571204245799635
5647.805074067552 36.570183506054605
5948.892077934331 36.56923164757346
6266.030164072656 36.568338576751266
6600.075022827095 36.56749475842921
6951.927961775606 36.56669126884359
7322.538337604534 36.56591878851371
7712.906117627992 36.56516969063516
8124.0845778629655 36.56443580844178
8557.183144940002 36.56370879774001
9013.37038951743 36.56298131993858
9493.87717927582 36.56224523286642
10000.0 36.561492397724315
10533.104453709382 36.56071519942047
11094.628943275218 36.55990458479827
11686.088553466498 36.55905205734417
12309.079138896019 36.558148025975676
12965.281629896688 36.55718296203365
13656.466567946096 36.55614599706568
14384.498882876629 36.555025868301534
15151.342924760515 36.55381042780772
15959.06776404731 36.552485861450265
16809.852774253653 36.551037560468615
17705.99351226898 36.54944954515323
18649.907912142942 36.54770421926061
19644.142809066267 36.545781877787704
20691.3808111479 36.54366105836198
21794.447537529835 36.54131761093741
22956.319242369096 36.53872525127747
24180.13084525718 36.53585453097986
25469.184389745402 36.53267217656128
26826.957952797275 36.52914196232503
28257.115029208268 36.52522281688668
29763.51441631313 36.52086901256695
31350.220625651124 36.51602962398353
33021.51484968176 36.51064730583626
34781.90651314134 36.504658050430244
36636.14544020716 36.497990292667055
38589.23467029899 36.49056272295839
40646.44395709628 36.48228498708423
42813.32398719396 36.47305551983752
45095.721356761445 36.462759287930766
47499.79434661403 36.45126748526908
50032.029538259994 36.43843509047715
52699.259315756564 36.42409868567229
55508.680300598106 36.408074618787786
58467.87276937589 36.39015572684037
61584.82110660255 36.3701101654415
64867.935347885075 36.3476766996303
68326.07387157406 36.32256310900887
71968.56730011514 36.29444317315602
75805.24367559262 36.26295181128049
79846.45497739078 36.22768507165816
84103.10505352604 36.188196224003114
88586.67904100832 36.1439946735965
93309.27435461663 36.09454548282739
98283.63332770011 36.039270307425625
103523.17759307378 35.977551596519845
109042.04429677526 35.90873807423013
114855.12424239368 35.832154078412415
120978.10206889013 35.74711302264225
127427.49857031321 35.65293307922336
134220.7152716012 35.54896328924981
141376.08138073614 35.43460365795668
148912.90324394088 35.30933612557984
156851.5164373548 35.17275024527409
165213.34063573685 35.02457103747518
174020.9374062485 34.864681334147065
183298.07108324338 34.69312596816121
193069.77288832495 34.510110787369484
203362.40846866704 34.31598772718574
214203.74903583832 34.111211055910225
225623.04629706353 33.89629661448336
237651.11138110727 33.67176068442559
250320.39797173254 33.438067806827675
263665.08987303555 33.19558629414997
277721.1932429355 32.94455407926363
292526.6337436642 32.68507849846457
308121.35887140024 32.41714418239103
324547.44574113254 32.14064063913297
341849.21461759275 31.855411664579627
360073.348498562 31.561288253929405
379269.0190732246 31.258134863709014
399488.019395417 30.945876469812276
420784.9036297398 30.624520601957958
443217.13424760854 30.294162622415712
466845.2370703785 29.954991080249343
491732.9645779016 29.607273967334567
517947.46792312124 29.251348056408048
545559.4781168514 28.887605263089725
574643.4968715974 28.51647757826044
605277.9976193343 28.138418204332222
637545.6372456506 27.753892836616785
671533.4791115135 27.363369192570246
707333.2279644439 26.96730344221285
745041.4773728917 26.566141269798646
784759.9703514606 26.160303966149083
826595.8738801812 25.750192558913024
870662.0680585118 25.336182072093635
917077.4506742931 24.918623667345983
965967.2580093823 24.497840762325712
1017463.4027476063 24.074132440725574
1071704.8298967092 23.647772727823146
1128837.8916846884 23.219013211830102
1189016.74244199 22.788083621140753
1252403.7545350718 22.35519402089157
1319169.9564735717 21.920533623773117
1389495.494373136 21.484275025575617
1463570.1180190798 21.046575692084005
1541593.6928422702 20.60757828675285
1623776.739188721 20.16741154429021
1710341.0003378377 19.72619202829121
1801520.0408020238 19.2840266373707
1897559.8765218505 18.84101023518803
1998719.6386572486 18.397229964870043
2105272.272765707 17.95276501347817
2217505.2752539297 17.507689158172337
2335721.4690901213 17.06206321407036
2460239.8208697727 16.61595001300642
2591396.3014396573 16.169401561559777
2729544.792402007 15.722468642218104
2875058.040944877 15.275195093202822
3028328.6655749455 14.827622795267946
3189770.215466318 14.379791336695622
3359818.286283781 13.931734395659259
3538931.6954909842 13.48348830113105
3727593.720314938 13.035078810993628
3926313.4017068394 12.58653976211367
4135626.917817706 12.137897608984105
4356099.030694608 11.689180990417967
4588324.61010084 11.24041234404949
4832930.238571752 10.791618690840814
5090575.902036676 10.342826007534844
5361956.770568817 9.894058527342345
5647805.074067546 9.445339682453286
5948892.077934331 8.996699160647623
6266030.164072656 8.548161923511481
6600075.022827089 8.099754608394875
6951927.961775606 7.6515091295859
7322538.337604526 7.203453457731587
7712906.117627992 6.755620980203382
8124084.5778629575 6.308048335594432
8557183.144940002 5.8607711861775
9013370.38951742 5.413829303100367
9493877.17927582 4.96726870217388
10000000.0 4.521138463173914
10533104.45370936 4.075490169156845
11094628.943275219 3.6303819531062684
11686088.553466497 3.1858732535262697
12309079.138896018 2.7420330611200256
12965281.629896663 2.2989378900813815
13656466.567946097 1.8566733566822715
14384498.882876629 1.4153246694657506
15151342.924760515 0.9749919181656002
15959067.76404731 0.5357848052919034
16809852.774253618 0.09782117600960559
17705993.51226898 -0.3387677222209148
18649907.912142944 -0.7738398733273215
19644142.809066266 -1.2072410141107173
20691380.811147902 -1.638799738169595
21794447.537529834 -2.0683335227052337
22956319.242369097 -2.4956353273152003
24180130.84525718 -2.920499280802491
25469184.3897454 -3.342682021590451
26826957.95279722 -3.7619208286583343
28257115.02920827 -4.177957801613573
29763514.41631313 -4.590482514839584
31350220.62565112 -4.999194124507358
33021514.849681754 -5.403737297267855
34781906.51314127 -5.803767473402985
36636145.44020716 -6.198905416276794
38589234.67029899 -6.588751391513257
40646443.95709628 -6.972886129576221
42813323.98719387 -7.3508893588152
45095721.35676145 -7.722289826013769
47499794.346614026 -8.086648325889788
50032029.53825999 -8.443507626316727
52699259.31575657 -8.792402821060712
55508680.300597996 -9.132823977581056
58467872.7693759 -9.464365749212051
61584821.10660254 -9.786554542465769
64867935.34788508 -10.098965137843987
68326073.87157391 -10.401218075740044
71968567.30011514 -10.692930236822495
75805243.67559262 -10.973773325255161
79846454.97739078 -11.243488785751127
84103105.05352604 -11.501827624355354
88586679.04100814 -11.74864685491574
93309274.35461664 -11.983769243051036
98283633.32770011 -12.207211864312377
103523177.59307377 -12.418944124835924
109042044.29677527 -12.619101487543727
114855124.24239345 -12.80773458048463
120978102.06889038 -12.98504060290588
127427498.57031322 -13.151369779610127
134220715.2716012 -13.306895795301743
141376081.38073614 -13.452053940381605
148912903.24394056 -13.58715978520237
156851516.43735445 -13.712660944146
165213340.63573685 -13.828949493467452
174020937.40624848 -13.936573730158816
183298071.08324376 -14.035829458619807
193069772.88832456 -14.127290569625718
203362408.46866703 -14.211519087025081
214203749.0358383 -14.288735171606909
225623046.2970626 -14.359581878699736
237651111.38110778 -14.424416955231285
250320397.97173202 -14.48372427847441
263665089.87303555 -14.537874237353597
277721193.2429355 -14.587153917351916
292526633.74366355 -14.632201503765623
308121358.87140083 -14.673264076306369
324547445.74113256 -14.71043465670528
341849214.6175927 -14.74424301150107
360073348.49856204 -14.775008042613623
379269019.0732238 -14.803004529401782
399488019.39541787 -14.828363219113452
420784903.6297398 -14.851187429464435
443217134.24760854 -14.872045726070686
466845237.07037944 -14.890946777062116
491732964.5779006 -14.907820489757675
517947467.9231202 -14.923144710304626
545559478.1168514 -14.937248610303637
574643496.8715974 -14.949766958466792
605277997.6193355 -14.96114760457125
637545637.2456493 -14.971472337080371
671533479.1115135 -14.980841735325644
707333227.9644439 -14.98912489467388
745041477.3728887 -14.996665642760954
784759970.3514622 -15.003755907119405
826595873.8801795 -15.009724705529885
870662068.0585117 -15.015296803982087
917077450.674293 -15.020239093663811
965967258.0093802 -15.024887664829222
1017463402.7476043 -15.029057607022365
1071704829.8967092 -15.032652854085725
1128837891.6846883 -15.035954486950338
1189016742.44199 -15.038977141912884
1252403754.5350692 -15.041703312699521
1319169956.473569 -15.044045670699493
1389495494.373136 -15.04622470313574
1463570118.0190797 -15.04829313542614
1541593692.8422735 -15.050094533862353
1623776739.1887176 -15.051697874487203
1710341000.337838 -15.0533846490491
1801520040.802024 -15.054562183641307
1897559876.5218503 -15.05579280963216
1998719638.6572526 -15.056532652860952
2105272272.7657027 -15.057761811884676
2217505275.2539296 -15.058744079010083
2335721469.0901213 -15.059433197964102
2460239820.8697777 -15.060169484758303
2591396301.439652 -15.060914752310419
2729544792.402002 -15.061691335051254
2875058040.944877 -15.061485311333978
3028328665.5749454 -15.061822981084896
3189770215.466325 -15.062459920981905
3359818286.2837744 -15.062858580254161
3538931695.4909844 -15.0639674161991
3727593720.314938 -15.063599487326682
3926313401.7068396 -15.064185203337264
4135626917.8176975 -15.064222747659597
4356099030.694599 -15.064422382784509
4588324610.100841 -15.064234399176883
4832930238.571753 -15.064348268801604
5090575902.036687 -15.065516124917814
5361956770.568806 -15.064233481164973
5647805074.067546 -14.488236029095088
5948892077.934331 -14.488236029817756
6266030164.072656 -14.488236030583586
6600075022.827075 -14.488236031185757
6951927961.775591 -14.48823603240916
7322538337.6045265 -14.488236032270462
7712906117.627993 -14.48823603258041
8124084577.862974 -14.488236033607226
8557183144.939984 -14.488236033572527
9013370389.51742 -14.488236033861382
9493877179.27582 -14.488236034438707
10000000000.0 -14.488236031619138
