10.0 -13.806560595963846
10.53310445370937 -13.806881549144594
11.094628943275218 -13.808760441026378
11.686088553466515 -13.812216342312846
12.309079138896024 -13.817281751635864
12.965281629896682 -13.82400276343909
13.65646656794611 -13.832439245017403
14.38449888287663 -13.842665012617585
15.15134292476053 -13.854767996578726
15.95906776404731 -13.868850379685547
16.80985277425364 -13.885028687178485
17.70599351226899 -13.903433805387573
18.64990791214297 -13.924210897310125
19.644142809066278 -13.947519182007067
20.6913808111479 -13.973531537473994
21.794447537529855 -14.002433883075566
22.956319242369098 -14.03442429409708
24.180130845257207 -14.069711797003574
25.4691843897454 -14.108514794202435
26.826957952797258 -14.151059067060917
28.257115029208283 -14.197575309841246
29.76351441631318 -14.248296156078617
31.350220625651154 -14.303452668302228
33.02151484968176 -14.363270281839092
34.7819065131413 -14.42796421220712
36.63614544020716 -14.4977343664128
38.58923467029903 -14.572759828428403
40.646443957096295 -14.653193027066331
42.81332398719393 -14.739153734196801
45.095721356761466 -14.83072307864684
47.499794346614124 -14.927937800468147
50.03202953826004 -15.030784998952102
52.699259315756564 -15.139197650003426
55.50868030059805 -15.253051174588814
58.467872769375894 -15.372161333731762
61.58482110660264 -15.496283694526102
64.86793534788511 -15.625114870939473
68.32607387157402 -15.758295672045236
71.96856730011521 -15.895416216874276
75.8052436755926 -16.03602298001207
79.84645497739086 -16.179627638256814
84.10310505352605 -16.32571749147319
88.58667904100822 -16.473767147079993
93.30927435461668 -16.623251082571095
98.28363332770026 -16.773656650532203
103.52317759307378 -16.924497062063736
109.04204429677526 -17.075323882220005
114.8551242423938 -17.225738596490817
120.97810206889012 -17.375402853012908
127.42749857031335 -17.52404705485316
134.2207152716012 -17.671477055393716
141.37608138073614 -17.81757880054623
148.91290324394086 -17.962320848076494
156.85151643735477 -18.105754781361377
165.213340635737 -18.24801359953404
174.0209374062485 -18.389308235001167
183.29807108324357 -18.52992237391839
193.06977288832496 -18.670205789123365
203.36240846866724 -18.81056639329167
214.2037490358383 -18.951461216613865
225.62304629706352 -19.093386488362576
237.65111138110728 -19.236866983286472
250.32039797173255 -19.38244476193222
263.6650898730358 -19.53066741054352
277.7211932429355 -19.682075861013438
292.5266337436645 -19.837191861918406
308.1213588714002 -19.996505154326503
324.54744574113323 -20.160460419824055
341.84921461759274 -20.329444069807018
360.073348498562 -20.50377097273079
379.26901907322497 -20.68367124962498
399.48801939541704 -20.869277317407633
420.78490362974026 -21.06061141450523
443.21713424760856 -21.257573928904172
466.84523707037897 -21.459932924588287
491.73296457790156 -21.667315374229062
517.9474679231213 -21.879200682331323
545.5594781168514 -22.09491719558663
574.6434968715973 -22.313642428270413
605.2779976193349 -22.53440775076961
637.5456372456507 -22.756108218882673
671.5334791115142 -22.977518047109275
707.3332279644438 -23.197311957596852
745.0414773728917 -23.414092239829554
784.7599703514607 -23.62642086951146
826.5958738801812 -23.83285549300252
870.6620680585127 -24.031987559976695
917.0774506742931 -24.22248044186585
965.9672580093833 -24.4031051400085
1017.4634027476063 -24.572771155299943
1071.7048298967104 -24.730550390064536
1128.8378916846884 -24.87569248698093
1189.01674244199 -25.007630761891267
1252.4037545350732 -25.125978734364264
1319.1699564735716 -25.230518081163424
1389.4954943731375 -25.321179514893586
1463.5701180190797 -25.3980185447806
1541.5936928422718 -25.461188258211465
1623.776739188721 -25.510911222755148
1710.3410003378397 -25.54745232429239
1801.520040802024 -25.571093998031316
1897.5598765218504 -25.58211485321752
1998.7196386572507 -25.580772279305343
2105.272272765707 -25.56728924811956
2217.505275253932 -25.541845230322973
2335.7214690901214 -25.50457095737164
2460.239820869775 -25.455546614728842
2591.3963014396572 -25.394803006755346
2729.5447924020073 -25.322325202967612
2875.0580409448803 -25.238058198599383
3028.3286655749457 -25.141914141324758
3189.7702154663216 -25.03378070953086
3359.818286283781 -24.913530258365167
3538.9316954909877 -24.781029376149938
3727.593720314938 -24.636148509989027
3926.3134017068355 -24.47877135004545
4135.626917817706 -24.3088036685257
4356.099030694608 -24.126181345600088
4588.324610100844 -23.93087734051035
4832.930238571752 -23.722907405640242
5090.575902036681 -23.502334391412397
5361.956770568817 -23.269271046861544
5647.805074067552 -23.02388127922635
5948.892077934331 -22.76637990197191
6266.030164072656 -22.497030962888815
6600.075022827095 -22.216144790470945
6951.927961775606 -21.924073951806825
7322.538337604534 -21.62120833759639
7712.906117627992 -21.30796961204432
8124.0845778629655 -20.98480526716044
8557.183144940002 -20.652182511418005
9013.37038951743 -20.31058220223899
9493.87717927582 -19.960493003592493
10000.0 -19.602405916148705
10533.104453709382 -19.23680929161314
11094.628943275218 -18.864184407670592
11686.088553466498 -18.48500164776377
12309.079138896019 -18.099717299333705
12965.281629896688 -17.708770962385614
13656.466567946096 -17.31258353844209
14384.498882876629 -16.911555758472335
15151.342924760515 -16.5060671978168
15959.06776404731 -16.09647572025328
16809.852774253653 -15.683117293496112
17705.99351226898 -15.266306116488968
18649.907912142942 -14.846335004347438
19644.142809066267 -14.423475978106811
20691.3808111479 -13.997981014803534
21794.447537529835 -13.570082915093275
22956.319242369096 -13.139996252963591
24180.13084525718 -12.707918378955675
25469.184389745402 -12.274030449448986
26826.957952797275 -11.838498462917645
28257.115029208268 -11.401474285936665
29763.51441631313 -10.96309665521436
31350.220625651124 -10.523492148255665
33021.51484968176 -10.082776111922634
34781.90651314134 -9.641053547249651
36636.14544020716 -9.198419944969169
38589.23467029899 -8.754962071427041
40646.44395709628 -8.310758703325508
42813.32398719396 -7.865881312819533
45095.721356761445 -7.420394702992907
47499.79434661403 -6.974357596029952
50032.029538259994 -6.527823176498312
52699.259315756564 -6.080839590109681
55508.680300598106 -5.633450402755404
58467.87276937589 -5.1856950214361275
61584.82110660255 -4.737609077947222
64867.935347885075 -4.289224781806629
68326.07387157406 -3.8405712393317026
71968.56730011514 -3.3916747470158404
75805.24367559262 -2.9425590561971946
79846.45497739078 -2.493245615837834
84103.10505352604 -2.0437537927208664
88586.67904100832 -1.594101068268352
93309.27435461663 -1.1443032223136627
98283.63332770011 -0.6943744952259073
103523.17759307378 -0.24432773636090724
109042.04429677526 0.20582546012037
114855.12424239368 0.6560746338182876
120978.10206889013 1.1064103497413496
127427.49857031321 1.5568240978495071
134220.7152716012 2.007308200558338
141376.08138073614 2.4578557352978994
148912.90324394088 2.9084604582253797
156851.5164373548 3.3591167395025714
165213.34063573685 3.8098195010459763
174020.9374062485 4.26056416606797
183298.07108324338 4.711346605912415
193069.77288832495 5.162163099501646
203362.40846866704 5.613010290561123
214203.74903583832 6.063885153012364
225623.04629706353 6.514784963713113
237651.11138110727 6.965707259317357
250320.39797173254 7.416649822698387
263665.08987303555 7.867610659837725
277721.1932429355 8.3185879637461
292526.6337436642 8.769580114467214
308121.35887140024 9.220585650737519
324547.44574113254 9.671603245743421
341849.21461759275 10.122631714214073
360073.348498562 10.573669982959345
379269.0190732246 11.024717086735203
399488.019395417 11.47577214935032
420784.9036297398 11.926834393378787
443217.13424760854 12.377903100709043
466845.2370703785 12.828977649841198
491732.9645779016 13.280057448925326
517947.46792312124 13.73114198174595
545559.4781168514 14.18223078668012
574643.4968715974 14.633323441219082
605277.9976193343 15.08441956722007
637545.6372456506 15.535518815612594
671533.4791115135 15.986620888475297
707333.2279644439 16.43772549763693
745041.4773728917 16.888832398050525
784759.9703514606 17.339941362789226
826595.8738801812 17.791052187766557
870662.0680585118 18.242164681521494
917077.4506742931 18.69327870399277
965967.2580093823 19.14439407234568
1017463.4027476063 19.595510666721665
1071704.8298967092 20.04662839924034
1128837.8916846884 20.497747090662838
1189016.74244199 20.948866701551033
1252403.7545350718 21.39998711778503
1319169.9564735717 21.85110827657311
1389495.494373136 22.30223006983563
1463570.1180190798 22.75335246974334
1541593.6928422702 23.204475400326476
1623776.739188721 23.655598821689164
1710341.0003378377 24.106722670454992
1801520.0408020238 24.557846887920128
1897559.8765218505 25.008971468192883
1998719.6386572486 25.460096411373957
2105272.272765707 25.911221591956103
2217505.2752539297 26.36234708562119
2335721.4690901213 26.813472711615432
2460239.8208697727 27.264598703958573
2591396.3014396573 27.71572476285297
2729544.792402007 28.166851088329583
2875058.040944877 28.61797736380695
3028328.6655749455 29.06910395613214
3189770.215466318 29.520230637004357
3359818.286283781 29.971357418911808
3538931.6954909842 30.42248444612417
3727593.720314938 30.873611251528388
3926313.4017068394 31.324738246353725
4135626.917817706 31.77586549641163
4356099.030694608 32.22699270987691
4588324.61010084 32.67812010890627
4832930.238571752 33.12924725839676
5090575.902036676 33.580374582140465
5361956.770568817 34.031502051431
5647805.074067546 34.48262955704492
5948892.077934331 34.933757240583894
6266030.164072656 35.3848848350417
6600075.022827089 35.83601230274093
6951927.961775606 36.287139254545835
7322538.337604526 36.73826739130099
7712906.117627992 37.18939533649739
8124084.5778629575 37.64052305995429
8557183.144940002 38.091650392227706
9013370.38951742 38.542777929534694
9493877.17927582 38.99390583664931
10000000.0 39.445033137094036
10533104.45370936 39.896161340490146
11094628.943275219 40.3472888438089
11686088.553466497 40.798415975969945
12309079.138896018 41.2495445781956
12965281.629896663 41.70067251681138
13656466.567946097 42.15179791697815
14384498.882876629 42.60292770809287
15151342.924760515 43.05405460204202
15959067.76404731 43.50518131495882
16809852.774253618 43.95631031196102
17705993.51226898 44.4074415021501
18649907.912142944 44.85856673153309
19644142.809066266 45.30969692444798
20691380.811147902 45.76082053736579
21794447.537529834 46.211952029244316
22956319.242369097 46.66307785521087
24180130.84525718 47.114210349285756
25469184.3897454 47.56533544831892
26826957.95279722 48.0164626509398
28257115.02920827 48.4675863809023
29763514.41631313 48.91871509423573
31350220.62565112 49.36984962939236
33021514.849681754 49.820970963838235
34781906.51314127 50.272104553318584
36636145.44020716 50.723238404345224
38589234.67029899 51.17436143777442
40646443.95709628 51.625489787995164
42813323.98719387 52.0766088401539
45095721.35676145 52.527751204633304
47499794.346614026 52.97887078185469
50032029.53825999 53.429988318850036
52699259.31575657 53.88112271436552
55508680.300597996 54.33226563766347
58467872.7693759 54.78336745729179
61584821.10660254 55.234536296470864
64867935.34788508 55.6856491616479
68326073.87157391 56.13675187613663
71968567.30011514 56.58789982748013
75805243.67559262 57.03905153896022
79846454.97739078 57.49016643034015
84103105.05352604 57.94125621081371
88586679.04100814 58.39238583828696
93309274.35461664 58.843499395663194
98283633.32770011 59.29468065739373
103523177.59307377 59.74576341247774
109042044.29677527 60.19688303088471
114855124.24239345 60.64811504984573
120978102.06889038 61.09912486425802
127427498.57031322 61.55031819370457
134220715.2716012 62.00125123547465
141376081.38073614 62.45261807867087
148912903.24394056 62.90364120458732
156851516.43735445 63.354823918775686
165213340.63573685 63.80593412791771
174020937.40624848 64.25712436569016
183298071.08324376 64.70813421045521
193069772.88832456 65.15921397995402
203362408.46866703 65.61042156447351
214203749.0358383 66.06126648291648
225623046.2970626 66.51274068908934
237651111.38110778 66.96396533853034
250320397.97173202 67.41440184189328
263665089.87303555 67.86638044131217
277721193.2429355 68.31707630874553
292526633.74366355 68.76814816868566
308121358.87140083 69.21885312673253
324547445.74113256 69.67015042005394
341849214.6175927 70.12291947841973
360073348.49856204 70.57289037169896
379269019.0732238 71.02330322406107
399488019.39541787 71.47564080795246
420784903.6297398 71.92554392611702
443217134.24760854 72.37642467922296
466845237.07037944 72.82767661946866
491732964.5779006 73.27794213704492
517947467.9231202 73.72934153842104
545559478.1168514 74.18115731286937
574643496.8715974 74.63259278182639
605277997.6193355 75.08461053848107
637545637.2456493 75.53471634588828
671533479.1115135 75.98751636772482
707333227.9644439 76.43959547875744
745041477.3728887 76.89041373097002
784759970.3514622 77.33904101967035
826595873.8801795 77.79146608949483
870662068.0585117 78.24250060228859
917077450.674293 78.69102175231832
965967258.0093802 79.14034556835296
1017463402.7476043 79.59802521413837
1071704829.8967092 80.0438815288567
1128837891.6846883 80.49739194595563
1189016742.44199 80.95013593927932
1252403754.5350692 81.39807598054597
1319169956.473569 81.85268942383775
1389495494.373136 82.30115518816444
1463570118.0190797 82.75045173840539
1541593692.8422735 83.20532615227842
1623776739.1887176 83.65017408650468
1710341000.337838 84.11498422436122
1801520040.802024 84.55876248727807
1897559876.5218503 85.02897031872385
1998719638.6572526 85.4343942583091
2105272272.7657027 85.96278585274422
2217505275.2539296 86.37433077128874
2335721469.0901213 86.82397587541647
2460239820.8697777 87.28964116610817
2591396301.439652 87.71317975230824
2729544792.402002 88.17237131890516
2875058040.944877 88.64457494521756
3028328665.5749454 89.08236442814447
3189770215.466325 89.56127957603331
3359818286.2837744 89.92674724355689
3538931695.4909844 90.3726824040892
3727593720.314938 90.91760092485919
3926313401.7068396 91.3312017363856
4135626917.8176975 91.72131804804414
4356099030.694599 92.26870063694749
4588324610.100841 92.60950177362221
4832930238.571753 93.19118992742952
5090575902.036687 93.59757870503361
5361956770.568806 94.11291298607603
5647805074.067546 94.56390900781705
5948892077.934331 94.72228464429291
6266030164.072656 -22.27886687765958
6600075022.827075 -22.278866877296778
6951927961.775591 -22.278866877995974
7322538337.6045265 -22.27886687748041
7712906117.627993 -22.278866876757828
8124084577.862974 -22.278866877023958
8557183144.939984 -22.278866878831025
9013370389.51742 -22.278866877515885
9493877179.27582 -22.278866879254
10000000000.0 -22.27886687722975
10.0 -13.806560595963846
10.53310445370937 -13.806881549144594
11.094628943275218 -13.808760441026378
11.686088553466515 -13.812216342312846
12.309079138896024 -13.817281751635864
12.965281629896682 -13.82400276343909
13.65646656794611 -13.832439245017403
14.38449888287663 -13.842665012617585
15.15134292476053 -13.854767996578726
15.95906776404731 -13.868850379685547
16.80985277425364 -13.885028687178485
17.70599351226899 -13.903433805387573
18.64990791214297 -13.924210897310125
19.644142809066278 -13.947519182007067
20.6913808111479 -13.973531537473994
21.794447537529855 -14.002433883075566
22.956319242369098 -14.03442429409708
24.180130845257207 -14.069711797003574
25.4691843897454 -14.108514794202435
26.826957952797258 -14.151059067060917
28.257115029208283 -14.197575309841246
29.76351441631318 -14.248296156078617
31.350220625651154 -14.303452668302228
33.02151484968176 -14.363270281839092
34.7819065131413 -14.42796421220712
36.63614544020716 -14.4977343664128
38.58923467029903 -14.572759828428403
40.646443957096295 -14.653193027066331
42.81332398719393 -14.739153734196801
45.095721356761466 -14.83072307864684
47.499794346614124 -14.927937800468147
50.03202953826004 -15.030784998952102
52.699259315756564 -15.139197650003426
55.50868030059805 -15.253051174588814
58.467872769375894 -15.372161333731762
61.58482110660264 -15.496283694526102
64.86793534788511 -15.625114870939473
68.32607387157402 -15.758295672045236
71.96856730011521 -15.895416216874276
75.8052436755926 -16.03602298001207
79.84645497739086 -16.179627638256814
84.10310505352605 -16.32571749147319
88.58667904100822 -16.473767147079993
93.30927435461668 -16.623251082571095
98.28363332770026 -16.773656650532203
103.52317759307378 -16.924497062063736
109.04204429677526 -17.075323882220005
114.8551242423938 -17.225738596490817
120.97810206889012 -17.375402853012908
127.42749857031335 -17.52404705485316
134.2207152716012 -17.671477055393716
141.37608138073614 -17.81757880054623
148.91290324394086 -17.962320848076494
156.85151643735477 -18.105754781361377
165.213340635737 -18.24801359953404
174.0209374062485 -18.389308235001167
183.29807108324357 -18.52992237391839
193.06977288832496 -18.670205789123365
203.36240846866724 -18.81056639329167
214.2037490358383 -18.951461216613865
225.62304629706352 -19.093386488362576
237.65111138110728 -19.236866983286472
250.32039797173255 -19.38244476193222
263.6650898730358 -19.53066741054352
277.7211932429355 -19.682075861013438
292.5266337436645 -19.837191861918406
308.1213588714002 -19.996505154326503
324.54744574113323 -20.160460419824055
341.84921461759274 -20.329444069807018
360.073348498562 -20.50377097273079
379.26901907322497 -20.68367124962498
399.48801939541704 -20.869277317407633
420.78490362974026 -21.06061141450523
443.21713424760856 -21.257573928904172
466.84523707037897 -21.459932924588287
491.73296457790156 -21.667315374229062
517.9474679231213 -21.879200682331323
545.5594781168514 -22.09491719558663
574.6434968715973 -22.313642428270413
605.2779976193349 -22.53440775076961
637.5456372456507 -22.756108218882673
671.5334791115142 -22.977518047109275
707.3332279644438 -23.197311957596852
745.0414773728917 -23.414092239829554
784.7599703514607 -23.62642086951146
826.5958738801812 -23.83285549300252
870.6620680585127 -24.031987559976695
917.0774506742931 -24.22248044186585
965.9672580093833 -24.4031051400085
1017.4634027476063 -24.572771155299943
1071.7048298967104 -24.730550390064536
1128.8378916846884 -24.87569248698093
1189.01674244199 -25.007630761891267
1252.4037545350732 -25.125978734364264
1319.1699564735716 -25.230518081163424
1389.4954943731375 -25.321179514893586
1463.5701180190797 -25.3980185447806
1541.5936928422718 -25.461188258211465
1623.776739188721 -25.510911222755148
1710.3410003378397 -25.54745232429239
1801.520040802024 -25.571093998031316
1897.5598765218504 -25.58211485321752
1998.7196386572507 -25.580772279305343
2105.272272765707 -25.56728924811956
2217.505275253932 -25.541845230322973
2335.7214690901214 -25.50457095737164
2460.239820869775 -25.455546614728842
2591.3963014396572 -25.394803006755346
2729.5447924020073 -25.322325202967612
2875.0580409448803 -25.238058198599383
3028.3286655749457 -25.141914141324758
3189.7702154663216 -25.03378070953086
3359.818286283781 -24.913530258365167
3538.9316954909877 -24.781029376149938
3727.593720314938 -24.636148509989027
3926.3134017068355 -24.47877135004545
4135.626917817706 -24.3088036685257
4356.099030694608 -24.126181345600088
4588.324610100844 -23.93087734051035
4832.930238571752 -23.722907405640242
5090.575902036681 -23.502334391412397
5361.956770568817 -23.269271046861544
5647.805074067552 -23.02388127922635
5948.892077934331 -22.76637990197191
6266.030164072656 -22.497030962888815
6600.075022827095 -22.216144790470945
6951.927961775606 -21.924073951806825
7322.538337604534 -21.62120833759639
7712.906117627992 -21.30796961204432
8124.0845778629655 -20.98480526716044
8557.183144940002 -20.652182511418005
9013.37038951743 -20.31058220223899
9493.87717927582 -19.960493003592493
10000.0 -19.602405916148705
10533.104453709382 -19.23680929161314
11094.628943275218 -18.864184407670592
11686.088553466498 -18.48500164776377
12309.079138896019 -18.099717299333705
12965.281629896688 -17.708770962385614
13656.466567946096 -17.31258353844209
14384.498882876629 -16.911555758472335
15151.342924760515 -16.5060671978168
15959.06776404731 -16.09647572025328
16809.852774253653 -15.683117293496112
17705.99351226898 -15.266306116488968
18649.907912142942 -14.846335004347438
19644.142809066267 -14.423475978106811
20691.3808111479 -13.997981014803534
21794.447537529835 -13.570082915093275
22956.319242369096 -13.139996252963591
24180.13084525718 -12.707918378955675
25469.184389745402 -12.274030449448986
26826.957952797275 -11.838498462917645
28257.115029208268 -11.401474285936665
29763.51441631313 -10.96309665521436
31350.220625651124 -10.523492148255665
33021.51484968176 -10.082776111922634
34781.90651314134 -9.641053547249651
36636.14544020716 -9.198419944969169
38589.23467029899 -8.754962071427041
40646.44395709628 -8.310758703325508
42813.32398719396 -7.865881312819533
45095.721356761445 -7.420394702992907
47499.79434661403 -6.974357596029952
50032.029538259994 -6.527823176498312
52699.259315756564 -6.080839590109681
55508.680300598106 -5.633450402755404
58467.87276937589 -5.1856950214361275
61584.82110660255 -4.737609077947222
64867.935347885075 -4.289224781806629
68326.07387157406 -3.8405712393317026
71968.56730011514 -3.3916747470158404
75805.24367559262 -2.9425590561971946
79846.45497739078 -2.493245615837834
84103.10505352604 -2.0437537927208664
88586.67904100832 -1.594101068268352
93309.27435461663 -1.1443032223136627
98283.63332770011 -0.6943744952259073
103523.17759307378 -0.24432773636090724
109042.04429677526 0.20582546012037
114855.12424239368 0.6560746338182876
120978.10206889013 1.1064103497413496
127427.49857031321 1.5568240978495071
134220.7152716012 2.007308200558338
141376.08138073614 2.4578557352978994
148912.90324394088 2.9084604582253797
156851.5164373548 3.3591167395025714
165213.34063573685 3.8098195010459763
174020.9374062485 4.26056416606797
183298.07108324338 4.711346605912415
193069.77288832495 5.162163099501646
203362.40846866704 5.613010290561123
214203.74903583832 6.063885153012364
225623.04629706353 6.514784963713113
237651.11138110727 6.965707259317357
250320.39797173254 7.416649822698387
263665.08987303555 7.867610659837725
277721.1932429355 8.3185879637461
292526.6337436642 8.769580114467214
308121.35887140024 9.220585650737519
324547.44574113254 9.671603245743421
341849.21461759275 10.122631714214073
360073.348498562 10.573669982959345
379269.0190732246 11.024717086735203
399488.019395417 11.47577214935032
420784.9036297398 11.926834393378787
443217.13424760854 12.377903100709043
466845.2370703785 12.828977649841198
491732.9645779016 13.280057448925326
517947.46792312124 13.73114198174595
545559.4781168514 14.18223078668012
574643.4968715974 14.633323441219082
605277.9976193343 15.08441956722007
637545.6372456506 15.535518815612594
671533.4791115135 15.986620888475297
707333.2279644439 16.43772549763693
745041.4773728917 16.888832398050525
784759.9703514606 17.339941362789226
826595.8738801812 17.791052187766557
870662.0680585118 18.242164681521494
917077.4506742931 18.69327870399277
965967.2580093823 19.14439407234568
1017463.4027476063 19.595510666721665
1071704.8298967092 20.04662839924034
1128837.8916846884 20.497747090662838
1189016.74244199 20.948866701551033
1252403.7545350718 21.39998711778503
1319169.9564735717 21.85110827657311
1389495.494373136 22.30223006983563
1463570.1180190798 22.75335246974334
1541593.6928422702 23.204475400326476
1623776.739188721 23.655598821689164
1710341.0003378377 24.106722670454992
1801520.0408020238 24.557846887920128
1897559.8765218505 25.008971468192883
1998719.6386572486 25.460096411373957
2105272.272765707 25.911221591956103
2217505.2752539297 26.36234708562119
2335721.4690901213 26.813472711615432
2460239.8208697727 27.264598703958573
2591396.3014396573 27.71572476285297
2729544.792402007 28.166851088329583
2875058.040944877 28.61797736380695
3028328.6655749455 29.06910395613214
3189770.215466318 29.520230637004357
3359818.286283781 29.971357418911808
3538931.6954909842 30.42248444612417
3727593.720314938 30.873611251528388
3926313.4017068394 31.324738246353725
4135626.917817706 31.77586549641163
4356099.030694608 32.22699270987691
4588324.61010084 32.67812010890627
4832930.238571752 33.12924725839676
5090575.902036676 33.580374582140465
5361956.770568817 34.031502051431
5647805.074067546 34.48262955704492
5948892.077934331 34.933757240583894
6266030.164072656 35.3848848350417
6600075.022827089 35.83601230274093
6951927.961775606 36.287139254545835
7322538.337604526 36.73826739130099
7712906.117627992 37.18939533649739
8124084.5778629575 37.64052305995429
8557183.144940002 38.091650392227706
9013370.38951742 38.542777929534694
9493877.17927582 38.99390583664931
10000000.0 39.445033137094036
10533104.45370936 39.896161340490146
11094628.943275219 40.3472888438089
11686088.553466497 40.798415975969945
12309079.138896018 41.2495445781956
12965281.629896663 41.70067251681138
13656466.567946097 42.15179791697815
14384498.882876629 42.60292770809287
15151342.924760515 43.05405460204202
15959067.76404731 43.50518131495882
16809852.774253618 43.95631031196102
17705993.51226898 44.4074415021501
18649907.912142944 44.85856673153309
19644142.809066266 45.30969692444798
20691380.811147902 45.76082053736579
21794447.537529834 46.211952029244316
22956319.242369097 46.66307785521087
24180130.84525718 47.114210349285756
25469184.3897454 47.56533544831892
26826957.95279722 48.0164626509398
28257115.02920827 48.4675863809023
29763514.41631313 48.91871509423573
31350220.62565112 49.36984962939236
33021514.849681754 49.820970963838235
34781906.51314127 50.272104553318584
36636145.44020716 50.723238404345224
38589234.67029899 51.17436143777442
40646443.95709628 51.625489787995164
42813323.98719387 52.0766088401539
45095721.35676145 52.527751204633304
47499794.346614026 52.97887078185469
50032029.53825999 53.429988318850036
52699259.31575657 53.88112271436552
55508680.300597996 54.33226563766347
58467872.7693759 54.78336745729179
61584821.10660254 55.234536296470864
64867935.34788508 55.6856491616479
68326073.87157391 56.13675187613663
71968567.30011514 56.58789982748013
75805243.67559262 57.03905153896022
79846454.97739078 57.49016643034015
84103105.05352604 57.94125621081371
88586679.04100814 58.39238583828696
93309274.35461664 58.843499395663194
98283633.32770011 59.29468065739373
103523177.59307377 59.74576341247774
109042044.29677527 60.19688303088471
114855124.24239345 60.64811504984573
120978102.06889038 61.09912486425802
127427498.57031322 61.55031819370457
134220715.2716012 62.00125123547465
141376081.38073614 62.45261807867087
148912903.24394056 62.90364120458732
156851516.43735445 63.354823918775686
165213340.63573685 63.80593412791771
174020937.40624848 64.25712436569016
183298071.08324376 64.70813421045521
193069772.88832456 65.15921397995402
203362408.46866703 65.61042156447351
214203749.0358383 66.06126648291648
225623046.2970626 66.51274068908934
237651111.38110778 66.96396533853034
250320397.97173202 67.41440184189328
263665089.87303555 67.86638044131217
277721193.2429355 68.31707630874553
292526633.74366355 68.76814816868566
308121358.87140083 69.21885312673253
324547445.74113256 69.67015042005394
341849214.6175927 70.12291947841973
360073348.49856204 70.57289037169896
379269019.0732238 71.02330322406107
399488019.39541787 71.47564080795246
420784903.6297398 71.92554392611702
443217134.24760854 72.37642467922296
466845237.07037944 72.82767661946866
491732964.5779006 73.27794213704492
517947467.9231202 73.72934153842104
545559478.1168514 74.18115731286937
574643496.8715974 74.63259278182639
605277997.6193355 75.08461053848107
637545637.2456493 75.53471634588828
671533479.1115135 75.98751636772482
707333227.9644439 76.43959547875744
745041477.3728887 76.89041373097002
784759970.3514622 77.33904101967035
826595873.8801795 77.79146608949483
870662068.0585117 78.24250060228859
917077450.674293 78.69102175231832
965967258.0093802 79.14034556835296
1017463402.7476043 79.59802521413837
1071704829.8967092 80.0438815288567
1128837891.6846883 80.49739194595563
1189016742.44199 80.95013593927932
1252403754.5350692 81.39807598054597
1319169956.473569 81.85268942383775
1389495494.373136 82.30115518816444
1463570118.0190797 82.75045173840539
1541593692.8422735 83.20532615227842
1623776739.1887176 83.65017408650468
1710341000.337838 84.11498422436122
1801520040.802024 84.55876248727807
1897559876.5218503 85.02897031872385
1998719638.6572526 85.4343942583091
2105272272.7657027 85.96278585274422
2217505275.2539296 86.37433077128874
2335721469.0901213 86.82397587541647
2460239820.8697777 87.28964116610817
2591396301.439652 87.71317975230824
2729544792.402002 88.17237131890516
2875058040.944877 88.64457494521756
3028328665.5749454 89.08236442814447
3189770215.466325 89.56127957603331
3359818286.2837744 89.92674724355689
3538931695.4909844 90.3726824040892
3727593720.314938 90.91760092485919
3926313401.7068396 91.3312017363856
4135626917.8176975 91.72131804804414
4356099030.694599 92.26870063694749
4588324610.100841 92.60950177362221
4832930238.571753 93.19118992742952
5090575902.036687 93.59757870503361
5361956770.568806 94.11291298607603
5647805074.067546 94.56390900781705
5948892077.934331 94.72228464429291
6266030164.072656 -22.27886687765958
6600075022.827075 -22.278866877296778
6951927961.775591 -22.278866877995974
7322538337.6045265 -22.27886687748041
7712906117.627993 -22.278866876757828
8124084577.862974 -22.278866877023958
8557183144.939984 -22.278866878831025
9013370389.51742 -22.278866877515885
9493877179.27582 -22.278866879254
10000000000.0 -22.27886687722975
