10.0 -16.799612350184653
10.53310445370937 -16.798275991034778
11.094628943275218 -16.79706077058855
11.686088553466515 -16.795956413272922
12.309079138896024 -16.794953344421785
12.965281629896682 -16.794042671866976
13.65646656794611 -16.793216161336996
14.38449888287663 -16.792466207355716
15.15134292476053 -16.79178580118341
15.95906776404731 -16.791168496963152
16.80985277425364 -16.79060837706208
17.70599351226899 -16.790100017394803
18.64990791214297 -16.789638453311248
19.644142809066278 -16.789219146554455
20.6913808111479 -16.788837953588214
21.794447537529855 -16.788491095598584
22.956319242369098 -16.788175130296974
24.180130845257207 -16.78788692562935
25.4691843897454 -16.78762363546833
26.826957952797258 -16.787382677238977
28.257115029208283 -16.787161711485826
29.76351441631318 -16.786958623257316
31.350220625651154 -16.78677150522348
33.02151484968176 -16.78659864238971
34.7819065131413 -16.786438498228723
36.63614544020716 -16.786289702055235
38.58923467029903 -16.786151037452917
40.646443957096295 -16.78602143151936
42.81332398719393 -16.78589994475791
45.095721356761466 -16.785785761362526
47.499794346614124 -16.785678179766983
50.03202953826004 -16.785576603285364
52.699259315756564 -16.785480530716267
55.50868030059805 -16.785389546892418
58.467872769375894 -16.785303313136254
61.58482110660264 -16.785221557692253
64.86793534788511 -16.785144066242097
68.32607387157402 -16.785070672610438
71.96856730011521 -16.78500124988677
75.8052436755926 -16.784935702100295
79.84645497739086 -16.784873956631305
84.10310505352605 -16.78481595751952
88.58667904100822 -16.784761659785847
93.30927435461668 -16.78471102482169
98.28363332770026 -16.784664016887902
103.52317759307378 -16.784620600680714
109.04204429677526 -16.784580739920468
114.8551242423938 -16.7845443968425
120.97810206889012 -16.784511532480888
127.42749857031335 -16.784482107616366
134.2207152716012 -16.78445608424133
141.37608138073614 -16.78443342742832
148.91290324394086 -16.784414107474234
156.85151643735477 -16.78439810223047
165.213340635737 -16.78438539955048
174.0209374062485 -16.78437599976916
183.29807108324357 -16.784369918206867
193.06977288832496 -16.784367187656116
203.36240846866724 -16.78436786085084
214.2037490358383 -16.784372012918332
225.62304629706352 -16.784379743832442
237.65111138110728 -16.7843911808775
250.32039797173255 -16.784406481173555
263.6650898730358 -16.78442583423898
277.7211932429355 -16.784449464688723
292.5266337436645 -16.784477635024963
308.1213588714002 -16.784510648588977
324.54744574113323 -16.78454885268931
341.84921461759274 -16.784592641918017
360.073348498562 -16.78464246166336
379.26901907322497 -16.784698811855694
399.48801939541704 -16.784762250922142
420.78490362974026 -16.784833399960736
443.21713424760856 -16.78491294712837
466.84523707037897 -16.785001652216835
491.73296457790156 -16.78510035140002
517.9474679231213 -16.785209962113004
545.5594781168514 -16.78533148802293
574.6434968715973 -16.785466024043767
605.2779976193349 -16.785614761333196
637.5456372456507 -16.7857789922152
671.5334791115142 -16.785960114953212
707.3332279644438 -16.786159638317294
745.0414773728917 -16.7863791858733
784.7599703514607 -16.78662049995412
826.5958738801812 -16.786885445261483
870.6620680585127 -16.787176012095202
917.0774506742931 -16.787494319205695
965.9672580093833 -16.78784261631703
1017.4634027476063 -16.788223286377214
1071.7048298967104 -16.788638847626306
1128.8378916846884 -16.789091955579146
1189.01674244199 -16.78958540501141
1252.4037545350732 -16.79012213199889
1319.1699564735716 -16.790705215986822
1389.4954943731375 -16.791337881741903
1463.5701180190797 -16.79202350086788
1541.5936928422718 -16.79276559234424
1623.776739188721 -16.79356782127376
1710.3410003378397 -16.794433994729573
1801.520040802024 -16.795368053268493
1897.5598765218504 -16.79637405639642
1998.7196386572507 -16.797456160014985
2105.272272765707 -16.79861858373352
2217.505275253932 -16.799865565913777
2335.7214690901214 -16.801201304449208
2460.239820869775 -16.802629881634953
2591.3963014396572 -16.80415517204097
2729.5447924020073 -16.805780733071245
2875.0580409448803 -16.80750967891982
3028.3286655749457 -16.809344539788828
3189.7702154663216 -16.81128710960805
3359.818286283781 -16.813338286884246
3538.9316954909877 -16.81549791473965
3727.593720314938 -16.817764627472904
3926.3134017068355 -16.820135712018327
4135.626917817706 -16.82260699331686
4356.099030694608 -16.825172752711456
4588.324610100844 -16.827825687934155
4832.930238571752 -16.83055692195637
5090.575902036681 -16.833356065936755
5361.956770568817 -16.836211338786622
5647.805074067552 -16.83910974262169
5948.892077934331 -16.84203728984505
6266.030164072656 -16.84497927411331
6600.075022827095 -16.84792057430762
6951.927961775606 -16.850845978208312
7322.538337604534 -16.85374051110457
7712.906117627992 -16.856589754240655
8124.0845778629655 -16.85938013882617
8557.183144940002 -16.862099203233964
9013.37038951743 -16.86473580375237
9493.87717927582 -16.867280272541436
10000.0 -16.869724519939844
10533.104453709382 -16.8720620816323
11094.628943275218 -16.874288114149824
11686.088553466498 -16.87639934453052
12309.079138896019 -16.87839398160268
12965.281629896688 -16.880271597259277
13656.466567946096 -16.882032986308623
14384.498882876629 -16.883680013137198
15151.342924760515 -16.88521545263629
15959.06776404731 -16.886642831774907
16809.852774253653 -16.88796627698245
17705.99351226898 -16.889190371259005
18649.907912142942 -16.89032002374632
19644.142809066267 -16.891360353425156
20691.3808111479 -16.892316587706674
21794.447537529835 -16.893193975952954
22956.319242369096 -16.893997717403774
24180.13084525718 -16.894732902594328
25469.184389745402 -16.89540446708026
26826.957952797275 -16.896017156150304
28257.115029208268 -16.896575499146667
29763.51441631313 -16.89708379203371
31350.220625651124 -16.897546086912858
33021.51484968176 -16.897966187287363
34781.90651314134 -16.89834764798668
36636.14544020716 -16.898693778791362
38589.23467029899 -16.899007650918456
40646.44395709628 -16.899292105655515
42813.32398719396 -16.89954976453384
45095.721356761445 -16.89978304054311
47499.79434661403 -16.899994149974557
50032.029538259994 -16.900185124562476
52699.259315756564 -16.900357823665004
55508.680300598106 -16.90051394627663
58467.87276937589 -16.90065504272282
61584.82110660255 -16.900782525921493
64867.935347885075 -16.900897682134424
68326.07387157406 -16.901001681153502
71968.56730011514 -16.90109558589534
75805.24367559262 -16.901180361388686
79846.45497739078 -16.901256883154904
84103.10505352604 -16.901325944993335
88586.67904100832 -16.901388266188068
93309.27435461663 -16.901444498159226
98283.63332770011 -16.901495230586466
103523.17759307378 -16.90154099703275
109042.04429677526 -16.901582280099316
114855.12424239368 -16.901619516141892
120978.10206889013 -16.901653099579846
127427.49857031321 -16.90168338682613
134220.7152716012 -16.90171069986823
141376.08138073614 -16.901735329527323
148912.90324394088 -16.90175753842109
156851.5164373548 -16.901777563654985
165213.34063573685 -16.901795619265073
174020.9374062485 -16.901811898433657
183298.07108324338 -16.90182657549765
193069.77288832495 -16.901839807767587
203362.40846866704 -16.901851737175186
214203.74903583832 -16.90186249176403
225623.04629706353 -16.901872187038325
237651.11138110727 -16.901880927182436
250320.39797173254 -16.901888806163516
263665.08987303555 -16.90189590872801
277721.1932429355 -16.901902311302003
292526.6337436642 -16.901908082804326
308121.35887140024 -16.90191328538122
324547.44574113254 -16.901917975069257
341849.21461759275 -16.90192220239407
360073.348498562 -16.90192601291104
379269.0190732246 -16.901929447692485
399488.019395417 -16.90193254376799
420784.9036297398 -16.901935334521678
443217.13424760854 -16.901937850049983
466845.2370703785 -16.901940117485236
491732.9645779016 -16.901942161286826
517947.46792312124 -16.901944003504486
545559.4781168514 -16.901945664015162
574643.4968715974 -16.901947160736754
605277.9976193343 -16.90194850982128
637545.6372456506 -16.901949725828796
671533.4791115135 -16.901950821883702
707333.2279644439 -16.901951809816683
745041.4773728917 -16.90195270029186
784759.9703514606 -16.901953502921913
826595.8738801812 -16.901954226371647
870662.0680585118 -16.901954878451228
917077.4506742931 -16.9019554662009
965967.2580093823 -16.901955995966155
1017463.4027476063 -16.90195647346706
1071704.8298967092 -16.901956903859183
1128837.8916846884 -16.901957291789863
1189016.74244199 -16.901957641447726
1252403.7545350718 -16.901957956608374
1319169.9564735717 -16.901958240675118
1389495.494373136 -16.90195849671529
1463570.1180190798 -16.901958727494023
1541593.6928422702 -16.901958935502684
1623776.739188721 -16.901959122987993
1710341.0003378377 -16.9019592919748
1801520.0408020238 -16.901959444287794
1897559.8765218505 -16.901959581571706
1998719.6386572486 -16.901959705309174
2105272.272765707 -16.901959816836527
2217505.2752539297 -16.901959917358077
2335721.4690901213 -16.901960007959484
2460239.8208697727 -16.90196008961919
2591396.3014396573 -16.901960163219055
2729544.792402007 -16.901960229553875
2875058.040944877 -16.901960289340078
3028328.6655749455 -16.901960343223433
3189770.215466318 -16.90196039178573
3359818.286283781 -16.901960435551537
3538931.6954909842 -16.90196047499349
3727593.720314938 -16.901960510537574
3926313.4017068394 -16.901960542567625
4135626.917817706 -16.901960571429672
4356099.030694608 -16.90196059743534
4588324.61010084 -16.90196062086563
4832930.238571752 -16.901960641973606
5090575.902036676 -16.901960660987267
5361956.770568817 -16.901960678112008
5647805.074067546 -16.901960693532892
5948892.077934331 -16.901960707416585
6266030.164072656 -16.90196071991312
6600075.022827089 -16.901960731157672
6951927.961775606 -16.901960741271843
7322538.337604526 -16.901960750365006
7712906.117627992 -16.90196075853578
8124084.5778629575 -16.901960765872634
8557183.144940002 -16.901960772455553
9013370.38951742 -16.901960778355594
9493877.17927582 -16.90196078363733
10000000.0 -16.901960788358544
10533104.45370936 -16.901960792571163
11094628.943275219 -16.901960796321596
11686088.553466497 -16.901960799651743
12309079.138896018 -16.901960802599046
12965281.629896663 -16.90196080519676
13656466.567946097 -16.90196080747527
14384498.882876629 -16.90196080946156
15151342.924760515 -16.901960811179897
15959067.76404731 -16.901960812652298
16809852.774253618 -16.901960813898466
17705993.51226898 -16.90196081493624
18649907.912142944 -16.901960815781813
19644142.809066266 -16.90196081645042
20691380.811147902 -16.901960816955665
21794447.537529834 -16.90196081731033
22956319.242369097 -16.90196081752664
24180130.84525718 -16.90196081761603
25469184.3897454 -16.901960817589444
26826957.95279722 -16.901960817457066
28257115.02920827 -16.90196081723023
29763514.41631313 -16.90196081691815
31350220.62565112 -16.901960816530945
33021514.849681754 -16.901960816078287
34781906.51314127 -16.901960815569762
36636145.44020716 -16.90196081501439
38589234.67029899 -16.901960814421248
40646443.95709628 -16.901960813798713
42813323.98719387 -16.901960813155274
45095721.35676145 -16.901960812498228
47499794.346614026 -16.901960811834712
50032029.53825999 -16.90196081117128
52699259.31575657 -16.901960810513785
55508680.300597996 -16.901960809867134
58467872.7693759 -16.90196080923597
61584821.10660254 -16.901960808623958
64867935.34788508 -16.90196080803384
68326073.87157391 -16.90196080746845
71968567.30011514 -16.901960806929356
75805243.67559262 -16.901960806417755
79846454.97739078 -16.901960805934564
84103105.05352604 -16.90196080547952
88586679.04100814 -16.901960805053516
93309274.35461664 -16.901960804655445
98283633.32770011 -16.90196080428465
103523177.59307377 -16.901960803940526
109042044.29677527 -16.901960803621858
114855124.24239345 -16.90196080332739
120978102.06889038 -16.901960803056156
127427498.57031322 -16.901960802806503
134220715.2716012 -16.901960802577598
141376081.38073614 -16.901960802367668
148912903.24394056 -16.901960802175545
156851516.43735445 -16.90196080199997
165213340.63573685 -16.901960801839987
174020937.40624848 -16.90196080169392
183298071.08324376 -16.901960801560968
193069772.88832456 -16.901960801440303
203362408.46866703 -16.901960801330212
214203749.0358383 -16.901960801230494
225623046.2970626 -16.901960801139875
237651111.38110778 -16.90196080105786
250320397.97173202 -16.901960800983368
263665089.87303555 -16.901960800915916
277721193.2429355 -16.901960800854788
292526633.74366355 -16.901960800799575
308121358.87140083 -16.90196080074967
324547445.74113256 -16.901960800704586
341849214.6175927 -16.90196080066371
360073348.49856204 -16.90196080062666
379269019.0732238 -16.901960800593397
399488019.39541787 -16.901960800563383
420784903.6297398 -16.901960800536052
443217134.24760854 -16.901960800511503
466845237.07037944 -16.901960800489267
491732964.5779006 -16.90196080046939
517947467.9231202 -16.90196080045087
545559478.1168514 -16.90196080043461
574643496.8715974 -16.901960800420028
605277997.6193355 -16.90196080040691
637545637.2456493 -16.90196080039498
671533479.1115135 -16.90196080038434
707333227.9644439 -16.901960800374454
745041477.3728887 -16.90196080036561
784759970.3514622 -16.901960800357756
826595873.8801795 -16.90196080035055
870662068.0585117 -16.901960800344
917077450.674293 -16.901960800338273
965967258.0093802 -16.90196080033298
1017463402.7476043 -16.9019608003283
1071704829.8967092 -16.901960800324137
1128837891.6846883 -16.901960800320204
1189016742.44199 -16.901960800316793
1252403754.5350692 -16.90196080031368
1319169956.473569 -16.901960800310935
1389495494.373136 -16.90196080030833
1463570118.0190797 -16.90196080030598
1541593692.8422735 -16.90196080030408
1623776739.1887176 -16.90196080030215
1710341000.337838 -16.901960800300422
1801520040.802024 -16.90196080029887
1897559876.5218503 -16.901960800297214
1998719638.6572526 -16.90196080029606
2105272272.7657027 -16.90196080029515
2217505275.2539296 -16.901960800294155
2335721469.0901213 -16.90196080029327
2460239820.8697777 -16.901960800292443
2591396301.439652 -16.901960800291768
2729544792.402002 -16.901960800290922
2875058040.944877 -16.90196080029051
3028328665.5749454 -16.901960800289956
3189770215.466325 -16.901960800289668
3359818286.2837744 -16.90196080028907
3538931695.4909844 -16.901960800288606
3727593720.314938 -16.90196080028837
3926313401.7068396 -16.901960800288006
4135626917.8176975 -16.901960800287846
4356099030.694599 -16.90196080028764
4588324610.100841 -16.901960800287277
4832930238.571753 -16.901960800287124
5090575902.036687 -16.901960800286705
5361956770.568806 -16.901960800286716
5647805074.067546 -16.901960800286805
5948892077.934331 -16.901960800286265
6266030164.072656 -16.901960800286254
6600075022.827075 -16.901960800286176
6951927961.775591 -16.901960800286098
7322538337.6045265 -16.901960800285696
7712906117.627993 -16.90196080028561
8124084577.862974 -16.901960800285735
8557183144.939984 -16.901960800285597
9013370389.51742 -16.90196080028568
9493877179.27582 -16.90196080028554
10000000000.0 -16.901960800285515
10.0 -18.87135935966962
10.53310445370937 -18.870603024743215
11.094628943275218 -18.869882222296432
11.686088553466515 -18.869189195168133
12.309079138896024 -18.868516482060283
12.965281629896682 -18.867856845605605
13.65646656794611 -18.86720319630853
14.38449888287663 -18.86654850799472
15.15134292476053 -18.865885755317166
15.95906776404731 -18.865207831682714
16.80985277425364 -18.8645074773762
17.70599351226899 -18.86377720443054
18.64990791214297 -18.863009218580597
19.644142809066278 -18.86219533595096
20.6913808111479 -18.86132690677712
21.794447537529855 -18.860394719599206
22.956319242369098 -18.859388914874263
24.180130845257207 -18.85829888352002
25.4691843897454 -18.85711316533357
26.826957952797258 -18.855819338358582
28.257115029208283 -18.854403898590274
29.76351441631318 -18.852852137968522
31.350220625651154 -18.851148004997384
33.02151484968176 -18.849273964081725
34.7819065131413 -18.84721084117974
36.63614544020716 -18.84493766096286
38.58923467029903 -18.84243147349698
40.646443957096295 -18.839667172763527
42.81332398719393 -18.83661730406277
45.095721356761466 -18.83325186433472
47.499794346614124 -18.829538094981334
50.03202953826004 -18.82544027399434
52.699259315756564 -18.82091949667596
55.50868030059805 -18.815933466881575
58.467872769375894 -18.810436290181404
61.58482110660264 -18.804378277917387
64.86793534788511 -18.79770577215912
68.32607387157402 -18.79036100049732
71.96856730011521 -18.782281960626747
75.8052436755926 -18.773402366309227
79.84645497739086 -18.763651652898037
84.10310505352605 -18.752955063487082
88.58667904100822 -18.741233839906975
93.30927435461668 -18.728405537632813
98.28363332770026 -18.714384475629753
103.52317759307378 -18.699082360496217
109.04204429677526 -18.682409104944508
114.8551242423938 -18.664273851352867
120.97810206889012 -18.64458623610998
127.42749857031335 -18.6232579014919
134.2207152716012 -18.60020426312985
141.37608138073614 -18.575346536014862
148.91290324394086 -18.54861400347476
156.85151643735477 -18.519946504139547
165.213340635737 -18.489297074740144
174.0209374062485 -18.456634701272076
183.29807108324357 -18.421947082722532
193.06977288832496 -18.385243288363952
203.36240846866724 -18.346556198999153
214.2037490358383 -18.30594457953068
225.62304629706352 -18.2634946401896
237.65111138110728 -18.219320949939178
250.32039797173255 -18.173566565764617
263.6650898730358 -18.12640227914434
277.7211932429355 -18.078024926341058
292.5266337436645 -18.028654731829008
308.1213588714002 -17.97853174675396
324.54744574113323 -17.927911467096763
341.84921461759274 -17.87705979706824
360.073348498562 -17.826247554572273
379.26901907322497 -17.775744758521043
399.48801939541704 -17.72581494951059
420.78490362974026 -17.676709795310536
443.21713424760856 -17.62866420987661
466.84523707037897 -17.58189217543658
491.73296457790156 -17.536583415999242
517.9474679231213 -17.49290100453848
545.5594781168514 -17.450979928877434
574.6434968715973 -17.410926595144367
605.2779976193349 -17.372819188835454
637.5456372456507 -17.33670878732405
671.5334791115142 -17.302621089332572
707.3332279644438 -17.27055861625978
745.0414773728917 -17.240503235709642
784.7599703514607 -17.212418876653114
826.5958738801812 -17.18625430647339
870.6620680585127 -17.161945868890434
917.0774506742931 -17.139420100282436
965.9672580093833 -17.118596162112738
1017.4634027476063 -17.099388047467237
1071.7048298967104 -17.081706537653844
1128.8378916846884 -17.065460898887398
1189.01674244199 -17.05056032239949
1252.4037545350732 -17.0369151169177
1319.1699564735716 -17.02443767269656
1389.4954943731375 -17.013043217420993
1463.5701180190797 -17.002650387308872
1541.5936928422718 -16.993181637229398
1623.776739188721 -16.984563513399966
1710.3410003378397 -16.97672681074237
1801.520040802024 -16.969606635175694
1897.5598765218504 -16.963142389149446
1998.7196386572507 -16.957277696519128
2105.272272765707 -16.951960281083256
2217.505275253932 -16.94714181028145
2335.7214690901214 -16.94277771430036
2460.239820869775 -16.93882698896981
2591.3963014396572 -16.935251989222238
2729.5447924020073 -16.932018218260755
2875.0580409448803 -16.92909411715821
3028.3286655749457 -16.92645085794518
3189.7702154663216 -16.924062142552813
3359.818286283781 -16.92190400985552
3538.9316954909877 -16.9199546515792
3727.593720314938 -16.918194238167086
3926.3134017068355 -16.916604755056962
4135.626917817706 -16.915169849416188
4356.099030694608 -16.91387468731549
4588.324610100844 -16.912705821233736
4832.930238571752 -16.911651067436523
5090.575902036681 -16.910699392917095
5361.956770568817 -16.909840811303603
5647.805074067552 -16.909066287362815
5948.892077934331 -16.90836764948829
6266.030164072656 -16.907737509618986
6600.075022827095 -16.907169190171793
6951.927961775606 -16.90665665735533
7322.538337604534 -16.90619446045597
7712.906117627992 -16.90577767657438
8124.0845778629655 -16.905401860425414
8557.183144940002 -16.905062998709578
9013.37038951743 -16.904757468718042
9493.87717927582 -16.90448200082157
10000.0 -16.904233644421225
10533.104453709382 -16.904009737155334
11094.628943275218 -16.903807876984537
11686.088553466498 -16.903625896958413
12309.079138896019 -16.90346184237243
12965.281629896688 -16.903313950114917
13656.466567946096 -16.903180630006876
14384.498882876629 -16.903060447919568
15151.342924760515 -16.902952110551173
15959.06776404731 -16.902854451645272
16809.852774253653 -16.902766419566014
17705.99351226898 -16.90268706606685
18649.907912142942 -16.902615536162806
19644.142809066267 -16.902551058986248
20691.3808111479 -16.90249293952566
21794.447537529835 -16.902440551182128
22956.319242369096 -16.902393329051762
24180.13084525718 -16.902350763856344
25469.184389745402 -16.9023123964787
26826.957952797275 -16.902277813029247
28257.115029208268 -16.90224664039277
29763.51441631313 -16.902218542223395
31350.220625651124 -16.902193215316696
33021.51484968176 -16.90217038635266
34781.90651314134 -16.902149808950085
36636.14544020716 -16.90213126101108
38589.23467029899 -16.90211454233433
40646.44395709628 -16.902099472452335
42813.32398719396 -16.90208588868715
45095.721356761445 -16.902073644401124
47499.79434661403 -16.902062607409498
50032.029538259994 -16.902052658560653
52699.259315756564 -16.90204369044941
55508.680300598106 -16.902035606254696
58467.87276937589 -16.902028318703255
61584.82110660255 -16.902021749122266
64867.935347885075 -16.902015826593015
68326.07387157406 -16.90201048718574
71968.56730011514 -16.90200567327294
75805.24367559262 -16.902001332902262
79846.45497739078 -16.90199741924219
84103.10505352604 -16.901993890077435
88586.67904100832 -16.901990707349007
93309.27435461663 -16.901987836752554
98283.63332770011 -16.901985247361477
103523.17759307378 -16.901982911300607
109042.04429677526 -16.901980803442875
114855.12424239368 -16.90197890114322
120978.10206889013 -16.90197718399433
127427.49857031321 -16.9019756336059
134220.7152716012 -16.901974233410616
141376.08138073614 -16.901972968487165
148912.90324394088 -16.90197182539806
156851.5164373548 -16.901970792046782
165213.34063573685 -16.90196985754833
174020.9374062485 -16.90196901210982
183298.07108324338 -16.901968246927364
193069.77288832495 -16.901967554086664
203362.40846866704 -16.901966926478437
214203.74903583832 -16.901966357717022
225623.04629706353 -16.901965842069394
237651.11138110727 -16.90196537439016
250320.39797173254 -16.90196495005987
263665.08987303555 -16.901964564933333
277721.1932429355 -16.901964215286842
292526.6337436642 -16.901963897776938
308121.35887140024 -16.901963609396983
324547.44574113254 -16.901963347441892
341849.21461759275 -16.901963109474913
360073.348498562 -16.90196289329782
379269.0190732246 -16.901962696925935
399488.019395417 -16.901962518563394
420784.9036297398 -16.901962356583294
443217.13424760854 -16.901962209510494
466845.2370703785 -16.901962076004363
491732.9645779016 -16.901961954845575
517947.46792312124 -16.90196184492473
545559.4781168514 -16.901961745230278
574643.4968715974 -16.901961654839962
605277.9976193343 -16.901961572912473
637545.6372456506 -16.901961498680567
671533.4791115135 -16.90196143144353
707333.2279644439 -16.90196137056214
745041.4773728917 -16.90196131545273
784759.9703514606 -16.901961265583815
826595.8738801812 -16.901961220470444
870662.0680585118 -16.90196117967051
917077.4506742931 -16.90196114278093
965967.2580093823 -16.901961109436137
1017463.4027476063 -16.901961079302016
1071704.8298967092 -16.901961052075617
1128837.8916846884 -16.901961027481534
1189016.74244199 -16.90196100526926
1252403.7545350718 -16.901960985211744
1319169.9564735717 -16.90196096710307
1389495.494373136 -16.901960950756273
1463570.1180190798 -16.901960936001664
1541593.6928422702 -16.901960922686243
1623776.739188721 -16.90196091067079
1710341.0003378377 -16.9019608998296
1801520.0408020238 -16.901960890048922
1897559.8765218505 -16.901960881225808
1998719.6386572486 -16.90196087326694
2105272.272765707 -16.901960866088373
2217505.2752539297 -16.901960859613986
2335721.4690901213 -16.901960853775076
2460239.8208697727 -16.901960848509503
2591396.3014396573 -16.90196084376123
2729544.792402007 -16.9019608394797
2875058.040944877 -16.901960835619043
3028328.6655749455 -16.901960832138133
3189770.215466318 -16.901960828999666
3359818.286283781 -16.90196082617009
3538931.6954909842 -16.901960823618936
3727593.720314938 -16.90196082131905
3926313.4017068394 -16.901960819245662
4135626.917817706 -16.90196081737647
4356099.030694608 -16.90196081569131
4588324.61010084 -16.90196081417229
4832930.238571752 -16.901960812803004
5090575.902036676 -16.90196081156856
5361956.770568817 -16.901960810455797
5647805.074067546 -16.901960809452696
5948892.077934331 -16.901960808548793
6266030.164072656 -16.90196080773362
6600075.022827089 -16.901960806999018
6951927.961775606 -16.901960806336724
7322538.337604526 -16.90196080573977
7712906.117627992 -16.901960805202034
8124084.5778629575 -16.901960804716904
8557183.144940002 -16.901960804279238
9013370.38951742 -16.901960803885473
9493877.17927582 -16.90196080353044
10000000.0 -16.901960803210255
10533104.45370936 -16.90196080292179
11094628.943275219 -16.901960802661648
11686088.553466497 -16.901960802427244
12309079.138896018 -16.901960802215925
12965281.629896663 -16.901960802025325
13656466.567946097 -16.901960801853818
14384498.882876629 -16.90196080169875
15151342.924760515 -16.90196080155935
15959067.76404731 -16.901960801433663
16809852.774253618 -16.90196080132042
17705993.51226898 -16.901960801218273
18649907.912142944 -16.901960801126215
19644142.809066266 -16.901960801043224
20691380.811147902 -16.901960800968464
21794447.537529834 -16.901960800901012
22956319.242369097 -16.901960800840264
24180130.84525718 -16.901960800785538
25469184.3897454 -16.901960800736166
26826957.95279722 -16.901960800691644
28257115.02920827 -16.901960800651516
29763514.41631313 -16.901960800615395
31350220.62565112 -16.901960800582707
33021514.849681754 -16.901960800553358
34781906.51314127 -16.901960800526886
36636145.44020716 -16.901960800503055
38589234.67029899 -16.901960800481575
40646443.95709628 -16.901960800462184
42813323.98719387 -16.901960800444755
45095721.35676145 -16.90196080042897
47499794.346614026 -16.90196080041478
50032029.53825999 -16.901960800402023
52699259.31575657 -16.901960800390484
55508680.300597996 -16.901960800380046
58467872.7693759 -16.90196080037069
61584821.10660254 -16.901960800362307
64867935.34788508 -16.901960800354637
68326073.87157391 -16.901960800347766
71968567.30011514 -16.901960800341595
75805243.67559262 -16.901960800336024
79846454.97739078 -16.901960800331054
84103105.05352604 -16.90196080032654
88586679.04100814 -16.901960800322453
93309274.35461664 -16.90196080031876
98283633.32770011 -16.9019608003154
103523177.59307377 -16.901960800312477
109042044.29677527 -16.901960800309777
114855124.24239345 -16.9019608003073
120978102.06889038 -16.90196080030512
127427498.57031322 -16.90196080030313
134220715.2716012 -16.901960800301456
141376081.38073614 -16.901960800299776
148912903.24394056 -16.9019608002983
156851516.43735445 -16.901960800297104
165213340.63573685 -16.90196080029584
174020937.40624848 -16.90196080029481
183298071.08324376 -16.90196080029389
193069772.88832456 -16.901960800292983
203362408.46866703 -16.901960800292194
214203749.0358383 -16.901960800291505
225623046.2970626 -16.901960800290887
237651111.38110778 -16.901960800290325
250320397.97173202 -16.90196080028977
263665089.87303555 -16.901960800289395
277721193.2429355 -16.90196080028892
292526633.74366355 -16.901960800288553
308121358.87140083 -16.901960800288002
324547445.74113256 -16.901960800287824
341849214.6175927 -16.901960800287586
360073348.49856204 -16.901960800287384
379269019.0732238 -16.90196080028705
399488019.39541787 -16.90196080028697
420784903.6297398 -16.90196080028678
443217134.24760854 -16.9019608002866
466845237.07037944 -16.901960800286503
491732964.5779006 -16.901960800286133
517947467.9231202 -16.901960800286158
545559478.1168514 -16.90196080028607
574643496.8715974 -16.901960800286023
605277997.6193355 -16.90196080028596
637545637.2456493 -16.901960800285845
671533479.1115135 -16.901960800285785
707333227.9644439 -16.90196080028572
745041477.3728887 -16.901960800285643
784759970.3514622 -16.901960800285575
826595873.8801795 -16.9019608002856
870662068.0585117 -16.901960800285543
917077450.674293 -16.901960800285302
965967258.0093802 -16.90196080028532
1017463402.7476043 -16.901960800285313
1071704829.8967092 -16.90196080028532
1128837891.6846883 -16.901960800285348
1189016742.44199 -16.90196080028531
1252403754.5350692 -16.901960800285295
1319169956.473569 -16.90196080028534
1389495494.373136 -16.901960800285284
1463570118.0190797 -16.901960800285266
1541593692.8422735 -16.901960800285217
1623776739.1887176 -16.901960800285234
1710341000.337838 -16.901960800285195
1801520040.802024 -16.90196080028517
1897559876.5218503 -16.901960800285202
1998719638.6572526 -16.901960800285163
2105272272.7657027 -16.90196080028504
2217505275.2539296 -16.901960800285096
2335721469.0901213 -16.901960800285103
2460239820.8697777 -16.90196080028513
2591396301.439652 -16.90196080028514
2729544792.402002 -16.90196080028508
2875058040.944877 -16.901960800285096
3028328665.5749454 -16.901960800285217
3189770215.466325 -16.901960800285117
3359818286.2837744 -16.901960800285075
3538931695.4909844 -16.901960800285135
3727593720.314938 -16.901960800285167
3926313401.7068396 -16.901960800285117
4135626917.8176975 -16.901960800285142
4356099030.694599 -16.901960800285146
4588324610.100841 -16.901960800285096
4832930238.571753 -16.901960800285114
5090575902.036687 -16.901960800285163
5361956770.568806 -16.901960800285167
5647805074.067546 -16.901960800285167
5948892077.934331 -16.901960800285124
6266030164.072656 -16.901960800285096
6600075022.827075 -16.901960800285124
6951927961.775591 -16.901960800285135
7322538337.6045265 -16.901960800285142
7712906117.627993 -16.901960800284964
8124084577.862974 -16.901960800284993
8557183144.939984 -16.901960800285053
9013370389.51742 -16.90196080028511
9493877179.27582 -16.90196080028509
10000000000.0 -16.90196080028508
10.0 -18.87135935966962
10.53310445370937 -18.870603024743215
11.094628943275218 -18.869882222296432
11.686088553466515 -18.869189195168133
12.309079138896024 -18.868516482060283
12.965281629896682 -18.867856845605605
13.65646656794611 -18.86720319630853
14.38449888287663 -18.86654850799472
15.15134292476053 -18.865885755317166
15.95906776404731 -18.865207831682714
16.80985277425364 -18.8645074773762
17.70599351226899 -18.86377720443054
18.64990791214297 -18.863009218580597
19.644142809066278 -18.86219533595096
20.6913808111479 -18.86132690677712
21.794447537529855 -18.860394719599206
22.956319242369098 -18.859388914874263
24.180130845257207 -18.85829888352002
25.4691843897454 -18.85711316533357
26.826957952797258 -18.855819338358582
28.257115029208283 -18.854403898590274
29.76351441631318 -18.852852137968522
31.350220625651154 -18.851148004997384
33.02151484968176 -18.849273964081725
34.7819065131413 -18.84721084117974
36.63614544020716 -18.84493766096286
38.58923467029903 -18.84243147349698
40.646443957096295 -18.839667172763527
42.81332398719393 -18.83661730406277
45.095721356761466 -18.83325186433472
47.499794346614124 -18.829538094981334
50.03202953826004 -18.82544027399434
52.699259315756564 -18.82091949667596
55.50868030059805 -18.815933466881575
58.467872769375894 -18.810436290181404
61.58482110660264 -18.804378277917387
64.86793534788511 -18.79770577215912
68.32607387157402 -18.79036100049732
71.96856730011521 -18.782281960626747
75.8052436755926 -18.773402366309227
79.84645497739086 -18.763651652898037
84.10310505352605 -18.752955063487082
88.58667904100822 -18.741233839906975
93.30927435461668 -18.728405537632813
98.28363332770026 -18.714384475629753
103.52317759307378 -18.699082360496217
109.04204429677526 -18.682409104944508
114.8551242423938 -18.664273851352867
120.97810206889012 -18.64458623610998
127.42749857031335 -18.6232579014919
134.2207152716012 -18.60020426312985
141.37608138073614 -18.575346536014862
148.91290324394086 -18.54861400347476
156.85151643735477 -18.519946504139547
165.213340635737 -18.489297074740144
174.0209374062485 -18.456634701272076
183.29807108324357 -18.421947082722532
193.06977288832496 -18.385243288363952
203.36240846866724 -18.346556198999153
214.2037490358383 -18.30594457953068
225.62304629706352 -18.2634946401896
237.65111138110728 -18.219320949939178
250.32039797173255 -18.173566565764617
263.6650898730358 -18.12640227914434
277.7211932429355 -18.078024926341058
292.5266337436645 -18.028654731829008
308.1213588714002 -17.97853174675396
324.54744574113323 -17.927911467096763
341.84921461759274 -17.87705979706824
360.073348498562 -17.826247554572273
379.26901907322497 -17.775744758521043
399.48801939541704 -17.72581494951059
420.78490362974026 -17.676709795310536
443.21713424760856 -17.62866420987661
466.84523707037897 -17.58189217543658
491.73296457790156 -17.536583415999242
517.9474679231213 -17.49290100453848
545.5594781168514 -17.450979928877434
574.6434968715973 -17.410926595144367
605.2779976193349 -17.372819188835454
637.5456372456507 -17.33670878732405
671.5334791115142 -17.302621089332572
707.3332279644438 -17.27055861625978
745.0414773728917 -17.240503235709642
784.7599703514607 -17.212418876653114
826.5958738801812 -17.18625430647339
870.6620680585127 -17.161945868890434
917.0774506742931 -17.139420100282436
965.9672580093833 -17.118596162112738
1017.4634027476063 -17.099388047467237
1071.7048298967104 -17.081706537653844
1128.8378916846884 -17.065460898887398
1189.01674244199 -17.05056032239949
1252.4037545350732 -17.0369151169177
1319.1699564735716 -17.02443767269656
1389.4954943731375 -17.013043217420993
1463.5701180190797 -17.002650387308872
1541.5936928422718 -16.993181637229398
1623.776739188721 -16.984563513399966
1710.3410003378397 -16.97672681074237
1801.520040802024 -16.969606635175694
1897.5598765218504 -16.963142389149446
1998.7196386572507 -16.957277696519128
2105.272272765707 -16.951960281083256
2217.505275253932 -16.94714181028145
2335.7214690901214 -16.94277771430036
2460.239820869775 -16.93882698896981
2591.3963014396572 -16.935251989222238
2729.5447924020073 -16.932018218260755
2875.0580409448803 -16.92909411715821
3028.3286655749457 -16.92645085794518
3189.7702154663216 -16.924062142552813
3359.818286283781 -16.92190400985552
3538.9316954909877 -16.9199546515792
3727.593720314938 -16.918194238167086
3926.3134017068355 -16.916604755056962
4135.626917817706 -16.915169849416188
4356.099030694608 -16.91387468731549
4588.324610100844 -16.912705821233736
4832.930238571752 -16.911651067436523
5090.575902036681 -16.910699392917095
5361.956770568817 -16.909840811303603
5647.805074067552 -16.909066287362815
5948.892077934331 -16.90836764948829
6266.030164072656 -16.907737509618986
6600.075022827095 -16.907169190171793
6951.927961775606 -16.90665665735533
7322.538337604534 -16.90619446045597
7712.906117627992 -16.90577767657438
8124.0845778629655 -16.905401860425414
8557.183144940002 -16.905062998709578
9013.37038951743 -16.904757468718042
9493.87717927582 -16.90448200082157
10000.0 -16.904233644421225
10533.104453709382 -16.904009737155334
11094.628943275218 -16.903807876984537
11686.088553466498 -16.903625896958413
12309.079138896019 -16.90346184237243
12965.281629896688 -16.903313950114917
13656.466567946096 -16.903180630006876
14384.498882876629 -16.903060447919568
15151.342924760515 -16.902952110551173
15959.06776404731 -16.902854451645272
16809.852774253653 -16.902766419566014
17705.99351226898 -16.90268706606685
18649.907912142942 -16.902615536162806
19644.142809066267 -16.902551058986248
20691.3808111479 -16.90249293952566
21794.447537529835 -16.902440551182128
22956.319242369096 -16.902393329051762
24180.13084525718 -16.902350763856344
25469.184389745402 -16.9023123964787
26826.957952797275 -16.902277813029247
28257.115029208268 -16.90224664039277
29763.51441631313 -16.902218542223395
31350.220625651124 -16.902193215316696
33021.51484968176 -16.90217038635266
34781.90651314134 -16.902149808950085
36636.14544020716 -16.90213126101108
38589.23467029899 -16.90211454233433
40646.44395709628 -16.902099472452335
42813.32398719396 -16.90208588868715
45095.721356761445 -16.902073644401124
47499.79434661403 -16.902062607409498
50032.029538259994 -16.902052658560653
52699.259315756564 -16.90204369044941
55508.680300598106 -16.902035606254696
58467.87276937589 -16.902028318703255
61584.82110660255 -16.902021749122266
64867.935347885075 -16.902015826593015
68326.07387157406 -16.90201048718574
71968.56730011514 -16.90200567327294
75805.24367559262 -16.902001332902262
79846.45497739078 -16.90199741924219
84103.10505352604 -16.901993890077435
88586.67904100832 -16.901990707349007
93309.27435461663 -16.901987836752554
98283.63332770011 -16.901985247361477
103523.17759307378 -16.901982911300607
109042.04429677526 -16.901980803442875
114855.12424239368 -16.90197890114322
120978.10206889013 -16.90197718399433
127427.49857031321 -16.9019756336059
134220.7152716012 -16.901974233410616
141376.08138073614 -16.901972968487165
148912.90324394088 -16.90197182539806
156851.5164373548 -16.901970792046782
165213.34063573685 -16.90196985754833
174020.9374062485 -16.90196901210982
183298.07108324338 -16.901968246927364
193069.77288832495 -16.901967554086664
203362.40846866704 -16.901966926478437
214203.74903583832 -16.901966357717022
225623.04629706353 -16.901965842069394
237651.11138110727 -16.90196537439016
250320.39797173254 -16.90196495005987
263665.08987303555 -16.901964564933333
277721.1932429355 -16.901964215286842
292526.6337436642 -16.901963897776938
308121.35887140024 -16.901963609396983
324547.44574113254 -16.901963347441892
341849.21461759275 -16.901963109474913
360073.348498562 -16.90196289329782
379269.0190732246 -16.901962696925935
399488.019395417 -16.901962518563394
420784.9036297398 -16.901962356583294
443217.13424760854 -16.901962209510494
466845.2370703785 -16.901962076004363
491732.9645779016 -16.901961954845575
517947.46792312124 -16.90196184492473
545559.4781168514 -16.901961745230278
574643.4968715974 -16.901961654839962
605277.9976193343 -16.901961572912473
637545.6372456506 -16.901961498680567
671533.4791115135 -16.90196143144353
707333.2279644439 -16.90196137056214
745041.4773728917 -16.90196131545273
784759.9703514606 -16.901961265583815
826595.8738801812 -16.901961220470444
870662.0680585118 -16.90196117967051
917077.4506742931 -16.90196114278093
965967.2580093823 -16.901961109436137
1017463.4027476063 -16.901961079302016
1071704.8298967092 -16.901961052075617
1128837.8916846884 -16.901961027481534
1189016.74244199 -16.90196100526926
1252403.7545350718 -16.901960985211744
1319169.9564735717 -16.90196096710307
1389495.494373136 -16.901960950756273
1463570.1180190798 -16.901960936001664
1541593.6928422702 -16.901960922686243
1623776.739188721 -16.90196091067079
1710341.0003378377 -16.9019608998296
1801520.0408020238 -16.901960890048922
1897559.8765218505 -16.901960881225808
1998719.6386572486 -16.90196087326694
2105272.272765707 -16.901960866088373
2217505.2752539297 -16.901960859613986
2335721.4690901213 -16.901960853775076
2460239.8208697727 -16.901960848509503
2591396.3014396573 -16.90196084376123
2729544.792402007 -16.9019608394797
2875058.040944877 -16.901960835619043
3028328.6655749455 -16.901960832138133
3189770.215466318 -16.901960828999666
3359818.286283781 -16.90196082617009
3538931.6954909842 -16.901960823618936
3727593.720314938 -16.90196082131905
3926313.4017068394 -16.901960819245662
4135626.917817706 -16.90196081737647
4356099.030694608 -16.90196081569131
4588324.61010084 -16.90196081417229
4832930.238571752 -16.901960812803004
5090575.902036676 -16.90196081156856
5361956.770568817 -16.901960810455797
5647805.074067546 -16.901960809452696
5948892.077934331 -16.901960808548793
6266030.164072656 -16.90196080773362
6600075.022827089 -16.901960806999018
6951927.961775606 -16.901960806336724
7322538.337604526 -16.90196080573977
7712906.117627992 -16.901960805202034
8124084.5778629575 -16.901960804716904
8557183.144940002 -16.901960804279238
9013370.38951742 -16.901960803885473
9493877.17927582 -16.90196080353044
10000000.0 -16.901960803210255
10533104.45370936 -16.90196080292179
11094628.943275219 -16.901960802661648
11686088.553466497 -16.901960802427244
12309079.138896018 -16.901960802215925
12965281.629896663 -16.901960802025325
13656466.567946097 -16.901960801853818
14384498.882876629 -16.90196080169875
15151342.924760515 -16.90196080155935
15959067.76404731 -16.901960801433663
16809852.774253618 -16.90196080132042
17705993.51226898 -16.901960801218273
18649907.912142944 -16.901960801126215
19644142.809066266 -16.901960801043224
20691380.811147902 -16.901960800968464
21794447.537529834 -16.901960800901012
22956319.242369097 -16.901960800840264
24180130.84525718 -16.901960800785538
25469184.3897454 -16.901960800736166
26826957.95279722 -16.901960800691644
28257115.02920827 -16.901960800651516
29763514.41631313 -16.901960800615395
31350220.62565112 -16.901960800582707
33021514.849681754 -16.901960800553358
34781906.51314127 -16.901960800526886
36636145.44020716 -16.901960800503055
38589234.67029899 -16.901960800481575
40646443.95709628 -16.901960800462184
42813323.98719387 -16.901960800444755
45095721.35676145 -16.90196080042897
47499794.346614026 -16.90196080041478
50032029.53825999 -16.901960800402023
52699259.31575657 -16.901960800390484
55508680.300597996 -16.901960800380046
58467872.7693759 -16.90196080037069
61584821.10660254 -16.901960800362307
64867935.34788508 -16.901960800354637
68326073.87157391 -16.901960800347766
71968567.30011514 -16.901960800341595
75805243.67559262 -16.901960800336024
79846454.97739078 -16.901960800331054
84103105.05352604 -16.90196080032654
88586679.04100814 -16.901960800322453
93309274.35461664 -16.90196080031876
98283633.32770011 -16.9019608003154
103523177.59307377 -16.901960800312477
109042044.29677527 -16.901960800309777
114855124.24239345 -16.9019608003073
120978102.06889038 -16.90196080030512
127427498.57031322 -16.90196080030313
134220715.2716012 -16.901960800301456
141376081.38073614 -16.901960800299776
148912903.24394056 -16.9019608002983
156851516.43735445 -16.901960800297104
165213340.63573685 -16.90196080029584
174020937.40624848 -16.90196080029481
183298071.08324376 -16.90196080029389
193069772.88832456 -16.901960800292983
203362408.46866703 -16.901960800292194
214203749.0358383 -16.901960800291505
225623046.2970626 -16.901960800290887
237651111.38110778 -16.901960800290325
250320397.97173202 -16.90196080028977
263665089.87303555 -16.901960800289395
277721193.2429355 -16.90196080028892
292526633.74366355 -16.901960800288553
308121358.87140083 -16.901960800288002
324547445.74113256 -16.901960800287824
341849214.6175927 -16.901960800287586
360073348.49856204 -16.901960800287384
379269019.0732238 -16.90196080028705
399488019.39541787 -16.90196080028697
420784903.6297398 -16.90196080028678
443217134.24760854 -16.9019608002866
466845237.07037944 -16.901960800286503
491732964.5779006 -16.901960800286133
517947467.9231202 -16.901960800286158
545559478.1168514 -16.90196080028607
574643496.8715974 -16.901960800286023
605277997.6193355 -16.90196080028596
637545637.2456493 -16.901960800285845
671533479.1115135 -16.901960800285785
707333227.9644439 -16.90196080028572
745041477.3728887 -16.901960800285643
784759970.3514622 -16.901960800285575
826595873.8801795 -16.9019608002856
870662068.0585117 -16.901960800285543
917077450.674293 -16.901960800285302
965967258.0093802 -16.90196080028532
1017463402.7476043 -16.901960800285313
1071704829.8967092 -16.90196080028532
1128837891.6846883 -16.901960800285348
1189016742.44199 -16.90196080028531
1252403754.5350692 -16.901960800285295
1319169956.473569 -16.90196080028534
1389495494.373136 -16.901960800285284
1463570118.0190797 -16.901960800285266
1541593692.8422735 -16.901960800285217
1623776739.1887176 -16.901960800285234
1710341000.337838 -16.901960800285195
1801520040.802024 -16.90196080028517
1897559876.5218503 -16.901960800285202
1998719638.6572526 -16.901960800285163
2105272272.7657027 -16.90196080028504
2217505275.2539296 -16.901960800285096
2335721469.0901213 -16.901960800285103
2460239820.8697777 -16.90196080028513
2591396301.439652 -16.90196080028514
2729544792.402002 -16.90196080028508
2875058040.944877 -16.901960800285096
3028328665.5749454 -16.901960800285217
3189770215.466325 -16.901960800285117
3359818286.2837744 -16.901960800285075
3538931695.4909844 -16.901960800285135
3727593720.314938 -16.901960800285167
3926313401.7068396 -16.901960800285117
4135626917.8176975 -16.901960800285142
4356099030.694599 -16.901960800285146
4588324610.100841 -16.901960800285096
4832930238.571753 -16.901960800285114
5090575902.036687 -16.901960800285163
5361956770.568806 -16.901960800285167
5647805074.067546 -16.901960800285167
5948892077.934331 -16.901960800285124
6266030164.072656 -16.901960800285096
6600075022.827075 -16.901960800285124
6951927961.775591 -16.901960800285135
7322538337.6045265 -16.901960800285142
7712906117.627993 -16.901960800284964
8124084577.862974 -16.901960800284993
8557183144.939984 -16.901960800285053
9013370389.51742 -16.90196080028511
9493877179.27582 -16.90196080028509
10000000000.0 -16.90196080028508
10.0 1.5534742906886754
10.53310445370937 -3.1743977365473164
11.094628943275218 -2.113731635354881
11.686088553466515 -46.16704610717157
12.309079138896024 3.496120232763516
12.965281629896682 15.960801607023997
13.65646656794611 -29.524810104485113
14.38449888287663 -9.818694564255237
15.15134292476053 3.4567864445873293
15.95906776404731 -37.02049933677213
16.80985277425364 -47.395151427456454
17.70599351226899 -31.605264447301515
18.64990791214297 -38.92254788951065
19.644142809066278 8.115766411648774
20.6913808111479 -3.9348996346467953
21.794447537529855 -6.855818700145959
22.956319242369098 10.103517780493533
24.180130845257207 0.2732993074847516
25.4691843897454 -44.29517168590706
26.826957952797258 2.422192107217528
28.257115029208283 -0.541131010246388
29.76351441631318 26.06445644962955
31.350220625651154 -11.123636981289444
33.02151484968176 -29.09613912496882
34.7819065131413 -27.875577671529683
36.63614544020716 -34.13817108732958
38.58923467029903 -1.9282020825386001
40.646443957096295 11.466310912214805
42.81332398719393 -4.564097643817547
45.095721356761466 -7.065089133714807
47.499794346614124 -43.647886071999665
50.03202953826004 -8.999703866900674
52.699259315756564 -8.035383951947846
55.50868030059805 -10.599083913386673
58.467872769375894 -4.335973817325503
61.58482110660264 -4.578578700681354
64.86793534788511 1.2773743758148728
68.32607387157402 -35.95276957616637
71.96856730011521 8.126032950487959
75.8052436755926 -10.1841292444783
79.84645497739086 2.111211092046411
84.10310505352605 7.305802769583721
88.58667904100822 5.004723916040846
93.30927435461668 -7.446023265113371
98.28363332770026 -23.125958231911618
103.52317759307378 0.1594611998297602
109.04204429677526 -29.8201128127456
114.8551242423938 -27.15266637044953
120.97810206889012 -0.7011434063661068
127.42749857031335 2.578214829820501
134.2207152716012 -17.323245258488683
141.37608138073614 -4.091702656314346
148.91290324394086 -8.890314044720395
156.85151643735477 -5.471325828841803
165.213340635737 -3.1961857412607086
174.0209374062485 -3.67434666875699
183.29807108324357 -35.28045040254564
193.06977288832496 0.2626369274323942
203.36240846866724 -8.075183466811115
214.2037490358383 -26.31106858902559
225.62304629706352 -17.91798911924156
237.65111138110728 -4.326432356377396
250.32039797173255 -5.931324398909634
263.6650898730358 4.462652786185969
277.7211932429355 -6.968928503791965
292.5266337436645 -4.577760055700862
308.1213588714002 -5.568240735672988
324.54744574113323 0.6160084655162428
341.84921461759274 -5.99984808068582
360.073348498562 -2.1911810941106196
379.26901907322497 17.02598256913707
399.48801939541704 3.574625813779723
420.78490362974026 4.996125045064714
443.21713424760856 1.182291557090996
466.84523707037897 -0.5971117399326356
491.73296457790156 -5.106906743647153
517.9474679231213 -3.412679263497293
545.5594781168514 -11.472021072387834
574.6434968715973 2.6412786927308787
605.2779976193349 12.494236752007296
637.5456372456507 3.668761597079813
671.5334791115142 -6.643925078487271
707.3332279644438 12.942966130050129
745.0414773728917 -7.4679431914684145
784.7599703514607 -11.572415588194016
826.5958738801812 7.900070629017611
870.6620680585127 -9.234084637081475
917.0774506742931 9.975320534460563
965.9672580093833 3.6780075892824793
1017.4634027476063 -20.674182584463576
1071.7048298967104 -12.50118680932827
1128.8378916846884 -8.020892578817326
1189.01674244199 -9.113494019832189
1252.4037545350732 -4.5381539991433435
1319.1699564735716 -17.038253624430823
1389.4954943731375 -0.4327928395792744
1463.5701180190797 -14.824798111952774
1541.5936928422718 4.160419905701192
1623.776739188721 7.1544543704595265
1710.3410003378397 -13.847117429382827
1801.520040802024 -3.8245542350229873
1897.5598765218504 -0.38051903494160666
1998.7196386572507 -1.0695095995961663
2105.272272765707 1.2405692009843026
2217.505275253932 -0.5981588339066034
2335.7214690901214 -11.35559247767814
2460.239820869775 -1.0274321556471058
2591.3963014396572 -25.679408081793614
2729.5447924020073 -1.033723474742436
2875.0580409448803 3.1822391713575144
3028.3286655749457 -10.149866597651268
3189.7702154663216 2.2365716593152865
3359.818286283781 14.004406529373929
3538.9316954909877 -9.03465511859183
3727.593720314938 -inf
3926.3134017068355 -2.395484321347238
4135.626917817706 4.244788698097702
4356.099030694608 -5.487578285737044
4588.324610100844 -7.951129382834772
4832.930238571752 -8.67589468731672
5090.575902036681 -5.9871972389719685
5361.956770568817 -10.678667515283419
5647.805074067552 -0.0485360955773641
5948.892077934331 -17.076831001168525
6266.030164072656 -23.94123208997698
6600.075022827095 -5.105450102066121
6951.927961775606 -2.31357186330097
7322.538337604534 1.9197675499293057
7712.906117627992 1.9546067896091792
8124.0845778629655 -2.4814060876712247
8557.183144940002 -10.524908732196433
9013.37038951743 -0.9857717237551946
9493.87717927582 -11.399934109557323
10000.0 -3.825323922992183
10533.104453709382 4.153098147565054
11094.628943275218 -5.199343646335563
11686.088553466498 -6.744592554062946
12309.079138896019 1.9882813323911985
12965.281629896688 -5.78297785720294
13656.466567946096 -2.5854073000643387
14384.498882876629 -7.612170537589392
15151.342924760515 -12.476163588688978
15959.06776404731 -3.799107958456606
16809.852774253653 -1.779376522257775
17705.99351226898 -7.9730828331227945
18649.907912142942 -22.341157203535946
19644.142809066267 -6.460332314552746
20691.3808111479 -3.0351310409745453
21794.447537529835 15.05982209955337
22956.319242369096 -3.849390444417396
24180.13084525718 -1.0962358438252169
25469.184389745402 -8.10124331821593
26826.957952797275 -5.428760348176283
28257.115029208268 1.904320661459008
29763.51441631313 -3.721047244975806
31350.220625651124 -9.582148822866213
33021.51484968176 1.5371047917832459
34781.90651314134 -13.999600547320806
36636.14544020716 -16.30316229604248
38589.23467029899 3.1085587678362647
40646.44395709628 -21.277685980813906
42813.32398719396 -5.164936679740264
45095.721356761445 0.23994107491870847
47499.79434661403 -13.016402932641608
50032.029538259994 -0.371900664711658
52699.259315756564 -13.319441104261685
55508.680300598106 -10.054891830694455
58467.87276937589 -11.611632084440316
61584.82110660255 -12.025436309236646
64867.935347885075 -4.687778781790602
68326.07387157406 0.2041501211436762
71968.56730011514 0.133223967520677
75805.24367559262 -17.62046691955366
79846.45497739078 25.0973877518107
84103.10505352604 2.0993667672810985
88586.67904100832 -13.55616372449542
93309.27435461663 -6.959862024476281
98283.63332770011 0.5931615302786951
103523.17759307378 -21.316687785276358
109042.04429677526 -4.899571888042208
114855.12424239368 -3.328714006819584
120978.10206889013 -3.3818135213479925
127427.49857031321 -6.382079942840085
134220.7152716012 -5.568976606622855
141376.08138073614 8.093615366751424
148912.90324394088 -12.02736168495285
156851.5164373548 -0.14778932031590208
165213.34063573685 -6.143518932207518
174020.9374062485 0.932503644903484
183298.07108324338 11.95038770472622
193069.77288832495 -5.92535067730461
203362.40846866704 -15.585834852520383
214203.74903583832 7.596205875799246
225623.04629706353 -10.447248603366958
237651.11138110727 -8.66318137194334
250320.39797173254 -11.0283023140222
263665.08987303555 -21.9826181102669
277721.1932429355 -10.283769421880265
292526.6337436642 0.5503782687832075
308121.35887140024 -7.423925751705011
324547.44574113254 -16.160672543780002
341849.21461759275 -9.785561084671208
360073.348498562 4.839068714634798
379269.0190732246 27.893084538611035
399488.019395417 11.599380896139497
420784.9036297398 0.32784899730170736
443217.13424760854 10.34220594883102
466845.2370703785 2.4949991957368214
491732.9645779016 4.84946435004143
517947.46792312124 -7.80376367278233
545559.4781168514 -6.562184526254362
574643.4968715974 -2.704495788287989
605277.9976193343 -2.0306768935897326
637545.6372456506 35.8207513564114
671533.4791115135 -19.7810209263026
707333.2279644439 -1.1171683974513074
745041.4773728917 -7.243913094588904
784759.9703514606 -5.062493673853434
826595.8738801812 -7.071697019922673
870662.0680585118 9.220089268436023
917077.4506742931 0.2656143703980395
965967.2580093823 -1.1598495990077966
1017463.4027476063 7.087192523627045
1071704.8298967092 -36.378859083072236
1128837.8916846884 -13.893976446708605
1189016.74244199 -42.14446654411448
1252403.7545350718 -29.53833843918779
1319169.9564735717 -26.019954786770686
1389495.494373136 -20.827465794961263
1463570.1180190798 -12.029632646341433
1541593.6928422702 -10.102387301852412
1623776.739188721 -25.419560439795944
1710341.0003378377 -17.719567449445428
1801520.0408020238 -14.73504706399674
1897559.8765218505 -40.190610665123515
1998719.6386572486 -20.71305530725219
2105272.272765707 -37.02094093078226
2217505.2752539297 -29.866825446972996
2335721.4690901213 -19.082993477908676
2460239.8208697727 10.661766777321978
2591396.3014396573 -6.809431314504063
2729544.792402007 -26.749193370326616
2875058.040944877 -14.53829437490321
3028328.6655749455 -32.768732342352706
3189770.215466318 -22.49865854171854
3359818.286283781 -25.363489527047
3538931.6954909842 -40.33313763040337
3727593.720314938 -6.020159877270951
3926313.4017068394 -44.39792652104166
4135626.917817706 -6.516838642568424
4356099.030694608 5.460340861062791
4588324.61010084 -15.318081417985743
4832930.238571752 -36.64911841762171
5090575.902036676 -25.57083307208128
5361956.770568817 -19.40064511034252
5647805.074067546 -49.48432616972353
5948892.077934331 -18.061815399223576
6266030.164072656 -24.436503943889655
6600075.022827089 -19.275760688664064
6951927.961775606 -9.54247111364867
7322538.337604526 -8.203467188022028
7712906.117627992 -37.14241275938342
8124084.5778629575 -25.296356843831525
8557183.144940002 1.938093570906476
9013370.38951742 -15.295745776513243
9493877.17927582 -33.02551839688451
10000000.0 -13.624833059775838
10533104.45370936 -28.464503328889016
11094628.943275219 -49.65641190831932
11686088.553466497 -14.853578442382183
12309079.138896018 -23.521825451606006
12965281.629896663 -inf
13656466.567946097 -32.041276406932745
14384498.882876629 -16.90194481573126
15151342.924760515 -15.235217359395353
15959067.76404731 -24.21706349104507
16809852.774253618 -68.79296920110869
17705993.51226898 -23.326621200710743
18649907.912142944 -inf
19644142.809066266 -12.041231864371557
20691380.811147902 -8.519352327880137
21794447.537529834 -37.989114133766925
22956319.242369097 -12.98969190795151
24180130.84525718 -26.671184508860946
25469184.3897454 -22.606610007891735
26826957.95279722 -28.299204165572416
28257115.02920827 -83.43335919973427
29763514.41631313 -22.922555329831177
31350220.62565112 -31.746727453248663
33021514.849681754 -2.498774732165999
34781906.51314127 -32.25567717381653
36636145.44020716 -32.86903697891435
38589234.67029899 -41.13803076306014
40646443.95709628 -28.943160638730802
42813323.98719387 -30.500879576185138
45095721.35676145 -16.901953552220245
47499794.346614026 -2.4986569400245493
50032029.53825999 -30.50085890714052
52699259.31575657 -23.712730873841636
55508680.300597996 -18.329079041730306
58467872.7693759 29.757886676076374
61584821.10660254 -12.04119656684595
64867935.34788508 -26.935746452022524
68326073.87157391 -13.380133790278348
71968567.30011514 -11.285427797837444
75805243.67559262 -25.105449833916623
79846454.97739078 -21.421266928156534
84103105.05352604 -36.12358291535974
88586679.04100814 -12.236396048840561
93309274.35461664 -24.43697454831089
98283633.32770011 -30.33259558392164
103523177.59307377 -27.997318594485883
109042044.29677527 -12.041188354169488
114855124.24239345 -3.7417259882306024
120978102.06889038 -34.32006687961263
127427498.57031322 -26.8484534516778
134220715.2716012 -25.654044319318952
141376081.38073614 -21.825721018398518
148912903.24394056 -25.309759608905516
156851516.43735445 -28.161836834128884
165213340.63573685 -24.715766697225348
174020937.40624848 -32.70627216824539
183298071.08324376 -28.16099849178997
193069772.88832456 6.052248955231731
203362408.46866703 -33.49182769714045
214203749.0358383 -38.34064268423137
225623046.2970626 -42.76337637016883
237651111.38110778 -9.69798256739342
250320397.97173202 -8.551030866764053
263665089.87303555 -9.785891343268158
277721193.2429355 -24.410826830062536
292526633.74366355 -42.90019138291963
308121358.87140083 -31.558214158481185
324547445.74113256 -10.593859587792572
341849214.6175927 -13.943947466472546
360073348.49856204 -23.34547264022733
379269019.0732238 -18.621053192671678
399488019.39541787 -30.89659904419719
420784903.6297398 -19.958553769934635
443217134.24760854 -4.842755931322719
466845237.07037944 -83.88155615518002
491732964.5779006 -14.791769190618245
517947467.9231202 -31.063185318182036
545559478.1168514 -24.30018725672758
574643496.8715974 -36.22610823148735
605277997.6193355 -49.78758936071231
637545637.2456493 -12.065947001859756
671533479.1115135 7.446980075035037
707333227.9644439 -18.618707028880046
745041477.3728887 -39.49514500656026
784759970.3514622 -4.230299441784385
826595873.8801795 -4.4011151386396365
870662068.0585117 -26.789640506220266
917077450.674293 -40.9415323439655
965967258.0093802 -41.1736617575809
1017463402.7476043 -33.612402735927844
1071704829.8967092 -25.58739298166989
1128837891.6846883 74.31622199918783
1189016742.44199 -30.153167214237126
1252403754.5350692 -21.48153565866963
1319169956.473569 -28.78303815751479
1389495494.373136 -43.72763614630746
1463570118.0190797 -25.599086999921408
1541593692.8422735 -26.531426882656742
1623776739.1887176 -16.114201781628466
1710341000.337838 -40.97364217683715
1801520040.802024 -31.772372693714566
1897559876.5218503 -37.05558235244877
1998719638.6572526 -16.043515205112342
2105272272.7657027 -21.206979866448016
2217505275.2539296 -29.671983729794146
2335721469.0901213 -10.426237783027437
2460239820.8697777 -15.405630881704395
2591396301.439652 -13.729916313980205
2729544792.402002 -21.05940989714787
2875058040.944877 -28.669812831768823
3028328665.5749454 -31.120862807199273
3189770215.466325 -38.009454064323535
3359818286.2837744 -9.56100091619907
3538931695.4909844 -25.076782094832744
3727593720.314938 -43.87674924907867
3926313401.7068396 -34.961712934689345
4135626917.8176975 -117.88010717776102
4356099030.694599 -39.524041379520206
4588324610.100841 -29.913302356866364
4832930238.571753 -41.32812738739023
5090575902.036687 -34.374170037039285
5361956770.568806 -57.75021040178898
5647805074.067546 -22.678503767323697
5948892077.934331 -17.42296670762607
6266030164.072656 -26.01891770989633
6600075022.827075 -10.910952203076963
6951927961.775591 91.68391590419601
7322538337.6045265 -31.42342295425495
7712906117.627993 -13.21737973918453
8124084577.862974 -35.15069759017536
8557183144.939984 -29.939523274329286
9013370389.51742 -15.293408421803015
9493877179.27582 -24.808069428437058
10000000000.0 -136.7052666190354
