10.0 -17.03624110377668
10.53310445370937 -16.948339977873303
11.094628943275218 -16.85476708975243
11.686088553466515 -16.755484803414415
12.309079138896024 -16.650509816005574
12.965281629896682 -16.539918695014148
13.65646656794611 -16.42385250772952
14.38449888287663 -16.302520262337335
15.15134292476053 -16.176200893519468
15.95906776404731 -16.045243562742712
16.80985277425364 -15.910066103543755
17.70599351226899 -15.771151505014727
18.64990791214297 -15.629042420099644
19.644142809066278 -15.484333765360018
20.6913808111479 -15.337663583157255
21.794447537529855 -15.189702412888252
22.956319242369098 -15.0411415077787
24.180130845257207 -14.892680285503157
25.4691843897454 -14.745013447024569
26.826957952797258 -14.598818211744707
28.257115029208283 -14.45474211691005
29.76351441631318 -14.313391786920915
31.350220625651154 -14.1753230364691
33.02151484968176 -14.041032594098986
34.7819065131413 -13.910951646823671
36.63614544020716 -13.785441321092392
38.58923467029903 -13.664790117119786
40.646443957096295 -13.549213228429124
42.81332398719393 -13.438853601849685
45.095721356761466 -13.333784529964078
47.499794346614124 -13.234013522413516
50.03202953826004 -13.13948717998617
52.699259315756564 -13.050096776416737
55.50868030059805 -12.96568427644177
58.467872769375894 -12.886048524693557
61.58482110660264 -12.810951378572499
64.86793534788511 -12.740123594214268
68.32607387157402 -12.673270319310587
71.96856730011521 -12.61007607594096
75.8052436755926 -12.550209171432286
79.84645497739086 -12.493325494554636
84.10310505352605 -12.439071699554443
88.58667904100822 -12.387087791412995
93.30927435461668 -12.33700915440443
98.28363332770026 -12.28846808415831
103.52317759307378 -12.2410948816661
109.04204429677526 -12.194518591666682
114.8551242423938 -12.14836746214824
120.97810206889012 -12.102269208792297
127.42749857031335 -12.055851169858194
134.2207152716012 -12.008740441327525
141.37608138073614 -11.960564074908879
148.91290324394086 -11.910949428471756
156.85151643735477 -11.859524753830328
165.213340635737 -11.805920104055094
174.0209374062485 -11.749768640758248
183.29807108324357 -11.69070841047024
193.06977288832496 -11.628384656928263
203.36240846866724 -11.562452717838436
214.2037490358383 -11.492581538342776
225.62304629706352 -11.418457812651742
237.65111138110728 -11.339790734768417
250.32039797173255 -11.256317314358295
263.6650898730358 -11.167808161554209
277.7211932429355 -11.074073623072515
292.5266337436645 -10.97497010058958
308.1213588714002 -10.870406335444668
324.54744574113323 -10.760349429197149
341.84921461759274 -10.644830320252316
360.073348498562 -10.523948433963294
379.26901907322497 -10.39787521599907
399.48801939541704 -10.26685628589317
420.78490362974026 -10.13121195519441
443.21713424760856 -9.991335943713821
466.84523707037897 -9.847692160019578
491.73296457790156 -9.70080951165038
517.9474679231213 -9.551274797777133
545.5594781168514 -9.399723824338325
574.6434968715973 -9.246830968507778
605.2779976193349 -9.093297505128652
637.5456372456507 -8.939839066576683
671.5334791115142 -8.787172656767305
707.3332279644438 -8.636003662031138
745.0414773728917 -8.4870133047229
784.7599703514607 -8.340846958675476
826.5958738801812 -8.198103708207338
870.6620680585127 -8.059327458872382
917.0774506742931 -7.924999838664695
965.9672580093833 -7.795535034386041
1017.4634027476063 -7.6712766213597225
1071.7048298967104 -7.552496352228192
1128.8378916846884 -7.439394790787977
1189.01674244199 -7.332103608353846
1252.4037545350732 -7.230689309484465
1319.1699564735716 -7.135158115036008
1389.4954943731375 -7.045461717153491
1463.5701180190797 -6.961503621966511
1541.5936928422718 -6.8831458053512975
1623.776739188721 -6.810215440108042
1710.3410003378397 -6.742511483755349
1801.520040802024 -6.679810954212332
1897.5598765218504 -6.621874765163972
1998.7196386572507 -6.568453027643653
2105.272272765707 -6.519289763038808
2217.505275253932 -6.474127002935248
2335.7214690901214 -6.4327082774100175
2460.239820869775 -6.39478151290076
2591.3963014396572 -6.360101377480362
2729.5447924020073 -6.328431119179559
2875.0580409448803 -6.299543950984351
3028.3286655749457 -6.2732240381506745
3189.7702154663216 -6.249267141572768
3359.818286283781 -6.227480972500446
3538.9316954909877 -6.207685305960155
3727.593720314938 -6.189711899644232
3926.3134017068355 -6.17340425760921
4135.626917817706 -6.158617274555204
4356.099030694608 -6.14521679085252
4588.324610100844 -6.133079084153749
4832.930238571752 -6.122090319332235
5090.575902036681 -6.112145973872374
5361.956770568817 -6.103150253689376
5647.805074067552 -6.095015510055188
5948.892077934331 -6.087661666882908
6266.030164072656 -6.081015664763339
6600.075022827095 -6.075010926718472
6951.927961775606 -6.069586849020027
7322.538337604534 -6.064688319291587
7712.906117627992 -6.060265263095688
8124.0845778629655 -6.056272219534101
8557.183144940002 -6.052667945657447
9013.37038951743 -6.049415049213323
9493.87717927582 -6.046479648751095
10000.0 -6.043831060050248
10533.104453709382 -6.041441507465732
11094.628943275218 -6.03928585885956
11686.088553466498 -6.037341382732752
12309.079138896019 -6.035587525948881
12965.281629896688 -6.03400571075992
13656.466567946096 -6.032579149636711
14384.498882876629 -6.031292676561785
15151.342924760515 -6.030132593539289
15959.06776404731 -6.029086530992993
16809.852774253653 -6.028143321025215
17705.99351226898 -6.027292882323731
18649.907912142942 -6.026526115814221
19644.142809066267 -6.025834810068486
20691.3808111479 -6.0252115556059715
21794.447537529835 -6.024649667309684
22956.319242369096 -6.024143114208773
24180.13084525718 -6.02368645594075
25469.184389745402 -6.023274785325255
26826.957952797275 -6.022903676410692
28257.115029208268 -6.022569137558127
29763.51441631313 -6.02226756902248
31350.220625651124 -6.021995724656666
33021.51484968176 -6.021750677305104
34781.90651314134 -6.021529787592427
36636.14544020716 -6.0213306756997875
38589.23467029899 -6.021151195926045
40646.44395709628 -6.020989413718909
42813.32398719396 -6.020843584944748
45095.721356761445 -6.020712137174517
47499.79434661403 -6.020593652834581
50032.029538259994 -6.020486853958844
52699.259315756564 -6.020390588482999
55508.680300598106 -6.020303817839574
58467.87276937589 -6.02022560580477
61584.82110660255 -6.020155108417757
64867.935347885075 -6.020091564903405
68326.07387157406 -6.020034289473247
71968.56730011514 -6.019982663941183
75805.24367559262 -6.0199361310733766
79846.45497739078 -6.019894188578578
84103.10505352604 -6.01985638368041
88586.67904100832 -6.019822308263989
93309.27435461663 -6.019791594453108
98283.63332770011 -6.019763910650394
103523.17759307378 -6.019738957965863
109042.04429677526 -6.019716466985656
114855.12424239368 -6.019696194869848
120978.10206889013 -6.0196779227249
127427.49857031321 -6.019661453258279
134220.7152716012 -6.019646608628928
141376.08138073614 -6.019633228541937
148912.90324394088 -6.019621168518715
156851.5164373548 -6.019610298324627
165213.34063573685 -6.019600500577525
174020.9374062485 -6.019591669474195
183298.07108324338 -6.0195837096493
193069.77288832495 -6.019576535143755
203362.40846866704 -6.019570068477821
214203.74903583832 -6.019564239819907
225623.04629706353 -6.019558986223204
237651.11138110727 -6.019554250952938
250320.39797173254 -6.019549982872041
263665.08987303555 -6.019546135886809
277721.1932429355 -6.019542668450356
292526.6337436642 -6.019539543117691
308121.35887140024 -6.0195367261385515
324547.44574113254 -6.019534187085121
341849.21461759275 -6.019531898542382
360073.348498562 -6.0195298357924285
379269.0190732246 -6.019527976558807
399488.019395417 -6.01952630075899
420784.9036297398 -6.019524790299523
443217.13424760854 -6.019523428864706
466845.2370703785 -6.019522201752222
491732.9645779016 -6.01952109571198
517947.46792312124 -6.019520098792847
545559.4781168514 -6.019519200234248
574643.4968715974 -6.019518390333083
605277.9976193343 -6.0195176603333085
637545.6372456506 -6.019517002361228
671533.4791115135 -6.019516409304108
707333.2279644439 -6.019515874760644
745041.4773728917 -6.019515392958461
784759.9703514606 -6.019514958689501
826595.8738801812 -6.019514567268299
870662.0680585118 -6.019514214463809
917077.4506742931 -6.019513896470732
965967.2580093823 -6.019513609850781
1017463.4027476063 -6.019513351508726
1071704.8298967092 -6.01951311865678
1128837.8916846884 -6.019512908777021
1189016.74244199 -6.019512719606983
1252403.7545350718 -6.019512549098785
1319169.9564735717 -6.019512395415565
1389495.494373136 -6.019512256892111
1463570.1180190798 -6.01951213203907
1541593.6928422702 -6.019512019501635
1623776.739188721 -6.019511918068762
1710341.0003378377 -6.019511826644965
1801520.0408020238 -6.019511744240517
1897559.8765218505 -6.019511669964235
1998719.6386572486 -6.0195116030170395
2105272.272765707 -6.01951154267661
2217505.2752539297 -6.0195114882880745
2335721.4690901213 -6.019511439267879
2460239.8208697727 -6.019511395080772
2591396.3014396573 -6.019511355255846
2729544.792402007 -6.019511319360865
2875058.040944877 -6.0195112870062095
3028328.6655749455 -6.019511257841684
3189770.215466318 -6.019511231555798
3359818.286283781 -6.019511207866211
3538931.6954909842 -6.019511186510485
3727593.720314938 -6.019511167262039
3926313.4017068394 -6.0195111499127965
4135626.917817706 -6.019511134277971
4356099.030694608 -6.0195111201826546
4588324.61010084 -6.019511107480335
4832930.238571752 -6.0195110960294915
5090575.902036676 -6.019511085709671
5361956.770568817 -6.019511076407297
5647805.074067546 -6.019511068022917
5948892.077934331 -6.019511060465703
6266030.164072656 -6.019511053655035
6600075.022827089 -6.019511047515279
6951927.961775606 -6.0195110419804205
7322538.337604526 -6.019511036992077
7712906.117627992 -6.01951103249999
8124084.5778629575 -6.019511028444338
8557183.144940002 -6.019511024791949
9013370.38951742 -6.019511021500472
9493877.17927582 -6.0195110185319
10000000.0 -6.019511015859185
10533104.45370936 -6.019511013449592
11094628.943275219 -6.019511011277531
11686088.553466497 -6.019511009318182
12309079.138896018 -6.01951100755368
12965281.629896663 -6.0195110059603065
13656466.567946097 -6.019511004527129
14384498.882876629 -6.019511003234319
15151342.924760515 -6.019511002065336
15959067.76404731 -6.019511001019973
16809852.774253618 -6.019511000067858
17705993.51226898 -6.019510999218366
18649907.912142944 -6.019510998450704
19644142.809066266 -6.019510997755796
20691380.811147902 -6.019510997127244
21794447.537529834 -6.0195109965728015
22956319.242369097 -6.0195109960609114
24180130.84525718 -6.019510995604072
25469184.3897454 -6.019510995189306
26826957.95279722 -6.019510994823856
28257115.02920827 -6.019510994489979
29763514.41631313 -6.019510994178516
31350220.62565112 -6.01951099392082
33021514.849681754 -6.019510993665466
34781906.51314127 -6.019510993447517
36636145.44020716 -6.01951099324626
38589234.67029899 -6.019510993066966
40646443.95709628 -6.019510992906868
42813323.98719387 -6.019510992764236
45095721.35676145 -6.019510992626424
47499794.346614026 -6.01951099250869
50032029.53825999 -6.019510992401117
52699259.31575657 -6.019510992308611
55508680.300597996 -6.019510992219929
58467872.7693759 -6.01951099214339
61584821.10660254 -6.019510992069775
64867935.34788508 -6.019510992005774
68326073.87157391 -6.019510991949027
71968567.30011514 -6.01951099189724
75805243.67559262 -6.0195109918523055
79846454.97739078 -6.019510991810371
84103105.05352604 -6.019510991775738
88586679.04100814 -6.01951099173564
93309274.35461664 -6.019510991705176
98283633.32770011 -6.019510991673384
103523177.59307377 -6.019510991655183
109042044.29677527 -6.019510991635331
114855124.24239345 -6.019510991612062
120978102.06889038 -6.019510991586268
127427498.57031322 -6.01951099158189
134220715.2716012 -6.019510991556225
141376081.38073614 -6.019510991542138
148912903.24394056 -6.019510991537194
156851516.43735445 -6.019510991530437
165213340.63573685 -6.019510991512921
174020937.40624848 -6.019510991494105
183298071.08324376 -6.019510991483703
193069772.88832456 -6.019510991489016
203362408.46866703 -6.019510991481617
214203749.0358383 -6.019510991478092
225623046.2970626 -6.019510991477862
237651111.38110778 -6.019510991465688
250320397.97173202 -6.0195109914753475
263665089.87303555 -6.01951099147053
277721193.2429355 -6.0195109914616225
292526633.74366355 -6.019510991460529
308121358.87140083 -6.019510991442447
324547445.74113256 -6.019510991446134
341849214.6175927 -6.019510991457703
360073348.49856204 -6.019510991448419
379269019.0732238 -6.019510991439243
399488019.39541787 -6.019510991448943
420784903.6297398 -6.0195109914238145
443217134.24760854 -6.019510991417414
466845237.07037944 -6.019510991436268
491732964.5779006 -6.019510991457086
517947467.9231202 -6.019510991434197
545559478.1168514 -6.019510991447927
574643496.8715974 -6.019510991459295
605277997.6193355 -6.019510991472766
637545637.2456493 -6.019510991428464
671533479.1115135 -6.019510991421311
707333227.9644439 -6.019510991413146
745041477.3728887 -6.01951099140607
784759970.3514622 -6.019510991496331
826595873.8801795 -6.019510991401404
870662068.0585117 -6.019510991426111
917077450.674293 -6.019510991466257
965967258.0093802 -6.019510991442858
1017463402.7476043 -6.019510991413002
1071704829.8967092 -6.019510991404305
1128837891.6846883 -6.019510991393347
1189016742.44199 -6.019510991387601
1252403754.5350692 -6.0195109914227
1319169956.473569 -6.019510991423356
1389495494.373136 -6.019510991516398
1463570118.0190797 -6.0195109913838385
1541593692.8422735 -6.019510991450638
1623776739.1887176 -6.019510991397445
1710341000.337838 -6.019510991525845
1801520040.802024 -6.019510991379513
1897559876.5218503 -6.0195109914022105
1998719638.6572526 -6.019510991430118
2105272272.7657027 -6.01951099155829
2217505275.2539296 -6.019510991498995
2335721469.0901213 -6.019510991360621
2460239820.8697777 -6.0195109913047595
2591396301.439652 -6.019510991485526
2729544792.402002 -6.019510991489039
2875058040.944877 -6.019510991561338
3028328665.5749454 -6.019510991324722
3189770215.466325 -6.019510991947269
3359818286.2837744 -6.019510991392838
3538931695.4909844 -6.019510991620136
3727593720.314938 -6.019510991015926
3926313401.7068396 -6.019510991678255
4135626917.8176975 -6.019510991583101
4356099030.694599 -6.0195109909171896
4588324610.100841 -6.019510991289955
4832930238.571753 -6.0195109908335045
5090575902.036687 -6.019510991045403
5361956770.568806 -6.01951099181476
5647805074.067546 -6.019510991059535
5948892077.934331 -6.0195109921500825
6266030164.072656 -6.0195109919281755
6600075022.827075 -6.019510991360142
6951927961.775591 -6.019510990948737
7322538337.6045265 -6.019510992313811
7712906117.627993 -6.019510991382938
8124084577.862974 -6.019510990099265
8557183144.939984 -6.019510990079512
9013370389.51742 -6.019510991096019
9493877179.27582 -6.019510991796667
10000000000.0 -6.019510993599077
10.0 -17.168469699489627
10.53310445370937 3.204010646080712
11.094628943275218 -12.249910772732413
11.686088553466515 -16.444831555459487
12.309079138896024 4.6498058471820345
12.965281629896682 -17.70630719332079
13.65646656794611 -16.434939311931917
14.38449888287663 -12.593025955857165
15.15134292476053 -7.299909042396231
15.95906776404731 -18.123168374383233
16.80985277425364 -17.791469571175288
17.70599351226899 -13.94244462295443
18.64990791214297 -16.99875758591091
19.644142809066278 -16.30098796621462
20.6913808111479 8.590664342086491
21.794447537529855 -21.947523879248884
22.956319242369098 -17.246262575446085
24.180130845257207 -4.062449184312193
25.4691843897454 0.31393833874869437
26.826957952797258 -16.392865303307786
28.257115029208283 -8.736005928898848
29.76351441631318 -23.60302331627681
31.350220625651154 -21.51625329843444
33.02151484968176 -15.67290287480624
34.7819065131413 -12.522948857968547
36.63614544020716 -10.695167240482185
38.58923467029903 6.328368485825417
40.646443957096295 10.762164762913551
42.81332398719393 0.9389663231345582
45.095721356761466 -1.6471839638057675
47.499794346614124 6.071962004476305
50.03202953826004 -3.7860221083479573
52.699259315756564 -4.513740599257273
55.50868030059805 -40.35239337509691
58.467872769375894 -8.656984524595519
61.58482110660264 -18.707828094494523
64.86793534788511 -18.811636055864998
68.32607387157402 -4.89065642486763
71.96856730011521 -23.586398083136718
75.8052436755926 10.128783338551369
79.84645497739086 -15.185483785154618
84.10310505352605 -0.5706973842709784
88.58667904100822 -2.6701147475668363
93.30927435461668 -3.5851030278635188
98.28363332770026 -11.672650914843665
103.52317759307378 -3.038282290535161
109.04204429677526 -8.252367827877732
114.8551242423938 -13.624421578784025
120.97810206889012 -15.99934843679196
127.42749857031335 -0.7270138692233123
134.2207152716012 -14.68594387308385
141.37608138073614 12.304899236729682
148.91290324394086 -16.90025225881802
156.85151643735477 -11.953579428164439
165.213340635737 -1.6203728968462938
174.0209374062485 -3.5720504426912707
183.29807108324357 1.0738470048495077
193.06977288832496 -6.126198162987673
203.36240846866724 -14.643381637618404
214.2037490358383 -8.048691670967935
225.62304629706352 -3.1286702658230148
237.65111138110728 -2.3742232642300944
250.32039797173255 -1.030438716456337
263.6650898730358 0.9897729813509477
277.7211932429355 -7.791608915014877
292.5266337436645 -10.490839503418531
308.1213588714002 0.941430521776095
324.54744574113323 -11.727972661579427
341.84921461759274 -5.178358157661003
360.073348498562 -4.475379226093789
379.26901907322497 -17.986093605339256
399.48801939541704 8.293427632432621
420.78490362974026 -29.253143699967566
443.21713424760856 -6.201027663609475
466.84523707037897 -18.85399686329773
491.73296457790156 -14.921872599944434
517.9474679231213 -5.049036121748581
545.5594781168514 3.9665483143751223
574.6434968715973 -12.289270691150389
605.2779976193349 -16.196984114123655
637.5456372456507 -13.28213019257596
671.5334791115142 -6.551340660737496
707.3332279644438 -5.176460269521081
745.0414773728917 -13.301626105665495
784.7599703514607 -15.492803718131105
826.5958738801812 -13.007331711801406
870.6620680585127 -3.359191268763743
917.0774506742931 5.6299387058661665
965.9672580093833 -4.709373536802476
1017.4634027476063 -5.051389926949462
1071.7048298967104 -16.646223187027072
1128.8378916846884 5.855205136696644
1189.01674244199 -6.955690158698747
1252.4037545350732 -2.937946369931635
1319.1699564735716 -16.683586795448747
1389.4954943731375 -14.414537827075197
1463.5701180190797 0.8670177329614035
1541.5936928422718 -9.391471784453035
1623.776739188721 -4.524475820601977
1710.3410003378397 11.721314958060443
1801.520040802024 -17.118362032680693
1897.5598765218504 -4.4773960736784595
1998.7196386572507 -9.460841878691838
2105.272272765707 -3.758898484917797
2217.505275253932 -3.3674786697039485
2335.7214690901214 3.609709058360713
2460.239820869775 -1.59052408158845
2591.3963014396572 -18.065666535177037
2729.5447924020073 6.530086410427957
2875.0580409448803 -17.94755714754596
3028.3286655749457 1.3486516668581157
3189.7702154663216 -9.566875222143508
3359.818286283781 -5.764116080282935
3538.9316954909877 -25.75666839458695
3727.593720314938 -3.554228803295824
3926.3134017068355 -18.02775751943837
4135.626917817706 -11.40896048973486
4356.099030694608 3.8659262698494468
4588.324610100844 -4.8676787161499355
4832.930238571752 -12.078544613297453
5090.575902036681 -22.26061628348503
5361.956770568817 1.1302694390829218
5647.805074067552 -12.143756433695089
5948.892077934331 -10.141365891909388
6266.030164072656 -15.078725977009821
6600.075022827095 -2.5981837766217044
6951.927961775606 -5.864137796118431
7322.538337604534 -4.69703120571226
7712.906117627992 -0.2510797219191275
8124.0845778629655 0.8749439323180096
8557.183144940002 -10.769911907137434
9013.37038951743 0.9658698429920686
9493.87717927582 -9.835601029728993
10000.0 1.3199116740464016
10533.104453709382 -2.6507238558947623
11094.628943275218 -11.453022288728702
11686.088553466498 -26.20692675864752
12309.079138896019 1.7897857133722208
12965.281629896688 -11.783353466928583
13656.466567946096 3.2983319803544866
14384.498882876629 4.702160672136676
15151.342924760515 -9.31670644697199
15959.06776404731 -23.74434433346395
16809.852774253653 -13.432452701324502
17705.99351226898 11.773073061616357
18649.907912142942 9.133317172265391
19644.142809066267 -10.573691542467119
20691.3808111479 -10.935717341816858
21794.447537529835 -23.735441088862395
22956.319242369096 -22.606184305429817
24180.13084525718 -20.236380475756537
25469.184389745402 -5.505465836265639
26826.957952797275 -8.97995815729399
28257.115029208268 -10.393722172677402
29763.51441631313 -5.592324927214159
31350.220625651124 3.1787696564935644
33021.51484968176 -13.108298759191326
34781.90651314134 25.57922789303249
36636.14544020716 -4.180395898124406
38589.23467029899 1.7021405792090507
40646.44395709628 2.137747749657094
42813.32398719396 -10.796692282037583
45095.721356761445 -29.069660650679836
47499.79434661403 -1.6501895362897394
50032.029538259994 -17.478086869728877
52699.259315756564 -12.09231947950144
55508.680300598106 -19.283560117564075
58467.87276937589 2.144044441188548
61584.82110660255 -10.60922229513196
64867.935347885075 -13.792172300397835
68326.07387157406 -1.9587427139691957
71968.56730011514 -2.2837962612020988
75805.24367559262 -8.068318366611333
79846.45497739078 -20.87038749315902
84103.10505352604 3.056047453641898
88586.67904100832 -11.276429840004225
93309.27435461663 -7.03509553840156
98283.63332770011 -9.027312525152556
103523.17759307378 -16.504735617288382
109042.04429677526 -10.064925470291923
114855.12424239368 7.488345218142881
120978.10206889013 -17.551254018176824
127427.49857031321 -16.26681818958727
134220.7152716012 -7.345576973701437
141376.08138073614 -25.667828439873407
148912.90324394088 -0.11403763478548741
156851.5164373548 -19.280196831313827
165213.34063573685 -2.2474756771993136
174020.9374062485 -20.02392829066432
183298.07108324338 -5.74326384260001
193069.77288832495 0.9527822204136939
203362.40846866704 -0.16064807280423185
214203.74903583832 -25.250115120547683
225623.04629706353 -12.885625041378086
237651.11138110727 -16.060626498136603
250320.39797173254 -15.486569714394152
263665.08987303555 -1.8433088816428782
277721.1932429355 -21.487489108676442
292526.6337436642 18.419947616050106
308121.35887140024 -3.7106787055894976
324547.44574113254 -5.020805703874094
341849.21461759275 -18.39123537521943
360073.348498562 -40.072792144387854
379269.0190732246 -12.249625940188235
399488.019395417 -7.1285301341814735
420784.9036297398 -1.6310981384768213
443217.13424760854 3.471960298793057
466845.2370703785 -5.745784409686584
491732.9645779016 5.409953213918146
517947.46792312124 20.327033560460347
545559.4781168514 -11.362791637042886
574643.4968715974 3.598258237974887
605277.9976193343 -16.256579668233144
637545.6372456506 -5.745496826889932
671533.4791115135 1.2142685541516611
707333.2279644439 0.34220442004426915
745041.4773728917 -14.635527238236678
784759.9703514606 -10.147984511080075
826595.8738801812 -10.091979021641524
870662.0680585118 -28.035933195816757
917077.4506742931 -15.80054446431359
965967.2580093823 -11.784133670906554
1017463.4027476063 11.578111048326134
1071704.8298967092 -18.355621555835622
1128837.8916846884 -0.5061950100435577
1189016.74244199 -6.645802615439777
1252403.7545350718 -11.872055524725884
1319169.9564735717 -15.219254273603406
1389495.494373136 -32.75698250097356
1463570.1180190798 -13.653262180382931
1541593.6928422702 -29.542891564369533
1623776.739188721 -12.61744849304941
1710341.0003378377 -6.974616488135464
1801520.0408020238 -19.78303964520766
1897559.8765218505 -19.488337620081367
1998719.6386572486 -16.86466604194252
2105272.272765707 -8.652045747431977
2217505.2752539297 -0.4092730482180369
2335721.4690901213 2.5745508415151592
2460239.8208697727 -4.412394768083099
2591396.3014396573 -6.940226027066986
2729544.792402007 -1.423156102835628
2875058.040944877 -11.660554620229004
3028328.6655749455 -10.960097277374249
3189770.215466318 8.921424278386047
3359818.286283781 -9.246806572284262
3538931.6954909842 -6.776207630914949
3727593.720314938 -5.833372335458501
3926313.4017068394 -4.373539084017529
4135626.917817706 7.3051683819163244
4356099.030694608 -18.527607670661062
4588324.61010084 2.072533013792394
4832930.238571752 -9.766052378414223
5090575.902036676 -16.14712105995313
5361956.770568817 0.17821295744742172
5647805.074067546 0.652193451833294
5948892.077934331 17.81398795522769
6266030.164072656 -5.2225133634917755
6600075.022827089 -22.11772224216874
6951927.961775606 -4.172887884227146
7322538.337604526 -15.728907373094003
7712906.117627992 -12.543487656139387
8124084.5778629575 -5.953643142431151
8557183.144940002 -26.48557569984126
9013370.38951742 -13.273362380247534
9493877.17927582 -13.104584882172716
10000000.0 -3.3350427737827864
10533104.45370936 2.1082778751784153
11094628.943275219 -33.84676926801147
11686088.553466497 -23.417793649507487
12309079.138896018 -6.0148645959390805
12965281.629896663 -19.116831443574963
13656466.567946097 -12.541325280482292
14384498.882876629 -25.23503274997424
15151342.924760515 -21.05487783921818
15959067.76404731 -8.712973097263209
16809852.774253618 3.4139530067249693
17705993.51226898 -20.43043975488244
18649907.912142944 -23.410699426461953
19644142.809066266 -3.924870802294438
20691380.811147902 -2.5544288005729268
21794447.537529834 -17.047907165616014
22956319.242369097 -8.45187910394718
24180130.84525718 -6.494285963610845
25469184.3897454 -6.821221743454311
26826957.95279722 -24.545001298258175
28257115.02920827 -19.079025338559013
29763514.41631313 -5.270459956619106
31350220.62565112 -27.859128344749703
33021514.849681754 -2.884140268837313
34781906.51314127 -22.66632175521183
36636145.44020716 -5.442127341428268
38589234.67029899 -29.151801217212988
40646443.95709628 -14.330734315227884
42813323.98719387 -0.2633633248087267
45095721.35676145 -9.21230237166005
47499794.346614026 -34.207803922119425
50032029.53825999 -2.4290362440696107
52699259.31575657 -10.839233110587948
55508680.300597996 -7.093291274528248
58467872.7693759 6.189265237288289
61584821.10660254 -2.1486765812287087
64867935.34788508 0.8643739051333952
68326073.87157391 -9.015713670543194
71968567.30011514 0.8528309392717219
75805243.67559262 6.682986391777788
79846454.97739078 -2.7366712181518897
84103105.05352604 -19.464792639683424
88586679.04100814 -22.4514811693533
93309274.35461664 -6.328698821413473
98283633.32770011 -0.8049144978003759
103523177.59307377 -6.256908356003045
109042044.29677527 -12.755570244850352
114855124.24239345 -42.058137330568705
120978102.06889038 -7.548012245811347
127427498.57031322 -29.330571157749144
134220715.2716012 32.02031587425846
141376081.38073614 0.2744397927356116
148912903.24394056 -7.95039326226139
156851516.43735445 -14.514422226172695
165213340.63573685 -5.037513007928283
174020937.40624848 7.6565985372075325
183298071.08324376 -7.505420751418734
193069772.88832456 -17.96223566519901
203362408.46866703 -18.16133525754622
214203749.0358383 -0.22221547130038583
225623046.2970626 -12.116633441275244
237651111.38110778 4.553307454384404
250320397.97173202 -18.50483635675794
263665089.87303555 -13.096428695375959
277721193.2429355 -0.6510626439463797
292526633.74366355 2.0108931054596626
308121358.87140083 -13.973312145518292
324547445.74113256 -5.653346363598887
341849214.6175927 -0.07994742263517769
360073348.49856204 13.383646254384434
379269019.0732238 -5.4365786542275885
399488019.39541787 -12.324886583133551
420784903.6297398 -15.782326704468792
443217134.24760854 -15.413151298306486
466845237.07037944 -30.387598561839297
491732964.5779006 -12.940221153521032
517947467.9231202 6.531414630222949
545559478.1168514 -9.658311661614999
574643496.8715974 -7.081007474380305
605277997.6193355 8.523632191387595
637545637.2456493 -21.589477818562944
671533479.1115135 -15.797562444875448
707333227.9644439 -22.593361435998567
745041477.3728887 -3.1537980912296715
784759970.3514622 -25.523208367785273
826595873.8801795 -9.492696947497706
870662068.0585117 -10.923529091409726
917077450.674293 -12.632851950041687
965967258.0093802 11.743912425256012
1017463402.7476043 -12.843279050762447
1071704829.8967092 -27.769459215179836
1128837891.6846883 -23.02828347969379
1189016742.44199 -7.747751288519287
1252403754.5350692 2.4956887408028026
1319169956.473569 -32.61629770512941
1389495494.373136 39.75145971480903
1463570118.0190797 -13.184489583422568
1541593692.8422735 14.63049304095302
1623776739.1887176 -40.09184696623983
1710341000.337838 -11.055617719495247
1801520040.802024 -14.231428723494808
1897559876.5218503 -7.8743431322718855
1998719638.6572526 8.921073647525944
2105272272.7657027 -30.253096673300284
2217505275.2539296 -2.7558010662260672
2335721469.0901213 -17.197989225992266
2460239820.8697777 -14.700982769176667
2591396301.439652 -25.531699484105246
2729544792.402002 -6.514288152183508
2875058040.944877 17.763751890452518
3028328665.5749454 -21.363698006569017
3189770215.466325 -6.171171856374117
3359818286.2837744 -24.974723187483562
3538931695.4909844 -13.691205199469824
3727593720.314938 -22.55454857029466
3926313401.7068396 5.345495566012824
4135626917.8176975 -12.733200955014265
4356099030.694599 0.4304168994494084
4588324610.100841 -1.0984391856087112
4832930238.571753 -6.969973041745039
5090575902.036687 1.9439180938412128
5361956770.568806 4.551179070662167
5647805074.067546 12.838382972871262
5948892077.934331 -37.123049977938436
6266030164.072656 3.872277331853628
6600075022.827075 1.5147634848935758
6951927961.775591 5.286968923115697
7322538337.6045265 -18.02345445558779
7712906117.627993 -21.96421024269221
8124084577.862974 -10.821753504909353
8557183144.939984 5.578749555893583
9013370389.51742 -12.129163038875
9493877179.27582 10.740416262652964
10000000000.0 -41.23311388762255
