10.0 15.957007420883693
10.53310445370937 15.506470243518544
11.094628943275218 15.055997627676035
11.686088553466515 14.605596619782142
12.309079138896024 14.155275031953858
12.965281629896682 13.705041525000453
13.65646656794611 13.254905702145267
14.38449888287663 12.804878207480872
15.15134292476053 12.354970839481158
15.95906776404731 11.905196673559203
16.80985277425364 11.455570200946958
17.70599351226899 11.006107477503651
18.64990791214297 10.556826291589799
19.644142809066278 10.107746347290982
20.6913808111479 9.658889466858657
21.794447537529855 9.210279814625133
22.956319242369098 8.761944141329831
24.180130845257207 8.313912056092441
25.4691843897454 7.866216320501975
26.826957952797258 7.418893176143868
28.257115029208283 6.971982699425007
29.76351441631318 6.52552919347718
31.350220625651154 6.079581612023519
33.02151484968176 5.634194027366968
34.7819065131413 5.189426133895969
36.63614544020716 4.745343797427811
38.58923467029903 4.302019650623433
40.646443957096295 3.859533735628797
42.81332398719393 3.4179741947395486
45.095721356761466 2.9774380120954325
47.499794346614124 2.53803180459761
50.03202953826004 2.0998726617542958
52.699259315756564 1.6630890362290185
55.50868030059805 1.2278216709472316
58.467872769375894 0.7942245725680092
61.58482110660264 0.3624660074774628
64.86793534788511 -0.0672704775432763
68.32607387157402 -0.4947850303931288
71.96856730011521 -0.919860484570439
75.8052436755926 -1.342261376667053
79.84645497739086 -1.761733031955266
84.10310505352605 -2.1780007387963236
88.58667904100822 -2.5907690531215977
93.30927435461668 -2.9997212775069304
98.28363332770026 -3.4045191595945985
103.52317759307378 -3.804802867136247
109.04204429677526 -4.200191295834776
114.8551242423938 -4.5902827668393815
120.97810206889012 -4.97465618226414
127.42749857031335 -5.352872694682914
134.2207152716012 -5.724477937818364
141.37608138073614 -6.089004872505943
148.91290324394086 -6.445977271606592
156.85151643735477 -6.794913858974956
165.213340635737 -7.135333081980885
174.0209374062485 -7.466758480625356
183.29807108324357 -7.788724583595598
193.06977288832496 -8.1007832085884
203.36240846866724 -8.402510040861031
214.2037490358383 -8.69351130504111
225.62304629706352 -8.97343033856976
237.65111138110728 -9.24195384536779
250.32039797173255 -9.498817614912252
263.6650898730358 -9.743811489215172
277.7211932429355 -9.976783387432214
292.5266337436645 -10.197642231639907
308.1213588714002 -10.406359664387253
324.54744574113323 -10.602970500443735
341.84921461759274 -10.787571917318644
360.073348498562 -10.960321445761402
379.26901907322497 -11.121433877782529
399.48801939541704 -11.27117724214584
420.78490362974026 -11.40986804603552
443.21713424760856 -11.537865979274251
466.84523707037897 -11.655568291345675
491.73296457790156 -11.763404034696052
517.9474679231213 -11.861828343368376
545.5594781168514 -11.951316888324605
574.6434968715973 -12.032360611088027
605.2779976193349 -12.10546080485984
637.5456372456507 -12.171124574020517
671.5334791115142 -12.229860681318032
707.3332279644438 -12.282175765972283
745.0414773728917 -12.328570907724266
784.7599703514607 -12.369538506131153
826.5958738801812 -12.40555944896559
870.6620680585127 -12.437100552070909
917.0774506742931 -12.46461226540152
965.9672580093833 -12.488526650123312
1017.4634027476063 -12.509255646099987
1071.7048298967104 -12.527189651001278
1128.8378916846884 -12.542696438569186
1189.01674244199 -12.556120436881441
1252.4037545350732 -12.56778238161425
1319.1699564735716 -12.57797934665817
1389.4954943731375 -12.586985141210716
1463.5701180190797 -12.595051047592815
1541.5936928422718 -12.6024068621893
1623.776739188721 -12.609262189360173
1710.3410003378397 -12.615807932388357
1801.520040802024 -12.622217919219647
1897.5598765218504 -12.628650601460462
1998.7196386572507 -12.63525076534441
2105.272272765707 -12.642151198362868
2217.505275253932 -12.64947426043522
2335.7214690901214 -12.657333314568644
2460.239820869775 -12.665833979541626
2591.3963014396572 -12.675075172745679
2729.5447924020073 -12.685149918790907
2875.0580409448803 -12.696145905025515
3028.3286655749457 -12.708145771460078
3189.7702154663216 -12.721227128991497
3359.818286283781 -12.735462306200255
3538.9316954909877 -12.750917832855354
3727.593720314938 -12.767653676657911
3926.3134017068355 -12.785722259773742
4135.626917817706 -12.805167292774636
4356.099030694608 -12.826022475960855
4588.324610100844 -12.848310130607207
4832.930238571752 -12.872039835161686
5090.575902036681 -12.897207152270017
5361.956770568817 -12.923792540593787
5647.805074067552 -12.951760548881285
5948.892077934331 -12.981059387588086
6266.030164072656 -13.011620963811598
6600.075022827095 -13.043361448182413
6951.927961775606 -13.076182417354227
7322.538337604534 -13.109972583993416
7712.906117627992 -13.144610089672115
8124.0845778629655 -13.179965297423156
8557.183144940002 -13.215903983632916
9013.37038951743 -13.252290796717306
9493.87717927582 -13.288992826215512
10000.0 -13.32588311294983
10533.104453709382 -13.362843930140995
11094.628943275218 -13.399769676943652
11686.088553466498 -13.436569248298277
12309.079138896019 -13.473167775990538
12965.281629896688 -13.50950767210876
13656.466567946096 -13.545548944301846
14384.498882876629 -13.581268789253203
15151.342924760515 -13.616660504008017
15959.06776404731 -13.651731782627008
16809.852774253653 -13.686502487252316
17705.99351226898 -13.7210019982016
18649.907912142942 -13.75526625775385
19644.142809066267 -13.789334627889247
20691.3808111479 -13.823246684354206
21794.447537529835 -13.857039068831654
22956.319242369096 -13.890742518137555
24180.13084525718 -13.924379184113679
25469.184389745402 -13.95796034981936
26826.957952797275 -13.991484635972713
28257.115029208268 -14.024936775613053
29763.51441631313 -14.05828701406432
31350.220625651124 -14.09149116549182
33021.51484968176 -14.124491327259708
34781.90651314134 -14.157217220455799
36636.14544020716 -14.189588091483412
38589.23467029899 -14.221515078360035
40646.44395709628 -14.25290391915581
42813.32398719396 -14.283657861617884
45095.721356761445 -14.31368062435963
47499.79434661403 -14.34287926213523
50032.029538259994 -14.371166800343628
52699.259315756564 -14.398464525666366
55508.680300598106 -14.424703848245562
58467.87276937589 -14.449827683047518
61584.82110660255 -14.473791330930744
64867.935347885075 -14.496562870473843
68326.07387157406 -14.518123097586113
71968.56730011514 -14.538465069725833
75805.24367559262 -14.557593324575475
79846.45497739078 -14.57552284933443
84103.10505352604 -14.592277877151814
88586.67904100832 -14.607890582733383
93309.27435461663 -14.622399741176693
98283.63332770011 -14.635849403929313
103523.17759307378 -14.648287634652768
109042.04429677526 -14.65976533667861
114855.12424239368 -14.670335193416513
120978.10206889013 -14.680050733987757
127427.49857031321 -14.688965528759761
134220.7152716012 -14.697132513456593
141376.08138073614 -14.704603436009124
148912.90324394088 -14.711428417189047
156851.5164373548 -14.71765561410848
165213.34063573685 -14.723330974672642
174020.9374062485 -14.7284980708198
183298.07108324338 -14.733197998683663
193069.77288832495 -14.737469334499941
203362.40846866704 -14.741348136007364
214203.74903583832 -14.744867980160786
225623.04629706353 -14.74806002908674
237651.11138110727 -14.750953117317527
250320.39797173254 -14.753573854389382
263665.08987303555 -14.755946737861498
277721.1932429355 -14.758094272688627
292526.6337436642 -14.76003709365494
308121.35887140024 -14.7617940882504
324547.44574113254 -14.763382517949111
341849.21461759275 -14.764818136338452
360073.348498562 -14.766115302952658
379269.0190732246 -14.767287092004928
399488.019395417 -14.768345395479967
420784.9036297398 -14.76930102027367
443217.13424760854 -14.770163779236432
466845.2370703785 -14.77094257611337
491732.9645779016 -14.771645484478327
517947.46792312124 -14.772279820833328
545559.4781168514 -14.77285221210268
574643.4968715974 -14.773368657787264
605277.9976193343 -14.773834587069247
637545.6372456506 -14.774254911170448
671533.4791115135 -14.774634071272727
707333.2279644439 -14.77497608230645
745041.4773728917 -14.775284572907667
784759.9703514606 -14.775562821832706
826595.8738801812 -14.775813791108561
870662.0680585118 -14.776040156181772
917077.4506742931 -14.776244333314262
965967.2580093823 -14.776428504458316
1017463.4027476063 -14.77659463982841
1071704.8298967092 -14.77674451837091
1128837.8916846884 -14.776879746318546
1189016.74244199 -14.777001774002327
1252403.7545350718 -14.777111911079245
1319169.9564735717 -14.77721134032171
1389495.494373136 -14.77730113010284
1463570.1180190798 -14.777382245699311
1541593.6928422702 -14.777455559524515
1623776.739188721 -14.777521860393886
1710341.0003378377 -14.777581861916108
1801520.0408020238 -14.777636210094474
1897559.8765218505 -14.77768549021713
1998719.6386572486 -14.777730233106041
2105272.272765707 -14.777770920789157
2217505.2752539297 -14.7778079916551
2335721.4690901213 -14.777841845142635
2460239.8208697727 -14.777872846015088
2591396.3014396573 -14.777901328262672
2729544.792402007 -14.777927598674559
2875058.040944877 -14.7779519401171
3028328.6655749455 -14.777974614551736
3189770.215466318 -14.777995865825268
3359818.286283781 -14.7780159222587
3538931.6954909842 -14.778034999062296
3727593.720314938 -14.778053300600567
3926313.4017068394 -14.778071022528858
4135626.917817706 -14.778088353821751
4356099.030694608 -14.778105478712105
4588324.61010084 -14.778122578556927
4832930.238571752 -14.778139833645927
5090575.902036676 -14.77815742496552
5361956.770568817 -14.778175535930806
5647805.074067546 -14.778194354095103
5948892.077934331 -14.778214072844678
6266030.164072656 -14.778234893085394
6600075.022827089 -14.778257024922778
6951927.961775606 -14.778280689336881
7322538.337604526 -14.778306119847588
7712906.117627992 -14.778333564162633
8124084.5778629575 -14.778363285796036
8557183.144940002 -14.778395565637751
9013370.38951742 -14.778430703450207
9493877.17927582 -14.778469019257816
10000000.0 -14.778510854587639
10533104.45370936 -14.778556573511414
11094628.943275219 -14.778606563420746
11686088.553466497 -14.778661235467725
12309079.138896018 -14.778721024575983
12965281.629896663 -14.778786388924765
13656466.567946097 -14.778857808792017
14384498.882876629 -14.778935784628441
15151342.924760515 -14.779020834231114
15959067.76404731 -14.779113488870637
16809852.774253618 -14.779214288236385
17705993.51226898 -14.779323774062725
18649907.912142944 -14.779442482322285
19644142.809066266 -14.779570933899064
20691380.811147902 -14.779709623704726
21794447.537529834 -14.779859008255375
22956319.242369097 -14.780019491814658
24180130.84525718 -14.780191411300756
25469184.3897454 -14.780375020272864
26826957.95279722 -14.780570472436999
28257115.02920827 -14.780777805238227
29763514.41631313 -14.780996924235552
31350220.62565112 -14.781227589056389
33021514.849681754 -14.781469401801658
34781906.51314127 -14.781721798793088
36636145.44020716 -14.78198404652195
38589234.67029899 -14.782255242535348
40646443.95709628 -14.782534321814623
42813323.98719387 -14.782820068948737
45095721.35676145 -14.78311113604963
47499794.346614026 -14.78340606605974
50032029.53825999 -14.783703320683994
52699259.31575657 -14.784001311882964
55508680.300597996 -14.784298435602627
58467872.7693759 -14.784593106211494
61584821.10660254 -14.784883790112527
64867935.34788508 -14.785169037003726
68326073.87157391 -14.78544750750379
71968567.30011514 -14.785717996060626
75805243.67559262 -14.785979448447087
79846454.97739078 -14.786230973486818
84103105.05352604 -14.78647184899234
88586679.04100814 -14.786701522264817
93309274.35461664 -14.786919605672217
98283633.32770011 -14.787125868120174
103523177.59307377 -14.787320223207328
109042044.29677527 -14.787502715030381
114855124.24239345 -14.78767350243981
120978102.06889038 -14.78783284259093
127427498.57031322 -14.787981074417074
134220715.2716012 -14.788118602655507
141376081.38073614 -14.78824588278343
148912903.24394056 -14.788363407222844
156851516.43735445 -14.788471692981277
165213340.63573685 -14.788571270821729
174020937.40624848 -14.788662675976745
183298071.08324376 -14.788746440406715
193069772.88832456 -14.788823086425367
203362408.46866703 -14.788893121657336
214203749.0358383 -14.788957035144602
225623046.2970626 -14.789015294488655
237651111.38110778 -14.78906834387195
250320397.97173202 -14.789116602792971
263665089.87303555 -14.789160465480393
277721193.2429355 -14.789200300742827
292526633.74366355 -14.789236452272208
308121358.87140083 -14.789269239236711
324547445.74113256 -14.789298957116898
341849214.6175927 -14.789325878692585
360073348.49856204 -14.78935025519534
379269019.0732238 -14.789372317474605
399488019.39541787 -14.789392277256812
420784903.6297398 -14.789410328375814
443217134.24760854 -14.789426648010178
466845237.07037944 -14.789441397890272
491732964.5779006 -14.789454725430884
517947467.9231202 -14.78946676489281
545559478.1168514 -14.789477638389716
574643496.8715974 -14.789487456906336
605277997.6193355 -14.789496321221751
637545637.2456493 -14.78950432278107
671533479.1115135 -14.78951154451503
707333227.9644439 -14.789518061563452
745041477.3728887 -14.789523942002049
784759970.3514622 -14.78952924744576
826595873.8801795 -14.789534033661466
870662068.0585117 -14.789538351092071
917077450.674293 -14.789542245343647
965967258.0093802 -14.789545757644975
1017463402.7476043 -14.789548925256966
1071704829.8967092 -14.78955178185517
1128837891.6846883 -14.78955435782625
1189016742.44199 -14.789556680644818
1252403754.5350692 -14.789558775083087
1319169956.473569 -14.789560663545684
1389495494.373136 -14.789562366202073
1463570118.0190797 -14.789563901314837
1541593692.8422735 -14.78956528532035
1623776739.1887176 -14.789566533065223
1710341000.337838 -14.789567657920324
1801520040.802024 -14.78956867199716
1897559876.5218503 -14.789569586196901
1998719638.6572526 -14.78957041031467
2105272272.7657027 -14.789571153205616
2217505275.2539296 -14.789571822860095
2335721469.0901213 -14.789572426556095
2460239820.8697777 -14.789572970719544
2591396301.439652 -14.789573461216907
2729544792.402002 -14.789573903423083
2875058040.944877 -14.789574301962746
3028328665.5749454 -14.789574661274333
3189770215.466325 -14.789574985078815
3359818286.2837744 -14.789575276933931
3538931695.4909844 -14.78957554016366
3727593720.314938 -14.789575777227931
3926313401.7068396 -14.78957599100276
4135626917.8176975 -14.789576183683895
4356099030.694599 -14.789576357321286
4588324610.100841 -14.789576514084338
4832930238.571753 -14.78957665512429
5090575902.036687 -14.78957678230005
5361956770.568806 -14.789576896940526
5647805074.067546 -14.789577000181854
5948892077.934331 -14.789577093368864
6266030164.072656 -14.789577177396092
6600075022.827075 -14.789577252949604
6951927961.775591 -14.789577321219905
7322538337.6045265 -14.789577382778356
7712906117.627993 -14.789577437892149
8124084577.862974 -14.789577488290767
8557183144.939984 -14.789577533250801
9013370389.51742 -14.78957757371736
9493877179.27582 -14.789577611058641
10000000000.0 -14.789577643283549
10.0 15.957007420883693
10.53310445370937 15.506470243518544
11.094628943275218 15.055997627676035
11.686088553466515 14.605596619782142
12.309079138896024 14.155275031953858
12.965281629896682 13.705041525000453
13.65646656794611 13.254905702145267
14.38449888287663 12.804878207480872
15.15134292476053 12.354970839481158
15.95906776404731 11.905196673559203
16.80985277425364 11.455570200946958
17.70599351226899 11.006107477503651
18.64990791214297 10.556826291589799
19.644142809066278 10.107746347290982
20.6913808111479 9.658889466858657
21.794447537529855 9.210279814625133
22.956319242369098 8.761944141329831
24.180130845257207 8.313912056092441
25.4691843897454 7.866216320501975
26.826957952797258 7.418893176143868
28.257115029208283 6.971982699425007
29.76351441631318 6.52552919347718
31.350220625651154 6.079581612023519
33.02151484968176 5.634194027366968
34.7819065131413 5.189426133895969
36.63614544020716 4.745343797427811
38.58923467029903 4.302019650623433
40.646443957096295 3.859533735628797
42.81332398719393 3.4179741947395486
45.095721356761466 2.9774380120954325
47.499794346614124 2.53803180459761
50.03202953826004 2.0998726617542958
52.699259315756564 1.6630890362290185
55.50868030059805 1.2278216709472316
58.467872769375894 0.7942245725680092
61.58482110660264 0.3624660074774628
64.86793534788511 -0.0672704775432763
68.32607387157402 -0.4947850303931288
71.96856730011521 -0.919860484570439
75.8052436755926 -1.342261376667053
79.84645497739086 -1.761733031955266
84.10310505352605 -2.1780007387963236
88.58667904100822 -2.5907690531215977
93.30927435461668 -2.9997212775069304
98.28363332770026 -3.4045191595945985
103.52317759307378 -3.804802867136247
109.04204429677526 -4.200191295834776
114.8551242423938 -4.5902827668393815
120.97810206889012 -4.97465618226414
127.42749857031335 -5.352872694682914
134.2207152716012 -5.724477937818364
141.37608138073614 -6.089004872505943
148.91290324394086 -6.445977271606592
156.85151643735477 -6.794913858974956
165.213340635737 -7.135333081980885
174.0209374062485 -7.466758480625356
183.29807108324357 -7.788724583595598
193.06977288832496 -8.1007832085884
203.36240846866724 -8.402510040861031
214.2037490358383 -8.69351130504111
225.62304629706352 -8.97343033856976
237.65111138110728 -9.24195384536779
250.32039797173255 -9.498817614912252
263.6650898730358 -9.743811489215172
277.7211932429355 -9.976783387432214
292.5266337436645 -10.197642231639907
308.1213588714002 -10.406359664387253
324.54744574113323 -10.602970500443735
341.84921461759274 -10.787571917318644
360.073348498562 -10.960321445761402
379.26901907322497 -11.121433877782529
399.48801939541704 -11.27117724214584
420.78490362974026 -11.40986804603552
443.21713424760856 -11.537865979274251
466.84523707037897 -11.655568291345675
491.73296457790156 -11.763404034696052
517.9474679231213 -11.861828343368376
545.5594781168514 -11.951316888324605
574.6434968715973 -12.032360611088027
605.2779976193349 -12.10546080485984
637.5456372456507 -12.171124574020517
671.5334791115142 -12.229860681318032
707.3332279644438 -12.282175765972283
745.0414773728917 -12.328570907724266
784.7599703514607 -12.369538506131153
826.5958738801812 -12.40555944896559
870.6620680585127 -12.437100552070909
917.0774506742931 -12.46461226540152
965.9672580093833 -12.488526650123312
1017.4634027476063 -12.509255646099987
1071.7048298967104 -12.527189651001278
1128.8378916846884 -12.542696438569186
1189.01674244199 -12.556120436881441
1252.4037545350732 -12.56778238161425
1319.1699564735716 -12.57797934665817
1389.4954943731375 -12.586985141210716
1463.5701180190797 -12.595051047592815
1541.5936928422718 -12.6024068621893
1623.776739188721 -12.609262189360173
1710.3410003378397 -12.615807932388357
1801.520040802024 -12.622217919219647
1897.5598765218504 -12.628650601460462
1998.7196386572507 -12.63525076534441
2105.272272765707 -12.642151198362868
2217.505275253932 -12.64947426043522
2335.7214690901214 -12.657333314568644
2460.239820869775 -12.665833979541626
2591.3963014396572 -12.675075172745679
2729.5447924020073 -12.685149918790907
2875.0580409448803 -12.696145905025515
3028.3286655749457 -12.708145771460078
3189.7702154663216 -12.721227128991497
3359.818286283781 -12.735462306200255
3538.9316954909877 -12.750917832855354
3727.593720314938 -12.767653676657911
3926.3134017068355 -12.785722259773742
4135.626917817706 -12.805167292774636
4356.099030694608 -12.826022475960855
4588.324610100844 -12.848310130607207
4832.930238571752 -12.872039835161686
5090.575902036681 -12.897207152270017
5361.956770568817 -12.923792540593787
5647.805074067552 -12.951760548881285
5948.892077934331 -12.981059387588086
6266.030164072656 -13.011620963811598
6600.075022827095 -13.043361448182413
6951.927961775606 -13.076182417354227
7322.538337604534 -13.109972583993416
7712.906117627992 -13.144610089672115
8124.0845778629655 -13.179965297423156
8557.183144940002 -13.215903983632916
9013.37038951743 -13.252290796717306
9493.87717927582 -13.288992826215512
10000.0 -13.32588311294983
10533.104453709382 -13.362843930140995
11094.628943275218 -13.399769676943652
11686.088553466498 -13.436569248298277
12309.079138896019 -13.473167775990538
12965.281629896688 -13.50950767210876
13656.466567946096 -13.545548944301846
14384.498882876629 -13.581268789253203
15151.342924760515 -13.616660504008017
15959.06776404731 -13.651731782627008
16809.852774253653 -13.686502487252316
17705.99351226898 -13.7210019982016
18649.907912142942 -13.75526625775385
19644.142809066267 -13.789334627889247
20691.3808111479 -13.823246684354206
21794.447537529835 -13.857039068831654
22956.319242369096 -13.890742518137555
24180.13084525718 -13.924379184113679
25469.184389745402 -13.95796034981936
26826.957952797275 -13.991484635972713
28257.115029208268 -14.024936775613053
29763.51441631313 -14.05828701406432
31350.220625651124 -14.09149116549182
33021.51484968176 -14.124491327259708
34781.90651314134 -14.157217220455799
36636.14544020716 -14.189588091483412
38589.23467029899 -14.221515078360035
40646.44395709628 -14.25290391915581
42813.32398719396 -14.283657861617884
45095.721356761445 -14.31368062435963
47499.79434661403 -14.34287926213523
50032.029538259994 -14.371166800343628
52699.259315756564 -14.398464525666366
55508.680300598106 -14.424703848245562
58467.87276937589 -14.449827683047518
61584.82110660255 -14.473791330930744
64867.935347885075 -14.496562870473843
68326.07387157406 -14.518123097586113
71968.56730011514 -14.538465069725833
75805.24367559262 -14.557593324575475
79846.45497739078 -14.57552284933443
84103.10505352604 -14.592277877151814
88586.67904100832 -14.607890582733383
93309.27435461663 -14.622399741176693
98283.63332770011 -14.635849403929313
103523.17759307378 -14.648287634652768
109042.04429677526 -14.65976533667861
114855.12424239368 -14.670335193416513
120978.10206889013 -14.680050733987757
127427.49857031321 -14.688965528759761
134220.7152716012 -14.697132513456593
141376.08138073614 -14.704603436009124
148912.90324394088 -14.711428417189047
156851.5164373548 -14.71765561410848
165213.34063573685 -14.723330974672642
174020.9374062485 -14.7284980708198
183298.07108324338 -14.733197998683663
193069.77288832495 -14.737469334499941
203362.40846866704 -14.741348136007364
214203.74903583832 -14.744867980160786
225623.04629706353 -14.74806002908674
237651.11138110727 -14.750953117317527
250320.39797173254 -14.753573854389382
263665.08987303555 -14.755946737861498
277721.1932429355 -14.758094272688627
292526.6337436642 -14.76003709365494
308121.35887140024 -14.7617940882504
324547.44574113254 -14.763382517949111
341849.21461759275 -14.764818136338452
360073.348498562 -14.766115302952658
379269.0190732246 -14.767287092004928
399488.019395417 -14.768345395479967
420784.9036297398 -14.76930102027367
443217.13424760854 -14.770163779236432
466845.2370703785 -14.77094257611337
491732.9645779016 -14.771645484478327
517947.46792312124 -14.772279820833328
545559.4781168514 -14.77285221210268
574643.4968715974 -14.773368657787264
605277.9976193343 -14.773834587069247
637545.6372456506 -14.774254911170448
671533.4791115135 -14.774634071272727
707333.2279644439 -14.77497608230645
745041.4773728917 -14.775284572907667
784759.9703514606 -14.775562821832706
826595.8738801812 -14.775813791108561
870662.0680585118 -14.776040156181772
917077.4506742931 -14.776244333314262
965967.2580093823 -14.776428504458316
1017463.4027476063 -14.77659463982841
1071704.8298967092 -14.77674451837091
1128837.8916846884 -14.776879746318546
1189016.74244199 -14.777001774002327
1252403.7545350718 -14.777111911079245
1319169.9564735717 -14.77721134032171
1389495.494373136 -14.77730113010284
1463570.1180190798 -14.777382245699311
1541593.6928422702 -14.777455559524515
1623776.739188721 -14.777521860393886
1710341.0003378377 -14.777581861916108
1801520.0408020238 -14.777636210094474
1897559.8765218505 -14.77768549021713
1998719.6386572486 -14.777730233106041
2105272.272765707 -14.777770920789157
2217505.2752539297 -14.7778079916551
2335721.4690901213 -14.777841845142635
2460239.8208697727 -14.777872846015088
2591396.3014396573 -14.777901328262672
2729544.792402007 -14.777927598674559
2875058.040944877 -14.7779519401171
3028328.6655749455 -14.777974614551736
3189770.215466318 -14.777995865825268
3359818.286283781 -14.7780159222587
3538931.6954909842 -14.778034999062296
3727593.720314938 -14.778053300600567
3926313.4017068394 -14.778071022528858
4135626.917817706 -14.778088353821751
4356099.030694608 -14.778105478712105
4588324.61010084 -14.778122578556927
4832930.238571752 -14.778139833645927
5090575.902036676 -14.77815742496552
5361956.770568817 -14.778175535930806
5647805.074067546 -14.778194354095103
5948892.077934331 -14.778214072844678
6266030.164072656 -14.778234893085394
6600075.022827089 -14.778257024922778
6951927.961775606 -14.778280689336881
7322538.337604526 -14.778306119847588
7712906.117627992 -14.778333564162633
8124084.5778629575 -14.778363285796036
8557183.144940002 -14.778395565637751
9013370.38951742 -14.778430703450207
9493877.17927582 -14.778469019257816
10000000.0 -14.778510854587639
10533104.45370936 -14.778556573511414
11094628.943275219 -14.778606563420746
11686088.553466497 -14.778661235467725
12309079.138896018 -14.778721024575983
12965281.629896663 -14.778786388924765
13656466.567946097 -14.778857808792017
14384498.882876629 -14.778935784628441
15151342.924760515 -14.779020834231114
15959067.76404731 -14.779113488870637
16809852.774253618 -14.779214288236385
17705993.51226898 -14.779323774062725
18649907.912142944 -14.779442482322285
19644142.809066266 -14.779570933899064
20691380.811147902 -14.779709623704726
21794447.537529834 -14.779859008255375
22956319.242369097 -14.780019491814658
24180130.84525718 -14.780191411300756
25469184.3897454 -14.780375020272864
26826957.95279722 -14.780570472436999
28257115.02920827 -14.780777805238227
29763514.41631313 -14.780996924235552
31350220.62565112 -14.781227589056389
33021514.849681754 -14.781469401801658
34781906.51314127 -14.781721798793088
36636145.44020716 -14.78198404652195
38589234.67029899 -14.782255242535348
40646443.95709628 -14.782534321814623
42813323.98719387 -14.782820068948737
45095721.35676145 -14.78311113604963
47499794.346614026 -14.78340606605974
50032029.53825999 -14.783703320683994
52699259.31575657 -14.784001311882964
55508680.300597996 -14.784298435602627
58467872.7693759 -14.784593106211494
61584821.10660254 -14.784883790112527
64867935.34788508 -14.785169037003726
68326073.87157391 -14.78544750750379
71968567.30011514 -14.785717996060626
75805243.67559262 -14.785979448447087
79846454.97739078 -14.786230973486818
84103105.05352604 -14.78647184899234
88586679.04100814 -14.786701522264817
93309274.35461664 -14.786919605672217
98283633.32770011 -14.787125868120174
103523177.59307377 -14.787320223207328
109042044.29677527 -14.787502715030381
114855124.24239345 -14.78767350243981
120978102.06889038 -14.78783284259093
127427498.57031322 -14.787981074417074
134220715.2716012 -14.788118602655507
141376081.38073614 -14.78824588278343
148912903.24394056 -14.788363407222844
156851516.43735445 -14.788471692981277
165213340.63573685 -14.788571270821729
174020937.40624848 -14.788662675976745
183298071.08324376 -14.788746440406715
193069772.88832456 -14.788823086425367
203362408.46866703 -14.788893121657336
214203749.0358383 -14.788957035144602
225623046.2970626 -14.789015294488655
237651111.38110778 -14.78906834387195
250320397.97173202 -14.789116602792971
263665089.87303555 -14.789160465480393
277721193.2429355 -14.789200300742827
292526633.74366355 -14.789236452272208
308121358.87140083 -14.789269239236711
324547445.74113256 -14.789298957116898
341849214.6175927 -14.789325878692585
360073348.49856204 -14.78935025519534
379269019.0732238 -14.789372317474605
399488019.39541787 -14.789392277256812
420784903.6297398 -14.789410328375814
443217134.24760854 -14.789426648010178
466845237.07037944 -14.789441397890272
491732964.5779006 -14.789454725430884
517947467.9231202 -14.78946676489281
545559478.1168514 -14.789477638389716
574643496.8715974 -14.789487456906336
605277997.6193355 -14.789496321221751
637545637.2456493 -14.78950432278107
671533479.1115135 -14.78951154451503
707333227.9644439 -14.789518061563452
745041477.3728887 -14.789523942002049
784759970.3514622 -14.78952924744576
826595873.8801795 -14.789534033661466
870662068.0585117 -14.789538351092071
917077450.674293 -14.789542245343647
965967258.0093802 -14.789545757644975
1017463402.7476043 -14.789548925256966
1071704829.8967092 -14.78955178185517
1128837891.6846883 -14.78955435782625
1189016742.44199 -14.789556680644818
1252403754.5350692 -14.789558775083087
1319169956.473569 -14.789560663545684
1389495494.373136 -14.789562366202073
1463570118.0190797 -14.789563901314837
1541593692.8422735 -14.78956528532035
1623776739.1887176 -14.789566533065223
1710341000.337838 -14.789567657920324
1801520040.802024 -14.78956867199716
1897559876.5218503 -14.789569586196901
1998719638.6572526 -14.78957041031467
2105272272.7657027 -14.789571153205616
2217505275.2539296 -14.789571822860095
2335721469.0901213 -14.789572426556095
2460239820.8697777 -14.789572970719544
2591396301.439652 -14.789573461216907
2729544792.402002 -14.789573903423083
2875058040.944877 -14.789574301962746
3028328665.5749454 -14.789574661274333
3189770215.466325 -14.789574985078815
3359818286.2837744 -14.789575276933931
3538931695.4909844 -14.78957554016366
3727593720.314938 -14.789575777227931
3926313401.7068396 -14.78957599100276
4135626917.8176975 -14.789576183683895
4356099030.694599 -14.789576357321286
4588324610.100841 -14.789576514084338
4832930238.571753 -14.78957665512429
5090575902.036687 -14.78957678230005
5361956770.568806 -14.789576896940526
5647805074.067546 -14.789577000181854
5948892077.934331 -14.789577093368864
6266030164.072656 -14.789577177396092
6600075022.827075 -14.789577252949604
6951927961.775591 -14.789577321219905
7322538337.6045265 -14.789577382778356
7712906117.627993 -14.789577437892149
8124084577.862974 -14.789577488290767
8557183144.939984 -14.789577533250801
9013370389.51742 -14.78957757371736
9493877179.27582 -14.789577611058641
10000000000.0 -14.789577643283549
10.0 -10.89325128980465
10.53310445370937 -11.73514403145688
11.094628943275218 -5.030492765819764
11.686088553466515 -6.9286217119538485
12.309079138896024 -5.289151216070725
12.965281629896682 -25.671798306859635
13.65646656794611 -16.04231125641997
14.38449888287663 -1.2493355324862132
15.15134292476053 -11.067381615794563
15.95906776404731 -8.707462611243482
16.80985277425364 -6.868545402404369
17.70599351226899 -12.714810537998149
18.64990791214297 -5.864267048301702
19.644142809066278 -12.167270711920713
20.6913808111479 -7.532752251059891
21.794447537529855 -12.24524566115328
22.956319242369098 -19.429896040046216
24.180130845257207 -9.509582942948443
25.4691843897454 -43.70210539320004
26.826957952797258 -3.9159266786910436
28.257115029208283 -16.27748412361616
29.76351441631318 3.9969954241744277
31.350220625651154 -1.6425621017133962
33.02151484968176 -8.056748176180571
34.7819065131413 -7.913985634772915
36.63614544020716 -20.087061970550806
38.58923467029903 -17.82966796561038
40.646443957096295 -4.650072372195538
42.81332398719393 -16.993441837763474
45.095721356761466 -5.892539447619086
47.499794346614124 -20.38808203067238
50.03202953826004 -16.71115717295357
52.699259315756564 -4.096004435790715
55.50868030059805 -3.775171971020676
58.467872769375894 -4.720179254258082
61.58482110660264 -7.284995116890043
64.86793534788511 -8.193495658624126
68.32607387157402 -6.655426242610375
71.96856730011521 8.210979753240386
75.8052436755926 -2.46196027151629
79.84645497739086 -7.393209338038816
84.10310505352605 -7.378393747973781
88.58667904100822 -4.390196913878615
93.30927435461668 -11.969816944841384
98.28363332770026 -2.0098852715094226
103.52317759307378 -14.185721454591953
109.04204429677526 -12.534364164769379
114.8551242423938 -6.072200803201423
120.97810206889012 -18.354579811068213
127.42749857031335 -2.131943567178257
134.2207152716012 -16.46861652300416
141.37608138073614 -18.04408666289026
148.91290324394086 -3.5728576205939504
156.85151643735477 -29.761808649842788
165.213340635737 -14.593909335479193
174.0209374062485 -0.4008516779278751
183.29807108324357 -14.030045161023656
193.06977288832496 -7.0995488672870835
203.36240846866724 -7.536497914717347
214.2037490358383 4.490045059868035
225.62304629706352 -9.305740809971994
237.65111138110728 16.65314082940357
250.32039797173255 -7.489724701243129
263.6650898730358 -10.936557490150719
277.7211932429355 -12.938062103515485
292.5266337436645 -0.3062498329494753
308.1213588714002 -15.302109353652442
324.54744574113323 -5.199406667492354
341.84921461759274 -20.721291118279986
360.073348498562 -10.189043595241099
379.26901907322497 -12.868501676028474
399.48801939541704 -6.302484139228749
420.78490362974026 -26.668316026811464
443.21713424760856 -10.448932325746455
466.84523707037897 -12.172805595547114
491.73296457790156 -14.055260175774585
517.9474679231213 -5.593768215733748
545.5594781168514 -0.7260098072228828
574.6434968715973 -13.918474986732988
605.2779976193349 5.580206635454984
637.5456372456507 -3.403943085126314
671.5334791115142 -28.021085633842837
707.3332279644438 -14.621533697246019
745.0414773728917 -7.243279826772823
784.7599703514607 -16.41429543770486
826.5958738801812 -10.180973586395432
870.6620680585127 -15.689049235552277
917.0774506742931 -0.36567745165057763
965.9672580093833 -10.915648370207409
1017.4634027476063 -8.368106045924229
1071.7048298967104 -2.9131012254868316
1128.8378916846884 -8.50769316232103
1189.01674244199 -8.544012761271118
1252.4037545350732 -18.817842635748782
1319.1699564735716 -10.875021905470792
1389.4954943731375 -11.181893667913357
1463.5701180190797 -7.443013207654376
1541.5936928422718 -19.76123088738841
1623.776739188721 -3.5972477691504468
1710.3410003378397 -8.267633230280184
1801.520040802024 -6.888241876879989
1897.5598765218504 -6.380609982877578
1998.7196386572507 -7.249713425826268
2105.272272765707 -15.194508695544268
2217.505275253932 -3.001691330090952
2335.7214690901214 -10.59117867268149
2460.239820869775 -2.1837591266889826
2591.3963014396572 -14.39730041383733
2729.5447924020073 -3.106991637717344
2875.0580409448803 -7.880282914212055
3028.3286655749457 -14.607020857388003
3189.7702154663216 -10.415800581293794
3359.818286283781 -5.887246476726416
3538.9316954909877 0.4077540720908902
3727.593720314938 -5.129385339015581
3926.3134017068355 -11.88683574405377
4135.626917817706 -7.417602638040075
4356.099030694608 -0.014010448324879712
4588.324610100844 -4.319757836002342
4832.930238571752 -18.41925161651144
5090.575902036681 -6.706807128458054
5361.956770568817 -0.40889954657379046
5647.805074067552 1.2028257396895672
5948.892077934331 -6.299852894991594
6266.030164072656 -10.82482394959361
6600.075022827095 -5.326877649841283
6951.927961775606 -1.6804630364809885
7322.538337604534 6.098319232954086
7712.906117627992 -5.871093910787807
8124.0845778629655 -9.534455163168307
8557.183144940002 -9.201567264828391
9013.37038951743 2.8845638997312397
9493.87717927582 10.57383884873362
10000.0 -2.018307468522793
10533.104453709382 -10.476445725707249
11094.628943275218 -3.9963400653971077
11686.088553466498 -7.931787675015668
12309.079138896019 -16.911790738506987
12965.281629896688 -0.8830403588998292
13656.466567946096 -11.553600653655188
14384.498882876629 -2.8117686980525973
15151.342924760515 -7.11045003426095
15959.06776404731 -8.039366075025857
16809.852774253653 -11.881598073271434
17705.99351226898 -16.751256769436978
18649.907912142942 -15.958161771019421
19644.142809066267 -0.5807080005137348
20691.3808111479 -12.017218005613287
21794.447537529835 -12.833736543345173
22956.319242369096 -14.300292165714048
24180.13084525718 -13.859578629711088
25469.184389745402 -21.29562383609235
26826.957952797275 -13.770777087704056
28257.115029208268 -6.282211269328702
29763.51441631313 -19.945371487738303
31350.220625651124 -10.87068704006186
33021.51484968176 -4.195361218366222
34781.90651314134 -11.86711070228391
36636.14544020716 -10.064033916614747
38589.23467029899 -14.133361931653695
40646.44395709628 -4.69603891347043
42813.32398719396 -0.8516681739921356
45095.721356761445 -1.0484135517863977
47499.79434661403 -16.904624582022695
50032.029538259994 1.6744660466631673
52699.259315756564 -3.611813022468038
55508.680300598106 -22.181297133292595
58467.87276937589 -13.296069142018851
61584.82110660255 -4.2133916610394975
64867.935347885075 8.894885404219579
68326.07387157406 -18.99395526997123
71968.56730011514 -8.822378419154152
75805.24367559262 -11.993031135391725
79846.45497739078 -20.648671533811815
84103.10505352604 -34.12775245782396
88586.67904100832 -15.784365977838133
93309.27435461663 -16.804797804199016
98283.63332770011 -36.15416641419024
103523.17759307378 -41.8858631048947
109042.04429677526 -9.728703759496181
114855.12424239368 1.8885800192841415
120978.10206889013 -19.302511083957647
127427.49857031321 -7.6903552235999175
134220.7152716012 -11.03223657606244
141376.08138073614 -15.461032911754572
148912.90324394088 -8.35973044953222
156851.5164373548 -23.697545497654566
165213.34063573685 -22.726671746353844
174020.9374062485 -27.9213686370804
183298.07108324338 -19.983257145733408
193069.77288832495 -17.725402398485134
203362.40846866704 -2.62355914067607
214203.74903583832 -18.3784546080043
225623.04629706353 -32.15236343684922
237651.11138110727 -26.672145021538924
250320.39797173254 -19.004641688541955
263665.08987303555 -30.816924424795964
277721.1932429355 -13.266656475172605
292526.6337436642 -22.830140652273663
308121.35887140024 -33.08030227958851
324547.44574113254 -37.81734284290211
341849.21461759275 -38.7717534143428
360073.348498562 -32.355891800598656
379269.0190732246 -28.244431370432522
399488.019395417 -19.405782914049524
420784.9036297398 -20.508349264949878
443217.13424760854 -25.7105899860533
466845.2370703785 -26.332239739233472
491732.9645779016 -31.942406368625935
517947.46792312124 -24.381039672707814
545559.4781168514 -46.46239648851041
574643.4968715974 -44.7687479327529
605277.9976193343 -7.939551445018588
637545.6372456506 -32.22326834754363
671533.4791115135 -41.98648675260722
707333.2279644439 -23.602990786813347
745041.4773728917 -21.25663117465161
784759.9703514606 -30.87644332684482
826595.8738801812 -37.71003056220833
870662.0680585118 -24.65665877292586
917077.4506742931 -31.65118597636171
965967.2580093823 -29.472428749553487
1017463.4027476063 -18.61884664853438
1071704.8298967092 -21.417753746508417
1128837.8916846884 -28.807563163628082
1189016.74244199 -30.17941470169175
1252403.7545350718 -37.377660732841555
1319169.9564735717 -41.74440732206283
1389495.494373136 -43.884099102105196
1463570.1180190798 -26.381708529158004
1541593.6928422702 -28.303840331901156
1623776.739188721 -25.214145799166268
1710341.0003378377 -22.751173407841282
1801520.0408020238 -0.8179780564614402
1897559.8765218505 -32.57490878946338
1998719.6386572486 -39.958392967598186
2105272.272765707 -38.45933263267905
2217505.2752539297 -24.148361721818787
2335721.4690901213 -33.97315416910141
2460239.8208697727 -35.34346396745532
2591396.3014396573 -37.587879136666686
2729544.792402007 -38.05182394319269
2875058.040944877 -29.658846484685228
3028328.6655749455 -33.01870705828202
3189770.215466318 -40.02642539366805
3359818.286283781 -18.672149203721577
3538931.6954909842 -40.04367704992353
3727593.720314938 -47.531075815903264
3926313.4017068394 -43.92945595086584
4135626.917817706 -33.98972197427044
4356099.030694608 -44.15864731677746
4588324.61010084 -30.26024067577472
4832930.238571752 -24.891075803493766
5090575.902036676 -34.890064490017394
5361956.770568817 -40.954432510575806
5647805.074067546 6.807243591232091
5948892.077934331 -36.43896633597775
6266030.164072656 -39.26602062627491
6600075.022827089 -31.513137125749935
6951927.961775606 -42.0513593442631
7322538.337604526 -36.70312957963353
7712906.117627992 -28.135942760383227
8124084.5778629575 -8.452617500253702
8557183.144940002 -32.71044186402183
9013370.38951742 -35.428129814061805
9493877.17927582 -36.672566976862825
10000000.0 -36.87591050734844
10533104.45370936 -34.177689323172935
11094628.943275219 -39.124009791615336
11686088.553466497 -35.1782159454
12309079.138896018 -32.830475161614885
12965281.629896663 -48.326791189144075
13656466.567946097 -14.050192421113783
14384498.882876629 -28.580664456521212
15151342.924760515 -40.54088990323659
15959067.76404731 -48.40581508660375
16809852.774253618 -34.03025203061016
17705993.51226898 -44.34538123049976
18649907.912142944 -34.446431758966575
19644142.809066266 -38.10501133613847
20691380.811147902 -38.08128329742328
21794447.537529834 -23.21751315039721
22956319.242369097 -40.96307372157546
24180130.84525718 -34.44513295410938
25469184.3897454 -37.62920790237661
26826957.95279722 -37.08514102984014
28257115.02920827 -34.10603794477444
29763514.41631313 -59.720136652727646
31350220.62565112 -40.25352713966783
33021514.849681754 -16.24141341651348
34781906.51314127 -39.048637605726285
36636145.44020716 -57.44869251257819
38589234.67029899 -39.4197357855828
40646443.95709628 -35.760527785404605
42813323.98719387 -42.68335001924409
45095721.35676145 -48.898849696009506
47499794.346614026 -39.12049321051357
50032029.53825999 -37.57730822076083
52699259.31575657 -37.509391105089605
55508680.300597996 -32.06284671224503
58467872.7693759 -32.98451143821368
61584821.10660254 -36.33187731698761
64867935.34788508 -53.592925135262604
68326073.87157391 -38.709391662355436
71968567.30011514 -33.43389583437475
75805243.67559262 -19.933997440640965
79846454.97739078 -40.44158195493382
84103105.05352604 -26.406296295606694
88586679.04100814 -29.831631740097357
93309274.35461664 -48.564281856249664
98283633.32770011 -44.91762608177204
103523177.59307377 -31.897234580612167
109042044.29677527 -35.69100534038669
114855124.24239345 -37.03153495905457
120978102.06889038 -47.659169946665344
127427498.57031322 -41.5178643214369
134220715.2716012 -36.27036515964513
141376081.38073614 -36.283124731949
148912903.24394056 -39.222658269823285
156851516.43735445 -41.97053484399448
165213340.63573685 -34.60030469243719
174020937.40624848 -56.62052827250568
183298071.08324376 -40.82102094197458
193069772.88832456 -32.31361420499099
203362408.46866703 -34.51367032903692
214203749.0358383 -50.86623384627263
225623046.2970626 -40.265246586971976
237651111.38110778 -37.547389004038
250320397.97173202 -38.44693490375066
263665089.87303555 -37.78294323062143
277721193.2429355 -35.094393179815995
292526633.74366355 -33.575492267280396
308121358.87140083 -50.047853550460275
324547445.74113256 -29.372683625064738
341849214.6175927 -27.899346605298845
360073348.49856204 -37.43863279634437
379269019.0732238 -35.35488094132509
399488019.39541787 -55.25363616709563
420784903.6297398 -38.97960048254528
443217134.24760854 -37.31566664120748
466845237.07037944 -38.40868229471244
491732964.5779006 -54.623478971205046
517947467.9231202 -31.42292281370072
545559478.1168514 -33.65466765755977
574643496.8715974 -39.34262989844659
605277997.6193355 -40.387994008363926
637545637.2456493 -46.035172597957214
671533479.1115135 -26.517446964310068
707333227.9644439 -36.65799097884254
745041477.3728887 -44.42399941241299
784759970.3514622 -48.35946326067227
826595873.8801795 -36.17641582012656
870662068.0585117 -37.376344129704435
917077450.674293 -37.70144741545037
965967258.0093802 -36.85662811670484
1017463402.7476043 -34.88621810800225
1071704829.8967092 -36.95524607940697
1128837891.6846883 -36.17886930616079
1189016742.44199 -38.664991592345444
1252403754.5350692 -36.636855614398314
1319169956.473569 -41.73609034903281
1389495494.373136 -21.86580283812352
1463570118.0190797 -38.186667369651424
1541593692.8422735 -37.79968952300133
1623776739.1887176 -38.3283925451075
1710341000.337838 -35.38014907284124
1801520040.802024 -36.014654748743716
1897559876.5218503 -30.441871642856768
1998719638.6572526 -30.68149776781891
2105272272.7657027 -45.732890614097286
2217505275.2539296 -40.66659136751891
2335721469.0901213 -40.289860840319214
2460239820.8697777 -31.000498298524345
2591396301.439652 -41.79337074934917
2729544792.402002 -45.6512089555482
2875058040.944877 -33.50922118791282
3028328665.5749454 -54.010465754757185
3189770215.466325 -40.68251889003968
3359818286.2837744 -40.15585912787151
3538931695.4909844 -38.74799965488526
3727593720.314938 -29.908196367474652
3926313401.7068396 -49.10147007516596
4135626917.8176975 -40.09367342854801
4356099030.694599 -40.31327494613491
4588324610.100841 -49.91989025081294
4832930238.571753 -19.28547144981731
5090575902.036687 -43.28633843171916
5361956770.568806 -46.64213317229922
5647805074.067546 -42.06605634290477
5948892077.934331 -34.87914923035076
6266030164.072656 -55.97416728915084
6600075022.827075 -35.818587860280694
6951927961.775591 -39.31312450460167
7322538337.6045265 -29.356936339046385
7712906117.627993 -26.928337643656285
8124084577.862974 -43.01817638287098
8557183144.939984 -38.9893523319093
9013370389.51742 -37.16016616018214
9493877179.27582 -38.66799389974418
10000000000.0 -44.4936574144505
