10.0 -8.130455714119067
10.53310445370937 -8.130456740195607
11.094628943275218 -8.130457565400915
11.686088553466515 -8.130458198181525
12.309079138896024 -8.130458645766383
12.965281629896682 -8.130458912731957
13.65646656794611 -8.130459002149019
14.38449888287663 -8.130458914727951
15.15134292476053 -8.130458649849949
15.95906776404731 -8.130458203991752
16.80985277425364 -8.130457573076624
17.70599351226899 -8.130456750014323
18.64990791214297 -8.130455725698509
19.644142809066278 -8.130454489607983
20.6913808111479 -8.130453028024816
21.794447537529855 -8.130451324958333
22.956319242369098 -8.130449362421011
24.180130845257207 -8.130447119164515
25.4691843897454 -8.130444570739972
26.826957952797258 -8.130441689754111
28.257115029208283 -8.13043844509075
29.76351441631318 -8.130434801856767
31.350220625651154 -8.130430720179397
33.02151484968176 -8.13042615679355
34.7819065131413 -8.130421061861654
36.63614544020716 -8.130415380254249
38.58923467029903 -8.130409050918693
40.646443957096295 -8.130402005382354
42.81332398719393 -8.130394167645457
45.095721356761466 -8.130385453195156
47.499794346614124 -8.130375767530488
50.03202953826004 -8.130365006252687
52.699259315756564 -8.130353053186836
55.50868030059805 -8.130339779235975
58.467872769375894 -8.130325041007975
61.58482110660264 -8.13030867940135
64.86793534788511 -8.130290517675833
68.32607387157402 -8.13027035971783
71.96856730011521 -8.130247988028183
75.8052436755926 -8.130223160691406
79.84645497739086 -8.130195609956374
84.10310505352605 -8.130165038142621
88.58667904100822 -8.130131115107146
93.30927435461668 -8.13009347468461
98.28363332770026 -8.130051710394705
103.52317759307378 -8.130005371444613
109.04204429677526 -8.129953957340643
114.8551242423938 -8.129896913094857
120.97810206889012 -8.129833622974271
127.42749857031335 -8.129763403411381
134.2207152716012 -8.12968549680006
141.37608138073614 -8.129599061838316
148.91290324394086 -8.129503165845192
156.85151643735477 -8.129396773760558
165.213340635737 -8.129278737172148
174.0209374062485 -8.129147782474455
183.29807108324357 -8.129002496600439
193.06977288832496 -8.128841311984896
203.36240846866724 -8.128662489749454
214.2037490358383 -8.128464100835009
225.62304629706352 -8.12824400552959
237.65111138110728 -8.127999830285223
250.32039797173255 -8.127728942385335
263.6650898730358 -8.127428421633615
277.7211932429355 -8.127095028765375
292.5266337436645 -8.126725171201395
308.1213588714002 -8.12631486448886
324.54744574113323 -8.125859689252401
341.84921461759274 -8.125354744898965
360.073348498562 -8.124794596161854
379.26901907322497 -8.124173216221806
399.48801939541704 -8.123483921939565
420.78490362974026 -8.122719303420704
443.21713424760856 -8.121871144846113
466.84523707037897 -8.120930337896228
491.73296457790156 -8.119886785807974
517.9474679231213 -8.118729296604926
545.5594781168514 -8.11744546623083
574.6434968715973 -8.116021547836135
605.2779976193349 -8.114442309177724
637.5456372456507 -8.112690874163984
671.5334791115142 -8.110748548133644
707.3332279644438 -8.108594625395156
745.0414773728917 -8.106206177327172
784.7599703514607 -8.10355781896855
826.5958738801812 -8.1006214521576
870.6620680585127 -8.09736598356242
917.0774506742931 -8.093757015391155
965.9672580093833 -8.089756505267822
1017.4634027476063 -8.08532239570917
1071.7048298967104 -8.080408207428446
1128.8378916846884 -8.074962597069343
1189.01674244199 -8.06892887360945
1252.4037545350732 -8.062244476273202
1319.1699564735716 -8.054840404748811
1389.4954943731375 -8.046640606146976
1463.5701180190797 -8.037561313879664
1541.5936928422718 -8.027510337527863
1623.776739188721 -8.016386304679205
1710.3410003378397 -8.004077854062157
1801.520040802024 -7.9904627812823446
1897.5598765218504 -7.9754071430207585
1998.7196386572507 -7.95876432037844
2105.272272765707 -7.940374052652162
2217.505275253932 -7.920061447820879
2335.7214690901214 -7.89763598508644
2460.239820869775 -7.8728905245308844
2591.3963014396572 -7.845600343587423
2729.5447924020073 -7.8155222276266025
2875.0580409448803 -7.782393642345028
3028.3286655749457 -7.745932024005363
3189.7702154663216 -7.705834229613488
3359.818286283781 -7.661776191410419
3538.9316954909877 -7.61341282922658
3727.593720314938 -7.560378275668578
3926.3134017068355 -7.5022864745645865
4135.626917817706 -7.438732212135513
4356.099030694608 -7.3692926421485225
4588.324610100844 -7.293529359968196
4832.930238571752 -7.210991072225141
5090.575902036681 -7.121216898244916
5361.956770568817 -7.02374031937836
5647.805074067552 -6.918093771130716
5948.892077934331 -6.803813845735574
6266.030164072656 -6.680447039502631
6600.075022827095 -6.547555948471295
6951.927961775606 -6.404725777289589
7322.538337604534 -6.251570996106425
7712.906117627992 -6.087741949815175
8124.0845778629655 -5.912931203172142
8557.183144940002 -5.726879397200296
9013.37038951743 -5.529380389264888
9493.87717927582 -5.320285469727741
10000.0 -5.099506476766548
10533.104453709382 -4.867017670340925
11094.628943275218 -4.622856283976206
11686.088553466498 -4.367121727888126
12309.079138896019 -4.099973478850382
12965.281629896688 -3.821627754323022
13656.466567946096 -3.5323531109841575
14384.498882876629 -3.2324651584010784
15151.342924760515 -2.9223205950767754
15959.06776404731 -2.60231079984906
16809.852774253653 -2.272855196783713
17705.99351226898 -1.9343946127671092
18649.907912142942 -1.5873848131271315
19644.142809066267 -1.2322903803066416
20691.3808111479 -0.869579059045063
21794.447537529835 -0.49971666165243
22956.319242369096 -0.12316259165911163
24180.13084525718 0.25963398607608223
25469.184389745402 0.6482373299300703
26826.957952797275 1.0422276792877265
28257.115029208268 1.4412032244997466
29763.51441631313 1.8447815365306544
31350.220625651124 2.252600515650241
33021.51484968176 2.664318916514193
34781.90651314134 3.079616511345961
36636.14544020716 3.498193952380654
38589.23467029899 3.9197723838276923
40646.44395709628 4.344092860153382
42813.32398719396 4.770915612206653
45095.721356761445 5.200019201806448
47499.79434661403 5.631199599999995
50032.029538259994 6.064269217405589
52699.259315756564 6.499055911386149
55508.680300598106 6.935401987901987
58467.87276937589 7.373163216596134
61584.82110660255 7.812207868479787
64867.935347885075 8.252415786944624
68326.07387157406 8.693677498753072
71968.56730011514 9.13589336779232
75805.24367559262 9.578972798424036
79846.45497739078 10.022833484767643
84103.10505352604 10.467400710450965
88586.67904100832 10.912606695628197
93309.27435461663 11.358389992084932
98283.63332770011 11.804694923311473
103523.17759307378 12.251471068056892
109042.04429677526 12.698672785686046
114855.12424239368 13.146258779871419
120978.10206889013 13.594191699295697
127427.49857031321 14.042437771838799
134220.7152716012 14.490966471235183
141376.08138073614 14.939750212492505
148912.90324394088 15.388764074521813
156851.5164373548 15.837985548219358
165213.34063573685 16.28739430638959
174020.9374062485 16.736971995612517
183298.07108324338 17.18670204761311
193069.77288832495 17.636569507133824
203362.40846866704 18.086560876545374
214203.74903583832 18.536663975341877
225623.04629706353 18.986867811936772
237651.11138110727 19.43716246881031
250320.39797173254 19.887538997891127
263665.08987303555 20.337989325785685
277721.1932429355 20.788506168578337
292526.6337436642 21.239082954531895
308121.35887140024 21.689713754204263
324547.44574113254 22.140393217862176
341849.21461759275 22.591116517283957
360073.348498562 23.04187929547846
379269.0190732246 23.492677619665496
399488.019395417 23.943507938898726
420784.9036297398 24.394367046565186
443217.13424760854 24.845252045497027
466845.2370703785 25.296160317595007
491732.9645779016 25.747089495012613
517947.46792312124 26.198037435213315
545559.4781168514 26.649002197632306
574643.4968715974 27.099982023211787
605277.9976193343 27.550975315030296
637545.6372456506 28.001980621450272
671533.4791115135 28.45299662020129
707333.2279644439 28.90402210455086
745041.4773728917 29.355055969658622
784759.9703514606 29.806097201764857
826595.8738801812 30.257144865709762
870662.0680585118 30.708198096568747
917077.4506742931 31.159256088764366
965967.2580093823 31.610318088597587
1017463.4027476063 32.06138338543014
1071704.8298967092 32.51245130399607
1128837.8916846884 32.96352119763653
1189016.74244199 33.414592441020076
1252403.7545350718 33.86566442306821
1319169.9564735717 34.31673654094669
1389495.494373136 34.767808192996014
1463570.1180190798 35.218878773225654
1541593.6928422702 35.669947662940906
1623776.739188721 36.12101422627308
1710341.0003378377 36.572077801792
1801520.0408020238 37.023137695619205
1897559.8765218505 37.474193174374676
1998719.6386572486 37.92524345757988
2105272.272765707 38.37628770735235
2217505.2752539297 38.827325022133536
2335721.4690901213 39.27835442481097
2460239.8208697727 39.72937485338551
2591396.3014396573 40.1803851481087
2729544.792402007 40.63138404108823
2875058.040944877 41.082370140891555
3028328.6655749455 41.53334191816478
3189770.215466318 41.98429768982421
3359818.286283781 42.43523559926053
3538931.6954909842 42.88615359823413
3727593.720314938 43.337049423780904
3926313.4017068394 43.787920574160324
4135626.917817706 44.23876428210832
4356099.030694608 44.68957748487031
4588324.61010084 45.140356792166685
4832930.238571752 45.59109844794725
5090575.902036676 46.0417982933448
5361956.770568817 46.492451719293726
5647805.074067546 46.94305361821776
5948892.077934331 47.39359833122115
6266030.164072656 47.84407958454508
6600075.022827089 48.294490425967936
6951927.961775606 48.744823150309024
7322538.337604526 49.19506921517957
7712906.117627992 49.64521915589959
8124084.5778629575 50.09526248002238
8557183.144940002 50.54518756155974
9013370.38951742 50.99498151617012
9493877.17927582 51.444630067526916
10000000.0 51.894117399689364
10533104.45370936 52.34342599177679
11094628.943275219 52.792536437521235
11686088.553466497 53.24142724692423
12309079.138896018 53.69007462332697
12965281.629896663 54.13845222877403
13656466.567946097 54.58653091356622
14384498.882876629 55.0342784198897
15151342.924760515 55.48165908287298
15959067.76404731 55.92863344951251
16809852.774253618 56.3751579256849
17705993.51226898 56.82118433643385
18649907.912142944 57.26665948112093
19644142.809066266 57.711524640554885
20691380.811147902 58.155715037056225
21794447.537529834 58.5991592582989
22956319.242369097 59.04177860003753
24180130.84525718 59.48348645552774
25469184.3897454 59.92418755063417
26826957.95279722 60.36377717741711
28257115.02920827 60.80214038372438
29763514.41631313 61.239151191022636
31350220.62565112 61.67467156203557
33021514.849681754 62.10855063245293
34781906.51314127 62.5406237184054
36636145.44020716 62.970711306174465
38589234.67029899 63.3986182588967
40646443.95709628 63.82413277685199
42813323.98719387 64.24702571470324
45095721.35676145 64.66704960515118
47499794.346614026 65.08393840066563
50032029.53825999 65.49740677511917
52699259.31575657 65.90715006258091
55508680.300597996 66.3128443490089
58467872.7693759 66.71414672323765
61584821.10660254 67.1106974664679
64867935.34788508 67.50211931185125
68326073.87157391 67.88802227095483
71968567.30011514 68.26800422843206
75805243.67559262 68.64165637332584
79846454.97739078 69.00856726068001
84103105.05352604 69.36832780909918
88586679.04100814 69.720539403748
93309274.35461664 70.0648210277211
98283633.32770011 70.40081665726971
103523177.59307377 70.7282097884712
109042044.29677527 71.0467257840226
114855124.24239345 71.356152020441
120978102.06889038 71.65634315195702
127427498.57031322 71.94723473594492
134220715.2716012 72.22885705101214
141376081.38073614 72.50133854369784
148912903.24394056 72.76491722307205
156851516.43735445 73.01995263078314
165213340.63573685 73.26692320145315
174020937.40624848 73.50642224677752
183298071.08324376 73.73917361592204
193069772.88832456 73.9660042487267
203362408.46866703 74.18784747867295
214203749.0358383 74.4057307578082
225623046.2970626 74.62073850765816
237651111.38110778 74.8340415898836
250320397.97173202 75.0468080950608
263665089.87303555 75.26023531888482
277721193.2429355 75.47550092992061
292526633.74366355 75.69375434571327
308121358.87140083 75.9160816028064
324547445.74113256 76.14351089761311
341849214.6175927 76.37694228523398
360073348.49856204 76.61721278199028
379269019.0732238 76.86502838807836
399488019.39541787 77.12095380642101
420784903.6297398 77.38547466539944
443217134.24760854 77.65892795117695
466845237.07037944 77.94154176189177
491732964.5779006 78.23341965399004
517947467.9231202 78.5346206888875
545559478.1168514 78.84505211686917
574643496.8715974 79.164527113588
605277997.6193355 79.49283912368605
637545637.2456493 79.82974629217722
671533479.1115135 80.17490690460895
707333227.9644439 80.52791549742889
745041477.3728887 80.8884859031376
784759970.3514622 81.25616090706687
826595873.8801795 81.63050845817423
870662068.0585117 82.01111639391735
917077450.674293 82.39766258742578
965967258.0093802 82.78962954758491
1017463402.7476043 83.18669081436715
1071704829.8967092 83.5885287197201
1128837891.6846883 83.99462307457756
1189016742.44199 84.40475648562484
1252403754.5350692 84.81870409701848
1319169956.473569 85.23587830926154
1389495494.373136 85.6561986150106
1463570118.0190797 86.0793887717454
1541593692.8422735 86.5052278251938
1623776739.1887176 86.93335887264581
1710341000.337838 87.36376964344272
1801520040.802024 87.79607570899122
1897559876.5218503 88.22998145762428
1998719638.6572526 88.66574656557032
2105272272.7657027 89.10285984736203
2217505275.2539296 89.54140976572705
2335721469.0901213 89.98108298720929
2460239820.8697777 90.421907024422
2591396301.439652 90.86367182530118
2729544792.402002 91.30631124141385
2875058040.944877 91.74990671647478
3028328665.5749454 92.19421795656166
3189770215.466325 92.6391052132628
3359818286.2837744 93.08467959349274
3538931695.4909844 93.5307692340391
3727593720.314938 93.97748330425343
3926313401.7068396 94.42437423613163
4135626917.8176975 94.87192163940264
4356099030.694599 95.31959934061848
4588324610.100841 95.76758809496573
4832930238.571753 96.21631187133589
5090575902.036687 96.66462261184594
5361956770.568806 97.1137748436932
5647805074.067546 97.56244572693427
5948892077.934331 98.01217139041356
6266030164.072656 98.46153554915045
6600075022.827075 98.91114896320167
6951927961.775591 99.36132539473081
7322538337.6045265 99.81100079591002
7712906117.627993 100.26118480693205
8124084577.862974 100.71111465949716
8557183144.939984 101.16158120827642
9013370389.51742 101.61201159648184
9493877179.27582 102.06231202870562
10000000000.0 102.51275411256017
