10.0 52.63340725561324
10.53310445370937 52.4053474417121
11.094628943275218 52.181524819051134
11.686088553466515 51.96270558840101
12.309079138896024 51.749594943344206
12.965281629896682 51.54282954374934
13.65646656794611 51.34297125701532
14.38449888287663 51.15050264306425
15.15134292476053 50.96582376505128
15.95906776404731 50.7892509669405
16.80985277425364 50.62101699093877
17.70599351226899 50.461272848018346
18.64990791214297 50.31009128533334
19.644142809066278 50.16747114061439
20.6913808111479 50.03334336690762
21.794447537529855 49.907577388580926
22.956319242369098 49.78998844310078
24.180130845257207 49.68034506485527
25.4691843897454 49.57837678838632
26.826957952797258 49.483781763834635
28.257115029208283 49.39623400182594
29.76351441631318 49.31539023105991
31.350220625651154 49.24089622357171
33.02151484968176 49.17239249920304
34.7819065131413 49.109519194236036
36.63614544020716 49.05192044560244
38.58923467029903 48.99924798038082
40.646443957096295 48.95116407625791
42.81332398719393 48.907343869563704
45.095721356761466 48.86747720163284
47.499794346614124 48.83126986126278
50.03202953826004 48.79844452653921
52.699259315756564 48.768741214631355
55.50868030059805 48.74191751624152
58.467872769375894 48.71774854146618
61.58482110660264 48.696026671590324
64.86793534788511 48.67656118291133
68.32607387157402 48.659177690104514
71.96856730011521 48.643717619746305
75.8052436755926 48.63003745693764
79.84645497739086 48.61800817835455
84.10310505352605 48.60751453235218
88.58667904100822 48.598454284607485
93.30927435461668 48.59073764378395
98.28363332770026 48.58428654175525
103.52317759307378 48.57903404742089
109.04204429677526 48.574923730761554
114.8551242423938 48.571909140423195
120.97810206889012 48.56995312662696
127.42749857031335 48.56902745344754
134.2207152716012 48.56911215953102
141.37608138073614 48.570195080319166
148.91290324394086 48.57227123550083
156.85151643735477 48.57534233177212
165.213340635737 48.57941607125991
174.0209374062485 48.58450559391815
183.29807108324357 48.59062860390881
193.06977288832496 48.59780669767211
203.36240846866724 48.60606431916353
214.2037490358383 48.61542781803649
225.62304629706352 48.625924306517156
237.65111138110728 48.63758034573251
250.32039797173255 48.65042057546355
263.6650898730358 48.664466225168056
277.7211932429355 48.67973356940951
292.5266337436645 48.696232206279504
308.1213588714002 48.71396342437115
324.54744574113323 48.73291861624875
341.84921461759274 48.75307769967726
360.073348498562 48.774407840022334
379.26901907322497 48.79686226424195
399.48801939541704 48.82037966911824
420.78490362974026 48.84488371967219
443.21713424760856 48.87028333870746
466.84523707037897 48.89647335004543
491.73296457790156 48.92333563952168
517.9474679231213 48.95074100430108
545.5594781168514 48.97855135060092
574.6434968715973 49.00662240086994
605.2779976193349 49.03480660524461
637.5456372456507 49.062956425053564
671.5334791115142 49.09092741148345
707.3332279644438 49.118581435735116
745.0414773728917 49.145789506835094
784.7599703514607 49.17243436365303
826.5958738801812 49.1984124427325
870.6620680585127 49.22363564251952
917.0774506742931 49.2480322539963
965.9672580093833 49.271547626481926
1017.4634027476063 49.29414404887689
1071.7048298967104 49.315800558894544
1128.8378916846884 49.33651210962425
1189.01674244199 49.35628860920364
1252.4037545350732 49.375153595992636
1319.1699564735716 49.39314307650897
1389.4954943731375 49.41030398660641
1463.5701180190797 49.42669293897349
1541.5936928422718 49.442374879582715
1623.776739188721 49.45742192576601
1710.3410003378397 49.4719122554816
1801.520040802024 49.48592922582936
1897.5598765218504 49.49956053710815
1998.7196386572507 49.51289767160637
2105.272272765707 49.52603544564568
2217.505275253932 49.53907151686099
2335.7214690901214 49.55210626391395
2460.239820869775 49.56524252027289
2591.3963014396572 49.57858557821224
2729.5447924020073 49.59224319338179
2875.0580409448803 49.60632541718923
3028.3286655749457 49.620944918109785
3189.7702154663216 49.63621664658609
3359.818286283781 49.65225817093038
3538.9316954909877 49.6691894298266
3727.593720314938 49.68713286336431
3926.3134017068355 49.706213126511265
4135.626917817706 49.72655698022364
4356.099030694608 49.74829345061352
4588.324610100844 49.771553332710695
4832.930238571752 49.796469039742995
5090.575902036681 49.82317495474326
5361.956770568817 49.85180703529214
5647.805074067552 49.882503638836596
5948.892077934331 49.91540554274063
6266.030164072656 49.95065737959476
6600.075022827095 49.98840878524745
6951.927961775606 50.028816330441444
7322.538337604534 50.0720459888495
7712.906117627992 50.11827613484873
8124.0845778629655 50.167701303557436
8557.183144940002 50.22053597429662
9013.37038951743 50.277019135708585
9493.87717927582 50.3374184674406
10000.0 50.40203468845786
10533.104453709382 50.47120523239728
11094.628943275218 50.54530688127305
11686.088553466498 50.62475707233024
12309.079138896019 50.71001403574981
12965.281629896688 50.80157412734217
13656.466567946096 50.899967963565004
14384.498882876629 51.00575362178133
15151.342924760515 51.11950808748395
15959.06776404731 51.24181719098652
16809.852774253653 51.373263095713675
17705.99351226898 51.51441181738021
18649.907912142942 51.66579998914525
19644.142809066267 51.827921684137586
20691.3808111479 52.00121651520181
21794.447537529835 52.18605880882844
22956.319242369096 52.38274894794421
24180.13084525718 52.59150693063137
25469.184389745402 52.8124682917401
26826.957952797275 53.04568270994862
28257.115029208268 53.29111497485318
29763.51441631313 53.54864826433406
31350.220625651124 53.81808915201987
33021.51484968176 54.099174538012164
34781.90651314134 54.39157950652704
36636.14544020716 54.69492611054676
38589.23467029899 55.00879245955844
40646.44395709628 55.33272184543708
42813.32398719396 55.6662317908632
45095.721356761445 56.00882228203328
47499.79434661403 56.359983741877784
50032.029538259994 56.71920384120389
52699.259315756564 57.085973549112445
55508.680300598106 57.45979238264434
58467.87276937589 57.84017288722252
61584.82110660255 58.226643743670266
64867.935347885075 58.61875270613411
68326.07387157406 59.01606856250836
71968.56730011514 59.41818233888248
75805.24367559262 59.82470826047046
79846.45497739078 60.23528395741988
84103.10505352604 60.64957053185516
88586.67904100832 61.067252068093445
93309.27435461663 61.48803513595894
98283.63332770011 61.91164803878766
103523.17759307378 62.33783963686633
109042.04429677526 62.76637859848995
114855.12424239368 63.19705217772616
120978.10206889013 63.6296651059357
127427.49857031321 64.06403833989286
134220.7152716012 64.5000081868982
141376.08138073614 64.93742503958524
148912.90324394088 65.3761524210872
156851.5164373548 65.81606578454243
165213.34063573685 66.25705165984851
174020.9374062485 66.69900692667775
183298.07108324338 67.14183751673431
193069.77288832495 67.58545814427512
203362.40846866704 68.02979105635897
214203.74903583832 68.47476575265601
225623.04629706353 68.92031800500176
237651.11138110727 69.36638942412773
250320.39797173254 69.81292696327586
263665.08987303555 70.25988229138056
277721.1932429355 70.70721132670505
292526.6337436642 71.1548737912811
308121.35887140024 71.60283312920873
324547.44574113254 72.05105547595146
341849.21461759275 72.499510070046
360073.348498562 72.9481683725958
379269.0190732246 73.39700403506856
399488.019395417 73.84599254902001
420784.9036297398 74.29511110048195
443217.13424760854 74.744338249364
466845.2370703785 75.19365358154937
491732.9645779016 75.64303784560198
517947.46792312124 76.09247229465714
545559.4781168514 76.54193909061078
574643.4968715974 76.99142025688866
605277.9976193343 77.44089851229116
637545.6372456506 77.89035621534009
671533.4791115135 78.33977600608408
707333.2279644439 78.78913969345807
745041.4773728917 79.23842854462289
784759.9703514606 79.68762397840227
826595.8738801812 80.13670553189539
870662.0680585118 80.5856522346254
917077.4506742931 81.03444202341068
965967.2580093823 81.48305084028212
1017463.4027476063 81.9314534693745
1071704.8298967092 82.3796227143551
1128837.8916846884 82.82752964800109
1189016.74244199 83.27514267849304
1252403.7545350718 83.7224283080066
1319169.9564735717 84.16934967160465
1389495.494373136 84.61586800533617
1463570.1180190798 85.06194116077182
1541593.6928422702 85.50752318767866
1623776.739188721 85.95256603803324
1710341.0003378377 86.3970171610506
1801520.0408020238 86.84082100450811
1897559.8765218505 87.28391852314988
1998719.6386572486 87.72624683175403
2105272.272765707 88.16773981116276
2217505.2752539297 88.60832828072338
2335721.4690901213 89.0479402122864
2460239.8208697727 89.48650117420127
2591396.3014396573 89.92393462313251
2729544.792402007 90.36016353482758
2875058.040944877 90.79511081811813
3028328.6655749455 91.22870074036788
3189770.215466318 91.66085977255187
3359818.286283781 92.09151929603854
3538931.6954909842 92.5206163496364
3727593.720314938 92.9480968679112
3926313.4017068394 93.37391642470877
4135626.917817706 93.79804419879433
4356099.030694608 94.22046355216284
4588324.61010084 94.64117649226638
4832930.238571752 95.06020398848997
5090575.902036676 95.47758835652225
5361956.770568817 95.89339527901076
5647805.074067546 96.30771425554465
5948892.077934331 96.72065951362357
6266030.164072656 97.13236899587089
6600075.022827089 97.54300289673765
6951927.961775606 97.95274291689353
7322538.337604526 98.36178825168473
7712906.117627992 98.77035245178593
8124084.5778629575 99.17865909818485
8557183.144940002 99.58693727639732
9013370.38951742 99.99541681553436
9493877.17927582 100.40432317955977
10000000.0 100.81387281790589
10533104.45370936 101.22426921931277
11094628.943275219 101.63569824794835
11686088.553466497 102.04832613580963
12309079.138896018 102.46229650006251
12965281.629896663 102.87772986362592
13656466.567946097 103.29472146061585
14384498.882876629 103.71334295432897
15151342.924760515 104.13364325399867
15959067.76404731 104.55564833046326
16809852.774253618 104.9793643205848
17705993.51226898 105.40477995750862
18649907.912142944 105.83186729570266
19644142.809066266 106.26058575540112
20691380.811147902 106.6908834800644
21794447.537529834 107.12269976775006
22956319.242369097 107.55596774072228
24180130.84525718 107.99061500259444
25469184.3897454 108.42656656374751
26826957.95279722 108.86374639878782
28257115.02920827 109.30207712403515
29763514.41631313 109.74148293295983
31350220.62565112 110.18188920037201
33021514.849681754 110.62322397495592
34781906.51314127 111.06541780452291
36636145.44020716 111.50840439826919
38589234.67029899 111.95212123502587
40646443.95709628 112.3965093881833
42813323.98719387 112.84151219437365
45095721.35676145 113.28707910644778
47499794.346614026 113.73316090371335
50032029.53825999 114.17971361865841
52699259.31575657 114.62669489523385
55508680.300597996 115.07406705757171
58467872.7693759 115.52179475872505
61584821.10660254 115.96984482555646
64867935.34788508 116.41818993545547
68326073.87157391 116.86680049938406
71968567.30011514 117.315651504686
75805243.67559262 117.76472358968184
79846454.97739078 118.21399385017622
84103105.05352604 118.6634411256351
88586679.04100814 119.113052966241
93309274.35461664 119.56281606563903
98283633.32770011 120.01271329713049
103523177.59307377 120.46272174530094
109042044.29677527 120.91284320206299
114855124.24239345 121.36306151849817
120978102.06889038 121.81337333574506
127427498.57031322 122.26375554442468
134220715.2716012 122.7142220436966
141376081.38073614 123.1647421610507
148912903.24394056 123.6153315779086
156851516.43735445 124.06596431013499
165213340.63573685 124.51665116810554
174020937.40624848 124.96738803503071
183298071.08324376 125.41814996009202
193069772.88832456 125.8689550499711
203362408.46866703 126.31979227039751
214203749.0358383 126.77064996329777
225623046.2970626 127.22154846518296
237651111.38110778 127.67246685203688
250320397.97173202 128.1233938752227
263665089.87303555 128.57435169421473
277721193.2429355 129.02532095695406
292526633.74366355 129.4763116808854
308121358.87140083 129.92731058222154
324547445.74113256 130.37832928515317
341849214.6175927 130.82934058306176
360073348.49856204 131.28038722027296
379269019.0732238 131.73144679785258
399488019.39541787 132.18247296415592
420784903.6297398 132.63353878594413
443217134.24760854 133.08460245977668
466845237.07037944 133.5356613000704
491732964.5779006 133.98675138956537
517947467.9231202 134.43783486203677
545559478.1168514 134.88892610375692
574643496.8715974 135.34001404464237
605277997.6193355 135.7911176878961
637545637.2456493 136.24219872420667
671533479.1115135 136.69331845907251
707333227.9644439 137.14442762828813
745041477.3728887 137.59552104225043
784759970.3514622 138.0466266560831
826595873.8801795 138.4977371525867
870662068.0585117 138.94885970399815
917077450.674293 139.39993260571558
965967258.0093802 139.8511136509618
1017463402.7476043 140.30217443826234
1071704829.8967092 140.7533056429334
1128837891.6846883 141.2044120123536
1189016742.44199 141.6555091974173
1252403754.5350692 142.10662046326982
1319169956.473569 142.5578147063271
1389495494.373136 143.00886252889083
1463570118.0190797 143.46001716357927
1541593692.8422735 143.91115609232645
1623776739.1887176 144.36218758403606
1710341000.337838 144.8133965202428
1801520040.802024 145.2645961570029
1897559876.5218503 145.71564670574682
1998719638.6572526 146.16679711207226
2105272272.7657027 146.61786438436917
2217505275.2539296 147.06902946592714
2335721469.0901213 147.52019765987677
2460239820.8697777 147.97127980787064
2591396301.439652 148.42243875277083
2729544792.402002 148.87352621329006
2875058040.944877 149.324704664525
3028328665.5749454 149.7757540160717
3189770215.466325 150.22693490482195
3359818286.2837744 150.6780246840121
3538931695.4909844 151.12920017437372
3727593720.314938 151.58020451756414
3926313401.7068396 152.03134345766838
4135626917.8176975 152.48258055504112
4356099030.694599 152.93366368054845
4588324610.100841 153.38473419754646
4832930238.571753 153.8359727652549
5090575902.036687 154.2870746420286
5361956770.568806 154.73814234293707
5647805074.067546 155.18924352750582
5948892077.934331 155.64046480509728
6266030164.072656 156.09142577044312
6600075022.827075 156.54258312308792
6951927961.775591 156.99378822149112
7322538337.6045265 157.44500531706936
7712906117.627993 157.89599098378488
8124084577.862974 158.34727091332786
8557183144.939984 158.79810995160753
9013370389.51742 159.24967377171504
9493877179.27582 159.7008469586496
10000000000.0 160.15181136594458
10.0 52.63340725561324
10.53310445370937 52.4053474417121
11.094628943275218 52.181524819051134
11.686088553466515 51.96270558840101
12.309079138896024 51.749594943344206
12.965281629896682 51.54282954374934
13.65646656794611 51.34297125701532
14.38449888287663 51.15050264306425
15.15134292476053 50.96582376505128
15.95906776404731 50.7892509669405
16.80985277425364 50.62101699093877
17.70599351226899 50.461272848018346
18.64990791214297 50.31009128533334
19.644142809066278 50.16747114061439
20.6913808111479 50.03334336690762
21.794447537529855 49.907577388580926
22.956319242369098 49.78998844310078
24.180130845257207 49.68034506485527
25.4691843897454 49.57837678838632
26.826957952797258 49.483781763834635
28.257115029208283 49.39623400182594
29.76351441631318 49.31539023105991
31.350220625651154 49.24089622357171
33.02151484968176 49.17239249920304
34.7819065131413 49.109519194236036
36.63614544020716 49.05192044560244
38.58923467029903 48.99924798038082
40.646443957096295 48.95116407625791
42.81332398719393 48.907343869563704
45.095721356761466 48.86747720163284
47.499794346614124 48.83126986126278
50.03202953826004 48.79844452653921
52.699259315756564 48.768741214631355
55.50868030059805 48.74191751624152
58.467872769375894 48.71774854146618
61.58482110660264 48.696026671590324
64.86793534788511 48.67656118291133
68.32607387157402 48.659177690104514
71.96856730011521 48.643717619746305
75.8052436755926 48.63003745693764
79.84645497739086 48.61800817835455
84.10310505352605 48.60751453235218
88.58667904100822 48.598454284607485
93.30927435461668 48.59073764378395
98.28363332770026 48.58428654175525
103.52317759307378 48.57903404742089
109.04204429677526 48.574923730761554
114.8551242423938 48.571909140423195
120.97810206889012 48.56995312662696
127.42749857031335 48.56902745344754
134.2207152716012 48.56911215953102
141.37608138073614 48.570195080319166
148.91290324394086 48.57227123550083
156.85151643735477 48.57534233177212
165.213340635737 48.57941607125991
174.0209374062485 48.58450559391815
183.29807108324357 48.59062860390881
193.06977288832496 48.59780669767211
203.36240846866724 48.60606431916353
214.2037490358383 48.61542781803649
225.62304629706352 48.625924306517156
237.65111138110728 48.63758034573251
250.32039797173255 48.65042057546355
263.6650898730358 48.664466225168056
277.7211932429355 48.67973356940951
292.5266337436645 48.696232206279504
308.1213588714002 48.71396342437115
324.54744574113323 48.73291861624875
341.84921461759274 48.75307769967726
360.073348498562 48.774407840022334
379.26901907322497 48.79686226424195
399.48801939541704 48.82037966911824
420.78490362974026 48.84488371967219
443.21713424760856 48.87028333870746
466.84523707037897 48.89647335004543
491.73296457790156 48.92333563952168
517.9474679231213 48.95074100430108
545.5594781168514 48.97855135060092
574.6434968715973 49.00662240086994
605.2779976193349 49.03480660524461
637.5456372456507 49.062956425053564
671.5334791115142 49.09092741148345
707.3332279644438 49.118581435735116
745.0414773728917 49.145789506835094
784.7599703514607 49.17243436365303
826.5958738801812 49.1984124427325
870.6620680585127 49.22363564251952
917.0774506742931 49.2480322539963
965.9672580093833 49.271547626481926
1017.4634027476063 49.29414404887689
1071.7048298967104 49.315800558894544
1128.8378916846884 49.33651210962425
1189.01674244199 49.35628860920364
1252.4037545350732 49.375153595992636
1319.1699564735716 49.39314307650897
1389.4954943731375 49.41030398660641
1463.5701180190797 49.42669293897349
1541.5936928422718 49.442374879582715
1623.776739188721 49.45742192576601
1710.3410003378397 49.4719122554816
1801.520040802024 49.48592922582936
1897.5598765218504 49.49956053710815
1998.7196386572507 49.51289767160637
2105.272272765707 49.52603544564568
2217.505275253932 49.53907151686099
2335.7214690901214 49.55210626391395
2460.239820869775 49.56524252027289
2591.3963014396572 49.57858557821224
2729.5447924020073 49.59224319338179
2875.0580409448803 49.60632541718923
3028.3286655749457 49.620944918109785
3189.7702154663216 49.63621664658609
3359.818286283781 49.65225817093038
3538.9316954909877 49.6691894298266
3727.593720314938 49.68713286336431
3926.3134017068355 49.706213126511265
4135.626917817706 49.72655698022364
4356.099030694608 49.74829345061352
4588.324610100844 49.771553332710695
4832.930238571752 49.796469039742995
5090.575902036681 49.82317495474326
5361.956770568817 49.85180703529214
5647.805074067552 49.882503638836596
5948.892077934331 49.91540554274063
6266.030164072656 49.95065737959476
6600.075022827095 49.98840878524745
6951.927961775606 50.028816330441444
7322.538337604534 50.0720459888495
7712.906117627992 50.11827613484873
8124.0845778629655 50.167701303557436
8557.183144940002 50.22053597429662
9013.37038951743 50.277019135708585
9493.87717927582 50.3374184674406
10000.0 50.40203468845786
10533.104453709382 50.47120523239728
11094.628943275218 50.54530688127305
11686.088553466498 50.62475707233024
12309.079138896019 50.71001403574981
12965.281629896688 50.80157412734217
13656.466567946096 50.899967963565004
14384.498882876629 51.00575362178133
15151.342924760515 51.11950808748395
15959.06776404731 51.24181719098652
16809.852774253653 51.373263095713675
17705.99351226898 51.51441181738021
18649.907912142942 51.66579998914525
19644.142809066267 51.827921684137586
20691.3808111479 52.00121651520181
21794.447537529835 52.18605880882844
22956.319242369096 52.38274894794421
24180.13084525718 52.59150693063137
25469.184389745402 52.8124682917401
26826.957952797275 53.04568270994862
28257.115029208268 53.29111497485318
29763.51441631313 53.54864826433406
31350.220625651124 53.81808915201987
33021.51484968176 54.099174538012164
34781.90651314134 54.39157950652704
36636.14544020716 54.69492611054676
38589.23467029899 55.00879245955844
40646.44395709628 55.33272184543708
42813.32398719396 55.6662317908632
45095.721356761445 56.00882228203328
47499.79434661403 56.359983741877784
50032.029538259994 56.71920384120389
52699.259315756564 57.085973549112445
55508.680300598106 57.45979238264434
58467.87276937589 57.84017288722252
61584.82110660255 58.226643743670266
64867.935347885075 58.61875270613411
68326.07387157406 59.01606856250836
71968.56730011514 59.41818233888248
75805.24367559262 59.82470826047046
79846.45497739078 60.23528395741988
84103.10505352604 60.64957053185516
88586.67904100832 61.067252068093445
93309.27435461663 61.48803513595894
98283.63332770011 61.91164803878766
103523.17759307378 62.33783963686633
109042.04429677526 62.76637859848995
114855.12424239368 63.19705217772616
120978.10206889013 63.6296651059357
127427.49857031321 64.06403833989286
134220.7152716012 64.5000081868982
141376.08138073614 64.93742503958524
148912.90324394088 65.3761524210872
156851.5164373548 65.81606578454243
165213.34063573685 66.25705165984851
174020.9374062485 66.69900692667775
183298.07108324338 67.14183751673431
193069.77288832495 67.58545814427512
203362.40846866704 68.02979105635897
214203.74903583832 68.47476575265601
225623.04629706353 68.92031800500176
237651.11138110727 69.36638942412773
250320.39797173254 69.81292696327586
263665.08987303555 70.25988229138056
277721.1932429355 70.70721132670505
292526.6337436642 71.1548737912811
308121.35887140024 71.60283312920873
324547.44574113254 72.05105547595146
341849.21461759275 72.499510070046
360073.348498562 72.9481683725958
379269.0190732246 73.39700403506856
399488.019395417 73.84599254902001
420784.9036297398 74.29511110048195
443217.13424760854 74.744338249364
466845.2370703785 75.19365358154937
491732.9645779016 75.64303784560198
517947.46792312124 76.09247229465714
545559.4781168514 76.54193909061078
574643.4968715974 76.99142025688866
605277.9976193343 77.44089851229116
637545.6372456506 77.89035621534009
671533.4791115135 78.33977600608408
707333.2279644439 78.78913969345807
745041.4773728917 79.23842854462289
784759.9703514606 79.68762397840227
826595.8738801812 80.13670553189539
870662.0680585118 80.5856522346254
917077.4506742931 81.03444202341068
965967.2580093823 81.48305084028212
1017463.4027476063 81.9314534693745
1071704.8298967092 82.3796227143551
1128837.8916846884 82.82752964800109
1189016.74244199 83.27514267849304
1252403.7545350718 83.7224283080066
1319169.9564735717 84.16934967160465
1389495.494373136 84.61586800533617
1463570.1180190798 85.06194116077182
1541593.6928422702 85.50752318767866
1623776.739188721 85.95256603803324
1710341.0003378377 86.3970171610506
1801520.0408020238 86.84082100450811
1897559.8765218505 87.28391852314988
1998719.6386572486 87.72624683175403
2105272.272765707 88.16773981116276
2217505.2752539297 88.60832828072338
2335721.4690901213 89.0479402122864
2460239.8208697727 89.48650117420127
2591396.3014396573 89.92393462313251
2729544.792402007 90.36016353482758
2875058.040944877 90.79511081811813
3028328.6655749455 91.22870074036788
3189770.215466318 91.66085977255187
3359818.286283781 92.09151929603854
3538931.6954909842 92.5206163496364
3727593.720314938 92.9480968679112
3926313.4017068394 93.37391642470877
4135626.917817706 93.79804419879433
4356099.030694608 94.22046355216284
4588324.61010084 94.64117649226638
4832930.238571752 95.06020398848997
5090575.902036676 95.47758835652225
5361956.770568817 95.89339527901076
5647805.074067546 96.30771425554465
5948892.077934331 96.72065951362357
6266030.164072656 97.13236899587089
6600075.022827089 97.54300289673765
6951927.961775606 97.95274291689353
7322538.337604526 98.36178825168473
7712906.117627992 98.77035245178593
8124084.5778629575 99.17865909818485
8557183.144940002 99.58693727639732
9013370.38951742 99.99541681553436
9493877.17927582 100.40432317955977
10000000.0 100.81387281790589
10533104.45370936 101.22426921931277
11094628.943275219 101.63569824794835
11686088.553466497 102.04832613580963
12309079.138896018 102.46229650006251
12965281.629896663 102.87772986362592
13656466.567946097 103.29472146061585
14384498.882876629 103.71334295432897
15151342.924760515 104.13364325399867
15959067.76404731 104.55564833046326
16809852.774253618 104.9793643205848
17705993.51226898 105.40477995750862
18649907.912142944 105.83186729570266
19644142.809066266 106.26058575540112
20691380.811147902 106.6908834800644
21794447.537529834 107.12269976775006
22956319.242369097 107.55596774072228
24180130.84525718 107.99061500259444
25469184.3897454 108.42656656374751
26826957.95279722 108.86374639878782
28257115.02920827 109.30207712403515
29763514.41631313 109.74148293295983
31350220.62565112 110.18188920037201
33021514.849681754 110.62322397495592
34781906.51314127 111.06541780452291
36636145.44020716 111.50840439826919
38589234.67029899 111.95212123502587
40646443.95709628 112.3965093881833
42813323.98719387 112.84151219437365
45095721.35676145 113.28707910644778
47499794.346614026 113.73316090371335
50032029.53825999 114.17971361865841
52699259.31575657 114.62669489523385
55508680.300597996 115.07406705757171
58467872.7693759 115.52179475872505
61584821.10660254 115.96984482555646
64867935.34788508 116.41818993545547
68326073.87157391 116.86680049938406
71968567.30011514 117.315651504686
75805243.67559262 117.76472358968184
79846454.97739078 118.21399385017622
84103105.05352604 118.6634411256351
88586679.04100814 119.113052966241
93309274.35461664 119.56281606563903
98283633.32770011 120.01271329713049
103523177.59307377 120.46272174530094
109042044.29677527 120.91284320206299
114855124.24239345 121.36306151849817
120978102.06889038 121.81337333574506
127427498.57031322 122.26375554442468
134220715.2716012 122.7142220436966
141376081.38073614 123.1647421610507
148912903.24394056 123.6153315779086
156851516.43735445 124.06596431013499
165213340.63573685 124.51665116810554
174020937.40624848 124.96738803503071
183298071.08324376 125.41814996009202
193069772.88832456 125.8689550499711
203362408.46866703 126.31979227039751
214203749.0358383 126.77064996329777
225623046.2970626 127.22154846518296
237651111.38110778 127.67246685203688
250320397.97173202 128.1233938752227
263665089.87303555 128.57435169421473
277721193.2429355 129.02532095695406
292526633.74366355 129.4763116808854
308121358.87140083 129.92731058222154
324547445.74113256 130.37832928515317
341849214.6175927 130.82934058306176
360073348.49856204 131.28038722027296
379269019.0732238 131.73144679785258
399488019.39541787 132.18247296415592
420784903.6297398 132.63353878594413
443217134.24760854 133.08460245977668
466845237.07037944 133.5356613000704
491732964.5779006 133.98675138956537
517947467.9231202 134.43783486203677
545559478.1168514 134.88892610375692
574643496.8715974 135.34001404464237
605277997.6193355 135.7911176878961
637545637.2456493 136.24219872420667
671533479.1115135 136.69331845907251
707333227.9644439 137.14442762828813
745041477.3728887 137.59552104225043
784759970.3514622 138.0466266560831
826595873.8801795 138.4977371525867
870662068.0585117 138.94885970399815
917077450.674293 139.39993260571558
965967258.0093802 139.8511136509618
1017463402.7476043 140.30217443826234
1071704829.8967092 140.7533056429334
1128837891.6846883 141.2044120123536
1189016742.44199 141.6555091974173
1252403754.5350692 142.10662046326982
1319169956.473569 142.5578147063271
1389495494.373136 143.00886252889083
1463570118.0190797 143.46001716357927
1541593692.8422735 143.91115609232645
1623776739.1887176 144.36218758403606
1710341000.337838 144.8133965202428
1801520040.802024 145.2645961570029
1897559876.5218503 145.71564670574682
1998719638.6572526 146.16679711207226
2105272272.7657027 146.61786438436917
2217505275.2539296 147.06902946592714
2335721469.0901213 147.52019765987677
2460239820.8697777 147.97127980787064
2591396301.439652 148.42243875277083
2729544792.402002 148.87352621329006
2875058040.944877 149.324704664525
3028328665.5749454 149.7757540160717
3189770215.466325 150.22693490482195
3359818286.2837744 150.6780246840121
3538931695.4909844 151.12920017437372
3727593720.314938 151.58020451756414
3926313401.7068396 152.03134345766838
4135626917.8176975 152.48258055504112
4356099030.694599 152.93366368054845
4588324610.100841 153.38473419754646
4832930238.571753 153.8359727652549
5090575902.036687 154.2870746420286
5361956770.568806 154.73814234293707
5647805074.067546 155.18924352750582
5948892077.934331 155.64046480509728
6266030164.072656 156.09142577044312
6600075022.827075 156.54258312308792
6951927961.775591 156.99378822149112
7322538337.6045265 157.44500531706936
7712906117.627993 157.89599098378488
8124084577.862974 158.34727091332786
8557183144.939984 158.79810995160753
9013370389.51742 159.24967377171504
9493877179.27582 159.7008469586496
10000000000.0 160.15181136594458
10.0 -28.818040654264436
10.53310445370937 -19.327565517369717
11.094628943275218 -34.48567520923517
11.686088553466515 -8.545593680216344
12.309079138896024 -48.938018632044866
12.965281629896682 -37.419350163765685
13.65646656794611 -32.1351401091274
14.38449888287663 -37.1306478448479
15.15134292476053 -23.79144739148996
15.95906776404731 -29.903641856783707
16.80985277425364 -35.093420086494184
17.70599351226899 -21.42672170377707
18.64990791214297 -38.55798892113296
19.644142809066278 -27.754936737656944
20.6913808111479 -34.5213060823502
21.794447537529855 -37.88732520519572
22.956319242369098 -51.36599323447797
24.180130845257207 -27.55942592441588
25.4691843897454 -26.13008252384016
26.826957952797258 -32.303399170894885
28.257115029208283 -27.647753950756293
29.76351441631318 -27.432104442306596
31.350220625651154 -31.212178163039887
33.02151484968176 -37.282657141822
34.7819065131413 -34.215260827116126
36.63614544020716 -32.375669087489534
38.58923467029903 -34.828093269568114
40.646443957096295 -30.265526244095042
42.81332398719393 -38.90317815315334
45.095721356761466 -30.186331353941014
47.499794346614124 -46.657458695720806
50.03202953826004 -27.19296814939135
52.699259315756564 -40.460614146795926
55.50868030059805 -33.960532054412255
58.467872769375894 -28.526523832363466
61.58482110660264 -38.02385592991183
64.86793534788511 -31.929776604439873
68.32607387157402 -31.867695156780414
71.96856730011521 -27.158155704000748
75.8052436755926 -38.122277235959466
79.84645497739086 -23.662473910089055
84.10310505352605 -30.94367043617238
88.58667904100822 -26.585254595629877
93.30927435461668 -10.698467388902515
98.28363332770026 -27.560544086994653
103.52317759307378 -32.906736810408056
109.04204429677526 -40.03856219308083
114.8551242423938 -40.75754145554452
120.97810206889012 -30.66117579729447
127.42749857031335 -27.59336272832583
134.2207152716012 -19.38365597359845
141.37608138073614 -24.999738982821977
148.91290324394086 -26.867457067319474
156.85151643735477 -29.541519625113523
165.213340635737 -37.96283942818205
174.0209374062485 -10.005060949604001
183.29807108324357 -38.068034610364904
193.06977288832496 -21.790795638222747
203.36240846866724 -30.29359414997134
214.2037490358383 -28.28072375988272
225.62304629706352 -25.147768444333938
237.65111138110728 -27.76567999536312
250.32039797173255 -21.742589064603525
263.6650898730358 -22.1548673713218
277.7211932429355 -25.363237541480174
292.5266337436645 -32.67276097890211
308.1213588714002 -31.68704560731318
324.54744574113323 -38.934052161823956
341.84921461759274 -28.951954736010364
360.073348498562 -29.21217472973442
379.26901907322497 -3.0593962307579945
399.48801939541704 -39.363249679410146
420.78490362974026 -32.844946062080446
443.21713424760856 8.471543670837566
466.84523707037897 -28.600010732505087
491.73296457790156 -17.76929892876279
517.9474679231213 -37.68702920907131
545.5594781168514 -41.04529937019681
574.6434968715973 -59.120356495703106
605.2779976193349 1.6319104538785267
637.5456372456507 -21.8270338137063
671.5334791115142 -32.4577948573837
707.3332279644438 -43.988713443872825
745.0414773728917 -24.282772980002907
784.7599703514607 -20.134858575282706
826.5958738801812 -39.566031416182994
870.6620680585127 -41.936461655545074
917.0774506742931 -12.4235796686394
965.9672580093833 -28.89213247805356
1017.4634027476063 -29.030160617877204
1071.7048298967104 -31.23668752308987
1128.8378916846884 -30.974110194567505
1189.01674244199 -39.414753321952624
1252.4037545350732 -44.919942903400774
1319.1699564735716 -32.11843464753378
1389.4954943731375 -24.26294186230183
1463.5701180190797 -24.06414812871059
1541.5936928422718 -25.43216479061902
1623.776739188721 -18.475975016790933
1710.3410003378397 -21.826350615046486
1801.520040802024 -34.61173964926719
1897.5598765218504 -25.96369058839656
1998.7196386572507 -13.27873032543456
2105.272272765707 -33.3663953865508
2217.505275253932 -23.275244768813863
2335.7214690901214 -4.438265452389459
2460.239820869775 -19.36150744231501
2591.3963014396572 -13.288686778597363
2729.5447924020073 -44.45596135024737
2875.0580409448803 -23.756856064856212
3028.3286655749457 -41.69221836344371
3189.7702154663216 -35.55184626781408
3359.818286283781 -34.46735801897519
3538.9316954909877 -44.98859656489732
3727.593720314938 -16.30052911841641
3926.3134017068355 -38.85504698688073
4135.626917817706 -39.588550628173195
4356.099030694608 -35.87019724828472
4588.324610100844 -44.93189110382612
4832.930238571752 -40.787441856826476
5090.575902036681 -23.609384216500764
5361.956770568817 -28.22790489913728
5647.805074067552 -39.3549391705819
5948.892077934331 -29.90839579244679
6266.030164072656 -19.539177610781696
6600.075022827095 -23.878997944622924
6951.927961775606 -48.287327120549094
7322.538337604534 -34.267599935479886
7712.906117627992 -39.43975697277928
8124.0845778629655 -35.91059367960965
8557.183144940002 -33.98771912610616
9013.37038951743 -23.21548856027851
9493.87717927582 -19.748350282505076
10000.0 -37.26214202337181
10533.104453709382 -34.8029209362309
11094.628943275218 -33.364876947102076
11686.088553466498 -28.385283108426872
12309.079138896019 -40.729195744177275
12965.281629896688 -32.83948963647272
13656.466567946096 -29.696413140445202
14384.498882876629 -1.0076721479242943
15151.342924760515 -47.790908570995434
15959.06776404731 -7.825497541259754
16809.852774253653 -33.30897971505968
17705.99351226898 -34.167031059794965
18649.907912142942 -18.28126608628459
19644.142809066267 -39.915135370748175
20691.3808111479 -21.792252441120183
21794.447537529835 -25.853795935158878
22956.319242369096 -32.06574441573402
24180.13084525718 -40.72462724063765
25469.184389745402 -26.8670433903138
26826.957952797275 -21.879591172014084
28257.115029208268 -27.54481152300027
29763.51441631313 -25.8190227798683
31350.220625651124 -5.06065409306717
33021.51484968176 -14.317578905824284
34781.90651314134 -61.99219994133316
36636.14544020716 -11.34180276492786
38589.23467029899 -36.49061447378479
40646.44395709628 -43.73520180939947
42813.32398719396 -47.964660052505806
45095.721356761445 -24.980106710698973
47499.79434661403 -18.346803518052827
50032.029538259994 -70.71909338692177
52699.259315756564 -20.90674588069522
55508.680300598106 -16.693948950571468
58467.87276937589 -24.959330397898153
61584.82110660255 -35.6384849573672
64867.935347885075 -35.83501266083024
68326.07387157406 -71.9669285122235
71968.56730011514 -21.050895922583024
75805.24367559262 -17.204965774964723
79846.45497739078 -34.00074764448081
84103.10505352604 -38.82700209129432
88586.67904100832 -13.978421495432263
93309.27435461663 -32.48926300024178
98283.63332770011 -35.87418832304559
103523.17759307378 -38.051042331183
109042.04429677526 -31.870591648051935
114855.12424239368 -25.081397539392025
120978.10206889013 -32.39990537948431
127427.49857031321 -42.29872016500956
134220.7152716012 -24.345758029139578
141376.08138073614 -75.83155639192434
148912.90324394088 -51.08213910356352
156851.5164373548 -34.5549542302775
165213.34063573685 -40.9268378062614
174020.9374062485 -39.80275660835966
183298.07108324338 -42.62068162352311
193069.77288832495 -33.48443338600474
203362.40846866704 -25.788738294285764
214203.74903583832 -43.118256383013
225623.04629706353 -38.264516536086504
237651.11138110727 -43.399084983986505
250320.39797173254 -21.72499360227597
263665.08987303555 -30.300238892121108
277721.1932429355 -33.8408072209204
292526.6337436642 -16.857696328978374
308121.35887140024 -26.189243540212495
324547.44574113254 -41.75287132978121
341849.21461759275 -0.25004405468103225
360073.348498562 -36.11805921450439
379269.0190732246 -34.615235664546596
399488.019395417 -44.92819483676517
420784.9036297398 -34.464231913721676
443217.13424760854 -32.39618921784175
466845.2370703785 -39.71751694329141
491732.9645779016 -62.82405179000471
517947.46792312124 -36.037012953726105
545559.4781168514 -36.68342402393888
574643.4968715974 -36.797555077439185
605277.9976193343 -14.884434947426348
637545.6372456506 -34.348549541646065
671533.4791115135 -64.377233696553
707333.2279644439 -34.19777432558377
745041.4773728917 -16.39212426301279
784759.9703514606 -27.55528544906058
826595.8738801812 -40.49088241539401
870662.0680585118 -36.99535769641727
917077.4506742931 -28.109670902613875
965967.2580093823 -28.647061791705607
1017463.4027476063 -34.50529801038905
1071704.8298967092 -64.0491937050477
1128837.8916846884 -48.76854587904021
1189016.74244199 -40.271733219931434
1252403.7545350718 -31.45258884721852
1319169.9564735717 -17.291923763082895
1389495.494373136 -11.269768805529152
1463570.1180190798 -27.730483412371054
1541593.6928422702 -34.13991062718288
1623776.739188721 -52.47292027410985
1710341.0003378377 -35.28863269810009
1801520.0408020238 -33.05553103922528
1897559.8765218505 -38.53060552639275
1998719.6386572486 -23.649664578768018
2105272.272765707 -34.032107572855054
2217505.2752539297 -27.803281173614053
2335721.4690901213 -40.5207421476161
2460239.8208697727 -25.777824100684622
2591396.3014396573 -17.787322081977962
2729544.792402007 -21.759905382084433
2875058.040944877 -73.78336870127815
3028328.6655749455 -10.55492838753025
3189770.215466318 -31.918033291180755
3359818.286283781 -26.1545907693152
3538931.6954909842 -35.68843159583233
3727593.720314938 -25.37004439241219
3926313.4017068394 -36.325418906862
4135626.917817706 -35.10812228063029
4356099.030694608 -36.650354193985265
4588324.61010084 -31.651198883210654
4832930.238571752 -21.162169233323155
5090575.902036676 -29.965318360350274
5361956.770568817 -38.56960055640707
5647805.074067546 -30.36334596618984
5948892.077934331 -21.2456042098745
6266030.164072656 -35.263697334454235
6600075.022827089 -31.35603836400921
6951927.961775606 -30.730760484060035
7322538.337604526 -51.46063833303182
7712906.117627992 -10.848575750776845
8124084.5778629575 -31.407606936394657
8557183.144940002 -23.20431039827583
9013370.38951742 -29.147818687387645
9493877.17927582 -34.379386208115335
10000000.0 -32.48255220863979
10533104.45370936 -37.99249679653084
11094628.943275219 -38.501711507956294
11686088.553466497 -40.87937744665754
12309079.138896018 -42.5029375327172
12965281.629896663 -39.397447474768825
13656466.567946097 -40.495028318559065
14384498.882876629 -33.513389166367034
15151342.924760515 -44.39303174615969
15959067.76404731 -21.12206866112034
16809852.774253618 -38.748137630049804
17705993.51226898 -33.80187551858715
18649907.912142944 -32.008350160628254
19644142.809066266 -52.23550774214654
20691380.811147902 -22.81736627762083
21794447.537529834 -24.597820008136818
22956319.242369097 -25.617376477665452
24180130.84525718 -49.594425971178204
25469184.3897454 -30.32667729881242
26826957.95279722 -49.06790364704051
28257115.02920827 -37.19546420180669
29763514.41631313 -52.55986856861783
31350220.62565112 -19.796322084726565
33021514.849681754 -35.98786341054171
34781906.51314127 -34.620602041497754
36636145.44020716 -37.48231747833054
38589234.67029899 -29.152348237607644
40646443.95709628 -60.483582948108925
42813323.98719387 -36.61272835451512
45095721.35676145 -31.606822034906155
47499794.346614026 -48.24465508118733
50032029.53825999 -45.401602001681795
52699259.31575657 -37.43746288324669
55508680.300597996 9.08604357685827
58467872.7693759 -52.77337484852409
61584821.10660254 -31.512663786290112
64867935.34788508 -41.55740110326477
68326073.87157391 -43.4781755975547
71968567.30011514 -38.22667962114611
75805243.67559262 -35.01909389668778
79846454.97739078 -37.795298280851235
84103105.05352604 -23.26058653684791
88586679.04100814 -48.564620296918584
93309274.35461664 -51.91845302707616
98283633.32770011 -38.308801204561746
103523177.59307377 -39.63814781763886
109042044.29677527 -38.342026276657116
114855124.24239345 -47.10868269547951
120978102.06889038 -45.13905994260228
127427498.57031322 -25.345583137199775
134220715.2716012 -26.922843728840494
141376081.38073614 -31.253501872793642
148912903.24394056 -25.731784118583732
156851516.43735445 -40.37723173908438
165213340.63573685 -53.59590890986703
174020937.40624848 -49.62559037853234
183298071.08324376 -19.696186590017323
193069772.88832456 -17.290868129368366
203362408.46866703 -30.562492815885737
214203749.0358383 -39.158023107160474
225623046.2970626 -37.03122535867759
237651111.38110778 -22.648346611097317
250320397.97173202 -34.56994955878396
263665089.87303555 -29.695669696188418
277721193.2429355 -38.75960048536741
292526633.74366355 -66.13369799091379
308121358.87140083 -24.994698848217688
324547445.74113256 -50.00242985908499
341849214.6175927 -24.26262163192817
360073348.49856204 -37.40060997669863
379269019.0732238 0.632833913982769
399488019.39541787 -46.846916157636684
420784903.6297398 -21.739307948132144
443217134.24760854 -31.830461179233012
466845237.07037944 7.839620827303914
491732964.5779006 -45.205578471275835
517947467.9231202 -36.86413891941952
545559478.1168514 -20.01236102972689
574643496.8715974 -22.501224736126755
605277997.6193355 -44.1586857258044
637545637.2456493 -20.421302913100178
671533479.1115135 -12.005517972753728
707333227.9644439 -16.5766623074532
745041477.3728887 -51.04452682697486
784759970.3514622 -45.00180538820036
826595873.8801795 -45.92218080262816
870662068.0585117 -21.551459230103923
917077450.674293 -38.0889965435046
965967258.0093802 -26.643324890631664
1017463402.7476043 -36.49275655468998
1071704829.8967092 -31.41625051074435
1128837891.6846883 -12.684665880124246
1189016742.44199 -19.093808230264106
1252403754.5350692 -30.39380401635333
1319169956.473569 -39.184147782543256
1389495494.373136 -40.53900866933151
1463570118.0190797 -25.554878529405403
1541593692.8422735 -51.70690542431535
1623776739.1887176 -34.22346574320855
1710341000.337838 -35.929109813800075
1801520040.802024 -30.242666572356423
1897559876.5218503 -40.31814297853408
1998719638.6572526 -54.85719638324946
2105272272.7657027 -41.31463138938152
2217505275.2539296 -39.53097890086896
2335721469.0901213 -38.56281634149953
2460239820.8697777 -27.36445889229413
2591396301.439652 -23.20636266823915
2729544792.402002 -75.70873487507146
2875058040.944877 -33.56711758377961
3028328665.5749454 -43.51221225740328
3189770215.466325 -9.128119274887876
3359818286.2837744 -56.65760757533946
3538931695.4909844 -37.953627737853346
3727593720.314938 -39.755899687651215
3926313401.7068396 -38.44989245117719
4135626917.8176975 -38.001399046253766
4356099030.694599 -69.4628541630687
4588324610.100841 -36.55393976346986
4832930238.571753 -42.12619881962603
5090575902.036687 -5.6477344202778434
5361956770.568806 -36.74364926729111
5647805074.067546 -38.776990674168346
5948892077.934331 -51.0097725715829
6266030164.072656 -43.323805803199946
6600075022.827075 -76.09830490394967
6951927961.775591 -57.23439136827168
7322538337.6045265 -32.61494728537899
7712906117.627993 -61.69259083367394
8124084577.862974 -36.60225841358024
8557183144.939984 -32.035037967176756
9013370389.51742 -36.52139364599126
9493877179.27582 -25.30388628449665
10000000000.0 -45.8089234086017
