10.0 -41.034132061386885
10.53310445370937 -41.03400076088961
11.094628943275218 -41.03385509099719
11.686088553466515 -41.03369346422483
12.309079138896024 -41.03351414175481
12.965281629896682 -41.033315179099375
13.65646656794611 -41.033094435849044
14.38449888287663 -41.03284951675234
15.15134292476053 -41.032577778677286
15.95906776404731 -41.03227627747821
16.80985277425364 -41.03194175814761
17.70599351226899 -41.03157059080159
18.64990791214297 -41.031158776013
19.644142809066278 -41.03070184083271
20.6913808111479 -41.03019484787518
21.794447537529855 -41.02963231178006
22.956319242369098 -41.02900812810982
24.180130845257207 -41.02831554193931
25.4691843897454 -41.027547050663344
26.826957952797258 -41.02669431504901
28.257115029208283 -41.02574809568117
29.76351441631318 -41.024698116748766
31.350220625651154 -41.02353298804048
33.02151484968176 -41.022240047007834
34.7819065131413 -41.0208052453213
36.63614544020716 -41.01921297919175
38.58923467029903 -41.01744590965232
40.646443957096295 -41.01548479797426
42.81332398719393 -41.01330825760595
45.095721356761466 -41.01089253768379
47.499794346614124 -41.00821124349692
50.03202953826004 -41.00523504887508
52.699259315756564 -41.001931355744425
55.50868030059805 -40.99826392248722
58.467872769375894 -40.99419247129517
61.58482110660264 -40.989672186810765
64.86793534788511 -40.984653241155684
68.32607387157402 -40.9790801882106
71.96856730011521 -40.97289132580408
75.8052436755926 -40.96601797528733
79.84645497739086 -40.958383662932675
84.10310505352605 -40.949903217272585
88.58667904100822 -40.94048175298559
93.30927435461668 -40.93001352335306
98.28363332770026 -40.91838065280115
103.52317759307378 -40.90545169011844
109.04204429677526 -40.89108001067868
114.8551242423938 -40.87510203620784
120.97810206889012 -40.85733519782138
127.42749857031335 -40.83757571415781
134.2207152716012 -40.81559610521723
141.37608138073614 -40.791142390077056
148.91290324394086 -40.76393105382127
156.85151643735477 -40.73364565846222
165.213340635737 -40.69993315608163
174.0209374062485 -40.66239988002848
183.29807108324357 -40.62060724044141
193.06977288832496 -40.57406719436139
203.36240846866724 -40.52223747181596
214.2037490358383 -40.464516776713495
225.62304629706352 -40.400240046938535
237.65111138110728 -40.32867401857267
250.32039797173255 -40.24901339830755
263.6650898730358 -40.1603780180779
277.7211932429355 -40.061811431049804
292.5266337436645 -39.952281592488426
308.1213588714002 -39.83068419557066
324.54744574113323 -39.69584948315112
341.84921461759274 -39.546553242539446
360.073348498562 -39.381532670259524
379.26901907322497 -39.19950774151008
399.48801939541704 -38.999208284856955
420.78490362974026 -38.779406777936714
443.21713424760856 -38.53895614935243
466.84523707037897 -38.27683144303983
491.73296457790156 -37.99217344788245
517.9474679231213 -37.68433186590641
545.5594781168514 -37.352905185502706
574.6434968715973 -36.997774287018345
605.2779976193349 -36.619127057658446
637.5456372456507 -36.21747183281227
671.5334791115142 -35.79363843637529
707.3332279644438 -35.34876661940478
745.0414773728917 -34.884282815952695
784.7599703514607 -34.401867087057276
826.5958738801812 -33.90341279461596
870.6620680585127 -33.39098185377301
917.0774506742931 -32.86675839301792
965.9672580093833 -32.33300331480568
1017.4634027476063 -31.792011738792695
1071.7048298967104 -31.246074708896696
1128.8378916846884 -30.69744596468169
1189.01674244199 -30.148314057857498
1252.4037545350732 -29.600779707036274
1319.1699564735716 -29.056838032922983
1389.4954943731375 -28.51836512953923
1463.5701180190797 -27.98710839862956
1541.5936928422718 -27.4646800438273
1623.776739188721 -26.952553179965935
1710.3410003378397 -26.45206006371424
1801.520040802024 -25.96439201836706
1897.5598765218504 -25.49060068897239
1998.7196386572507 -25.03160032720951
2105.272272765707 -24.58817086121895
2217.505275253932 -24.16096155436323
2335.7214690901214 -23.750495109655503
2460.239820869775 -23.35717211992257
2591.3963014396572 -22.981275813788834
2729.5447924020073 -22.622977078583375
2875.0580409448803 -22.28233977709246
3028.3286655749457 -21.959326397381925
3189.7702154663216 -21.65380407819903
3359.818286283781 -21.365551057961397
3538.9316954909877 -21.09426357208902
3727.593720314938 -20.83956320342977
3926.3134017068355 -20.60100465803755
4135.626917817706 -20.378083903120768
4356.099030694608 -20.170246572861373
4588.324610100844 -19.9768965197324
4832.930238571752 -19.79740436935857
5090.575902036681 -19.631115928803123
5361.956770568817 -19.477360297529835
5647.805074067552 -19.335457541544436
5948.892077934331 -19.20472580950374
6266.030164072656 -19.084487793350462
6600.075022827095 -18.974076464240635
6951.927961775606 -18.872840041694527
7322.538337604534 -18.780146182897465
7712.906117627992 -18.69538540199345
8124.0845778629655 -18.617973751690215
8557.183144940002 -18.54735481438251
9013.37038951743 -18.48300106356106
9493.87717927582 -18.42441466245123
10000.0 -18.371127771716342
10533.104453709382 -18.3227024380113
11094.628943275218 -18.278730133317985
11686.088553466498 -18.238831010785603
12309.079138896019 -18.20265293785819
12965.281629896688 -18.169870360708398
13656.466567946096 -18.14018304797016
14384.498882876629 -18.113314754991304
15151.342924760515 -18.089011843547848
15959.06776404731 -18.067041885770337
16809.852774253653 -18.04719227626464
17705.99351226898 -18.029268870726124
18649.907912142942 -18.013094665883322
19644.142809066267 -17.998508531342956
20691.3808111479 -17.985364001378002
21794.447537529835 -17.973528131516588
22956.319242369096 -17.962880423124382
24180.13084525718 -17.95331181732592
25469.184389745402 -17.944723757975048
26826.957952797275 -17.937027322765736
28257.115029208268 -17.930142420276564
29763.51441631313 -17.923997050421583
31350.220625651124 -17.91852662519
33021.51484968176 -17.913673346261884
34781.90651314134 -17.9093856358354
36636.14544020716 -17.905617616777192
38589.23467029899 -17.902328638302368
40646.44395709628 -17.899482843050155
42813.32398719396 -17.897048771546842
45095.721356761445 -17.89499899997382
47499.79434661403 -17.89330980704117
50032.029538259994 -17.891960865828683
52699.259315756564 -17.890934956207545
55508.680300598106 -17.890217693735188
58467.87276937589 -17.889797270427756
61584.82110660255 -17.889664203216068
64867.935347885075 -17.889811085572667
68326.07387157406 -17.8902323381506
71968.56730011514 -17.890923954256593
75805.24367559262 -17.891883236444272
79846.45497739078 -17.89310852097983
84103.10505352604 -17.894598887719265
88586.67904100832 -17.89635385387259
93309.27435461663 -17.898373051492015
98283.63332770011 -17.900655890199204
103523.17759307378 -17.903201208395657
109042.04429677526 -17.90600691862382
114855.12424239368 -17.90906965481438
120978.10206889013 -17.91238443155701
127427.49857031321 -17.915944327816355
134220.7152716012 -17.91974020893859
141376.08138073614 -17.92376050200424
148912.90324394088 -17.927991039605256
156851.5164373548 -17.93241498593831
165213.34063573685 -17.93701285680743
174020.9374062485 -17.941762641232096
183298.07108324338 -17.94664002751168
193069.77288832495 -17.951618730730356
203362.40846866704 -17.956670912361993
214203.74903583832 -17.96176767661298
225623.04629706353 -17.96687962266214
237651.11138110727 -17.971977427997842
250320.39797173254 -17.977032435785915
263665.08987303555 -17.98201721901648
277721.1932429355 -17.986906096081324
292526.6337436642 -17.99167557620402
308121.35887140024 -17.996304718278363
324547.44574113254 -18.00077539282408
341849.21461759275 -18.005072443003083
360073.348498562 -18.00918374670864
379269.0190732246 -18.01310018686754
399488.019395417 -18.01681554116935
420784.9036297398 -18.0203263051413
443217.13424760854 -18.023631463888
466845.2370703785 -18.02673222802182
491732.9645779016 -18.029631748489095
517947.46792312124 -18.0323348234913
545559.4781168514 -18.034847608666663
574643.4968715974 -18.037177339491528
605277.9976193343 -18.03933207259373
637545.6372456506 -18.04132045056035
671533.4791115135 -18.043151492926985
707333.2279644439 -18.044834414504017
745041.4773728917 -18.046378470829328
784759.9703514606 -18.047792829713295
826595.8738801812 -18.049086467049367
870662.0680585118 -18.050268084696388
917077.4506742931 -18.05134604800732
965967.2580093823 -18.05232834046237
1017463.4027476063 -18.05322253298459
1071704.8298967092 -18.054035765567562
1128837.8916846884 -18.05477473908041
1189016.74244199 -18.055445715295175
1252403.7545350718 -18.05605452345692
1319169.9564735717 -18.056606571878383
1389495.494373136 -18.057106863296546
1463570.1180190798 -18.05756001293642
1541593.6928422702 -18.057970268392104
1623776.739188721 -18.058341530586468
1710341.0003378377 -18.05867737524301
1801520.0408020238 -18.058981074417243
1897559.8765218505 -18.05925561771087
1998719.6386572486 -18.05950373290957
2105272.272765707 -18.0597279058633
2217505.2752539297 -18.05993039944036
2335721.4690901213 -18.06011327148572
2460239.8208697727 -18.060278391738972
2591396.3014396573 -18.06042745766479
2729544.792402007 -18.06056200922235
2875058.040944877 -18.060683442569243
3028328.6655749455 -18.060793022763065
3189770.215466318 -18.060891895466888
3359818.286283781 -18.060981097724525
3538931.6954909842 -18.061061567868414
3727593.720314938 -18.06113415458873
3926313.4017068394 -18.061199625232483
4135626.917817706 -18.061258673384298
4356099.030694608 -18.061311925788214
4588324.61010084 -18.061359948638284
4832930.238571752 -18.061403253317224
5090575.902036676 -18.061442301612914
5361956.770568817 -18.061477510441325
5647805.074067546 -18.061509256157777
5948892.077934331 -18.061537878435463
6266030.164072656 -18.061563683823326
6600075.022827089 -18.06158694891267
6951927.961775606 -18.061607923266845
7322538.337604526 -18.06162683201881
7712906.117627992 -18.061643878259403
8124084.5778629575 -18.061659245172848
8557183.144940002 -18.061673097973678
9013370.38951742 -18.06168558566933
9493877.17927582 -18.061696842638028
10000000.0 -18.061706990049483
10533104.45370936 -18.06171613717643
11094628.943275219 -18.06172438253889
11686088.553466497 -18.061731814975953
12309079.138896018 -18.06173851458389
12965281.629896663 -18.061744553575068
13656466.567946097 -18.0617499970528
14384498.882876629 -18.06175490371818
15151342.924760515 -18.06175932648396
15959067.76404731 -18.0617633130573
16809852.774253618 -18.06176690643736
17705993.51226898 -18.06177014539734
18649907.912142944 -18.061773064881308
19644142.809066266 -18.061775696393617
20691380.811147902 -18.061778068333265
21794447.537529834 -18.061780206297648
22956319.242369097 -18.061782133364755
24180130.84525718 -18.061783870333358
25469184.3897454 -18.0617854359523
26826957.95279722 -18.061786847125262
28257115.02920827 -18.06178811908531
29763514.41631313 -18.06178926556157
31350220.62565112 -18.06179029893625
33021514.849681754 -18.061791230363657
34781906.51314127 -18.061792069901532
36636145.44020716 -18.061792826613196
38589234.67029899 -18.061793508671702
40646443.95709628 -18.061794123440475
42813323.98719387 -18.06179467755627
45095721.35676145 -18.06179517700508
47499794.346614026 -18.061795627178224
50032029.53825999 -18.06179603293809
52699259.31575657 -18.061796398665642
55508680.300597996 -18.061796728310846
58467872.7693759 -18.061797025432455
61584821.10660254 -18.061797293241288
64867935.34788508 -18.06179753462688
68326073.87157391 -18.06179775219725
71968567.30011514 -18.061797948302356
75805243.67559262 -18.061798125059198
79846454.97739078 -18.06179828437697
84103105.05352604 -18.061798427976413
88586679.04100814 -18.061798557407716
93309274.35461664 -18.061798674068637
98283633.32770011 -18.061798779220535
103523177.59307377 -18.06179887399771
109042044.29677527 -18.061798959423832
114855124.24239345 -18.061799036421856
120978102.06889038 -18.061799105822686
127427498.57031322 -18.061799168376346
134220715.2716012 -18.061799224758364
141376081.38073614 -18.06179927557777
148912903.24394056 -18.061799321382978
156851516.43735445 -18.061799362668857
165213340.63573685 -18.061799399881703
174020937.40624848 -18.061799433423086
183298071.08324376 -18.061799463654992
193069772.88832456 -18.061799490904157
203362408.46866703 -18.061799515464187
214203749.0358383 -18.061799537601757
225623046.2970626 -18.061799557555208
237651111.38110778 -18.0617995755398
250320397.97173202 -18.06179959175029
263665089.87303555 -18.061799606361028
277721193.2429355 -18.061799619530277
292526633.74366355 -18.061799631399744
308121358.87140083 -18.061799642098883
324547445.74113256 -18.06179965174237
341849214.6175927 -18.06179966043381
360073348.49856204 -18.061799668268215
379269019.0732238 -18.061799675329997
399488019.39541787 -18.06179968169421
420784903.6297398 -18.0617996874308
443217134.24760854 -18.06179969260317
466845237.07037944 -18.061799697263332
491732964.5779006 -18.06179970146323
517947467.9231202 -18.061799705249733
545559478.1168514 -18.061799708662484
574643496.8715974 -18.061799711738292
605277997.6193355 -18.061799714511068
637545637.2456493 -18.061799717009837
671533479.1115135 -18.0617997192619
707333227.9644439 -18.061799721291738
745041477.3728887 -18.061799723122252
784759970.3514622 -18.06179972477039
826595873.8801795 -18.06179972625782
870662068.0585117 -18.06179972759775
917077450.674293 -18.06179972880605
965967258.0093802 -18.06179972989355
1017463402.7476043 -18.06179973087582
1071704829.8967092 -18.061799731761884
1128837891.6846883 -18.06179973255586
1189016742.44199 -18.061799733275443
1252403754.5350692 -18.061799733922882
1319169956.473569 -18.0617997345041
1389495494.373136 -18.061799735032587
1463570118.0190797 -18.061799735507897
1541593692.8422735 -18.061799735933604
1623776739.1887176 -18.061799736319355
1710341000.337838 -18.06179973666658
1801520040.802024 -18.06179973697987
1897559876.5218503 -18.061799737261758
1998719638.6572526 -18.061799737514004
2105272272.7657027 -18.061799737745364
2217505275.2539296 -18.061799737951883
2335721469.0901213 -18.061799738138298
2460239820.8697777 -18.06179973830565
2591396301.439652 -18.061799738456326
2729544792.402002 -18.061799738592622
2875058040.944877 -18.061799738715568
3028328665.5749454 -18.061799738826696
3189770215.466325 -18.06179973892611
3359818286.2837744 -18.061799739017136
3538931695.4909844 -18.06179973909846
3727593720.314938 -18.061799739171533
3926313401.7068396 -18.061799739235802
4135626917.8176975 -18.061799739296283
4356099030.694599 -18.061799739349716
4588324610.100841 -18.061799739397607
4832930238.571753 -18.061799739441405
5090575902.036687 -18.061799739480612
5361956770.568806 -18.06179973951653
5647805074.067546 -18.061799739548643
5948892077.934331 -18.061799739576585
6266030164.072656 -18.061799739602534
6600075022.827075 -18.06179973962649
6951927961.775591 -18.061799739647103
7322538337.6045265 -18.061799739666217
7712906117.627993 -18.061799739680932
8124084577.862974 -18.06179973970034
8557183144.939984 -18.061799739711972
9013370389.51742 -18.061799739724552
9493877179.27582 -18.06179973973589
10000000000.0 -18.06179973974553
10.0 -55.26460491171507
10.53310445370937 -56.71025367212367
11.094628943275218 -33.98226399617339
11.686088553466515 -52.3998613806727
12.309079138896024 -36.25377062937853
12.965281629896682 -45.0846068340679
13.65646656794611 -47.52306714270715
14.38449888287663 -61.51234426799596
15.15134292476053 -37.61036226319789
15.95906776404731 -49.22784160422243
16.80985277425364 -51.46104746187898
17.70599351226899 -50.74667798389433
18.64990791214297 -50.3215738295642
19.644142809066278 -59.63265410879339
20.6913808111479 -55.742847581279364
21.794447537529855 -58.745083476151116
22.956319242369098 -63.44549909342688
24.180130845257207 -61.79983560693198
25.4691843897454 -34.27798488306291
26.826957952797258 -53.927260181132596
28.257115029208283 -45.820150563804106
29.76351441631318 -57.6733830058923
31.350220625651154 -67.94037775539711
33.02151484968176 -56.37794142552504
34.7819065131413 -40.9509339479451
36.63614544020716 -46.33426359647764
38.58923467029903 -51.608146484068946
40.646443957096295 -55.14187350920038
42.81332398719393 -55.90728753674093
45.095721356761466 -62.09449558626466
47.499794346614124 -46.08384122418553
50.03202953826004 -32.74279421085492
52.699259315756564 -55.255541056166706
55.50868030059805 -37.93547702266799
58.467872769375894 -54.48673700341406
61.58482110660264 -43.142063113680884
64.86793534788511 -58.35376598961547
68.32607387157402 -57.076886604817986
71.96856730011521 -63.04176728943073
75.8052436755926 -55.37180807223163
79.84645497739086 -55.14360160964515
84.10310505352605 -49.526968889415635
88.58667904100822 -42.462708763832104
93.30927435461668 -42.32480781816115
98.28363332770026 -48.059970042373514
103.52317759307378 -22.130811689577257
109.04204429677526 -44.09943706451795
114.8551242423938 -50.74306689938921
120.97810206889012 -46.46659414237536
127.42749857031335 -72.10333082251726
134.2207152716012 -36.85225784436056
141.37608138073614 -41.7035836390128
148.91290324394086 -48.01138242522065
156.85151643735477 -37.48177592986077
165.213340635737 -28.391974842392468
174.0209374062485 -37.24755779762012
183.29807108324357 -43.76092630869632
193.06977288832496 -43.53366506497133
203.36240846866724 -42.831777046803566
214.2037490358383 -68.74325689127876
225.62304629706352 -44.98489838715922
237.65111138110728 -42.52923520288473
250.32039797173255 -48.727628169133425
263.6650898730358 -40.14130383506231
277.7211932429355 -46.27961737476417
292.5266337436645 -44.02638541906026
308.1213588714002 -41.68136038544354
324.54744574113323 -54.93065789519492
341.84921461759274 -47.97312694547081
360.073348498562 -20.643342091708035
379.26901907322497 -53.468618033700395
399.48801939541704 -33.057825653582086
420.78490362974026 -16.41445397475656
443.21713424760856 -26.25549193509348
466.84523707037897 -31.228882380337307
491.73296457790156 -34.864970948900876
517.9474679231213 -37.55434937910342
545.5594781168514 -26.166149545331816
574.6434968715973 -31.84930604632267
605.2779976193349 -42.02178395623204
637.5456372456507 -41.35106419383224
671.5334791115142 -40.128746763651186
707.3332279644438 -43.39316034839076
745.0414773728917 -46.47229757157446
784.7599703514607 -36.7943058800967
826.5958738801812 -43.271802683766154
870.6620680585127 -33.38161527565761
917.0774506742931 -24.28102107471609
965.9672580093833 -24.678630276319748
1017.4634027476063 -40.191144746453574
1071.7048298967104 -36.32913455003034
1128.8378916846884 -39.514159215993416
1189.01674244199 -27.324964695516112
1252.4037545350732 -41.49995751173195
1319.1699564735716 -45.70851230513928
1389.4954943731375 -40.34319293061856
1463.5701180190797 -43.53809978807323
1541.5936928422718 -36.42037929997391
1623.776739188721 -47.51939466443412
1710.3410003378397 -29.97709799192458
1801.520040802024 -37.57192749160962
1897.5598765218504 -40.59098158358001
1998.7196386572507 -28.04933939476537
2105.272272765707 -32.67612234600376
2217.505275253932 -25.11200241518052
2335.7214690901214 -26.531433929001498
2460.239820869775 -65.69780910170519
2591.3963014396572 -25.815520929943933
2729.5447924020073 -31.015932469352894
2875.0580409448803 -37.6157435414865
3028.3286655749457 -39.250859813709894
3189.7702154663216 -29.883657809519292
3359.818286283781 -19.44024724854891
3538.9316954909877 -29.866620109075328
3727.593720314938 -34.2433637222006
3926.3134017068355 -47.4409977169168
4135.626917817706 -45.6795761117593
4356.099030694608 -33.065348035397065
4588.324610100844 -37.095760329662035
4832.930238571752 -30.099526919047047
5090.575902036681 -34.58233727750859
5361.956770568817 -24.459378957130685
5647.805074067552 -45.61568217383183
5948.892077934331 -27.91661320701765
6266.030164072656 -29.129342426688357
6600.075022827095 -33.701608542135915
6951.927961775606 -40.35407704890477
7322.538337604534 -19.638249113364715
7712.906117627992 -24.71379112719572
8124.0845778629655 -24.382109788004914
8557.183144940002 -50.186576620017945
9013.37038951743 -23.425089064649
9493.87717927582 -23.468670534924474
10000.0 -45.17765981421383
10533.104453709382 -14.094528692586847
11094.628943275218 -28.26747448299961
11686.088553466498 -43.52776306836054
12309.079138896019 -17.1824432284043
12965.281629896688 -30.221396803526094
13656.466567946096 -39.169902771307385
14384.498882876629 -12.48391765281215
15151.342924760515 -33.34045142662884
15959.06776404731 -20.87365904550351
16809.852774253653 -19.381849595307784
17705.99351226898 -12.540714927630924
18649.907912142942 -17.353681522695435
19644.142809066267 -46.0661790837171
20691.3808111479 -27.24311497208216
21794.447537529835 -23.055312473957915
22956.319242369096 -23.938922960296484
24180.13084525718 -26.221612287341376
25469.184389745402 -37.459131250503106
26826.957952797275 -19.80094150668296
28257.115029208268 -46.212498403493825
29763.51441631313 -28.987996438624172
31350.220625651124 -29.138262752524756
33021.51484968176 -46.34302102768069
34781.90651314134 7.413536568832269
36636.14544020716 -46.48611608781822
38589.23467029899 -14.678999156337007
40646.44395709628 -46.37816453143655
42813.32398719396 -25.476123368395744
45095.721356761445 -31.242433782112776
47499.79434661403 -32.821109946551914
50032.029538259994 -26.499111417011907
52699.259315756564 -25.240104789076142
55508.680300598106 -14.514652010241536
58467.87276937589 -17.397149704788703
61584.82110660255 -26.143351219543398
64867.935347885075 -2.246573969781385
68326.07387157406 -20.290486978840853
71968.56730011514 -47.0039928494887
75805.24367559262 -47.068391472193184
79846.45497739078 -44.67531877635399
84103.10505352604 -8.37702008666412
88586.67904100832 -24.085514534725622
93309.27435461663 -45.1010669787577
98283.63332770011 -38.89827295020806
103523.17759307378 -28.281724887303213
109042.04429677526 -32.48474141894334
114855.12424239368 -18.123111170012326
120978.10206889013 -1.944174043712973
127427.49857031321 -15.541832488080562
134220.7152716012 -26.861417989177376
141376.08138073614 -21.346017491676776
148912.90324394088 7.811044367923049
156851.5164373548 2.4947152205924477
165213.34063573685 -27.012325260625758
174020.9374062485 -25.614167481807428
183298.07108324338 -32.76437695713293
193069.77288832495 -48.684403181679016
203362.40846866704 -48.66131453578218
214203.74903583832 -33.209849089069195
225623.04629706353 -20.809311265913486
237651.11138110727 -36.65495936260022
250320.39797173254 -30.57596954495629
263665.08987303555 -23.093377205612406
277721.1932429355 -32.15033726462969
292526.6337436642 -38.978277819861034
308121.35887140024 -20.75733124078625
324547.44574113254 -24.117189922198463
341849.21461759275 -3.7342013258229927
360073.348498562 1.7914006016427377
379269.0190732246 -26.67328225900091
399488.019395417 -36.37115013939704
420784.9036297398 -20.69586847436944
443217.13424760854 -46.46861859208444
466845.2370703785 -48.878571819000086
491732.9645779016 -45.426689442534084
517947.46792312124 -3.0191861791889947
545559.4781168514 -18.146555468431572
574643.4968715974 -15.664147673474096
605277.9976193343 -19.6835663010067
637545.6372456506 -26.360037772775996
671533.4791115135 -40.49617691366292
707333.2279644439 -23.304970409882614
745041.4773728917 -25.949912866577375
784759.9703514606 -27.882560631099626
826595.8738801812 -24.369667094848865
870662.0680585118 -32.962838888390735
917077.4506742931 -25.895292715582553
965967.2580093823 -22.39961721213513
1017463.4027476063 -6.296014351052236
1071704.8298967092 -11.511903754032431
1128837.8916846884 -34.33000292538828
1189016.74244199 -9.251741580734707
1252403.7545350718 -26.79532476053536
1319169.9564735717 -13.63037178735868
1389495.494373136 -30.9851966994573
1463570.1180190798 -18.83666216166393
1541593.6928422702 -45.49654536454392
1623776.739188721 -23.3964970241729
1710341.0003378377 -44.67187170272429
1801520.0408020238 3.0855520797948155
1897559.8765218505 -27.849715496960954
1998719.6386572486 -21.024460270306275
2105272.272765707 -24.439448529477843
2217505.2752539297 -32.48545562395955
2335721.4690901213 -32.97397647666419
2460239.8208697727 -5.324832852633436
2591396.3014396573 -17.460334692295028
2729544.792402007 -26.521104496756852
2875058.040944877 -16.83125830152852
3028328.6655749455 -25.19908021511416
3189770.215466318 -25.99103584780932
3359818.286283781 -28.357755790365644
3538931.6954909842 -18.62161675703553
3727593.720314938 -48.41934586731792
3926313.4017068394 -16.921853320438572
4135626.917817706 -15.413792214551169
4356099.030694608 -22.998067539697384
4588324.61010084 -20.204162805873295
4832930.238571752 -24.02376487845972
5090575.902036676 -25.348744048309875
5361956.770568817 25.948247230685404
5647805.074067546 -20.598146477265338
5948892.077934331 -12.55173343613351
6266030.164072656 -45.42477349650461
6600075.022827089 -36.02861463278464
6951927.961775606 -27.681757157454502
7322538.337604526 -29.25671153919858
7712906.117627992 -7.645261030141567
8124084.5778629575 -18.96719496043445
8557183.144940002 -6.634185111761475
9013370.38951742 -25.421748387501964
9493877.17927582 -24.766091906711985
10000000.0 -29.486648702390678
10533104.45370936 -23.65654903122101
11094628.943275219 -46.47439161571203
11686088.553466497 -16.8882193425558
12309079.138896018 -23.652268586252664
12965281.629896663 -50.395106055901174
13656466.567946097 -33.33922893633235
14384498.882876629 -28.23705148831055
15151342.924760515 -25.04805088264185
15959067.76404731 -41.583560976494894
16809852.774253618 -69.87464470171793
17705993.51226898 -41.14147866198615
18649907.912142944 -43.45523164055087
19644142.809066266 -27.56400089938476
20691380.811147902 -48.35883798787921
21794447.537529834 -33.56947840297718
22956319.242369097 -59.654557136446996
24180130.84525718 -37.28889589169173
25469184.3897454 -43.19788084124682
26826957.95279722 -52.66213888814236
28257115.02920827 -32.83738538548292
29763514.41631313 -76.60318446288804
31350220.62565112 -30.184846577877074
33021514.849681754 -38.25006633578016
34781906.51314127 -45.28772759191238
36636145.44020716 -44.97254586516807
38589234.67029899 -33.67262334564403
40646443.95709628 -34.362059740628766
42813323.98719387 -33.47956314282976
45095721.35676145 -12.417561874372055
47499794.346614026 -47.83897764453553
50032029.53825999 -45.341132577998174
52699259.31575657 -28.35811212381845
55508680.300597996 -42.59573777372988
58467872.7693759 -45.758028804626775
61584821.10660254 -53.68098466487771
64867935.34788508 -35.378178859896174
68326073.87157391 -41.30845796579617
71968567.30011514 -53.86757184315635
75805243.67559262 -37.567056894898876
79846454.97739078 -32.814342855251866
84103105.05352604 -28.732727012832978
88586679.04100814 -33.939277410694054
93309274.35461664 -14.99302480682372
98283633.32770011 -49.85343417700026
103523177.59307377 -43.38752135614001
109042044.29677527 -22.966071341102108
114855124.24239345 -36.2152654708406
120978102.06889038 -47.40852511789448
127427498.57031322 -34.456022808055124
134220715.2716012 -26.447898134341422
141376081.38073614 -45.1158896212888
148912903.24394056 -47.01370314043899
156851516.43735445 -43.4014225108392
165213340.63573685 -46.85058512647216
174020937.40624848 -36.17874865910012
183298071.08324376 -33.56395153688218
193069772.88832456 -50.04142641571168
203362408.46866703 -43.47270551474686
214203749.0358383 -40.21174304097911
225623046.2970626 -33.00054862913446
237651111.38110778 -37.45924435622662
250320397.97173202 -25.6089919756636
263665089.87303555 -35.98722232294167
277721193.2429355 -47.503488818104046
292526633.74366355 -34.77121368834988
308121358.87140083 -28.012967435329315
324547445.74113256 -44.117463679553346
341849214.6175927 -44.52990405276918
360073348.49856204 -36.79769371027129
379269019.0732238 -43.53586445643023
399488019.39541787 2.5706718193146734
420784903.6297398 -28.544348517170516
443217134.24760854 -48.154011301818414
466845237.07037944 -39.597188872017675
491732964.5779006 -12.839685118303715
517947467.9231202 -13.055865566494631
545559478.1168514 -28.952437960999468
574643496.8715974 -33.8849564659355
605277997.6193355 -27.26178399883045
637545637.2456493 -39.590154311802934
671533479.1115135 -30.41347097127208
707333227.9644439 -47.048608664981984
745041477.3728887 -37.7891530986472
784759970.3514622 -34.91822615374463
826595873.8801795 -46.12948491777054
870662068.0585117 -48.31386659779167
917077450.674293 -32.50134581580358
965967258.0093802 -43.98745467418774
1017463402.7476043 -11.38331123181512
1071704829.8967092 -27.170107314497148
1128837891.6846883 -8.521414864427452
1189016742.44199 -9.872321251850796
1252403754.5350692 -46.46297814882481
1319169956.473569 -12.600357365845534
1389495494.373136 -45.655934862130756
1463570118.0190797 -38.067714738174566
1541593692.8422735 -36.87677207283694
1623776739.1887176 -24.784492620094667
1710341000.337838 -31.253487918291633
1801520040.802024 -17.956340950887814
1897559876.5218503 -44.79780239571418
1998719638.6572526 -36.409769734722445
2105272272.7657027 -4.77347089217252
2217505275.2539296 -30.546248015657703
2335721469.0901213 -35.41887355114211
2460239820.8697777 -52.318872348447485
2591396301.439652 -42.585653961702306
2729544792.402002 -33.345168257818784
2875058040.944877 -42.413994832932254
3028328665.5749454 -25.270486910832922
3189770215.466325 -36.307909307588574
3359818286.2837744 -51.451694047617416
3538931695.4909844 -53.604144410421554
3727593720.314938 -29.689406391760407
3926313401.7068396 -32.94064581555649
4135626917.8176975 -27.094145136773328
4356099030.694599 -2.7073658791405424
4588324610.100841 -18.248004317112283
4832930238.571753 -42.215992638491755
5090575902.036687 -37.4603800163085
5361956770.568806 -18.826710874509853
5647805074.067546 -24.40055847543895
5948892077.934331 -35.150441068038425
6266030164.072656 -29.71194065407054
6600075022.827075 -50.89419280850238
6951927961.775591 -36.4821845668629
7322538337.6045265 -21.258961300940694
7712906117.627993 -44.7061177866843
8124084577.862974 -23.071430720813424
8557183144.939984 -32.11730236673216
9013370389.51742 -40.40482042084325
9493877179.27582 -37.34125048795785
10000000000.0 -38.540982923942934
