10.0 27.91283542570278
10.53310445370937 27.46171113857844
11.094628943275218 27.010587238052842
11.686088553466515 26.55946376632684
12.309079138896024 26.108340770796477
12.965281629896682 25.65721830294177
13.65646656794611 25.206096421409697
14.38449888287663 24.754975188611105
15.15134292476053 24.303854677255245
15.95906776404731 23.852734966093276
16.80985277425364 23.40161614175728
17.70599351226899 22.95049830169196
18.64990791214297 22.499381553966963
19.644142809066278 22.048266017674145
20.6913808111479 21.597151825350576
21.794447537529855 21.146039123885206
22.956319242369098 20.69492807677133
24.180130845257207 20.24381886410071
25.4691843897454 19.792711687257686
26.826957952797258 19.34160676866902
28.257115029208283 18.890504354376905
29.76351441631318 18.43940471897281
31.350220625651154 17.988308165899163
33.02151484968176 17.537215031163072
34.7819065131413 17.0861256895886
36.63614544020716 16.635040553571557
38.58923467029903 16.183960083851613
40.646443957096295 15.732884788836007
42.81332398719393 15.281815233212976
45.095721356761466 14.830752043089852
47.499794346614124 14.379695911984243
50.03202953826004 13.928647609659544
52.699259315756564 13.47760798845714
55.50868030059805 13.026577993836092
58.467872769375894 12.575558672853022
61.58482110660264 12.12455118642854
64.86793534788511 11.673556820138577
68.32607387157402 11.222576998315386
71.96856730011521 10.771613299035664
75.8052436755926 10.32066746979198
79.84645497739086 9.869741444820418
84.10310505352605 9.41883736681859
88.58667904100822 8.967957606284976
93.30927435461668 8.517104786486469
98.28363332770026 8.06628180958829
103.52317759307378 7.615491886714633
109.04204429677526 7.164738566132851
114.8551242423938 6.714025772209448
120.97810206889012 6.26335784063105
127.42749857031335 5.812739561894686
134.2207152716012 5.362176225660452
141.37608138073614 4.911673671967415
148.91290324394086 4.4612383466814745
156.85151643735477 4.010877360609609
165.213340635737 3.5605985551890553
174.0209374062485 3.1104105774799233
183.29807108324357 2.6603229568720366
193.06977288832496 2.2103461928865857
203.36240846866724 1.7604918527007893
214.2037490358383 1.3107726747764397
225.62304629706352 0.8612026867588874
237.65111138110728 0.41179733410534763
250.32039797173255 -0.03742637772188797
263.6650898730358 -0.4864497233973925
277.7211932429355 -0.9352520826943467
292.5266337436645 -1.383810743635003
308.1213588714002 -1.8321006831557822
324.54744574113323 -2.280094324139158
341.84921461759274 -2.727761261736675
360.073348498562 -3.1750679609793515
379.26901907322497 -3.6219774192634606
399.48801939541704 -4.0684487919759595
420.78490362974026 -4.514436979868938
443.21713424760856 -4.959892171352468
466.84523707037897 -5.404759344370099
491.73296457790156 -5.848977719689375
517.9474679231213 -6.292480168030235
545.5594781168514 -6.735192568828682
574.6434968715973 -7.1770331215526095
605.2779976193349 -7.6179116075811
637.5456372456507 -8.057728606954754
671.5334791115142 -8.496374668184124
707.3332279644438 -8.933729436314934
745.0414773728917 -9.369660742003532
784.7599703514607 -9.804023656469084
826.5958738801812 -10.236659519584524
870.6620680585127 -10.66739495149349
917.0774506742931 -11.096040857278165
965.9672580093833 -11.522391442622267
1017.4634027476063 -11.94622325930183
1071.7048298967104 -12.367294302544211
1128.8378916846884 -12.785343191634404
1189.01674244199 -13.200088466473087
1252.4037545350732 -13.611228040359673
1319.1699564735716 -14.01843885480815
1389.4954943731375 -14.421376787027116
1463.5701180190797 -14.819676865990214
1541.5936928422718 -15.212953855877
1623.776739188721 -15.6008032678794
1710.3410003378397 -15.98280285979169
1801.520040802024 -16.358514680036908
1897.5598765218504 -16.727487703924886
1998.7196386572507 -17.08926109759449
2105.272272765707 -17.443368129019973
2217.505275253932 -17.78934072200754
2335.7214690901214 -18.126714622139556
2460.239820869775 -18.45503511320092
2591.3963014396572 -18.77386318759743
2729.5447924020073 -19.0827820399975
2875.0580409448803 -19.381403719908718
3028.3286655749457 -19.66937574992442
3189.7702154663216 -19.94638749444023
3359.818286283781 -20.212176053371746
3538.9316954909877 -20.466531454535048
3727.593720314938 -20.709300935571484
3926.3134017068355 -20.94039213313308
4135.626917817706 -21.159775040095077
4356.099030694608 -21.367482643297606
4588.324610100844 -21.563610212557236
4832.930238571752 -21.74831327357477
5090.575902036681 -21.921804354841882
5361.956770568817 -22.084348650846046
5647.805074067552 -22.23625878508637
5948.892077934331 -22.377888884056084
6266.030164072656 -22.50962818799707
6600.075022827095 -22.631894424499276
6951.927961775606 -22.74512715882559
7322.538337604534 -22.849781313147695
7712.906117627992 -22.94632101717946
8124.0845778629655 -23.035213919544056
8557.183144940002 -23.116926054299807
9013.37038951743 -23.191917322833838
9493.87717927582 -23.260637620662095
10000.0 -23.323523611542907
10533.104453709382 -23.380996129385494
11094.628943275218 -23.433458171478726
11686.088553466498 -23.481293434378678
12309.079138896019 -23.524865336209395
12965.281629896688 -23.564516465516455
13656.466567946096 -23.60056839557544
14384.498882876629 -23.633321805226494
15151.342924760515 -23.66305685049165
15959.06776404731 -23.690033735935824
16809.852774253653 -23.714493439832466
17705.99351226898 -23.736658552927295
18649.907912142942 -23.756734196063324
19644.142809066267 -23.77490898747481
20691.3808111479 -23.791356034902947
21794.447537529835 -23.806233933203288
22956.319242369096 -23.819687751091315
24180.13084525718 -23.831849994796002
25469.184389745402 -23.842841539459506
26826.957952797275 -23.852772521102953
28257.115029208268 -23.861743184776
29763.51441631313 -23.869844685646395
31350.220625651124 -23.87715984192279
33021.51484968176 -23.88376383864597
34781.90651314134 -23.889724883335333
36636.14544020716 -23.895104814217728
38589.23467029899 -23.899959662906866
40646.44395709628 -23.904340173423
42813.32398719396 -23.908292279677035
45095.721356761445 -23.911857543985697
47499.79434661403 -23.915073558825497
50032.029538259994 -23.917974314330724
52699.259315756564 -23.920590534059066
55508.680300598106 -23.922949981127317
58467.87276937589 -23.925077737201068
61584.82110660255 -23.926996456274576
64867.935347885075 -23.9287265955736
68326.07387157406 -23.9302866250684
71968.56730011514 -23.931693217811922
75805.24367559262 -23.932961422462217
79846.45497739078 -23.934104819719376
84103.10505352604 -23.935135664056038
88586.67904100832 -23.93606501196126
93309.27435461663 -23.93690283810333
98283.63332770011 -23.937658140372932
103523.17759307378 -23.938339034866736
109042.04429677526 -23.93895284179283
114855.12424239368 -23.939506163051114
120978.10206889013 -23.940004952420043
127427.49857031321 -23.94045457884519
134220.7152716012 -23.940859883696852
141376.08138073614 -23.941225232386458
148912.90324394088 -23.941554561030305
156851.5164373548 -23.94185141854524
165213.34063573685 -23.942119004593145
174020.9374062485 -23.94236020394682
183298.07108324338 -23.94257761733263
193069.77288832495 -23.942773589401384
203362.40846866704 -23.942950233868117
214203.74903583832 -23.943109456223418
225623.04629706353 -23.943252974227562
237651.11138110727 -23.943382336386534
250320.39797173254 -23.94349893859459
263665.08987303555 -23.943604039165546
277721.1932429355 -23.943698772400488
292526.6337436642 -23.943784160722874
308121.35887140024 -23.943861125829493
324547.44574113254 -23.943930498492954
341849.21461759275 -23.943993027587066
360073.348498562 -23.944049388172566
379269.0190732246 -23.94410018865598
399488.019395417 -23.944145977537666
420784.9036297398 -23.944187249158784
443217.13424760854 -23.94422444913433
466845.2370703785 -23.94425797913657
491732.9645779016 -23.944288201182577
517947.46792312124 -23.944315441607806
545559.4781168514 -23.944339994550475
574643.4968715974 -23.94436212516069
605277.9976193343 -23.94438207240863
637545.6372456506 -23.944400051662143
671533.4791115135 -23.94441625708295
707333.2279644439 -23.94443086372725
745041.4773728917 -23.944444029238458
784759.9703514606 -23.94445589580082
826595.8738801812 -23.944466591677568
870662.0680585118 -23.944476232267245
917077.4506742931 -23.94448492166017
965967.2580093823 -23.944492753841327
1017463.4027476063 -23.944499813182496
1071704.8298967092 -23.944506176052386
1128837.8916846884 -23.944511911213876
1189016.74244199 -23.944517080444854
1252403.7545350718 -23.944521739767175
1319169.9564735717 -23.9445259393557
1389495.494373136 -23.944529724572163
1463570.1180190798 -23.944533136401915
1541593.6928422702 -23.94453621152178
1623776.739188721 -23.944538983258287
1710341.0003378377 -23.944541481603295
1801520.0408020238 -23.944543733405258
1897559.8765218505 -23.94454576304845
1998719.6386572486 -23.944547592448053
2105272.272765707 -23.944549241367955
2217505.2752539297 -23.944550727581927
2335721.4690901213 -23.944552067108194
2460239.8208697727 -23.9445532745415
2591396.3014396573 -23.94455436288123
2729544.792402007 -23.944555343762296
2875058.040944877 -23.944556227874834
3028328.6655749455 -23.944557024788846
3189770.215466318 -23.94455774306122
3359818.286283781 -23.944558390513208
3538931.6954909842 -23.944558974008068
3727593.720314938 -23.944559499976307
3926313.4017068394 -23.944559974067317
4135626.917817706 -23.94456040130912
4356099.030694608 -23.944560786448253
4588324.61010084 -23.94456113365084
4832930.238571752 -23.944561446513212
5090575.902036676 -23.944561728500315
5361956.770568817 -23.944561982750518
5647805.074067546 -23.944562211808407
5948892.077934331 -23.94456241826625
6266030.164072656 -23.944562604436967
6600075.022827089 -23.9445627722614
6951927.961775606 -23.94456292342817
7322538.337604526 -23.94456305982701
7712906.117627992 -23.944563182562465
8124084.5778629575 -23.94456329330533
8557183.144940002 -23.94456339313338
9013370.38951742 -23.944563483021255
9493877.17927582 -23.944563564271007
10000000.0 -23.94456363717959
10533104.45370936 -23.94456370312782
11094628.943275219 -23.944563762552015
11686088.553466497 -23.944563816078997
12309079.138896018 -23.944563864102903
12965281.629896663 -23.944563907658605
13656466.567946097 -23.9445639469507
14384498.882876629 -23.944563982243
15151342.924760515 -23.94456401402411
15959067.76404731 -23.944564042747224
16809852.774253618 -23.94456406876332
17705993.51226898 -23.944564091967955
18649907.912142944 -23.944564112873845
19644142.809066266 -23.944564132019217
20691380.811147902 -23.944564148911898
21794447.537529834 -23.94456416421599
22956319.242369097 -23.94456417808806
24180130.84525718 -23.944564190882645
25469184.3897454 -23.944564202077242
26826957.95279722 -23.9445642119148
28257115.02920827 -23.944564221372026
29763514.41631313 -23.944564229040708
31350220.62565112 -23.944564236775562
33021514.849681754 -23.944564243941258
34781906.51314127 -23.94456424924313
36636145.44020716 -23.9445642550174
38589234.67029899 -23.94456425986447
40646443.95709628 -23.944564264684416
42813323.98719387 -23.944564268521567
45095721.35676145 -23.94456427227344
47499794.346614026 -23.94456427544551
50032029.53825999 -23.944564278093985
52699259.31575657 -23.944564280780117
55508680.300597996 -23.944564282942785
58467872.7693759 -23.94456428491636
61584821.10660254 -23.944564287324333
64867935.34788508 -23.94456428874905
68326073.87157391 -23.944564290202834
71968567.30011514 -23.944564291414668
75805243.67559262 -23.944564293505344
79846454.97739078 -23.944564294112677
84103105.05352604 -23.944564295294548
88586679.04100814 -23.944564295793015
93309274.35461664 -23.944564297809773
98283633.32770011 -23.944564298472855
103523177.59307377 -23.944564299115342
109042044.29677527 -23.944564299428237
114855124.24239345 -23.944564299498104
120978102.06889038 -23.94456429976136
127427498.57031322 -23.944564300464606
134220715.2716012 -23.944564300817422
141376081.38073614 -23.94456430059651
148912903.24394056 -23.944564302073662
156851516.43735445 -23.944564303595
165213340.63573685 -23.944564301950987
174020937.40624848 -23.944564302472976
183298071.08324376 -23.944564303646484
193069772.88832456 -23.9445643025779
203362408.46866703 -23.94456430381179
214203749.0358383 -23.944564303157083
225623046.2970626 -23.944564303478423
237651111.38110778 -23.944564304233246
250320397.97173202 -23.944564304022617
263665089.87303555 -23.944564304407315
277721193.2429355 -23.944564303245333
292526633.74366355 -23.944564305557428
308121358.87140083 -23.944564302550212
324547445.74113256 -23.94456430425455
341849214.6175927 -23.944564301768004
360073348.49856204 -23.944564305634316
379269019.0732238 -23.944564301540865
399488019.39541787 -23.944564306088534
420784903.6297398 -23.94456430771247
443217134.24760854 -23.9445643055514
466845237.07037944 -23.94456429911893
491732964.5779006 -23.94456430958737
517947467.9231202 -23.94456430412535
545559478.1168514 -23.944564308994636
574643496.8715974 -23.944564303457142
605277997.6193355 -23.94456430194559
637545637.2456493 -23.944564308989037
671533479.1115135 -23.94456430594239
707333227.9644439 -23.944564301601954
745041477.3728887 -23.944564302835715
784759970.3514622 -23.944564309592018
826595873.8801795 -23.9445643048446
870662068.0585117 -23.94456430636421
917077450.674293 -23.944564302023178
965967258.0093802 -23.944564298836806
1017463402.7476043 -23.944564308513236
1071704829.8967092 -23.944564305240338
1128837891.6846883 -23.944564299383853
1189016742.44199 -23.94456430942085
1252403754.5350692 -23.944564314471272
1319169956.473569 -23.94456430762888
1389495494.373136 -23.94456429242757
1463570118.0190797 -23.94456430006297
1541593692.8422735 -23.944564308798636
1623776739.1887176 -23.944564306420023
1710341000.337838 -23.94456429317012
1801520040.802024 -23.94456429934715
1897559876.5218503 -23.94456431189791
1998719638.6572526 -23.944564316466007
2105272272.7657027 -23.944564289876972
2217505275.2539296 -23.94456427083306
2335721469.0901213 -23.9445642876709
2460239820.8697777 -23.944564296620584
2591396301.439652 -23.94456429855537
2729544792.402002 -23.944564319567682
2875058040.944877 -23.944564314772453
3028328665.5749454 -23.944564305961524
3189770215.466325 -23.944564361328815
3359818286.2837744 -23.94456429997461
3538931695.4909844 -23.944564306315304
3727593720.314938 -23.944564288197977
3926313401.7068396 -23.94456431922494
4135626917.8176975 -23.944564306397783
4356099030.694599 -23.944564306733575
4588324610.100841 -23.944564260141266
4832930238.571753 -23.94456432025879
5090575902.036687 -23.944564302666524
5361956770.568806 -23.94456428495781
5647805074.067546 -23.944564279486524
5948892077.934331 -23.944564253547558
6266030164.072656 -23.944564289943067
6600075022.827075 -23.944564333628257
6951927961.775591 -23.944564309205568
7322538337.6045265 -23.944564373632073
7712906117.627993 -23.944564329628605
8124084577.862974 -23.94456425348284
8557183144.939984 -23.94456429730053
9013370389.51742 -23.944564224252613
9493877179.27582 -23.94456429458551
10000000000.0 -23.94456420929083
