10.0 -6.890907356995225
10.53310445370937 -7.073718679272497
11.094628943275218 -7.244074248400754
11.686088553466515 -7.402100054285681
12.309079138896024 -7.547966464608664
12.965281629896682 -7.6818827933178415
13.65646656794611 -7.804091361475489
14.38449888287663 -7.914861307954347
15.15134292476053 -8.01448244412196
15.95906776404731 -8.103259363191947
16.80985277425364 -8.181506071362676
17.70599351226899 -8.249541329961781
18.64990791214297 -8.30768488735418
19.644142809066278 -8.3562547380441
20.6913808111479 -8.395565525209772
21.794447537529855 -8.425928143699672
22.956319242369098 -8.447650577308753
24.180130845257207 -8.46103999069327
25.4691843897454 -8.46640600837344
26.826957952797258 -8.464065146102609
28.257115029208283 -8.454346238731986
29.76351441631318 -8.437596774053834
31.350220625651154 -8.414189873632553
33.02151484968176 -8.384531742787741
34.7819065131413 -8.349069273034342
36.63614544020716 -8.308297501535712
38.58923467029903 -8.262766570755876
40.646443957096295 -8.213087808492661
42.81332398719393 -8.159938568816061
45.095721356761466 -8.104065431673162
47.499794346614124 -8.046285425824426
50.03202953826004 -7.987484987404504
52.699259315756564 -7.92861639203579
55.50868030059805 -7.870691525866889
58.467872769375894 -7.814772957283303
61.58482110660264 -7.761962360612706
64.86793534788511 -7.713386493179004
68.32607387157402 -7.670181013086456
71.96856730011521 -7.633472570573982
75.8052436755926 -7.6043596934119195
79.84645497739086 -7.58389304345266
84.10310505352605 -7.573055717443343
88.58667904100822 -7.572744255587496
93.30927435461668 -7.583751050109425
98.28363332770026 -7.606748758063484
103.52317759307378 -7.642277313707385
109.04204429677526 -7.69073398466057
114.8551242423938 -7.752366815839658
120.97810206889012 -7.827271675433804
127.42749857031335 -7.915392946609141
134.2207152716012 -8.01652779537474
141.37608138073614 -8.130333797148056
148.91290324394086 -8.256339593627475
156.85151643735477 -8.393958179921006
165.213340635737 -8.54250233916613
174.0209374062485 -8.701201734655875
183.29807108324357 -8.869221136521487
193.06977288832496 -9.045679291669686
203.36240846866724 -9.229667959866418
214.2037490358383 -9.420270678137776
225.62304629706352 -9.616580855698984
237.65111138110728 -9.817718838558628
250.32039797173255 -10.022847621876629
263.6650898730358 -10.231186918838052
277.7211932429355 -10.442025330733465
292.5266337436645 -10.654730386067722
308.1213588714002 -10.868756258113272
324.54744574113323 -11.083648999116507
341.84921461759274 -11.29904917923209
360.073348498562 -11.514691867706047
379.26901907322497 -11.730403955342322
399.48801939541704 -11.94609888549042
420.78490362974026 -12.16176893410334
443.21713424760856 -12.377475254296044
466.84523707037897 -12.59333597609513
491.73296457790156 -12.809512719351456
517.9474679231213 -13.026195937891353
545.5594781168514 -13.243589559116153
574.6434968715973 -13.461895415865705
605.2779976193349 -13.681297979307526
637.5456372456507 -13.901949897899007
671.5334791115142 -14.123958821381528
707.3332279644438 -14.347375944735905
745.0414773728917 -14.572186644601162
784.7599703514607 -14.798303502662995
826.5958738801812 -15.025561920616058
870.6620680585127 -15.253718433863403
917.0774506742931 -15.482451730681683
965.9672580093833 -15.711366286087891
1017.4634027476063 -15.939998428430952
1071.7048298967104 -16.167824577467687
1128.8378916846884 -16.39427132615146
1189.01674244199 -16.61872698876961
1252.4037545350732 -16.84055420317422
1319.1699564735716 -17.059103156752585
1389.4954943731375 -17.273725002290007
1463.5701180190797 -17.483785040819054
1541.5936928422718 -17.688675271381477
1623.776739188721 -17.88782594423741
1710.3410003378397 -18.080715799978044
1801.520040802024 -18.26688073406633
1897.5598765218504 -18.445920691056394
1998.7196386572507 -18.61750466494173
2105.272272765707 -18.781373755446236
2217.505275253932 -18.93734230600387
2335.7214690901214 -19.085297219205295
2460.239820869775 -19.22519560845538
2591.3963014396572 -19.357060996690805
2729.5447924020073 -19.48097831064813
2875.0580409448803 -19.597087942210994
3028.3286655749457 -19.70557915591604
3189.7702154663216 -19.806683114125534
3359.818286283781 -19.900665772947825
3538.9316954909877 -19.987820871933188
3727.593720314938 -20.068463206035677
3926.3134017068355 -20.142922328698546
4135.626917817706 -20.211536795980752
4356.099030694608 -20.27464902366997
4588.324610100844 -20.332600795761273
4832.930238571752 -20.385729433079554
5090.575902036681 -20.43436460737308
5361.956770568817 -20.478825767742425
5647.805074067552 -20.519420133141995
5948.892077934331 -20.556441196458103
6266.030164072656 -20.590167680901438
6600.075022827095 -20.620862888655452
6951.927961775606 -20.648774382625508
7322.538337604534 -20.674133945593113
7712.906117627992 -20.69715776517514
8124.0845778629655 -20.718046798221238
8557.183144940002 -20.736987273564488
9013.37038951743 -20.75415129756773
9493.87717927582 -20.769697532073536
10000.0 -20.783771919243684
10533.104453709382 -20.796508432340303
11094.628943275218 -20.80802983530309
11686.088553466498 -20.818448437692545
12309.079138896019 -20.827866834377097
12965.281629896688 -20.836378622057058
13656.466567946096 -20.844069086794388
14384.498882876629 -20.851015858531376
15151.342924760515 -20.85728953001791
15959.06776404731 -20.86295423874993
16809.852774253653 -20.86806821144446
17705.99351226898 -20.87268427129399
18649.907912142942 -20.87685030879483
19644.142809066267 -20.880609717351767
20691.3808111479 -20.884001795143107
21794.447537529835 -20.887062114933972
22956.319242369096 -20.88982286363479
24180.13084525718 -20.892313153477545
25469.184389745402 -20.894559306675497
26826.957952797275 -20.89658511543114
28257.115029208268 -20.898412079095205
29763.51441631313 -20.90005962022024
31350.220625651124 -20.901545281171995
33021.51484968176 -20.90288490286957
34781.90651314134 -20.904092787141124
36636.14544020716 -20.905181844074235
38589.23467029899 -20.906163725660782
40646.44395709628 -20.907048946927013
42813.32398719396 -20.907846995664258
45095.721356761445 -20.908566431778638
47499.79434661403 -20.909214977200218
50032.029538259994 -20.90979959721699
52699.259315756564 -20.910326574021376
55508.680300598106 -20.910801573192323
58467.87276937589 -20.911229703774357
61584.82110660255 -20.91161557255202
64867.935347885075 -20.91196333306986
68326.07387157406 -20.91227672989386
71968.56730011514 -20.91255913856778
75805.24367559262 -20.912813601674976
79846.45497739078 -20.913042861377672
84103.10505352604 -20.913249388772037
88586.67904100832 -20.913435410364052
93309.27435461663 -20.913602931944016
98283.63332770011 -20.91375376010899
103523.17759307378 -20.913889521660536
109042.04429677526 -20.914011681081757
114855.12424239368 -20.914121556278687
120978.10206889013 -20.914220332752667
127427.49857031321 -20.914309076354208
134220.7152716012 -20.914388744753904
141376.08138073614 -20.914460197752454
148912.90324394088 -20.91452420654023
156851.5164373548 -20.914581462004232
165213.34063573685 -20.91463258217224
174020.9374062485 -20.91467811887355
183298.07108324338 -20.914718563686534
193069.77288832495 -20.91475435323938
203362.40846866704 -20.914785873917168
214203.74903583832 -20.91481346602938
225623.04629706353 -20.91483742748011
237651.11138110727 -20.914858016981643
250320.39797173254 -20.91487545684542
263665.08987303555 -20.91488993538077
277721.1932429355 -20.91490160892681
292526.6337436642 -20.914910603539724
308121.35887140024 -20.91491701635352
324547.44574113254 -20.914920916628734
341849.21461759275 -20.914922346499893
360073.348498562 -20.91492132143262
379269.0190732246 -20.91491783038979
399488.019395417 -20.9149118357151
420784.9036297398 -20.914903272727962
443217.13424760854 -20.91489204902765
466845.2370703785 -20.91487804349878
491732.9645779016 -20.914861105007546
517947.46792312124 -20.914841050775095
545559.4781168514 -20.914817664409995
574643.4968715974 -20.914790693579903
605277.9976193343 -20.914759847296263
637545.6372456506 -20.91472479278492
671533.4791115135 -20.914685151907605
707333.2279644439 -20.914640497097544
745041.4773728917 -20.914590346765646
784759.9703514606 -20.91453416012871
826595.8738801812 -20.91447133140544
870662.0680585118 -20.91440118331843
917077.4506742931 -20.914322959834433
965967.2580093823 -20.914235818067
1017463.4027476063 -20.914138819256316
1071704.8298967092 -20.914030918732887
1128837.8916846884 -20.913910954761057
1189016.74244199 -20.913777636147
1252403.7545350718 -20.913629528484655
1319169.9564735717 -20.913465038898146
1389495.494373136 -20.913282399127308
1463570.1180190798 -20.91307964678507
1541593.6928422702 -20.91285460459963
1623776.739188721 -20.912604857436833
1710341.0003378377 -20.91232772687579
1801520.0408020238 -20.912020243093412
1897559.8765218505 -20.911679113787574
1998719.6386572486 -20.911300689845813
2105272.272765707 -20.910880927441887
2217505.2752539297 -20.91041534621425
2335721.4690901213 -20.909898983153305
2460239.8208697727 -20.909326341796074
2591396.3014396573 -20.908691336297554
2729544.792402007 -20.90798722991918
2875058.040944877 -20.907206567447552
3028328.6655749455 -20.906341101029273
3189770.215466318 -20.90538170888683
3359818.286283781 -20.90431830636001
3538931.6954909842 -20.90313974870807
3727593.720314938 -20.90183372510346
3926313.4017068394 -20.90038664325961
4135626.917817706 -20.89878350416038
4356099.030694608 -20.897007766405903
4588324.61010084 -20.895041199762122
4832930.238571752 -20.892863727609008
5090575.902036676 -20.89045325812695
5361956.770568817 -20.887785504261544
5647805.074067546 -20.884833792763317
5948892.077934331 -20.881568862934085
6266030.164072656 -20.877958656131568
6600075.022827089 -20.873968097610813
6951927.961775606 -20.869558872927634
7322538.337604526 -20.864689201917592
7712906.117627992 -20.859313614211548
8124084.5778629575 -20.85338273137144
8557183.144940002 -20.846843062052027
9013370.38951742 -20.839636818113586
9493877.17927582 -20.831701761351212
10000000.0 -20.82297109243911
10533104.45370936 -20.81337339581944
11094628.943275219 -20.802832656521222
11686088.553466497 -20.79126836723452
12309079.138896018 -20.778595746259857
12965281.629896663 -20.76472608906361
13656466.567946097 -20.749567277897047
14384498.882876629 -20.733024475011803
15151342.924760515 -20.715001025123442
15959067.76404731 -20.69539959155225
16809852.774253618 -20.6741235474922
17705993.51226898 -20.651078638680374
18649907.912142944 -20.626174925933405
19644142.809066266 -20.599329005217367
20691380.811147902 -20.57046648891081
21794447.537529834 -20.539524714699002
22956319.242369097 -20.506455628430782
24180130.84525718 -20.471228765011375
25469184.3897454 -20.433834228214216
26826957.95279722 -20.394285547913334
28257115.02920827 -20.35262227388054
29763514.41631313 -20.30891215153568
31350220.62565112 -20.263252719583416
33021514.849681754 -20.215772174822146
34781906.51314127 -20.166629367460608
36636145.44020716 -20.11601282189776
38589234.67029899 -20.06413872256141
40646443.95709628 -20.011247859882452
42813323.98719387 -19.957601593958334
45095721.35676145 -19.903476957702452
47499794.346614026 -19.849161081207143
50032029.53825999 -19.79494516849614
52699259.31575657 -19.741118291432347
55508680.300597996 -19.68796127948038
58467872.7693759 -19.63574097670352
61584821.10660254 -19.584705109642815
64867935.34788508 -19.53507796473489
68326073.87157391 -19.487057016643043
71968567.30011514 -19.440810585309904
75805243.67559262 -19.396476535892397
79846454.97739078 -19.35416197757594
84103105.05352604 -19.313943868903305
88586679.04100814 -19.2758704014163
93309274.35461664 -19.239963011128292
98283633.32770011 -19.206218858172882
103523177.59307377 -19.174613617284727
109042044.29677527 -19.145104433207845
114855124.24239345 -19.117632913012965
120978102.06889038 -19.092128048998372
127427498.57031322 -19.068508988995237
134220715.2716012 -19.04668759360485
141376081.38073614 -19.026570740779654
148912903.24394056 -19.008062356337447
156851516.43735445 -18.991065164029543
165213340.63573685 -18.975482160575293
174020937.40624848 -18.961217829785536
183298071.08324376 -18.948179115858814
193069772.88832456 -18.936276179554437
203362408.46866703 -18.925422962672357
214203749.0358383 -18.91553758653165
225623046.2970626 -18.906542609324788
237651111.38110778 -18.8983651656739
250320397.97173202 -18.890937009700455
263665089.87303555 -18.88419448066277
277721193.2429355 -18.87807840787998
292526633.74366355 -18.87253396936558
308121358.87140083 -18.867510516422406
324547445.74113256 -18.862961374446712
341849214.6175927 -18.858843628394023
360073348.49856204 -18.855117899762973
379269019.0732238 -18.851748120577916
399488019.39541787 -18.848701308660413
420784903.6297398 -18.845947347485083
443217134.24760854 -18.84345877307537
466845237.07037944 -18.841210569706618
491732964.5779006 -18.83917997562223
517947467.9231202 -18.83734629951496
545559478.1168514 -18.835690748167366
574643496.8715974 -18.834196265364845
605277997.6193355 -18.832847381976745
637545637.2456493 -18.831630076942083
671533479.1115135 -18.83053164877752
707333227.9644439 -18.829540597138386
745041477.3728887 -18.828646513917498
784759970.3514622 -18.827839983326793
826595873.8801795 -18.827112490394896
870662068.0585117 -18.826456337313235
917077450.674293 -18.825864567074046
965967258.0093802 -18.82533089385258
1017463402.7476043 -18.82484963961618
1071704829.8967092 -18.824415676465215
1128837891.6846883 -18.824024374231396
1189016742.44199 -18.823671552898702
1252403754.5350692 -18.82335343943772
1319169956.473569 -18.8230666286613
1389495494.373136 -18.822808047757892
1463570118.0190797 -18.82257492416882
1541593692.8422735 -18.82236475651129
1623776739.1887176 -18.822175288264514
1710341000.337838 -18.82200448397505
1801520040.802024 -18.821850507737285
1897559876.5218503 -18.821711703744686
1998719638.6572526 -18.821586578715113
2105272272.7657027 -18.821473786011474
2217505275.2539296 -18.821372111305152
2335721469.0901213 -18.821280459623686
2460239820.8697777 -18.821197843658975
2591396301.439652 -18.821123373216412
2729544792.402002 -18.821056245687235
2875058040.944877 -18.820995737452932
3028328665.5749454 -18.820941196130555
3189770215.466325 -18.82089203356935
3359818286.2837744 -18.820847719544723
3538931695.4909844 -18.8208077760591
3727593720.314938 -18.820771772202143
3926313401.7068396 -18.82073931952754
4135626917.8176975 -18.820710067864542
4356099030.694599 -18.820683701553577
4588324610.100841 -18.82065993604981
4832930238.571753 -18.820638514854394
5090575902.036687 -18.820619206761272
5361956770.568806 -18.820601803356162
5647805074.067546 -18.820586116772454
5948892077.934331 -18.82057197767214
6266030164.072656 -18.820559233411693
6600075022.827075 -18.82054774640586
6951927961.775591 -18.820537392633156
7322538337.6045265 -18.820528060304852
7712906117.627993 -18.82051964866124
8124084577.862974 -18.820512066877953
8557183144.939984 -18.820505233086045
9013370389.51742 -18.820499073500187
9493877179.27582 -18.82049352160623
10000000000.0 -18.820488517453363
10.0 -6.890907356995225
10.53310445370937 -7.073718679272497
11.094628943275218 -7.244074248400754
11.686088553466515 -7.402100054285681
12.309079138896024 -7.547966464608664
12.965281629896682 -7.6818827933178415
13.65646656794611 -7.804091361475489
14.38449888287663 -7.914861307954347
15.15134292476053 -8.01448244412196
15.95906776404731 -8.103259363191947
16.80985277425364 -8.181506071362676
17.70599351226899 -8.249541329961781
18.64990791214297 -8.30768488735418
19.644142809066278 -8.3562547380441
20.6913808111479 -8.395565525209772
21.794447537529855 -8.425928143699672
22.956319242369098 -8.447650577308753
24.180130845257207 -8.46103999069327
25.4691843897454 -8.46640600837344
26.826957952797258 -8.464065146102609
28.257115029208283 -8.454346238731986
29.76351441631318 -8.437596774053834
31.350220625651154 -8.414189873632553
33.02151484968176 -8.384531742787741
34.7819065131413 -8.349069273034342
36.63614544020716 -8.308297501535712
38.58923467029903 -8.262766570755876
40.646443957096295 -8.213087808492661
42.81332398719393 -8.159938568816061
45.095721356761466 -8.104065431673162
47.499794346614124 -8.046285425824426
50.03202953826004 -7.987484987404504
52.699259315756564 -7.92861639203579
55.50868030059805 -7.870691525866889
58.467872769375894 -7.814772957283303
61.58482110660264 -7.761962360612706
64.86793534788511 -7.713386493179004
68.32607387157402 -7.670181013086456
71.96856730011521 -7.633472570573982
75.8052436755926 -7.6043596934119195
79.84645497739086 -7.58389304345266
84.10310505352605 -7.573055717443343
88.58667904100822 -7.572744255587496
93.30927435461668 -7.583751050109425
98.28363332770026 -7.606748758063484
103.52317759307378 -7.642277313707385
109.04204429677526 -7.69073398466057
114.8551242423938 -7.752366815839658
120.97810206889012 -7.827271675433804
127.42749857031335 -7.915392946609141
134.2207152716012 -8.01652779537474
141.37608138073614 -8.130333797148056
148.91290324394086 -8.256339593627475
156.85151643735477 -8.393958179921006
165.213340635737 -8.54250233916613
174.0209374062485 -8.701201734655875
183.29807108324357 -8.869221136521487
193.06977288832496 -9.045679291669686
203.36240846866724 -9.229667959866418
214.2037490358383 -9.420270678137776
225.62304629706352 -9.616580855698984
237.65111138110728 -9.817718838558628
250.32039797173255 -10.022847621876629
263.6650898730358 -10.231186918838052
277.7211932429355 -10.442025330733465
292.5266337436645 -10.654730386067722
308.1213588714002 -10.868756258113272
324.54744574113323 -11.083648999116507
341.84921461759274 -11.29904917923209
360.073348498562 -11.514691867706047
379.26901907322497 -11.730403955342322
399.48801939541704 -11.94609888549042
420.78490362974026 -12.16176893410334
443.21713424760856 -12.377475254296044
466.84523707037897 -12.59333597609513
491.73296457790156 -12.809512719351456
517.9474679231213 -13.026195937891353
545.5594781168514 -13.243589559116153
574.6434968715973 -13.461895415865705
605.2779976193349 -13.681297979307526
637.5456372456507 -13.901949897899007
671.5334791115142 -14.123958821381528
707.3332279644438 -14.347375944735905
745.0414773728917 -14.572186644601162
784.7599703514607 -14.798303502662995
826.5958738801812 -15.025561920616058
870.6620680585127 -15.253718433863403
917.0774506742931 -15.482451730681683
965.9672580093833 -15.711366286087891
1017.4634027476063 -15.939998428430952
1071.7048298967104 -16.167824577467687
1128.8378916846884 -16.39427132615146
1189.01674244199 -16.61872698876961
1252.4037545350732 -16.84055420317422
1319.1699564735716 -17.059103156752585
1389.4954943731375 -17.273725002290007
1463.5701180190797 -17.483785040819054
1541.5936928422718 -17.688675271381477
1623.776739188721 -17.88782594423741
1710.3410003378397 -18.080715799978044
1801.520040802024 -18.26688073406633
1897.5598765218504 -18.445920691056394
1998.7196386572507 -18.61750466494173
2105.272272765707 -18.781373755446236
2217.505275253932 -18.93734230600387
2335.7214690901214 -19.085297219205295
2460.239820869775 -19.22519560845538
2591.3963014396572 -19.357060996690805
2729.5447924020073 -19.48097831064813
2875.0580409448803 -19.597087942210994
3028.3286655749457 -19.70557915591604
3189.7702154663216 -19.806683114125534
3359.818286283781 -19.900665772947825
3538.9316954909877 -19.987820871933188
3727.593720314938 -20.068463206035677
3926.3134017068355 -20.142922328698546
4135.626917817706 -20.211536795980752
4356.099030694608 -20.27464902366997
4588.324610100844 -20.332600795761273
4832.930238571752 -20.385729433079554
5090.575902036681 -20.43436460737308
5361.956770568817 -20.478825767742425
5647.805074067552 -20.519420133141995
5948.892077934331 -20.556441196458103
6266.030164072656 -20.590167680901438
6600.075022827095 -20.620862888655452
6951.927961775606 -20.648774382625508
7322.538337604534 -20.674133945593113
7712.906117627992 -20.69715776517514
8124.0845778629655 -20.718046798221238
8557.183144940002 -20.736987273564488
9013.37038951743 -20.75415129756773
9493.87717927582 -20.769697532073536
10000.0 -20.783771919243684
10533.104453709382 -20.796508432340303
11094.628943275218 -20.80802983530309
11686.088553466498 -20.818448437692545
12309.079138896019 -20.827866834377097
12965.281629896688 -20.836378622057058
13656.466567946096 -20.844069086794388
14384.498882876629 -20.851015858531376
15151.342924760515 -20.85728953001791
15959.06776404731 -20.86295423874993
16809.852774253653 -20.86806821144446
17705.99351226898 -20.87268427129399
18649.907912142942 -20.87685030879483
19644.142809066267 -20.880609717351767
20691.3808111479 -20.884001795143107
21794.447537529835 -20.887062114933972
22956.319242369096 -20.88982286363479
24180.13084525718 -20.892313153477545
25469.184389745402 -20.894559306675497
26826.957952797275 -20.89658511543114
28257.115029208268 -20.898412079095205
29763.51441631313 -20.90005962022024
31350.220625651124 -20.901545281171995
33021.51484968176 -20.90288490286957
34781.90651314134 -20.904092787141124
36636.14544020716 -20.905181844074235
38589.23467029899 -20.906163725660782
40646.44395709628 -20.907048946927013
42813.32398719396 -20.907846995664258
45095.721356761445 -20.908566431778638
47499.79434661403 -20.909214977200218
50032.029538259994 -20.90979959721699
52699.259315756564 -20.910326574021376
55508.680300598106 -20.910801573192323
58467.87276937589 -20.911229703774357
61584.82110660255 -20.91161557255202
64867.935347885075 -20.91196333306986
68326.07387157406 -20.91227672989386
71968.56730011514 -20.91255913856778
75805.24367559262 -20.912813601674976
79846.45497739078 -20.913042861377672
84103.10505352604 -20.913249388772037
88586.67904100832 -20.913435410364052
93309.27435461663 -20.913602931944016
98283.63332770011 -20.91375376010899
103523.17759307378 -20.913889521660536
109042.04429677526 -20.914011681081757
114855.12424239368 -20.914121556278687
120978.10206889013 -20.914220332752667
127427.49857031321 -20.914309076354208
134220.7152716012 -20.914388744753904
141376.08138073614 -20.914460197752454
148912.90324394088 -20.91452420654023
156851.5164373548 -20.914581462004232
165213.34063573685 -20.91463258217224
174020.9374062485 -20.91467811887355
183298.07108324338 -20.914718563686534
193069.77288832495 -20.91475435323938
203362.40846866704 -20.914785873917168
214203.74903583832 -20.91481346602938
225623.04629706353 -20.91483742748011
237651.11138110727 -20.914858016981643
250320.39797173254 -20.91487545684542
263665.08987303555 -20.91488993538077
277721.1932429355 -20.91490160892681
292526.6337436642 -20.914910603539724
308121.35887140024 -20.91491701635352
324547.44574113254 -20.914920916628734
341849.21461759275 -20.914922346499893
360073.348498562 -20.91492132143262
379269.0190732246 -20.91491783038979
399488.019395417 -20.9149118357151
420784.9036297398 -20.914903272727962
443217.13424760854 -20.91489204902765
466845.2370703785 -20.91487804349878
491732.9645779016 -20.914861105007546
517947.46792312124 -20.914841050775095
545559.4781168514 -20.914817664409995
574643.4968715974 -20.914790693579903
605277.9976193343 -20.914759847296263
637545.6372456506 -20.91472479278492
671533.4791115135 -20.914685151907605
707333.2279644439 -20.914640497097544
745041.4773728917 -20.914590346765646
784759.9703514606 -20.91453416012871
826595.8738801812 -20.91447133140544
870662.0680585118 -20.91440118331843
917077.4506742931 -20.914322959834433
965967.2580093823 -20.914235818067
1017463.4027476063 -20.914138819256316
1071704.8298967092 -20.914030918732887
1128837.8916846884 -20.913910954761057
1189016.74244199 -20.913777636147
1252403.7545350718 -20.913629528484655
1319169.9564735717 -20.913465038898146
1389495.494373136 -20.913282399127308
1463570.1180190798 -20.91307964678507
1541593.6928422702 -20.91285460459963
1623776.739188721 -20.912604857436833
1710341.0003378377 -20.91232772687579
1801520.0408020238 -20.912020243093412
1897559.8765218505 -20.911679113787574
1998719.6386572486 -20.911300689845813
2105272.272765707 -20.910880927441887
2217505.2752539297 -20.91041534621425
2335721.4690901213 -20.909898983153305
2460239.8208697727 -20.909326341796074
2591396.3014396573 -20.908691336297554
2729544.792402007 -20.90798722991918
2875058.040944877 -20.907206567447552
3028328.6655749455 -20.906341101029273
3189770.215466318 -20.90538170888683
3359818.286283781 -20.90431830636001
3538931.6954909842 -20.90313974870807
3727593.720314938 -20.90183372510346
3926313.4017068394 -20.90038664325961
4135626.917817706 -20.89878350416038
4356099.030694608 -20.897007766405903
4588324.61010084 -20.895041199762122
4832930.238571752 -20.892863727609008
5090575.902036676 -20.89045325812695
5361956.770568817 -20.887785504261544
5647805.074067546 -20.884833792763317
5948892.077934331 -20.881568862934085
6266030.164072656 -20.877958656131568
6600075.022827089 -20.873968097610813
6951927.961775606 -20.869558872927634
7322538.337604526 -20.864689201917592
7712906.117627992 -20.859313614211548
8124084.5778629575 -20.85338273137144
8557183.144940002 -20.846843062052027
9013370.38951742 -20.839636818113586
9493877.17927582 -20.831701761351212
10000000.0 -20.82297109243911
10533104.45370936 -20.81337339581944
11094628.943275219 -20.802832656521222
11686088.553466497 -20.79126836723452
12309079.138896018 -20.778595746259857
12965281.629896663 -20.76472608906361
13656466.567946097 -20.749567277897047
14384498.882876629 -20.733024475011803
15151342.924760515 -20.715001025123442
15959067.76404731 -20.69539959155225
16809852.774253618 -20.6741235474922
17705993.51226898 -20.651078638680374
18649907.912142944 -20.626174925933405
19644142.809066266 -20.599329005217367
20691380.811147902 -20.57046648891081
21794447.537529834 -20.539524714699002
22956319.242369097 -20.506455628430782
24180130.84525718 -20.471228765011375
25469184.3897454 -20.433834228214216
26826957.95279722 -20.394285547913334
28257115.02920827 -20.35262227388054
29763514.41631313 -20.30891215153568
31350220.62565112 -20.263252719583416
33021514.849681754 -20.215772174822146
34781906.51314127 -20.166629367460608
36636145.44020716 -20.11601282189776
38589234.67029899 -20.06413872256141
40646443.95709628 -20.011247859882452
42813323.98719387 -19.957601593958334
45095721.35676145 -19.903476957702452
47499794.346614026 -19.849161081207143
50032029.53825999 -19.79494516849614
52699259.31575657 -19.741118291432347
55508680.300597996 -19.68796127948038
58467872.7693759 -19.63574097670352
61584821.10660254 -19.584705109642815
64867935.34788508 -19.53507796473489
68326073.87157391 -19.487057016643043
71968567.30011514 -19.440810585309904
75805243.67559262 -19.396476535892397
79846454.97739078 -19.35416197757594
84103105.05352604 -19.313943868903305
88586679.04100814 -19.2758704014163
93309274.35461664 -19.239963011128292
98283633.32770011 -19.206218858172882
103523177.59307377 -19.174613617284727
109042044.29677527 -19.145104433207845
114855124.24239345 -19.117632913012965
120978102.06889038 -19.092128048998372
127427498.57031322 -19.068508988995237
134220715.2716012 -19.04668759360485
141376081.38073614 -19.026570740779654
148912903.24394056 -19.008062356337447
156851516.43735445 -18.991065164029543
165213340.63573685 -18.975482160575293
174020937.40624848 -18.961217829785536
183298071.08324376 -18.948179115858814
193069772.88832456 -18.936276179554437
203362408.46866703 -18.925422962672357
214203749.0358383 -18.91553758653165
225623046.2970626 -18.906542609324788
237651111.38110778 -18.8983651656739
250320397.97173202 -18.890937009700455
263665089.87303555 -18.88419448066277
277721193.2429355 -18.87807840787998
292526633.74366355 -18.87253396936558
308121358.87140083 -18.867510516422406
324547445.74113256 -18.862961374446712
341849214.6175927 -18.858843628394023
360073348.49856204 -18.855117899762973
379269019.0732238 -18.851748120577916
399488019.39541787 -18.848701308660413
420784903.6297398 -18.845947347485083
443217134.24760854 -18.84345877307537
466845237.07037944 -18.841210569706618
491732964.5779006 -18.83917997562223
517947467.9231202 -18.83734629951496
545559478.1168514 -18.835690748167366
574643496.8715974 -18.834196265364845
605277997.6193355 -18.832847381976745
637545637.2456493 -18.831630076942083
671533479.1115135 -18.83053164877752
707333227.9644439 -18.829540597138386
745041477.3728887 -18.828646513917498
784759970.3514622 -18.827839983326793
826595873.8801795 -18.827112490394896
870662068.0585117 -18.826456337313235
917077450.674293 -18.825864567074046
965967258.0093802 -18.82533089385258
1017463402.7476043 -18.82484963961618
1071704829.8967092 -18.824415676465215
1128837891.6846883 -18.824024374231396
1189016742.44199 -18.823671552898702
1252403754.5350692 -18.82335343943772
1319169956.473569 -18.8230666286613
1389495494.373136 -18.822808047757892
1463570118.0190797 -18.82257492416882
1541593692.8422735 -18.82236475651129
1623776739.1887176 -18.822175288264514
1710341000.337838 -18.82200448397505
1801520040.802024 -18.821850507737285
1897559876.5218503 -18.821711703744686
1998719638.6572526 -18.821586578715113
2105272272.7657027 -18.821473786011474
2217505275.2539296 -18.821372111305152
2335721469.0901213 -18.821280459623686
2460239820.8697777 -18.821197843658975
2591396301.439652 -18.821123373216412
2729544792.402002 -18.821056245687235
2875058040.944877 -18.820995737452932
3028328665.5749454 -18.820941196130555
3189770215.466325 -18.82089203356935
3359818286.2837744 -18.820847719544723
3538931695.4909844 -18.8208077760591
3727593720.314938 -18.820771772202143
3926313401.7068396 -18.82073931952754
4135626917.8176975 -18.820710067864542
4356099030.694599 -18.820683701553577
4588324610.100841 -18.82065993604981
4832930238.571753 -18.820638514854394
5090575902.036687 -18.820619206761272
5361956770.568806 -18.820601803356162
5647805074.067546 -18.820586116772454
5948892077.934331 -18.82057197767214
6266030164.072656 -18.820559233411693
6600075022.827075 -18.82054774640586
6951927961.775591 -18.820537392633156
7322538337.6045265 -18.820528060304852
7712906117.627993 -18.82051964866124
8124084577.862974 -18.820512066877953
8557183144.939984 -18.820505233086045
9013370389.51742 -18.820499073500187
9493877179.27582 -18.82049352160623
10000000000.0 -18.820488517453363
10.0 5.343331072548576
10.53310445370937 -13.400797943574531
11.094628943275218 -5.343489354968154
11.686088553466515 -9.40530912806597
12.309079138896024 6.583829965876825
12.965281629896682 -9.413204046378922
13.65646656794611 -14.890490336787758
14.38449888287663 -5.66069290630187
15.15134292476053 -0.5467816792135504
15.95906776404731 5.6042895159092865
16.80985277425364 -4.52102884467261
17.70599351226899 -1.7161970987939892
18.64990791214297 -6.009957562030807
19.644142809066278 -2.4683755329503003
20.6913808111479 -5.727501325092198
21.794447537529855 -14.324852074434226
22.956319242369098 -10.21969209137817
24.180130845257207 -23.64738584717546
25.4691843897454 -3.9195772953707646
26.826957952797258 -13.244347279475036
28.257115029208283 -2.01276028515342
29.76351441631318 -0.8850147487528948
31.350220625651154 -2.4335120395914784
33.02151484968176 -10.250887802173722
34.7819065131413 10.787748978978485
36.63614544020716 8.833082379833405
38.58923467029903 -1.6219278947081273
40.646443957096295 -16.994220579299128
42.81332398719393 -9.082925834926707
45.095721356761466 -9.706927153841486
47.499794346614124 2.650534365722686
50.03202953826004 -7.663092747504273
52.699259315756564 -7.736413153704159
55.50868030059805 -16.29983493927637
58.467872769375894 5.96206230202712
61.58482110660264 -2.27484814490525
64.86793534788511 0.15008346287737762
68.32607387157402 2.602516110816876
71.96856730011521 -7.441794928810214
75.8052436755926 -13.758009197254186
79.84645497739086 7.18039399144428
84.10310505352605 -7.464788563036755
88.58667904100822 -16.512315251725617
93.30927435461668 -1.0990781269932162
98.28363332770026 -3.497656856874787
103.52317759307378 -12.749808581939705
109.04204429677526 5.352588318577989
114.8551242423938 -0.7122214136942489
120.97810206889012 -4.947318027206357
127.42749857031335 -17.452226808942243
134.2207152716012 -6.3838822597327285
141.37608138073614 8.07422179733988
148.91290324394086 -1.6537747288021842
156.85151643735477 -10.095880889933982
165.213340635737 -9.252826109466527
174.0209374062485 -3.2911847276414914
183.29807108324357 -2.723992185974604
193.06977288832496 -8.366384638232024
203.36240846866724 -12.58499240106561
214.2037490358383 4.9372850518462705
225.62304629706352 -27.117211341095235
237.65111138110728 -19.907310703613522
250.32039797173255 -21.126580189616867
263.6650898730358 -25.469945226190013
277.7211932429355 -30.656354025723623
292.5266337436645 -3.947058461379824
308.1213588714002 -13.081684822975388
324.54744574113323 -24.93417943985137
341.84921461759274 -19.20333488704539
360.073348498562 0.575813572825403
379.26901907322497 -15.076520278451934
399.48801939541704 -2.815210291715768
420.78490362974026 -15.167578241557528
443.21713424760856 -17.265612373358415
466.84523707037897 -23.658659570455352
491.73296457790156 -0.9753318188478255
517.9474679231213 -20.489286748931864
545.5594781168514 -24.049756074457033
574.6434968715973 -5.822514960849553
605.2779976193349 -10.209449414012411
637.5456372456507 0.3380841397135377
671.5334791115142 -15.24165971459138
707.3332279644438 -14.558818327752196
745.0414773728917 -7.230201195318399
784.7599703514607 9.13741342159114
826.5958738801812 -21.065023109922258
870.6620680585127 -5.506948799349049
917.0774506742931 -10.01554041346775
965.9672580093833 -6.649708575198652
1017.4634027476063 -15.705266184740383
1071.7048298967104 -8.486121155082127
1128.8378916846884 -4.836201453941586
1189.01674244199 -8.32574150509495
1252.4037545350732 -7.5763758619538955
1319.1699564735716 -7.882050161956306
1389.4954943731375 3.762322168196249
1463.5701180190797 -11.435911485944521
1541.5936928422718 -6.540200752974897
1623.776739188721 -11.221260743840158
1710.3410003378397 -10.953410022792898
1801.520040802024 -3.007632805127565
1897.5598765218504 -19.837429675765634
1998.7196386572507 0.07483330457127146
2105.272272765707 -0.5378419856653196
2217.505275253932 -22.987905540038458
2335.7214690901214 -12.514045237469457
2460.239820869775 -6.594662842068415
2591.3963014396572 -29.218494647473356
2729.5447924020073 -5.436659164012645
2875.0580409448803 -4.266924315863512
3028.3286655749457 -15.001272929919052
3189.7702154663216 -14.978346257719897
3359.818286283781 -15.456768156399104
3538.9316954909877 -12.849303897819537
3727.593720314938 9.448031535291058
3926.3134017068355 -22.110121126512023
4135.626917817706 -9.461638124952291
4356.099030694608 -22.025446045754542
4588.324610100844 -5.693539232489693
4832.930238571752 -19.646167983026363
5090.575902036681 -30.198416523361974
5361.956770568817 -15.236257793705967
5647.805074067552 -22.613965013804197
5948.892077934331 -31.36477616809499
6266.030164072656 -19.024973085364895
6600.075022827095 -15.013660426321811
6951.927961775606 -32.86895418355567
7322.538337604534 -23.550716865336582
7712.906117627992 -17.001744028476825
8124.0845778629655 -34.50142542561118
8557.183144940002 -34.70010380778309
9013.37038951743 -18.17556963329713
9493.87717927582 -53.22013716612261
10000.0 -22.866658224806166
10533.104453709382 -22.03978283866637
11094.628943275218 -25.17703088691869
11686.088553466498 -41.53789356954131
12309.079138896019 -23.82172142430957
12965.281629896688 -19.29005374592167
13656.466567946096 -22.579279778854435
14384.498882876629 -27.83070729027209
15151.342924760515 -21.96958491963873
15959.06776404731 -17.122951827422355
16809.852774253653 -37.60476474077127
17705.99351226898 -26.51505851178985
18649.907912142942 -29.61620619590867
19644.142809066267 -30.468962277869764
20691.3808111479 -5.415630194704967
21794.447537529835 -32.14094889269905
22956.319242369096 -44.06906199134489
24180.13084525718 -26.174266674016007
25469.184389745402 -51.73632518384267
26826.957952797275 13.992578377325028
28257.115029208268 -10.90957875340032
29763.51441631313 -28.56960790784315
31350.220625651124 -30.008733177294236
33021.51484968176 -25.56179161370556
34781.90651314134 -42.55936331170897
36636.14544020716 -34.2925180559889
38589.23467029899 -42.14663706417304
40646.44395709628 -26.20086706651826
42813.32398719396 -36.99488020886367
45095.721356761445 -34.884031439402
47499.79434661403 -6.1131379374097445
50032.029538259994 -28.55084661497571
52699.259315756564 -46.43802272405836
55508.680300598106 -32.96338945622737
58467.87276937589 -39.74249505015107
61584.82110660255 -44.61201493007855
64867.935347885075 -36.89712892657595
68326.07387157406 -41.1823324654754
71968.56730011514 -50.85204057282102
75805.24367559262 -34.497338800178056
79846.45497739078 -7.890695396031803
84103.10505352604 -30.92892616424575
88586.67904100832 -22.191784262625536
93309.27435461663 -41.971595489054465
98283.63332770011 -12.362879094491777
103523.17759307378 -51.51129619731392
109042.04429677526 -27.149169705467916
114855.12424239368 -56.31719446819184
120978.10206889013 -43.10245797210634
127427.49857031321 -50.48105129642038
134220.7152716012 -40.55918637321571
141376.08138073614 -33.76318122042742
148912.90324394088 -40.653667220532014
156851.5164373548 -53.8565513280477
165213.34063573685 -51.34186333185099
174020.9374062485 -57.741397731622826
183298.07108324338 -64.83916346275494
193069.77288832495 -54.18006378378392
203362.40846866704 -52.07215730342284
214203.74903583832 -43.21907277486309
225623.04629706353 -40.7062357455943
237651.11138110727 -50.59784471508638
250320.39797173254 -67.69677721176126
263665.08987303555 -23.499421580491656
277721.1932429355 -53.03145823796964
292526.6337436642 -51.65696267282556
308121.35887140024 -37.16505820424343
324547.44574113254 -49.504776937920134
341849.21461759275 -56.31066963627785
360073.348498562 -45.157220836465896
379269.0190732246 -41.66758138590332
399488.019395417 -51.95046711162709
420784.9036297398 -45.47628977434461
443217.13424760854 -58.28853522875363
466845.2370703785 -39.07911260985148
491732.9645779016 -53.033808805990084
517947.46792312124 -48.646354244279834
545559.4781168514 -72.16677406806731
574643.4968715974 -52.38292702470157
605277.9976193343 -61.024294877387504
637545.6372456506 -47.65105731810973
671533.4791115135 -51.16231386410399
707333.2279644439 -37.62547929800623
745041.4773728917 -47.21729609659329
784759.9703514606 -39.38509910535182
826595.8738801812 -55.14023806883849
870662.0680585118 -60.2538260773816
917077.4506742931 -69.34093115542898
965967.2580093823 -50.17351024767291
1017463.4027476063 -50.586138698194645
1071704.8298967092 -59.7867528440564
1128837.8916846884 -67.06423335242444
1189016.74244199 -65.55953776023779
1252403.7545350718 -54.666973063849895
1319169.9564735717 -43.0864070029407
1389495.494373136 -30.0776892886609
1463570.1180190798 -60.60510998885198
1541593.6928422702 -52.196927084964386
1623776.739188721 -70.2982941887223
1710341.0003378377 -57.492307582518066
1801520.0408020238 -63.896189761655684
1897559.8765218505 -41.65554766869988
1998719.6386572486 -19.498025956211244
2105272.272765707 -55.24758166615147
2217505.2752539297 -45.09080866646218
2335721.4690901213 -50.53960632307437
2460239.8208697727 -46.32884410252672
2591396.3014396573 -61.16204762057845
2729544.792402007 -43.40520203658082
2875058.040944877 -41.54755435285118
3028328.6655749455 -55.42285285852175
3189770.215466318 -61.94981589212949
3359818.286283781 -65.20715947680935
3538931.6954909842 -45.56746918563696
3727593.720314938 -51.98346033726355
3926313.4017068394 -54.02644149394136
4135626.917817706 -69.10039767722432
4356099.030694608 -51.428760187153266
4588324.61010084 -58.23920569760605
4832930.238571752 -51.481763517440356
5090575.902036676 -55.189978904760096
5361956.770568817 -57.55996314308315
5647805.074067546 -45.66629953158825
5948892.077934331 -42.45235738369797
6266030.164072656 -74.73982690557604
6600075.022827089 -77.49154905907004
6951927.961775606 -31.033104949938863
7322538.337604526 -38.42687871186665
7712906.117627992 -58.80372487021045
8124084.5778629575 -80.70446335840569
8557183.144940002 -81.82881091646803
9013370.38951742 -44.76716789270478
9493877.17927582 -30.625458781222463
10000000.0 -52.243911026806245
10533104.45370936 -59.961613379042255
11094628.943275219 -35.607522001224964
11686088.553466497 -38.51856043451748
12309079.138896018 -59.47061089824702
12965281.629896663 -63.346285504147524
13656466.567946097 -60.64933623346205
14384498.882876629 -22.93772456847343
15151342.924760515 -32.83236648492067
15959067.76404731 8.32501443822403
16809852.774253618 -31.808425551953267
17705993.51226898 -73.14626193646103
18649907.912142944 -71.75508827843812
19644142.809066266 -90.72978997905614
20691380.811147902 -45.646714553093304
21794447.537529834 -96.3133074255658
22956319.242369097 -44.080358893137344
24180130.84525718 -39.05576597268561
25469184.3897454 -99.89890511259804
26826957.95279722 -91.77315663196492
28257115.02920827 -37.41327608217527
29763514.41631313 -80.89088837551527
31350220.62565112 -90.87270224697357
33021514.849681754 -50.31584929787306
34781906.51314127 -34.729519317875145
36636145.44020716 -92.2588119725407
38589234.67029899 -57.671754496989614
40646443.95709628 -57.572864226441666
42813323.98719387 -61.27428985341516
45095721.35676145 -55.955767183631835
47499794.346614026 -57.63006896510358
50032029.53825999 -56.82493214754584
52699259.31575657 -59.73910602203043
55508680.300597996 -47.26040069606411
58467872.7693759 -42.853199395512576
61584821.10660254 -85.92022888766193
64867935.34788508 -45.15195708912949
68326073.87157391 -38.066395170877456
71968567.30011514 -54.087053351561075
75805243.67559262 -20.303694924754986
79846454.97739078 -58.799147478886894
84103105.05352604 -106.85963512175734
88586679.04100814 -45.5318490259016
93309274.35461664 -104.16657736342317
98283633.32770011 -61.458993702835095
103523177.59307377 -38.00830668418627
109042044.29677527 -48.43691951514182
114855124.24239345 -102.85708334768313
120978102.06889038 -51.02623037753327
127427498.57031322 -35.42166471092694
134220715.2716012 -47.99804347285409
141376081.38073614 -74.48282167938784
148912903.24394056 -106.78762754657156
156851516.43735445 -34.075912519049176
165213340.63573685 -25.11439282038498
174020937.40624848 -115.25922104725433
183298071.08324376 -42.166727722049586
193069772.88832456 -59.8562160405116
203362408.46866703 -16.592238693719143
214203749.0358383 -42.660510350742214
225623046.2970626 -52.048761441916405
237651111.38110778 -111.27425541420263
250320397.97173202 -42.12406720686346
263665089.87303555 -53.01172527677352
277721193.2429355 -36.98076360764698
292526633.74366355 -105.71800169597992
308121358.87140083 -45.07096020362539
324547445.74113256 -62.265275993642526
341849214.6175927 -67.5857009069645
360073348.49856204 -57.80792798882121
379269019.0732238 -68.48789943829301
399488019.39541787 -72.580061559276
420784903.6297398 -76.10129916715246
443217134.24760854 -58.64792155589096
466845237.07037944 -66.70376982149602
491732964.5779006 -60.625716679906965
517947467.9231202 -66.54567460824383
545559478.1168514 -84.58399530504913
574643496.8715974 -77.89165736788487
605277997.6193355 -57.19330641548023
637545637.2456493 -44.95222125075739
671533479.1115135 -55.90697891677997
707333227.9644439 -78.70574306456687
745041477.3728887 -77.56013681905728
784759970.3514622 -60.47239433309252
826595873.8801795 -67.26203756070666
870662068.0585117 -67.38857094641861
917077450.674293 -73.4425816723412
965967258.0093802 -75.98247137608622
1017463402.7476043 -62.69077569527237
1071704829.8967092 -65.20256689680453
1128837891.6846883 -78.81476899760005
1189016742.44199 -64.55402850076942
1252403754.5350692 -82.68035552262761
1319169956.473569 -79.50899045482943
1389495494.373136 -86.60944488827928
1463570118.0190797 -84.20009157097672
1541593692.8422735 -71.5085232520943
1623776739.1887176 -62.73875037464577
1710341000.337838 -64.82110232631247
1801520040.802024 -59.82154042970876
1897559876.5218503 -30.44944177451951
1998719638.6572526 -44.43090095337398
2105272272.7657027 -86.10214378162866
2217505275.2539296 -40.926602362888346
2335721469.0901213 -82.02624218553859
2460239820.8697777 -65.81885924879103
2591396301.439652 -60.05249743017119
2729544792.402002 -54.781105493296835
2875058040.944877 -75.89574165142098
3028328665.5749454 -79.51708447141291
3189770215.466325 -76.09708062062269
3359818286.2837744 -63.516935438295945
3538931695.4909844 -72.853702606505
3727593720.314938 -70.89077922745123
3926313401.7068396 -70.1428472412704
4135626917.8176975 -79.33517095687276
4356099030.694599 -80.30293745595722
4588324610.100841 -66.90500927007142
4832930238.571753 -67.70945303120232
5090575902.036687 -54.6755528317956
5361956770.568806 -69.66208859403051
5647805074.067546 -74.93869825126913
5948892077.934331 -68.58970025870232
6266030164.072656 -63.080782094571546
6600075022.827075 -56.34874762815361
6951927961.775591 -70.69824311027605
7322538337.6045265 -64.39483009155785
7712906117.627993 -73.95471294817979
8124084577.862974 -47.47550683866491
8557183144.939984 -45.37692061190684
9013370389.51742 -65.67056911484025
9493877179.27582 -62.42173097227542
10000000000.0 -89.99203877891274
