10.0 -19.458404568758674
10.53310445370937 -19.448661401099834
11.094628943275218 -19.437876292363146
11.686088553466515 -19.4259407195389
12.309079138896024 -19.41273550175841
12.965281629896682 -19.398129902620017
13.65646656794611 -19.38198068118089
14.38449888287663 -19.36413111426372
15.15134292476053 -19.344409954986137
15.95906776404731 -19.322630445540742
16.80985277425364 -19.298589249020765
17.70599351226899 -19.27206541034916
18.64990791214297 -19.2428193968441
19.644142809066278 -19.210592135522226
20.6913808111479 -19.17510420823206
21.794447537529855 -19.136055134664552
22.956319242369098 -19.09312283409
24.180130845257207 -19.04596332482556
25.4691843897454 -18.99421071405859
26.826957952797258 -18.937477501600295
28.257115029208283 -18.87535523136856
29.76351441631318 -18.807415744197552
31.350220625651154 -18.733212761885312
33.02151484968176 -18.65228416811
34.7819065131413 -18.56415484758909
36.63614544020716 -18.468340158643958
38.58923467029903 -18.364350046128756
40.646443957096295 -18.25169378310006
42.81332398719393 -18.12988530299017
45.095721356761466 -17.998448998865307
47.499794346614124 -17.856925917948093
50.03202953826004 -17.70488022160442
52.699259315756564 -17.54190563823053
55.50868030059805 -17.367631849649452
58.467872769375894 -17.181730459726744
61.58482110660264 -16.9839204019787
64.86793534788511 -16.773972578406774
68.32607387157402 -16.55171349300152
71.96856730011521 -16.317027775562703
75.8052436755926 -16.069859491891798
79.84645497739086 -15.810212195789648
84.10310505352605 -15.538147739370459
88.58667904100822 -15.253783935051885
93.30927435461668 -14.95729121708888
98.28363332770026 -14.64888847115155
103.52317759307378 -14.32883826023393
109.04204429677526 -13.997441700755465
114.8551242423938 -13.655033199066049
120.97810206889012 -13.301975303510048
127.42749857031335 -12.93865385763733
134.2207152716012 -12.565473622243994
141.37608138073614 -12.182854496353064
148.91290324394086 -11.791228386641023
156.85151643735477 -11.391036762442575
165.213340635737 -10.982728839756879
174.0209374062485 -10.566760336804847
183.29807108324357 -10.143592666316096
193.06977288832496 -9.713692403870409
203.36240846866724 -9.277530888601698
214.2037490358383 -8.835583741459246
225.62304629706352 -8.388330156288038
237.65111138110728 -7.936251796532716
250.32039797173255 -7.479831189818081
263.6650898730358 -7.019549541921308
277.7211932429355 -6.55588397091022
292.5266337436645 -6.089304179058796
308.1213588714002 -5.6202686915196685
324.54744574113323 -5.149220781057062
341.84921461759274 -4.67658429310217
360.073348498562 -4.202759563788139
379.26901907322497 -3.728119644802523
399.48801939541704 -3.2530070412455885
420.78490362974026 -2.7777311232417774
443.21713424760856 -2.3025663300321755
466.84523707037897 -1.8277512409934635
491.73296457790156 -1.3534885185202423
517.9474679231213 -0.8799456971139072
545.5594781168514 -0.40725671178677914
574.6434968715973 0.06447593270604274
605.2779976193349 0.5351785122790274
637.5456372456507 1.0048030881603962
671.5334791115142 1.4733243275338868
707.3332279644438 1.940736269288628
745.0414773728917 2.407049154677063
784.7599703514607 2.8722864166041537
826.5958738801812 3.3364818975502613
870.6620680585127 3.7996773436060156
917.0774506742931 4.2619201976079095
965.9672580093833 4.723261699446854
1017.4634027476063 5.183755286414051
1071.7048298967104 5.6434552766754065
1128.8378916846884 6.102415808842507
1189.01674244199 6.560690013432167
1252.4037545350732 7.018329381293915
1319.1699564735716 7.475383304501053
1389.4954943731375 7.931898757605923
1463.5701180190797 8.387920096292943
1541.5936928422718 8.843488949131817
1623.776739188721 9.298644183053984
1710.3410003378397 9.753421925827565
1801.520040802024 10.20785563132533
1897.5598765218504 10.661976175079165
1998.7196386572507 11.115811972403973
2105.272272765707 11.569389108989103
2217.505275253932 12.022731481103541
2335.7214690901214 12.475860937572588
2460.239820869775 12.928797422777095
2591.3963014396572 13.38155911639923
2729.5447924020073 13.834162568488086
2875.0580409448803 14.286622828969001
3028.3286655749457 14.738953570181202
3189.7702154663216 15.191167202266831
3359.818286283781 15.643274981024097
3538.9316954909877 16.095287108650954
3727.593720314938 16.54721282650275
3926.3134017068355 16.999060501487467
4135.626917817706 17.45083770493239
4356.099030694608 17.90255128564486
4588.324610100844 18.35420743632936
4832.930238571752 18.805811754781562
5090.575902036681 19.257369299354796
5361.956770568817 19.70888463988828
5647.805074067552 20.160361903811182
5948.892077934331 20.611804818242412
6266.030164072656 21.06321674817476
6600.075022827095 21.514600731086237
6951.927961775606 21.965959508498933
7322.538337604534 22.417295554401786
7712.906117627992 22.8686111011217
8124.0845778629655 23.319908162701818
8557.183144940002 23.77118855607229
9013.37038951743 24.22245392016467
9493.87717927582 24.67370573329368
10000.0 25.12494532876707
10533.104453709382 25.576173909013555
11094.628943275218 26.027392558402084
11686.088553466498 26.47860225477041
12309.079138896019 26.929803879855484
12965.281629896688 27.38099822868719
13656.466567946096 27.83218601811534
14384.498882876629 28.28336789444713
15151.342924760515 28.73454444038201
15959.06776404731 29.18571618128034
16809.852774253653 29.636883590754547
17705.99351226898 30.08804709578414
18649.907912142942 30.539207081296915
19644.142809066267 30.990363894279763
20691.3808111479 31.441517847552404
21794.447537529835 31.89266922309997
22956.319242369096 32.34381827511217
24180.13084525718 32.794965232730135
25469.184389745402 33.246110302507226
26826.957952797275 33.6972536706308
28257.115029208268 34.14839550493787
29763.51441631313 34.59953595670615
31350.220625651124 35.0506751623089
33021.51484968176 35.501813244661406
34781.90651314134 35.95295031456348
36636.14544020716 36.4040864718892
38589.23467029899 36.85522180665536
40646.44395709628 37.306356400005384
42813.32398719396 37.75749032508152
45095.721356761445 38.20862364780243
47499.79434661403 38.65975642759774
50032.029538259994 39.11088871802737
52699.259315756564 39.56202056736613
55508.680300598106 40.01315201912675
58467.87276937589 40.46428311254057
61584.82110660255 40.91541388296005
64867.935347885075 41.36654436223604
68326.07387157406 41.817674579105706
71968.56730011514 42.26880455945748
75805.24367559262 42.719934326628675
79846.45497739078 43.17106390163847
84103.10505352604 43.62219330345211
88586.67904100832 44.073322549165105
93309.27435461663 44.52445165416254
98283.63332770011 44.97558063233975
103523.17759307378 45.42670949620533
109042.04429677526 45.87783825702245
114855.12424239368 46.328966924982076
120978.10206889013 46.780095509242344
127427.49857031321 47.231224018039256
134220.7152716012 47.682352458844605
141376.08138073614 48.13348083836039
148912.90324394088 48.58460916261894
156851.5164373548 49.03573743708563
165213.34063573685 49.48686566667155
174020.9374062485 49.93799385579117
183298.07108324338 50.38912200846484
193069.77288832495 50.84025012826081
203362.40846866704 51.29137821842811
214203.74903583832 51.742506281908945
225623.04629706353 52.193634321314306
237651.11138110727 52.64476233902849
250320.39797173254 53.09589033719366
263665.08987303555 53.54701831774086
277721.1932429355 53.9981462823978
292526.6337436642 54.449274232728214
308121.35887140024 54.9004021701677
324547.44574113254 55.35153009597529
341849.21461759275 55.80265801129278
360073.348498562 56.253785917172145
379269.0190732246 56.70491381452627
399488.019395417 57.156041704202224
420784.9036297398 57.607169586961334
443217.13424760854 58.05829746348473
466845.2370703785 58.50942533438313
491732.9645779016 58.960553200223565
517947.46792312124 59.4116810614867
545559.4781168514 59.86280891864544
574643.4968715974 60.31393677208327
605277.9976193343 60.765064622176574
637545.6372456506 61.216192469267696
671533.4791115135 61.66732031363823
707333.2279644439 62.11844815555166
745041.4773728917 62.569575995269545
784759.9703514606 63.02070383298725
826595.8738801812 63.47183166891025
870662.0680585118 63.92295950322711
917077.4506742931 64.37408733608684
965967.2580093823 64.82521516763052
1017463.4027476063 65.2763429979947
1071704.8298967092 65.72747082728418
1128837.8916846884 66.17859865562154
1189016.74244199 66.62972648307932
1252403.7545350718 67.08085430976635
1319169.9564735717 67.53198213574927
1389495.494373136 67.98310996108364
1463570.1180190798 68.4342377858645
1541593.6928422702 68.88536561011936
1623776.739188721 69.33649343392084
1710341.0003378377 69.78762125729207
1801520.0408020238 70.23874908028765
1897559.8765218505 70.68987690294945
1998719.6386572486 71.1410047253022
2105272.272765707 71.59213254737081
2217505.2752539297 72.04326036919907
2335721.4690901213 72.49438819079847
2460239.8208697727 72.94551601219608
2591396.3014396573 73.39664383341025
2729544.792402007 73.8477716544626
2875058.040944877 74.29889947536465
3028328.6655749455 74.75002729613317
3189770.215466318 75.20115511678101
3359818.286283781 75.65228293732382
3538931.6954909842 76.10341075776705
3727593.720314938 76.55453857812128
3926313.4017068394 77.00566639839646
4135626.917817706 77.45679421859772
4356099.030694608 77.90792203873588
4588324.61010084 78.3590498588186
4832930.238571752 78.81017767884597
5090575.902036676 79.26130549882575
5361956.770568817 79.71243331876238
5647805.074067546 80.16356113866456
5948892.077934331 80.61468895852896
6266030.164072656 81.06581677836202
6600075.022827089 81.51694459817361
6951927.961775606 81.96807241794394
7322538.337604526 82.41920023770278
7712906.117627992 82.87032805746706
8124084.5778629575 83.32145587714601
8557183.144940002 83.77258369687169
9013370.38951742 84.223711516528
9493877.17927582 84.67483933621794
10000000.0 85.12596715587252
10533104.45370936 85.57709497552293
11094628.943275219 86.02822279516666
11686088.553466497 86.47935061482636
12309079.138896018 86.93047843440483
12965281.629896663 87.3816062540811
13656466.567946097 87.83273407363725
14384498.882876629 88.28386189326929
15151342.924760515 88.73498971282636
15959067.76404731 89.1861175324633
16809852.774253618 89.63724535205989
17705993.51226898 90.08837317158614
18649907.912142944 90.53950099125095
19644142.809066266 90.9906288107596
20691380.811147902 91.44175663035506
21794447.537529834 91.89288444996548
22956319.242369097 92.34401226957921
24180130.84525718 92.79514008909962
25469184.3897454 93.24626790867846
26826957.95279722 93.69739572824513
28257115.02920827 94.14852354796739
29763514.41631313 94.59965136724024
31350220.62565112 95.05077918710413
33021514.849681754 95.5019070063102
34781906.51314127 95.95303482588265
36636145.44020716 96.4041626450978
38589234.67029899 96.85529046571497
40646443.95709628 97.30641828416782
42813323.98719387 97.75754610434241
45095721.35676145 98.20867392456577
47499794.346614026 98.65980174313911
50032029.53825999 99.11092956337038
52699259.31575657 99.5620573810481
55508680.300597996 100.01318519994794
58467872.7693759 100.4643130220546
61584821.10660254 100.91544084082685
64867935.34788508 101.36656866089407
68326073.87157391 101.81769648055115
71968567.30011514 102.26882430012763
75805243.67559262 102.7199521198477
79846454.97739078 103.17107993902641
84103105.05352604 103.62220775901233
88586679.04100814 104.07333557801402
93309274.35461664 104.52446339850022
98283633.32770011 104.97559121727791
103523177.59307377 105.42671903738224
109042044.29677527 105.87784685721253
114855124.24239345 106.32897467875581
120978102.06889038 106.7801024938887
127427498.57031322 107.23123031850079
134220715.2716012 107.68235813660517
141376081.38073614 108.13348595306738
148912903.24394056 108.58461377375157
156851516.43735445 109.03574159179597
165213340.63573685 109.4868694173561
174020937.40624848 109.93799724573412
183298071.08324376 110.38912505691265
193069772.88832456 110.84025287085232
203362408.46866703 111.29138069163375
214203749.0358383 111.74250849818003
225623046.2970626 112.19363634449348
237651111.38110778 112.64476416823804
250320397.97173202 113.09589194817313
263665089.87303555 113.5470198097509
277721193.2429355 113.99814760812767
292526633.74366355 114.44927547503612
308121358.87140083 114.90040332953212
324547445.74113256 115.3515310771871
341849214.6175927 115.8026589240024
360073348.49856204 116.25378671684216
379269019.0732238 116.70491441512063
399488019.39541787 117.15604235507918
420784903.6297398 117.60717007298953
443217134.24760854 118.05829802734917
466845237.07037944 118.50942578192885
491732964.5779006 118.96055367244489
517947467.9231202 119.41168140399898
545559478.1168514 119.86280930995257
574643496.8715974 120.31393716868463
605277997.6193355 120.76506493104549
637545637.2456493 121.216192815009
671533479.1115135 121.6673205028236
707333227.9644439 122.11844871470046
745041477.3728887 122.56957613504557
784759970.3514622 123.02070387900875
826595873.8801795 123.47183189257314
870662068.0585117 123.92295999248242
917077450.674293 124.37408731169803
965967258.0093802 124.82521569167909
1017463402.7476043 125.27634298382962
1071704829.8967092 125.72747040705474
1128837891.6846883 126.17859901587495
1189016742.44199 126.62972670283067
1252403754.5350692 127.08085458590689
1319169956.473569 127.53198227333003
1389495494.373136 127.98310981098444
1463570118.0190797 128.43423803248024
1541593692.8422735 128.88536572224652
1623776739.1887176 129.336493812634
1710341000.337838 129.78762094716117
1801520040.802024 130.23874920316263
1897559876.5218503 130.68987684874506
1998719638.6572526 131.14100404558653
2105272272.7657027 131.59213259341823
2217505275.2539296 132.04326122067806
2335721469.0901213 132.49438847467732
2460239820.8697777 132.94551562753244
2591396301.439652 133.39664328729293
2729544792.402002 133.8477718659292
2875058040.944877 134.29889887910156
3028328665.5749454 134.75002638673726
3189770215.466325 135.20115537837142
3359818286.2837744 135.6522826719345
3538931695.4909844 136.10341093743392
3727593720.314938 136.55453806822212
3926313401.7068396 137.00566579876798
4135626917.8176975 137.45679478054961
4356099030.694599 137.9079219730558
4588324610.100841 138.3590498241922
4832930238.571753 138.81017819135354
5090575902.036687 139.26130560711582
5361956770.568806 139.7124330687218
5647805074.067546 140.16356082848145
5948892077.934331 140.61468901903788
6266030164.072656 141.06581757079266
6600075022.827075 141.5169439043388
6951927961.775591 141.96807203470027
7322538337.6045265 142.41920031294165
7712906117.627993 142.8703280729208
8124084577.862974 143.32145649886974
8557183144.939984 143.77258384094574
9013370389.51742 144.2237117965176
9493877179.27582 144.67483894366057
10000000000.0 145.12596731951243
10.0 -19.458404568758674
10.53310445370937 -19.448661401099834
11.094628943275218 -19.437876292363146
11.686088553466515 -19.4259407195389
12.309079138896024 -19.41273550175841
12.965281629896682 -19.398129902620017
13.65646656794611 -19.38198068118089
14.38449888287663 -19.36413111426372
15.15134292476053 -19.344409954986137
15.95906776404731 -19.322630445540742
16.80985277425364 -19.298589249020765
17.70599351226899 -19.27206541034916
18.64990791214297 -19.2428193968441
19.644142809066278 -19.210592135522226
20.6913808111479 -19.17510420823206
21.794447537529855 -19.136055134664552
22.956319242369098 -19.09312283409
24.180130845257207 -19.04596332482556
25.4691843897454 -18.99421071405859
26.826957952797258 -18.937477501600295
28.257115029208283 -18.87535523136856
29.76351441631318 -18.807415744197552
31.350220625651154 -18.733212761885312
33.02151484968176 -18.65228416811
34.7819065131413 -18.56415484758909
36.63614544020716 -18.468340158643958
38.58923467029903 -18.364350046128756
40.646443957096295 -18.25169378310006
42.81332398719393 -18.12988530299017
45.095721356761466 -17.998448998865307
47.499794346614124 -17.856925917948093
50.03202953826004 -17.70488022160442
52.699259315756564 -17.54190563823053
55.50868030059805 -17.367631849649452
58.467872769375894 -17.181730459726744
61.58482110660264 -16.9839204019787
64.86793534788511 -16.773972578406774
68.32607387157402 -16.55171349300152
71.96856730011521 -16.317027775562703
75.8052436755926 -16.069859491891798
79.84645497739086 -15.810212195789648
84.10310505352605 -15.538147739370459
88.58667904100822 -15.253783935051885
93.30927435461668 -14.95729121708888
98.28363332770026 -14.64888847115155
103.52317759307378 -14.32883826023393
109.04204429677526 -13.997441700755465
114.8551242423938 -13.655033199066049
120.97810206889012 -13.301975303510048
127.42749857031335 -12.93865385763733
134.2207152716012 -12.565473622243994
141.37608138073614 -12.182854496353064
148.91290324394086 -11.791228386641023
156.85151643735477 -11.391036762442575
165.213340635737 -10.982728839756879
174.0209374062485 -10.566760336804847
183.29807108324357 -10.143592666316096
193.06977288832496 -9.713692403870409
203.36240846866724 -9.277530888601698
214.2037490358383 -8.835583741459246
225.62304629706352 -8.388330156288038
237.65111138110728 -7.936251796532716
250.32039797173255 -7.479831189818081
263.6650898730358 -7.019549541921308
277.7211932429355 -6.55588397091022
292.5266337436645 -6.089304179058796
308.1213588714002 -5.6202686915196685
324.54744574113323 -5.149220781057062
341.84921461759274 -4.67658429310217
360.073348498562 -4.202759563788139
379.26901907322497 -3.728119644802523
399.48801939541704 -3.2530070412455885
420.78490362974026 -2.7777311232417774
443.21713424760856 -2.3025663300321755
466.84523707037897 -1.8277512409934635
491.73296457790156 -1.3534885185202423
517.9474679231213 -0.8799456971139072
545.5594781168514 -0.40725671178677914
574.6434968715973 0.06447593270604274
605.2779976193349 0.5351785122790274
637.5456372456507 1.0048030881603962
671.5334791115142 1.4733243275338868
707.3332279644438 1.940736269288628
745.0414773728917 2.407049154677063
784.7599703514607 2.8722864166041537
826.5958738801812 3.3364818975502613
870.6620680585127 3.7996773436060156
917.0774506742931 4.2619201976079095
965.9672580093833 4.723261699446854
1017.4634027476063 5.183755286414051
1071.7048298967104 5.6434552766754065
1128.8378916846884 6.102415808842507
1189.01674244199 6.560690013432167
1252.4037545350732 7.018329381293915
1319.1699564735716 7.475383304501053
1389.4954943731375 7.931898757605923
1463.5701180190797 8.387920096292943
1541.5936928422718 8.843488949131817
1623.776739188721 9.298644183053984
1710.3410003378397 9.753421925827565
1801.520040802024 10.20785563132533
1897.5598765218504 10.661976175079165
1998.7196386572507 11.115811972403973
2105.272272765707 11.569389108989103
2217.505275253932 12.022731481103541
2335.7214690901214 12.475860937572588
2460.239820869775 12.928797422777095
2591.3963014396572 13.38155911639923
2729.5447924020073 13.834162568488086
2875.0580409448803 14.286622828969001
3028.3286655749457 14.738953570181202
3189.7702154663216 15.191167202266831
3359.818286283781 15.643274981024097
3538.9316954909877 16.095287108650954
3727.593720314938 16.54721282650275
3926.3134017068355 16.999060501487467
4135.626917817706 17.45083770493239
4356.099030694608 17.90255128564486
4588.324610100844 18.35420743632936
4832.930238571752 18.805811754781562
5090.575902036681 19.257369299354796
5361.956770568817 19.70888463988828
5647.805074067552 20.160361903811182
5948.892077934331 20.611804818242412
6266.030164072656 21.06321674817476
6600.075022827095 21.514600731086237
6951.927961775606 21.965959508498933
7322.538337604534 22.417295554401786
7712.906117627992 22.8686111011217
8124.0845778629655 23.319908162701818
8557.183144940002 23.77118855607229
9013.37038951743 24.22245392016467
9493.87717927582 24.67370573329368
10000.0 25.12494532876707
10533.104453709382 25.576173909013555
11094.628943275218 26.027392558402084
11686.088553466498 26.47860225477041
12309.079138896019 26.929803879855484
12965.281629896688 27.38099822868719
13656.466567946096 27.83218601811534
14384.498882876629 28.28336789444713
15151.342924760515 28.73454444038201
15959.06776404731 29.18571618128034
16809.852774253653 29.636883590754547
17705.99351226898 30.08804709578414
18649.907912142942 30.539207081296915
19644.142809066267 30.990363894279763
20691.3808111479 31.441517847552404
21794.447537529835 31.89266922309997
22956.319242369096 32.34381827511217
24180.13084525718 32.794965232730135
25469.184389745402 33.246110302507226
26826.957952797275 33.6972536706308
28257.115029208268 34.14839550493787
29763.51441631313 34.59953595670615
31350.220625651124 35.0506751623089
33021.51484968176 35.501813244661406
34781.90651314134 35.95295031456348
36636.14544020716 36.4040864718892
38589.23467029899 36.85522180665536
40646.44395709628 37.306356400005384
42813.32398719396 37.75749032508152
45095.721356761445 38.20862364780243
47499.79434661403 38.65975642759774
50032.029538259994 39.11088871802737
52699.259315756564 39.56202056736613
55508.680300598106 40.01315201912675
58467.87276937589 40.46428311254057
61584.82110660255 40.91541388296005
64867.935347885075 41.36654436223604
68326.07387157406 41.817674579105706
71968.56730011514 42.26880455945748
75805.24367559262 42.719934326628675
79846.45497739078 43.17106390163847
84103.10505352604 43.62219330345211
88586.67904100832 44.073322549165105
93309.27435461663 44.52445165416254
98283.63332770011 44.97558063233975
103523.17759307378 45.42670949620533
109042.04429677526 45.87783825702245
114855.12424239368 46.328966924982076
120978.10206889013 46.780095509242344
127427.49857031321 47.231224018039256
134220.7152716012 47.682352458844605
141376.08138073614 48.13348083836039
148912.90324394088 48.58460916261894
156851.5164373548 49.03573743708563
165213.34063573685 49.48686566667155
174020.9374062485 49.93799385579117
183298.07108324338 50.38912200846484
193069.77288832495 50.84025012826081
203362.40846866704 51.29137821842811
214203.74903583832 51.742506281908945
225623.04629706353 52.193634321314306
237651.11138110727 52.64476233902849
250320.39797173254 53.09589033719366
263665.08987303555 53.54701831774086
277721.1932429355 53.9981462823978
292526.6337436642 54.449274232728214
308121.35887140024 54.9004021701677
324547.44574113254 55.35153009597529
341849.21461759275 55.80265801129278
360073.348498562 56.253785917172145
379269.0190732246 56.70491381452627
399488.019395417 57.156041704202224
420784.9036297398 57.607169586961334
443217.13424760854 58.05829746348473
466845.2370703785 58.50942533438313
491732.9645779016 58.960553200223565
517947.46792312124 59.4116810614867
545559.4781168514 59.86280891864544
574643.4968715974 60.31393677208327
605277.9976193343 60.765064622176574
637545.6372456506 61.216192469267696
671533.4791115135 61.66732031363823
707333.2279644439 62.11844815555166
745041.4773728917 62.569575995269545
784759.9703514606 63.02070383298725
826595.8738801812 63.47183166891025
870662.0680585118 63.92295950322711
917077.4506742931 64.37408733608684
965967.2580093823 64.82521516763052
1017463.4027476063 65.2763429979947
1071704.8298967092 65.72747082728418
1128837.8916846884 66.17859865562154
1189016.74244199 66.62972648307932
1252403.7545350718 67.08085430976635
1319169.9564735717 67.53198213574927
1389495.494373136 67.98310996108364
1463570.1180190798 68.4342377858645
1541593.6928422702 68.88536561011936
1623776.739188721 69.33649343392084
1710341.0003378377 69.78762125729207
1801520.0408020238 70.23874908028765
1897559.8765218505 70.68987690294945
1998719.6386572486 71.1410047253022
2105272.272765707 71.59213254737081
2217505.2752539297 72.04326036919907
2335721.4690901213 72.49438819079847
2460239.8208697727 72.94551601219608
2591396.3014396573 73.39664383341025
2729544.792402007 73.8477716544626
2875058.040944877 74.29889947536465
3028328.6655749455 74.75002729613317
3189770.215466318 75.20115511678101
3359818.286283781 75.65228293732382
3538931.6954909842 76.10341075776705
3727593.720314938 76.55453857812128
3926313.4017068394 77.00566639839646
4135626.917817706 77.45679421859772
4356099.030694608 77.90792203873588
4588324.61010084 78.3590498588186
4832930.238571752 78.81017767884597
5090575.902036676 79.26130549882575
5361956.770568817 79.71243331876238
5647805.074067546 80.16356113866456
5948892.077934331 80.61468895852896
6266030.164072656 81.06581677836202
6600075.022827089 81.51694459817361
6951927.961775606 81.96807241794394
7322538.337604526 82.41920023770278
7712906.117627992 82.87032805746706
8124084.5778629575 83.32145587714601
8557183.144940002 83.77258369687169
9013370.38951742 84.223711516528
9493877.17927582 84.67483933621794
10000000.0 85.12596715587252
10533104.45370936 85.57709497552293
11094628.943275219 86.02822279516666
11686088.553466497 86.47935061482636
12309079.138896018 86.93047843440483
12965281.629896663 87.3816062540811
13656466.567946097 87.83273407363725
14384498.882876629 88.28386189326929
15151342.924760515 88.73498971282636
15959067.76404731 89.1861175324633
16809852.774253618 89.63724535205989
17705993.51226898 90.08837317158614
18649907.912142944 90.53950099125095
19644142.809066266 90.9906288107596
20691380.811147902 91.44175663035506
21794447.537529834 91.89288444996548
22956319.242369097 92.34401226957921
24180130.84525718 92.79514008909962
25469184.3897454 93.24626790867846
26826957.95279722 93.69739572824513
28257115.02920827 94.14852354796739
29763514.41631313 94.59965136724024
31350220.62565112 95.05077918710413
33021514.849681754 95.5019070063102
34781906.51314127 95.95303482588265
36636145.44020716 96.4041626450978
38589234.67029899 96.85529046571497
40646443.95709628 97.30641828416782
42813323.98719387 97.75754610434241
45095721.35676145 98.20867392456577
47499794.346614026 98.65980174313911
50032029.53825999 99.11092956337038
52699259.31575657 99.5620573810481
55508680.300597996 100.01318519994794
58467872.7693759 100.4643130220546
61584821.10660254 100.91544084082685
64867935.34788508 101.36656866089407
68326073.87157391 101.81769648055115
71968567.30011514 102.26882430012763
75805243.67559262 102.7199521198477
79846454.97739078 103.17107993902641
84103105.05352604 103.62220775901233
88586679.04100814 104.07333557801402
93309274.35461664 104.52446339850022
98283633.32770011 104.97559121727791
103523177.59307377 105.42671903738224
109042044.29677527 105.87784685721253
114855124.24239345 106.32897467875581
120978102.06889038 106.7801024938887
127427498.57031322 107.23123031850079
134220715.2716012 107.68235813660517
141376081.38073614 108.13348595306738
148912903.24394056 108.58461377375157
156851516.43735445 109.03574159179597
165213340.63573685 109.4868694173561
174020937.40624848 109.93799724573412
183298071.08324376 110.38912505691265
193069772.88832456 110.84025287085232
203362408.46866703 111.29138069163375
214203749.0358383 111.74250849818003
225623046.2970626 112.19363634449348
237651111.38110778 112.64476416823804
250320397.97173202 113.09589194817313
263665089.87303555 113.5470198097509
277721193.2429355 113.99814760812767
292526633.74366355 114.44927547503612
308121358.87140083 114.90040332953212
324547445.74113256 115.3515310771871
341849214.6175927 115.8026589240024
360073348.49856204 116.25378671684216
379269019.0732238 116.70491441512063
399488019.39541787 117.15604235507918
420784903.6297398 117.60717007298953
443217134.24760854 118.05829802734917
466845237.07037944 118.50942578192885
491732964.5779006 118.96055367244489
517947467.9231202 119.41168140399898
545559478.1168514 119.86280930995257
574643496.8715974 120.31393716868463
605277997.6193355 120.76506493104549
637545637.2456493 121.216192815009
671533479.1115135 121.6673205028236
707333227.9644439 122.11844871470046
745041477.3728887 122.56957613504557
784759970.3514622 123.02070387900875
826595873.8801795 123.47183189257314
870662068.0585117 123.92295999248242
917077450.674293 124.37408731169803
965967258.0093802 124.82521569167909
1017463402.7476043 125.27634298382962
1071704829.8967092 125.72747040705474
1128837891.6846883 126.17859901587495
1189016742.44199 126.62972670283067
1252403754.5350692 127.08085458590689
1319169956.473569 127.53198227333003
1389495494.373136 127.98310981098444
1463570118.0190797 128.43423803248024
1541593692.8422735 128.88536572224652
1623776739.1887176 129.336493812634
1710341000.337838 129.78762094716117
1801520040.802024 130.23874920316263
1897559876.5218503 130.68987684874506
1998719638.6572526 131.14100404558653
2105272272.7657027 131.59213259341823
2217505275.2539296 132.04326122067806
2335721469.0901213 132.49438847467732
2460239820.8697777 132.94551562753244
2591396301.439652 133.39664328729293
2729544792.402002 133.8477718659292
2875058040.944877 134.29889887910156
3028328665.5749454 134.75002638673726
3189770215.466325 135.20115537837142
3359818286.2837744 135.6522826719345
3538931695.4909844 136.10341093743392
3727593720.314938 136.55453806822212
3926313401.7068396 137.00566579876798
4135626917.8176975 137.45679478054961
4356099030.694599 137.9079219730558
4588324610.100841 138.3590498241922
4832930238.571753 138.81017819135354
5090575902.036687 139.26130560711582
5361956770.568806 139.7124330687218
5647805074.067546 140.16356082848145
5948892077.934331 140.61468901903788
6266030164.072656 141.06581757079266
6600075022.827075 141.5169439043388
6951927961.775591 141.96807203470027
7322538337.6045265 142.41920031294165
7712906117.627993 142.8703280729208
8124084577.862974 143.32145649886974
8557183144.939984 143.77258384094574
9013370389.51742 144.2237117965176
9493877179.27582 144.67483894366057
10000000000.0 145.12596731951243
