10.0 -7.363424999505303
10.53310445370937 -7.3987433690925215
11.094628943275218 -7.437621547254743
11.686088553466515 -7.480407132616543
12.309079138896024 -7.527480970606039
12.965281629896682 -7.579260130665768
13.65646656794611 -7.636201000790937
14.38449888287663 -7.6988024690739865
15.15134292476053 -7.767609159561055
15.95906776404731 -7.843214691645226
16.80985277425364 -7.926264936076962
17.70599351226899 -8.017461244899685
18.64990791214297 -8.117563645722107
19.644142809066278 -8.227394001438936
20.6913808111479 -8.347839158064653
21.794447537529855 -8.479854128561064
22.956319242369098 -8.624465395978998
24.180130845257207 -8.782774466123684
25.4691843897454 -8.955961858548326
26.826957952797258 -9.1452918045562
28.257115029208283 -9.35211801698963
29.76351441631318 -9.577891019511192
31.350220625651154 -9.82416767864381
33.02151484968176 -10.092623770310407
34.7819065131413 -10.385070657393104
36.63614544020716 -10.703477457678652
38.58923467029903 -11.050000486854854
40.646443957096295 -11.427022295420526
42.81332398719393 -11.837203364900136
45.095721356761466 -12.283550586511897
47.499794346614124 -12.769508209625766
50.03202953826004 -13.2990793048987
52.699259315756564 -13.876989454639325
55.50868030059805 -14.508910215423365
58.467872769375894 -15.201769473925035
61.58482110660264 -15.964191961855587
64.86793534788511 -16.807141490056036
68.32607387157402 -17.744888064833365
71.96856730011521 -18.796522036147532
75.8052436755926 -19.9884389777026
79.84645497739086 -21.358660576737392
84.10310505352605 -22.96491695574826
88.58667904100822 -24.901280534287462
93.30927435461668 -27.33722454053099
98.28363332770026 -30.629336342329395
103.52317759307378 -35.770820738962556
109.04204429677526 -48.842711740557824
114.8551242423938 -41.373366840015
120.97810206889012 -33.94321387695036
127.42749857031335 -30.17564987662876
134.2207152716012 -27.701135570398748
141.37608138073614 -25.90298532313293
148.91290324394086 -24.526893117773678
156.85151643735477 -23.443059063013564
165.213340635737 -22.576102677275646
174.0209374062485 -21.878109454141537
183.29807108324357 -21.316366548057616
193.06977288832496 -20.867059097698654
203.36240846866724 -20.5116917928148
214.2037490358383 -20.234865070681415
225.62304629706352 -20.022766814469723
237.65111138110728 -19.862065670152468
250.32039797173255 -19.739059422002423
263.6650898730358 -19.63903754687603
277.7211932429355 -19.545899303724987
292.5266337436645 -19.442134952996867
308.1213588714002 -19.309308874253453
324.54744574113323 -19.12913840925022
341.84921461759274 -18.885103722570463
360.073348498562 -18.56427179005894
379.26901907322497 -18.15879656689422
399.48801939541704 -17.666552519822957
420.78490362974026 -17.090654441181435
443.21713424760856 -16.438067519925387
466.84523707037897 -15.717835758070786
491.73296457790156 -14.939481911528887
517.9474679231213 -14.111918533441525
545.5594781168514 -13.242940974207077
574.6434968715973 -12.339187605812489
605.2779976193349 -11.406382685336556
637.5456372456507 -10.44968928466124
671.5334791115142 -9.474048243447337
707.3332279644438 -8.484433322395562
745.0414773728917 -7.485997955361826
784.7599703514607 -6.484120335566317
826.5958738801812 -5.484370915098466
870.6620680585127 -4.492431948105924
917.0774506742931 -3.5139959712842215
965.9672580093833 -2.5546629218933563
1017.4634027476063 -1.61984729844395
1071.7048298967104 -0.7146996598019772
1128.8378916846884 0.15595808120927904
1189.01674244199 0.9876865483457686
1252.4037545350732 1.7764754208112252
1319.1699564735716 2.5187851852546093
1389.4954943731375 3.2115852400475986
1463.5701180190797 3.8523878699117047
1541.5936928422718 4.439276299203063
1623.776739188721 4.970924243623564
1710.3410003378397 5.446604234801059
1801.520040802024 5.866182461478405
1897.5598765218504 6.23009884853697
1998.7196386572507 6.539332369123969
2105.272272765707 6.795352930882506
2217.505275253932 7.000062356022165
2335.7214690901214 7.155727829028561
2460.239820869775 7.264911596693926
2591.3963014396572 7.330400685455132
2729.5447924020073 7.355140001208324
2875.0580409448803 7.342171516787456
3028.3286655749457 7.294581456374013
3189.7702154663216 7.215456577373441
3359.818286283781 7.107849918670857
3538.9316954909877 6.974755779250083
3727.593720314938 6.819093247026524
3926.3134017068355 6.643697294833075
4135.626917817706 6.451316289173471
4356.099030694608 6.244614674508183
4588.324610100844 6.026179579349018
4832.930238571752 5.798530098990868
5090.575902036681 5.564128028436823
5361.956770568817 5.3253888283793
5647.805074067552 5.084691597488604
5948.892077934331 4.844386809641909
6266.030164072656 4.606800554683488
6600.075022827095 4.37423403464156
6951.927961775606 4.14895713980401
7322.538337604534 3.9331951038211233
7712.906117627992 3.7291075576315214
8124.0845778629655 3.53875979608317
8557.183144940002 3.364086749489626
9013.37038951743 3.2068509848112163
9493.87717927582 3.068596970084058
10000.0 2.950604696292096
10533.104453709382 2.853846397927894
11094.628943275218 2.7789503867639667
11686.088553466498 2.7261757843568466
12309.079138896019 2.6954011692922917
12965.281629896688 2.6861289154022385
13656.466567946096 2.697505468831303
14384.498882876629 2.7283562429153414
15151.342924760515 2.7772324626955047
15959.06776404731 2.8424663661594862
16809.852774253653 2.9222307717755447
17705.99351226898 3.0145991386385234
18649.907912142942 3.117602772430865
19644.142809066267 3.22928261171455
20691.3808111479 3.3477338997883743
21794.447537529835 3.471142874282487
22956.319242369096 3.597815298464439
24180.13084525718 3.7261971768700737
25469.184389745402 3.8548883393732627
26826.957952797275 3.982649767986203
28257.115029208268 4.108405614129941
29763.51441631313 4.231240847248749
31350.220625651124 4.350395420799552
33021.51484968176 4.465255761388896
34781.90651314134 4.575344297327109
36636.14544020716 4.680307652855438
38589.23467029899 4.779904047970375
40646.44395709628 4.873990362691374
42813.32398719396 4.9625092486292015
45095.721356761445 5.045476599712714
47499.79434661403 5.122969627844332
50032.029538259994 5.195115727643267
52699.259315756564 5.262082258886885
55508.680300598106 5.324067325109048
58467.87276937589 5.3812915836552175
61584.82110660255 5.433991085966657
64867.935347885075 5.482411117605812
68326.07387157406 5.526800984938638
71968.56730011514 5.567409679223382
75805.24367559262 5.60448233849005
79846.45497739078 5.638257421958601
84103.10505352604 5.668964510256696
88586.67904100832 5.696822646407135
93309.27435461663 5.722039136437576
98283.63332770011 5.744808734191215
103523.17759307378 5.7653131414881535
109042.04429677526 5.783720761882007
114855.12424239368 5.8001866534965085
120978.10206889013 5.814852633437876
127427.49857031321 5.82784749288312
134220.7152716012 5.8392872879836215
141376.08138073614 5.849275677276236
148912.90324394088 5.857904280954891
156851.5164373548 5.865253041752244
165213.34063573685 5.871390570557588
174020.9374062485 5.876374463032156
183298.07108324338 5.8802515759354135
193069.77288832495 5.883058253903241
203362.40846866704 5.884820499118188
214203.74903583832 5.885554077495307
225623.04629706353 5.885264556125135
237651.11138110727 5.883947267393172
250320.39797173254 5.881587195810093
263665.08987303555 5.878158783931156
277721.1932429355 5.873625654172599
292526.6337436642 5.867940243422034
308121.35887140024 5.861043347690212
324547.44574113254 5.852863574179809
341849.21461759275 5.843316698486422
360073.348498562 5.832304924968898
379269.0190732246 5.8197160489507995
399488.019395417 5.805422520014539
420784.9036297398 5.789280406780333
443217.13424760854 5.771128264702793
466845.2370703785 5.750785910353683
491732.9645779016 5.728053107598502
517947.46792312124 5.702708174036389
545559.4781168514 5.6745065193414295
574643.4968715974 5.643179131355035
605277.9976193343 5.608431030736898
637545.6372456506 5.569939720899936
671533.4791115135 5.527353666883573
707333.2279644439 5.4802908445828615
745041.4773728917 5.428337410937008
784759.9703514606 5.371046555263118
826595.8738801812 5.307937602780858
870662.0680585118 5.238495452491907
917077.4506742931 5.162170442933615
965967.2580093823 5.078378750161456
1017463.4027476063 4.986503432165274
1071704.8298967092 4.88589624146356
1128837.8916846884 4.775880332042238
1189016.74244199 4.655753986742447
1252403.7545350718 4.524795484928799
1319169.9564735717 4.38226921702052
1389495.494373136 4.227433129829945
1463570.1180190798 4.059547554773097
1541593.6928422702 3.8778854282746322
1623776.739188721 3.681743860614151
1710341.0003378377 3.470456947333557
1801520.0408020238 3.2434096475419945
1897559.8765218505 3.0000524801919672
1998719.6386572486 2.739916716406097
2105272.272765707 2.4626296789906483
2217505.2752539297 2.1679297049846555
2335721.4690901213 1.8556802894785185
2460239.8208697727 1.5258829136564658
2591396.3014396573 1.178688070948784
2729544.792402007 0.8144040432821076
2875058.040944877 0.4335030437472791
3028328.6655749455 0.03662442868685421
3189770.215466318 -0.3754252149862145
3359818.286283781 -0.80167519025942
3538931.6954909842 -1.240996989993494
3727593.720314938 -1.6921136451874714
3926313.4017068394 -2.153611902042017
4135626.917817706 -2.6239569391998985
4356099.030694608 -3.101509288514654
4588324.61010084 -3.5845435944069353
4832930.238571752 -4.071268835480481
5090575.902036676 -4.559849632456614
5361956.770568817 -5.048428273196734
5647805.074067546 -5.535147093499633
5948892.077934331 -6.018170857424369
6266030.164072656 -6.4957087808218095
6600075.022827089 -6.966035836787057
6951927.961775606 -7.427512973767875
7322538.337604526 -7.878605870382888
7712906.117627992 -8.317901850640206
8124084.5778629575 -8.744124594738684
8557183.144940002 -9.156146308888673
9013370.38951742 -9.552997065809611
9493877.17927582 -9.933871096678658
10000000.0 -10.298129903632436
10533104.45370936 -10.645302165014318
11094628.943275219 -10.975080516727957
11686088.553466497 -11.287315404306943
12309079.138896018 -11.582006303070143
12965281.629896663 -11.85929069034647
13656466.567946097 -12.11943121798128
14384498.882876629 -12.362801571410005
15151342.924760515 -12.589871512375382
15959067.76404731 -12.801191587058092
16809852.774253618 -12.997377943676074
17705993.51226898 -13.179097648323012
18649907.912142944 -13.347054820802718
19644142.809066266 -13.501977839306207
20691380.811147902 -13.644607789409273
21794447.537529834 -13.775688263265238
22956319.242369097 -13.895956552673045
24180130.84525718 -14.006136226680976
25469184.3897454 -14.106931041856248
26826957.95279722 -14.199020101216524
28257115.02920827 -14.283054155587047
29763514.41631313 -14.359652927673935
31350220.62565112 -14.429403333082359
33021514.849681754 -14.492858472431344
34781906.51314127 -14.5505372731549
36636145.44020716 -14.60292466726223
38589234.67029899 -14.650472201107972
40646443.95709628 -14.693598984185485
42813323.98719387 -14.732692895302417
45095721.35676145 -14.768111975764334
47499794.346614026 -14.800185949890299
50032029.53825999 -14.829217823114053
52699259.31575657 -14.855485516903041
55508680.300597996 -14.87924350770613
58467872.7693759 -14.900724444087398
61584821.10660254 -14.920140722186797
64867935.34788508 -14.937686004692072
68326073.87157391 -14.953536672743441
71968567.30011514 -14.967853203659168
75805243.67559262 -14.98078147019547
79846454.97739078 -14.992453959319597
84103105.05352604 -15.002990910235221
88586679.04100814 -15.012501372788527
93309274.35461664 -15.021084188389205
98283633.32770011 -15.028828896367026
103523177.59307377 -15.035816569155344
109042044.29677527 -15.042120580100546
114855124.24239345 -15.047807307825655
120978102.06889038 -15.052936781211434
127427498.57031322 -15.057563269012144
134220715.2716012 -15.061735818075634
141376081.38073614 -15.065498744000642
148912903.24394056 -15.068892077914434
156851516.43735445 -15.071951972869169
165213340.63573685 -15.07471107316277
174020937.40624848 -15.077198849686205
183298071.08324376 -15.079441904196178
193069772.88832456 -15.081464245204215
203362408.46866703 -15.083287537983201
214203749.0358383 -15.084931330999261
225623046.2970626 -15.08641326088446
237651111.38110778 -15.087749237910602
250320397.97173202 -15.08895361375626
263665089.87303555 -15.090039333189988
277721193.2429355 -15.091018071189378
292526633.74366355 -15.091900356838652
308121358.87140083 -15.092695685264735
324547445.74113256 -15.09341261874021
341849214.6175927 -15.09405887797665
360073348.49856204 -15.094641424554919
379269019.0732238 -15.095166535333028
399488019.39541787 -15.09563986960283
420784903.6297398 -15.09606652969929
443217134.24760854 -15.09645111568653
466845237.07037944 -15.096797774701422
491732964.5779006 -15.097110245463675
517947467.9231202 -15.097391898434541
545559478.1168514 -15.097645772031232
574643496.8715974 -15.097874605297667
605277997.6193355 -15.098080867363173
637545637.2456493 -15.098266784013259
671533479.1115135 -15.098434361646262
707333227.9644439 -15.098585408881036
745041477.3728887 -15.098721556034986
784759970.3514622 -15.098844272690776
826595873.8801795 -15.098954883530759
870662068.0585117 -15.099054582619143
917077450.674293 -15.099144446270738
965967258.0093802 -15.099225444659382
1017463402.7476043 -15.099298452279646
1071704829.8967092 -15.099364257379257
1128837891.6846883 -15.099423570463218
1189016742.44199 -15.099477031957171
1252403754.5350692 -15.099525219118021
1319169956.473569 -15.09956865226431
1389495494.373136 -15.099607800390356
1463570118.0190797 -15.099643086226218
1541593692.8422735 -15.099674890804131
1623776739.1887176 -15.099703557567388
1710341000.337838 -15.09972939607964
1801520040.802024 -15.09975268536561
1897559876.5218503 -15.09977367692641
1998719638.6572526 -15.09979259744899
2105272272.7657027 -15.099809651259255
2217505275.2539296 -15.09982502252437
2335721469.0901213 -15.099838877243187
2460239820.8697777 -15.099851365036312
2591396301.439652 -15.09986262076573
2729544792.402002 -15.099872765985776
2875058040.944877 -15.099881910261356
3028328665.5749454 -15.099890152344704
3189770215.466325 -15.099897581248246
3359818286.2837744 -15.099904277199984
3538931695.4909844 -15.099910312515195
3727593720.314938 -15.099915752372278
3926313401.7068396 -15.09992065552086
4135626917.8176975 -15.099925074912475
4356099030.694599 -15.09992905827721
4588324610.100841 -15.09993264863214
4832930238.571753 -15.099935884753993
5090575902.036687 -15.09993880159189
5361956770.568806 -15.099941430646453
5647805074.067546 -15.099943800312044
5948892077.934331 -15.099945936179127
6266030164.072656 -15.099947861316762
6600075022.827075 -15.099949596515032
6951927961.775591 -15.099951160513509
7322538337.6045265 -15.099952570203461
7712906117.627993 -15.099953840809722
8124084577.862974 -15.099954986054325
8557183144.939984 -15.099956018306127
9013370389.51742 -15.099956948711789
9493877179.27582 -15.099957787322806
10000000000.0 -15.09995854319202
10.0 -7.363424999505303
10.53310445370937 -7.3987433690925215
11.094628943275218 -7.437621547254743
11.686088553466515 -7.480407132616543
12.309079138896024 -7.527480970606039
12.965281629896682 -7.579260130665768
13.65646656794611 -7.636201000790937
14.38449888287663 -7.6988024690739865
15.15134292476053 -7.767609159561055
15.95906776404731 -7.843214691645226
16.80985277425364 -7.926264936076962
17.70599351226899 -8.017461244899685
18.64990791214297 -8.117563645722107
19.644142809066278 -8.227394001438936
20.6913808111479 -8.347839158064653
21.794447537529855 -8.479854128561064
22.956319242369098 -8.624465395978998
24.180130845257207 -8.782774466123684
25.4691843897454 -8.955961858548326
26.826957952797258 -9.1452918045562
28.257115029208283 -9.35211801698963
29.76351441631318 -9.577891019511192
31.350220625651154 -9.82416767864381
33.02151484968176 -10.092623770310407
34.7819065131413 -10.385070657393104
36.63614544020716 -10.703477457678652
38.58923467029903 -11.050000486854854
40.646443957096295 -11.427022295420526
42.81332398719393 -11.837203364900136
45.095721356761466 -12.283550586511897
47.499794346614124 -12.769508209625766
50.03202953826004 -13.2990793048987
52.699259315756564 -13.876989454639325
55.50868030059805 -14.508910215423365
58.467872769375894 -15.201769473925035
61.58482110660264 -15.964191961855587
64.86793534788511 -16.807141490056036
68.32607387157402 -17.744888064833365
71.96856730011521 -18.796522036147532
75.8052436755926 -19.9884389777026
79.84645497739086 -21.358660576737392
84.10310505352605 -22.96491695574826
88.58667904100822 -24.901280534287462
93.30927435461668 -27.33722454053099
98.28363332770026 -30.629336342329395
103.52317759307378 -35.770820738962556
109.04204429677526 -48.842711740557824
114.8551242423938 -41.373366840015
120.97810206889012 -33.94321387695036
127.42749857031335 -30.17564987662876
134.2207152716012 -27.701135570398748
141.37608138073614 -25.90298532313293
148.91290324394086 -24.526893117773678
156.85151643735477 -23.443059063013564
165.213340635737 -22.576102677275646
174.0209374062485 -21.878109454141537
183.29807108324357 -21.316366548057616
193.06977288832496 -20.867059097698654
203.36240846866724 -20.5116917928148
214.2037490358383 -20.234865070681415
225.62304629706352 -20.022766814469723
237.65111138110728 -19.862065670152468
250.32039797173255 -19.739059422002423
263.6650898730358 -19.63903754687603
277.7211932429355 -19.545899303724987
292.5266337436645 -19.442134952996867
308.1213588714002 -19.309308874253453
324.54744574113323 -19.12913840925022
341.84921461759274 -18.885103722570463
360.073348498562 -18.56427179005894
379.26901907322497 -18.15879656689422
399.48801939541704 -17.666552519822957
420.78490362974026 -17.090654441181435
443.21713424760856 -16.438067519925387
466.84523707037897 -15.717835758070786
491.73296457790156 -14.939481911528887
517.9474679231213 -14.111918533441525
545.5594781168514 -13.242940974207077
574.6434968715973 -12.339187605812489
605.2779976193349 -11.406382685336556
637.5456372456507 -10.44968928466124
671.5334791115142 -9.474048243447337
707.3332279644438 -8.484433322395562
745.0414773728917 -7.485997955361826
784.7599703514607 -6.484120335566317
826.5958738801812 -5.484370915098466
870.6620680585127 -4.492431948105924
917.0774506742931 -3.5139959712842215
965.9672580093833 -2.5546629218933563
1017.4634027476063 -1.61984729844395
1071.7048298967104 -0.7146996598019772
1128.8378916846884 0.15595808120927904
1189.01674244199 0.9876865483457686
1252.4037545350732 1.7764754208112252
1319.1699564735716 2.5187851852546093
1389.4954943731375 3.2115852400475986
1463.5701180190797 3.8523878699117047
1541.5936928422718 4.439276299203063
1623.776739188721 4.970924243623564
1710.3410003378397 5.446604234801059
1801.520040802024 5.866182461478405
1897.5598765218504 6.23009884853697
1998.7196386572507 6.539332369123969
2105.272272765707 6.795352930882506
2217.505275253932 7.000062356022165
2335.7214690901214 7.155727829028561
2460.239820869775 7.264911596693926
2591.3963014396572 7.330400685455132
2729.5447924020073 7.355140001208324
2875.0580409448803 7.342171516787456
3028.3286655749457 7.294581456374013
3189.7702154663216 7.215456577373441
3359.818286283781 7.107849918670857
3538.9316954909877 6.974755779250083
3727.593720314938 6.819093247026524
3926.3134017068355 6.643697294833075
4135.626917817706 6.451316289173471
4356.099030694608 6.244614674508183
4588.324610100844 6.026179579349018
4832.930238571752 5.798530098990868
5090.575902036681 5.564128028436823
5361.956770568817 5.3253888283793
5647.805074067552 5.084691597488604
5948.892077934331 4.844386809641909
6266.030164072656 4.606800554683488
6600.075022827095 4.37423403464156
6951.927961775606 4.14895713980401
7322.538337604534 3.9331951038211233
7712.906117627992 3.7291075576315214
8124.0845778629655 3.53875979608317
8557.183144940002 3.364086749489626
9013.37038951743 3.2068509848112163
9493.87717927582 3.068596970084058
10000.0 2.950604696292096
10533.104453709382 2.853846397927894
11094.628943275218 2.7789503867639667
11686.088553466498 2.7261757843568466
12309.079138896019 2.6954011692922917
12965.281629896688 2.6861289154022385
13656.466567946096 2.697505468831303
14384.498882876629 2.7283562429153414
15151.342924760515 2.7772324626955047
15959.06776404731 2.8424663661594862
16809.852774253653 2.9222307717755447
17705.99351226898 3.0145991386385234
18649.907912142942 3.117602772430865
19644.142809066267 3.22928261171455
20691.3808111479 3.3477338997883743
21794.447537529835 3.471142874282487
22956.319242369096 3.597815298464439
24180.13084525718 3.7261971768700737
25469.184389745402 3.8548883393732627
26826.957952797275 3.982649767986203
28257.115029208268 4.108405614129941
29763.51441631313 4.231240847248749
31350.220625651124 4.350395420799552
33021.51484968176 4.465255761388896
34781.90651314134 4.575344297327109
36636.14544020716 4.680307652855438
38589.23467029899 4.779904047970375
40646.44395709628 4.873990362691374
42813.32398719396 4.9625092486292015
45095.721356761445 5.045476599712714
47499.79434661403 5.122969627844332
50032.029538259994 5.195115727643267
52699.259315756564 5.262082258886885
55508.680300598106 5.324067325109048
58467.87276937589 5.3812915836552175
61584.82110660255 5.433991085966657
64867.935347885075 5.482411117605812
68326.07387157406 5.526800984938638
71968.56730011514 5.567409679223382
75805.24367559262 5.60448233849005
79846.45497739078 5.638257421958601
84103.10505352604 5.668964510256696
88586.67904100832 5.696822646407135
93309.27435461663 5.722039136437576
98283.63332770011 5.744808734191215
103523.17759307378 5.7653131414881535
109042.04429677526 5.783720761882007
114855.12424239368 5.8001866534965085
120978.10206889013 5.814852633437876
127427.49857031321 5.82784749288312
134220.7152716012 5.8392872879836215
141376.08138073614 5.849275677276236
148912.90324394088 5.857904280954891
156851.5164373548 5.865253041752244
165213.34063573685 5.871390570557588
174020.9374062485 5.876374463032156
183298.07108324338 5.8802515759354135
193069.77288832495 5.883058253903241
203362.40846866704 5.884820499118188
214203.74903583832 5.885554077495307
225623.04629706353 5.885264556125135
237651.11138110727 5.883947267393172
250320.39797173254 5.881587195810093
263665.08987303555 5.878158783931156
277721.1932429355 5.873625654172599
292526.6337436642 5.867940243422034
308121.35887140024 5.861043347690212
324547.44574113254 5.852863574179809
341849.21461759275 5.843316698486422
360073.348498562 5.832304924968898
379269.0190732246 5.8197160489507995
399488.019395417 5.805422520014539
420784.9036297398 5.789280406780333
443217.13424760854 5.771128264702793
466845.2370703785 5.750785910353683
491732.9645779016 5.728053107598502
517947.46792312124 5.702708174036389
545559.4781168514 5.6745065193414295
574643.4968715974 5.643179131355035
605277.9976193343 5.608431030736898
637545.6372456506 5.569939720899936
671533.4791115135 5.527353666883573
707333.2279644439 5.4802908445828615
745041.4773728917 5.428337410937008
784759.9703514606 5.371046555263118
826595.8738801812 5.307937602780858
870662.0680585118 5.238495452491907
917077.4506742931 5.162170442933615
965967.2580093823 5.078378750161456
1017463.4027476063 4.986503432165274
1071704.8298967092 4.88589624146356
1128837.8916846884 4.775880332042238
1189016.74244199 4.655753986742447
1252403.7545350718 4.524795484928799
1319169.9564735717 4.38226921702052
1389495.494373136 4.227433129829945
1463570.1180190798 4.059547554773097
1541593.6928422702 3.8778854282746322
1623776.739188721 3.681743860614151
1710341.0003378377 3.470456947333557
1801520.0408020238 3.2434096475419945
1897559.8765218505 3.0000524801919672
1998719.6386572486 2.739916716406097
2105272.272765707 2.4626296789906483
2217505.2752539297 2.1679297049846555
2335721.4690901213 1.8556802894785185
2460239.8208697727 1.5258829136564658
2591396.3014396573 1.178688070948784
2729544.792402007 0.8144040432821076
2875058.040944877 0.4335030437472791
3028328.6655749455 0.03662442868685421
3189770.215466318 -0.3754252149862145
3359818.286283781 -0.80167519025942
3538931.6954909842 -1.240996989993494
3727593.720314938 -1.6921136451874714
3926313.4017068394 -2.153611902042017
4135626.917817706 -2.6239569391998985
4356099.030694608 -3.101509288514654
4588324.61010084 -3.5845435944069353
4832930.238571752 -4.071268835480481
5090575.902036676 -4.559849632456614
5361956.770568817 -5.048428273196734
5647805.074067546 -5.535147093499633
5948892.077934331 -6.018170857424369
6266030.164072656 -6.4957087808218095
6600075.022827089 -6.966035836787057
6951927.961775606 -7.427512973767875
7322538.337604526 -7.878605870382888
7712906.117627992 -8.317901850640206
8124084.5778629575 -8.744124594738684
8557183.144940002 -9.156146308888673
9013370.38951742 -9.552997065809611
9493877.17927582 -9.933871096678658
10000000.0 -10.298129903632436
10533104.45370936 -10.645302165014318
11094628.943275219 -10.975080516727957
11686088.553466497 -11.287315404306943
12309079.138896018 -11.582006303070143
12965281.629896663 -11.85929069034647
13656466.567946097 -12.11943121798128
14384498.882876629 -12.362801571410005
15151342.924760515 -12.589871512375382
15959067.76404731 -12.801191587058092
16809852.774253618 -12.997377943676074
17705993.51226898 -13.179097648323012
18649907.912142944 -13.347054820802718
19644142.809066266 -13.501977839306207
20691380.811147902 -13.644607789409273
21794447.537529834 -13.775688263265238
22956319.242369097 -13.895956552673045
24180130.84525718 -14.006136226680976
25469184.3897454 -14.106931041856248
26826957.95279722 -14.199020101216524
28257115.02920827 -14.283054155587047
29763514.41631313 -14.359652927673935
31350220.62565112 -14.429403333082359
33021514.849681754 -14.492858472431344
34781906.51314127 -14.5505372731549
36636145.44020716 -14.60292466726223
38589234.67029899 -14.650472201107972
40646443.95709628 -14.693598984185485
42813323.98719387 -14.732692895302417
45095721.35676145 -14.768111975764334
47499794.346614026 -14.800185949890299
50032029.53825999 -14.829217823114053
52699259.31575657 -14.855485516903041
55508680.300597996 -14.87924350770613
58467872.7693759 -14.900724444087398
61584821.10660254 -14.920140722186797
64867935.34788508 -14.937686004692072
68326073.87157391 -14.953536672743441
71968567.30011514 -14.967853203659168
75805243.67559262 -14.98078147019547
79846454.97739078 -14.992453959319597
84103105.05352604 -15.002990910235221
88586679.04100814 -15.012501372788527
93309274.35461664 -15.021084188389205
98283633.32770011 -15.028828896367026
103523177.59307377 -15.035816569155344
109042044.29677527 -15.042120580100546
114855124.24239345 -15.047807307825655
120978102.06889038 -15.052936781211434
127427498.57031322 -15.057563269012144
134220715.2716012 -15.061735818075634
141376081.38073614 -15.065498744000642
148912903.24394056 -15.068892077914434
156851516.43735445 -15.071951972869169
165213340.63573685 -15.07471107316277
174020937.40624848 -15.077198849686205
183298071.08324376 -15.079441904196178
193069772.88832456 -15.081464245204215
203362408.46866703 -15.083287537983201
214203749.0358383 -15.084931330999261
225623046.2970626 -15.08641326088446
237651111.38110778 -15.087749237910602
250320397.97173202 -15.08895361375626
263665089.87303555 -15.090039333189988
277721193.2429355 -15.091018071189378
292526633.74366355 -15.091900356838652
308121358.87140083 -15.092695685264735
324547445.74113256 -15.09341261874021
341849214.6175927 -15.09405887797665
360073348.49856204 -15.094641424554919
379269019.0732238 -15.095166535333028
399488019.39541787 -15.09563986960283
420784903.6297398 -15.09606652969929
443217134.24760854 -15.09645111568653
466845237.07037944 -15.096797774701422
491732964.5779006 -15.097110245463675
517947467.9231202 -15.097391898434541
545559478.1168514 -15.097645772031232
574643496.8715974 -15.097874605297667
605277997.6193355 -15.098080867363173
637545637.2456493 -15.098266784013259
671533479.1115135 -15.098434361646262
707333227.9644439 -15.098585408881036
745041477.3728887 -15.098721556034986
784759970.3514622 -15.098844272690776
826595873.8801795 -15.098954883530759
870662068.0585117 -15.099054582619143
917077450.674293 -15.099144446270738
965967258.0093802 -15.099225444659382
1017463402.7476043 -15.099298452279646
1071704829.8967092 -15.099364257379257
1128837891.6846883 -15.099423570463218
1189016742.44199 -15.099477031957171
1252403754.5350692 -15.099525219118021
1319169956.473569 -15.09956865226431
1389495494.373136 -15.099607800390356
1463570118.0190797 -15.099643086226218
1541593692.8422735 -15.099674890804131
1623776739.1887176 -15.099703557567388
1710341000.337838 -15.09972939607964
1801520040.802024 -15.09975268536561
1897559876.5218503 -15.09977367692641
1998719638.6572526 -15.09979259744899
2105272272.7657027 -15.099809651259255
2217505275.2539296 -15.09982502252437
2335721469.0901213 -15.099838877243187
2460239820.8697777 -15.099851365036312
2591396301.439652 -15.09986262076573
2729544792.402002 -15.099872765985776
2875058040.944877 -15.099881910261356
3028328665.5749454 -15.099890152344704
3189770215.466325 -15.099897581248246
3359818286.2837744 -15.099904277199984
3538931695.4909844 -15.099910312515195
3727593720.314938 -15.099915752372278
3926313401.7068396 -15.09992065552086
4135626917.8176975 -15.099925074912475
4356099030.694599 -15.09992905827721
4588324610.100841 -15.09993264863214
4832930238.571753 -15.099935884753993
5090575902.036687 -15.09993880159189
5361956770.568806 -15.099941430646453
5647805074.067546 -15.099943800312044
5948892077.934331 -15.099945936179127
6266030164.072656 -15.099947861316762
6600075022.827075 -15.099949596515032
6951927961.775591 -15.099951160513509
7322538337.6045265 -15.099952570203461
7712906117.627993 -15.099953840809722
8124084577.862974 -15.099954986054325
8557183144.939984 -15.099956018306127
9013370389.51742 -15.099956948711789
9493877179.27582 -15.099957787322806
10000000000.0 -15.09995854319202
