10.0 -3.0529480688192496
10.53310445370937 -3.3556154822094433
11.094628943275218 -3.6476124854708303
11.686088553466515 -3.928650952447618
12.309079138896024 -4.199132599987905
12.965281629896682 -4.457953470950694
13.65646656794611 -4.705124594199541
14.38449888287663 -4.940609644333943
15.15134292476053 -5.164722045749399
15.95906776404731 -5.376663583410579
16.80985277425364 -5.576949336829202
17.70599351226899 -5.765775891512998
18.64990791214297 -5.943463546521044
19.644142809066278 -6.109890851565291
20.6913808111479 -6.265392784785128
21.794447537529855 -6.410908644883739
22.956319242369098 -6.546095361494308
24.180130845257207 -6.6715588613920405
25.4691843897454 -6.787531358926357
26.826957952797258 -6.8950933626780255
28.257115029208283 -6.9939917884312734
29.76351441631318 -7.085168899180062
31.350220625651154 -7.1687275466966325
33.02151484968176 -7.245392331506099
34.7819065131413 -7.315535512014032
36.63614544020716 -7.379516001353585
38.58923467029903 -7.437710366112617
40.646443957096295 -7.490701235790427
42.81332398719393 -7.538747284231303
45.095721356761466 -7.582285046173288
47.499794346614124 -7.621498044670371
50.03202953826004 -7.656829088510983
52.699259315756564 -7.688482553500235
55.50868030059805 -7.7167372191311685
58.467872769375894 -7.741894988569689
61.58482110660264 -7.7641369820819115
64.86793534788511 -7.783626459361383
68.32607387157402 -7.80056325147998
71.96856730011521 -7.815116723459685
75.8052436755926 -7.827384358640979
79.84645497739086 -7.837505905522612
84.10310505352605 -7.845589204202729
88.58667904100822 -7.851672323911645
93.30927435461668 -7.855847253629882
98.28363332770026 -7.858119415942183
103.52317759307378 -7.858549104414969
109.04204429677526 -7.857099864759728
114.8551242423938 -7.853795226052326
120.97810206889012 -7.8485741063858905
127.42749857031335 -7.841414094226032
134.2207152716012 -7.832216700415944
141.37608138073614 -7.820918655218079
148.91290324394086 -7.807411086811147
156.85151643735477 -7.7915688666111595
165.213340635737 -7.773246889191327
174.0209374062485 -7.752279663852873
183.29807108324357 -7.728479450462888
193.06977288832496 -7.701645330921191
203.36240846866724 -7.671539518321486
214.2037490358383 -7.637909141159657
225.62304629706352 -7.600487358824419
237.65111138110728 -7.558965772181087
250.32039797173255 -7.513030667480933
263.6650898730358 -7.462334148741729
277.7211932429355 -7.406512945409674
292.5266337436645 -7.345175801724251
308.1213588714002 -7.277920672091742
324.54744574113323 -7.204322715052827
341.84921461759274 -7.123943538141209
360.073348498562 -7.0363398250284455
379.26901907322497 -6.9410501211758655
399.48801939541704 -6.837622787367087
420.78490362974026 -6.725599400910053
443.21713424760856 -6.604535476917931
466.84523707037897 -6.473999506997479
491.73296457790156 -6.333581777890245
517.9474679231213 -6.1829000432469705
545.5594781168514 -6.02160814822234
574.6434968715973 -5.849401011739995
605.2779976193349 -5.666020145509211
637.5456372456507 -5.471260105885062
671.5334791115142 -5.264973411670827
707.3332279644438 -5.047072985210827
745.0414773728917 -4.817533769443557
784.7599703514607 -4.576395177719233
826.5958738801812 -4.323759642387722
870.6620680585127 -4.059791323420676
917.0774506742931 -3.784711931031758
965.9672580093833 -3.4987984434398944
1017.4634027476063 -3.2023768464077156
1071.7048298967104 -2.895816461939918
1128.8378916846884 -2.5795243428656827
1189.01674244199 -2.253938067154688
1252.4037545350732 -1.9195201923023237
1319.1699564735716 -1.5767510281970445
1389.4954943731375 -1.2261232663289754
1463.5701180190797 -0.8681363273432736
1541.5936928422718 -0.5032910105174491
1623.776739188721 -0.13208575061816716
1710.3410003378397 0.24498755110399822
1801.520040802024 0.6274463090505122
1897.5598765218504 1.0148201014321219
1998.7196386572507 1.4066519347175663
2105.272272765707 1.8025002747880434
2217.505275253932 2.2019392401671083
2335.7214690901214 2.6045596706839955
2460.239820869775 3.009968918991739
2591.3963014396572 3.417790945039791
2729.5447924020073 3.8276661200152917
2875.0580409448803 4.239250770770411
3028.3286655749457 4.652216992216226
3189.7702154663216 5.066252131403733
3359.818286283781 5.481058789861159
3538.9316954909877 5.896354603282438
3727.593720314938 6.3118723722676275
3926.3134017068355 6.727360521526206
4135.626917817706 7.142583629649515
4356.099030694608 7.557323373959239
4588.324610100844 7.971379721108134
4832.930238571752 8.384572383693161
5090.575902036681 8.796742525319244
5361.956770568817 9.207754662467538
5647.805074067552 9.61749866399731
5948.892077934331 10.025891782850929
6266.030164072656 10.432880583498411
6600.075022827095 10.838442641379007
6951.927961775606 11.242587858237794
7322.538337604534 11.645359251629806
7712.906117627992 12.046833082414894
8124.0845778629655 12.447118190135685
8557.183144940002 12.846354450973443
9013.37038951743 13.244710305841057
9493.87717927582 13.64237937188748
10000.0 14.039576196578716
10533.104453709382 14.436531255883091
11094.628943275218 14.833485400130748
11686.088553466498 15.230683933709555
12309.079138896019 15.628370580431517
12965.281629896688 16.026781590859642
13656.466567946096 16.42614021927157
14384.498882876629 16.826651810109237
15151.342924760515 17.228499633636922
15959.06776404731 17.631841631722285
16809.852774253653 18.036808095751972
17705.99351226898 18.44350033348016
18649.907912142942 18.851990225557884
19644.142809066267 19.262320637193547
20691.3808111479 19.674506528171566
21794.447537529835 20.088536648680705
22956.319242369096 20.504375660286062
24180.13084525718 20.921966550965948
25469.184389745402 21.341233208205207
26826.957952797275 21.762083036987736
28257.115029208268 22.184409529091727
29763.51441631313 22.608094716623995
31350.220625651124 23.033011454753908
33021.51484968176 23.459025507442828
34781.90651314134 23.885997427365556
36636.14544020716 24.313784226529634
38589.23467029899 24.74224086105024
40646.44395709628 25.171221549665212
42813.32398719396 25.600580954046322
45095.721356761445 26.03017526209789
47499.79434661403 26.459863199080228
50032.029538259994 26.88950700386322
52699.259315756564 27.31897339872657
55508.680300598106 27.748134572749635
58467.87276937589 28.1768691957882
61584.82110660255 28.605063465167074
64867.935347885075 29.0326121830065
68326.07387157406 29.459419839439253
71968.56730011514 29.885401674452503
75805.24367559262 30.310484668585985
79846.45497739078 30.73460840576321
84103.10505352604 31.157725739935962
88586.67904100832 31.57980318843891
93309.27435461663 32.00082097645649
98283.63332770011 32.42077265705528
103523.17759307378 32.83966424477949
109042.04429677526 33.25751281620517
114855.12424239368 33.674344555326414
120978.10206889013 34.09019224910685
127427.49857031321 34.50509227049868
134220.7152716012 34.9190811153797
141376.08138073614 35.33219158937932
148912.90324394088 35.74444876004779
156851.5164373548 36.15586580358473
165213.34063573685 36.566439877795446
174020.9374062485 36.976148146176214
183298.07108324338 37.38494406017076
193069.77288832495 37.79275398392405
203362.40846866704 38.199474215534735
214203.74903583832 38.60496843040668
225623.04629706353 39.009065542398474
237651.11138110727 39.41155795407815
250320.39797173254 39.81220014993586
263665.08987303555 40.21070757427868
277721.1932429355 40.60675573148448
292526.6337436642 40.99997945097606
308121.35887140024 41.38997226697121
324547.44574113254 41.776285878675814
341849.21461759275 42.15842967451159
360073.348498562 42.535870323428654
379269.0190732246 42.90803145937691
399488.019395417 43.274293505948265
420784.9036297398 43.63399370897091
443217.13424760854 43.98642646488707
466845.2370703785 44.33084404928208
491732.9645779016 44.666457863641895
517947.46792312124 44.99244032839039
545559.4781168514 45.30792755437025
574643.4968715974 45.61202292332829
605277.9976193343 45.903801698062594
637545.6372456506 46.182316765799754
671533.4791115135 46.446605589628724
707333.2279644439 46.69569840524705
745041.4773728917 46.92862765226227
784759.9703514606 47.144438571430356
826595.8738801812 47.34220083304071
870662.0680585118 47.521020993520054
917077.4506742931 47.68005550441556
965967.2580093823 47.81852393424121
1017463.4027476063 47.935722006833316
1071704.8298967092 48.03103402087913
1128837.8916846884 48.10394419948744
1189016.74244199 48.154046524649836
1252403.7545350718 48.181052651596225
1319169.9564735717 48.184797559455134
1389495.494373136 48.16524268576566
1463570.1180190798 48.1224764009947
1541593.6928422702 48.05671179531332
1623776.739188721 47.96828187642363
1710341.0003378377 47.857632385599906
1801520.0408020238 47.72531254197788
1897559.8765218505 47.5719640977021
1998719.6386572486 47.39830913812043
2105272.272765707 47.20513707966023
2217505.2752539297 46.99329131381787
2335721.4690901213 46.763655914767625
2460239.8208697727 46.517142780267406
2591396.3014396573 46.25467951472473
2729544.792402007 45.977198291724044
2875058.040944877 45.68562587010174
3028328.6655749455 45.380874863532114
3189770.215466318 45.063836309289414
3359818.286283781 44.73537352797094
3538931.6954909842 44.3963172239831
3727593.720314938 44.047461747700524
3926313.4017068394 43.68956241658124
4135626.917817706 43.32333377893591
4356099.030694608 42.94944870118283
4588324.61010084 42.568538155423155
4832930.238571752 42.181191591568265
5090575.902036676 41.78795778345325
5361956.770568817 41.38934605254086
5647805.074067546 40.98582777514483
5948892.077934331 40.57783810050735
6266030.164072656 40.16577781039926
6600075.022827089 39.75001526470238
6951927.961775606 39.330888386384515
7322538.337604526 38.90870664849953
7712906.117627992 38.483753033873136
8124084.5778629575 38.056285942792854
8557183.144940002 37.62654103248108
9013370.38951742 37.194732976477624
9493877.17927582 36.76105713363011
10000000.0 36.32569112222117
10533104.45370936 35.88879630054368
11094628.943275219 35.450519146372656
11686088.553466497 35.010992537230095
12309079.138896018 34.57033695228594
12965281.629896663 34.12866156563573
13656466.567946097 33.68606526362928
14384498.882876629 33.24263758196195
15151342.924760515 32.798459552725
15959067.76404731 32.353604507892086
16809852.774253618 31.90813878934126
17705993.51226898 31.462122402717824
18649907.912142944 31.015609612584335
19644142.809066266 30.56864950737564
20691380.811147902 30.121286479254827
21794447.537529834 29.673560692031483
22956319.242369097 29.225508474196687
24180130.84525718 28.777162703023777
25469184.3897454 28.32855316793621
26826957.95279722 27.879706839731277
28257115.02920827 27.43064818497104
29763514.41631313 26.98139939716706
31350220.62565112 26.531980642456794
33021514.849681754 26.082410313817594
34781906.51314127 25.632705140477164
36636145.44020716 25.182880389656184
38589234.67029899 24.732950126543653
40646443.95709628 24.28292724722461
42813323.98719387 23.832823599181985
45095721.35676145 23.38265024802796
47499794.346614026 22.93241744811716
50032029.53825999 22.48213494539947
52699259.31575657 22.03181169579638
55508680.300597996 21.581456475383636
58467872.7693759 21.131077562337858
61584821.10660254 20.680683111898137
64867935.34788508 20.230280953788334
68326073.87157391 19.779878957642115
71968567.30011514 19.32948492744684
75805243.67559262 18.879106640456943
79846454.97739078 18.42875251399454
84103105.05352604 17.978430572632348
88586679.04100814 17.52814963925477
93309274.35461664 17.077918623905845
98283633.32770011 16.627747372760403
103523177.59307377 16.177646254997942
109042044.29677527 15.727626219255429
114855124.24239345 15.277699070026324
120978102.06889038 14.827877549066146
127427498.57031322 14.378175771144381
134220715.2716012 13.928609655103333
141376081.38073614 13.479194751804952
148912903.24394056 13.02995012712011
156851516.43735445 12.580895666067196
165213340.63573685 12.132054033014281
174020937.40624848 11.683448392690579
183298071.08324376 11.235106401649224
193069772.88832456 10.787057866311029
203362408.46866703 10.33933407060929
214203749.0358383 9.891972940537855
225623046.2970626 9.445011663855311
237651111.38110778 8.998496211317844
250320397.97173202 8.552474263607571
263665089.87303555 8.106998103290126
277721193.2429355 7.6621276395388165
292526633.74366355 7.2179284471868
308121358.87140083 6.774469541771263
324547445.74113256 6.331831233962047
341849214.6175927 5.89010026719433
360073348.49856204 5.449369712816877
379269019.0732238 5.009747385921745
399488019.39541787 4.5713454550565
420784903.6297398 4.134293086123655
443217134.24760854 3.698722401360377
466845237.07037944 3.2647950718810477
491732964.5779006 2.832664487243605
517947467.9231202 2.402516427805823
545559478.1168514 1.9745438334500163
574643496.8715974 1.5489602298490581
605277997.6193355 1.1260071511343486
637545637.2456493 0.7059141837973262
671533479.1115135 0.28895422754460226
707333227.9644439 -0.12456417863413452
745041477.3728887 -0.5343426174700989
784759970.3514622 -0.9400547568161353
826595873.8801795 -1.3413578792457241
870662068.0585117 -1.7378554068217753
917077450.674293 -2.12916255323319
965967258.0093802 -2.5148904635333746
1017463402.7476043 -2.8945782912503586
1071704829.8967092 -3.267807931170521
1128837891.6846883 -3.6341040384016576
1189016742.44199 -3.993009985100949
1252403754.5350692 -4.344092257178808
1319169956.473569 -4.686820500182442
1389495494.373136 -5.020790606684189
1463570118.0190797 -5.3455154769869075
1541593692.8422735 -5.660610101923575
1623776739.1887176 -5.965595161481847
1710341000.337838 -6.26014564852508
1801520040.802024 -6.543949608133138
1897559876.5218503 -6.816649965107048
1998719638.6572526 -7.0780325978881296
2105272272.7657027 -7.327955874895586
2217505275.2539296 -7.566216065151556
2335721469.0901213 -7.79276781868977
2460239820.8697777 -8.007616850583691
2591396301.439652 -8.210895704778396
2729544792.402002 -8.402565889767201
2875058040.944877 -8.582858078051846
3028328665.5749454 -8.752096117244385
3189770215.466325 -8.910458850838609
3359818286.2837744 -9.058379960752106
3538931695.4909844 -9.196129234892062
3727593720.314938 -9.324131863108562
3926313401.7068396 -9.442834882554612
4135626917.8176975 -9.552657702912239
4356099030.694599 -9.654163761410908
4588324610.100841 -9.747677876282072
4832930238.571753 -9.833761532862699
5090575902.036687 -9.912757527777975
5361956770.568806 -9.985323263374099
5647805074.067546 -10.051742552512362
5948892077.934331 -10.112408502238193
6266030164.072656 -10.167973597965677
6600075022.827075 -10.218525029561999
6951927961.775591 -10.264661686102052
7322538337.6045265 -10.306727708135902
7712906117.627993 -10.344928614557018
8124084577.862974 -10.379662800970177
8557183144.939984 -10.411255462504187
9013370389.51742 -10.439878743640751
9493877179.27582 -10.46585326933271
10000000000.0 -10.489308918324255
