10.0 16.214998436343766
10.53310445370937 15.768831967276466
11.094628943275218 15.323165468251446
11.686088553466515 14.878056003501069
12.309079138896024 14.433565880300026
12.965281629896682 13.989763898206078
13.65646656794611 13.546725377959241
14.38449888287663 13.104533048345674
15.15134292476053 12.663277869812415
15.95906776404731 12.223059624648354
16.80985277425364 11.783987669847807
17.70599351226899 11.346181942615006
18.64990791214297 10.909773825935435
19.644142809066278 10.474906948363763
20.6913808111479 10.041738312858916
21.794447537529855 9.610439103378129
22.956319242369098 9.181195846106998
24.180130845257207 8.754211282675005
25.4691843897454 8.329705411878276
26.826957952797258 7.9079163043151315
28.257115029208283 7.489101056251139
29.76351441631318 7.073536408318304
31.350220625651154 6.661519406420347
33.02151484968176 6.253367709570316
34.7819065131413 5.849419768617155
36.63614544020716 5.450034607403044
38.58923467029903 5.055591298660753
40.646443957096295 4.666488022991457
42.81332398719393 4.2831405544845955
45.095721356761466 3.905980330101838
47.499794346614124 3.5354518273469653
50.03202953826004 3.1720093248150363
52.699259315756564 2.8161130646787176
55.50868030059805 2.4682246705456063
58.467872769375894 2.128801993608858
61.58482110660264 1.798293352309583
64.86793534788511 1.4771312780633874
68.32607387157402 1.165725898293823
71.96856730011521 0.8644580955218893
75.8052436755926 0.5736726364880782
79.84645497739086 0.29367146538874755
84.10310505352605 0.024707408589457032
88.58667904100822 -0.23302155773903915
93.30927435461668 -0.47937718464882617
98.28363332770026 -0.7142848729207814
103.52317759307378 -0.9377364884887209
109.04204429677526 -1.1497919743700333
114.8551242423938 -1.3505797623839237
120.97810206889012 -1.5402960454143177
127.42749857031335 -1.719202988434834
134.2207152716012 -1.8876260871351211
141.37608138073614 -2.0459508720199944
148.91290324394086 -2.194619224561751
156.85151643735477 -2.334125588568271
165.213340635737 -2.465013352225162
174.0209374062485 -2.587871704334801
183.29807108324357 -2.7033332204418503
193.06977288832496 -2.8120724236730332
203.36240846866724 -2.9148055153345096
214.2037490358383 -3.012291430249023
225.62304629706352 -3.1053342879680694
237.65111138110728 -3.1947872319813078
250.32039797173255 -3.281557497603702
263.6650898730358 -3.366612369429399
277.7211932429355 -3.450985359518067
292.5266337436645 -3.535781497632487
308.1213588714002 -3.622179838214144
324.54744574113323 -3.7114301521429462
341.84921461759274 -3.804838862887903
360.073348498562 -3.9037363163319676
379.26901907322497 -4.009412718815341
399.48801939541704 -4.123002539413074
420.78490362974026 -4.245285435274122
443.21713424760856 -4.376353918880769
466.84523707037897 -4.515072415335403
491.73296457790156 -4.658220086377629
517.9474679231213 -4.799181337612179
545.5594781168514 -4.926060307343673
574.6434968715973 -5.019243977688613
605.2779976193349 -5.04890611769614
637.5456372456507 -4.973925983777916
671.5334791115142 -4.744947410189324
707.3332279644438 -4.314260563589599
745.0414773728917 -3.6512809245844506
784.7599703514607 -2.755540662968871
826.5958738801812 -1.6575190326378906
870.6620680585127 -0.406652816726513
917.0774506742931 0.9443113589404692
965.9672580093833 2.349918614077037
1017.4634027476063 3.7756403022018854
1071.7048298967104 5.197024158261497
1128.8378916846884 6.597191723246867
1189.01674244199 7.964298923232254
1252.4037545350732 9.289539238076534
1319.1699564735716 10.565754985683874
1389.4954943731375 11.786551796437298
1463.5701180190797 12.945791492629654
1541.5936928422718 14.037364581344118
1623.776739188721 15.05517281440233
1710.3410003378397 15.993271500927282
1801.520040802024 16.846128695135967
1897.5598765218504 17.608956828673755
1998.7196386572507 18.27806649086386
2105.272272765707 18.85118761602727
2217.505275253932 19.32770555169628
2335.7214690901214 19.708771376860057
2460.239820869775 19.99726670678378
2591.3963014396572 20.19762852397186
2729.5447924020073 20.315562732590422
2875.0580409448803 20.35769022781877
3028.3286655749457 20.33117344144258
3189.7702154663216 20.243365486973204
3359.818286283781 20.10151176752896
3538.9316954909877 19.912519663547215
3727.593720314938 19.682799274781704
3926.3134017068355 19.41816910075708
4135.626917817706 19.123815427606857
4356.099030694608 18.804292423140293
4588.324610100844 18.463550480716105
4832.930238571752 18.104982175034618
5090.575902036681 17.731477491499444
5361.956770568817 17.34548225647519
5647.805074067552 16.94905565273548
5948.892077934331 16.543924262414464
6266.030164072656 16.131531230006253
6600.075022827095 15.713079946843605
6951.927961775606 15.289572190090432
7322.538337604534 14.861840975041885
7712.906117627992 14.43057856189587
8124.0845778629655 13.996360137940925
8557.183144940002 13.559663718051482
9013.37038951743 13.120886783860296
9493.87717927582 12.68036014370228
10000.0 12.238359443120611
10533.104453709382 11.795114703292793
11094.628943275218 11.350818212350157
11686.088553466498 10.905631047394799
12309.079138896019 10.459688460657986
12965.281629896688 10.013104327372858
13656.466567946096 9.565974818695782
14384.498882876629 9.118381436486056
15151.342924760515 8.670393523027148
15959.06776404731 8.222070338952193
16809.852774253653 7.773462786668389
17705.99351226898 7.3246148427054685
18649.907912142942 6.875564751360917
19644.142809066267 6.426346022832684
20691.3808111479 5.976988271108982
21794.447537529835 5.527517920998476
22956.319242369096 5.077958808355206
24180.13084525718 4.6283326933428155
25469.184389745402 4.178659703218338
26826.957952797275 3.7289587184908997
28257.115029208268 3.2792477135382354
29763.51441631313 2.829544061532492
31350.220625651124 2.379864811556545
33021.51484968176 1.9302269447661309
34781.90651314134 1.480647615598782
36636.14544020716 1.0311443829269538
38589.23467029899 0.5817354357344487
40646.44395709628 0.13243981738338628
42813.32398719396 -0.3167223481285556
45095.721356761445 -0.7657296243576283
47499.79434661403 -1.2145590220859566
50032.029538259994 -1.6631857474205805
52699.259315756564 -2.111582935502292
55508.680300598106 -2.5597213669676844
58467.87276937589 -3.0075691644219447
61584.82110660255 -3.455091466136127
64867.935347885075 -3.9022500742223496
68326.07387157406 -4.349003074524021
71968.56730011514 -4.795304425472401
75805.24367559262 -5.241103513136994
79846.45497739078 -5.686344669922044
84103.10505352604 -6.13096665419203
88586.67904100832 -6.574902088566565
93309.27435461663 -7.018076854665019
98283.63332770011 -7.460409442524197
103523.17759307378 -7.901810253429487
109042.04429677526 -8.342180855430897
114855.12424239368 -8.781413191790769
120978.10206889013 -9.219388743611463
127427.49857031321 -9.655977649280752
134220.7152716012 -10.091037785039688
141376.08138073614 -10.524413813066502
148912.90324394088 -10.955936205897448
156851.5164373548 -11.38542025897321
165213.34063573685 -11.812665106544632
174020.9374062485 -12.23745276001531
183298.07108324338 -12.659547192350892
193069.77288832495 -13.078693497001852
203362.40846866704 -13.494617155112064
214203.74903583832 -13.907023450336197
225623.04629706353 -14.315597076157358
237651.11138110727 -14.720001985975514
250320.39797173254 -15.119881541004386
263665.08987303555 -15.514859014662033
277721.1932429355 -15.904538514222661
292526.6337436642 -16.28850638024414
308121.35887140024 -16.66633312102899
324547.44574113254 -17.03757593250516
341849.21461759275 -17.401781842614298
360073.348498562 -17.758491503221503
379269.0190732246 -18.107243631393978
399488.019395417 -18.447580075751993
420784.9036297398 -18.779051453164495
443217.13424760854 -19.10122326738286
466845.2370703785 -19.41368238614564
491732.9645779016 -19.716043719105492
517947.46792312124 -20.00795690837205
545559.4781168514 -20.28911281958709
574643.4968715974 -20.5592496069696
605277.9976193343 -20.81815812335504
637545.6372456506 -21.06568645728131
671533.4791115135 -21.30174340436774
707333.2279644439 -21.526300718552804
745041.4773728917 -21.73939403819809
784759.9703514606 -21.941122439053448
826595.8738801812 -22.13164662651448
870662.0680585118 -22.311185838778755
917077.4506742931 -22.480013585947475
965967.2580093823 -22.638452394221463
1017463.4027476063 -22.786867756106215
1071704.8298967092 -22.925661506078278
1128837.8916846884 -23.05526484599852
1189016.74244199 -23.176131237407603
1252403.7545350718 -23.288729360584675
1319169.9564735717 -23.393536315767236
1389495.494373136 -23.491031213270745
1463570.1180190798 -23.581689268938916
1541593.6928422702 -23.66597649206186
1623776.739188721 -23.74434502587665
1710341.0003378377 -23.817229177508352
1801520.0408020238 -23.885042154549105
1897559.8765218505 -23.948173509529322
1998719.6386572486 -24.006987280392917
2105272.272765707 -24.061820803980524
2217505.2752539297 -24.112984169457512
2335721.4690901213 -24.160760268981093
2460239.8208697727 -24.205405393137877
2591396.3014396573 -24.247150308816213
2729544.792402007 -24.2862017476542
2875058.040944877 -24.322744224804225
3028328.6655749455 -24.356942101220817
3189770.215466318 -24.38894179920303
3359818.286283781 -24.418874081262963
3538931.6954909842 -24.44685630672812
3727593.720314938 -24.47299458914965
3926313.4017068394 -24.497385789876887
4135626.917817706 -24.520119297956224
4356099.030694608 -24.541278563179013
4588324.61010084 -24.560942365404358
4832930.238571752 -24.579185819031725
5090575.902036676 -24.596081124621513
5361956.770568817 -24.611698090292997
5647805.074067546 -24.626104452746418
5948892.077934331 -24.639366031849825
6266030.164072656 -24.651546754082784
6600075.022827089 -24.66270857883499
6951927.961775606 -24.67291135862495
7322538.337604526 -24.68221266022446
7712906.117627992 -24.690667568795654
8124084.5778629575 -24.69832849243844
8557183.144940002 -24.705244979606874
9013370.38951742 -24.711463557860473
9493877.17927582 -24.717027598835642
10000000.0 -24.72197721127752
10533104.45370936 -24.726349161952363
11094628.943275219 -24.730176822517063
11686088.553466497 -24.733490139527802
12309079.138896018 -24.73631562411697
12965281.629896663 -24.73867635770968
13656466.567946097 -24.74059201023124
14384498.882876629 -24.742078867746468
15151342.924760515 -24.743149866764966
15959067.76404731 -24.743814633331887
16809852.774253618 -24.744079525468994
17705993.51226898 -24.74394767867745
18649907.912142944 -24.74341905484583
19644142.809066266 -24.742490495925313
20691380.811147902 -24.741155784807866
21794447.537529834 -24.739405716578602
22956319.242369097 -24.73722818486526
24180130.84525718 -24.734608288538034
25469184.3897454 -24.731528465765784
26826957.95279722 -24.727968662775524
28257115.02920827 -24.72390654646873
29763514.41631313 -24.71931777023088
31350220.62565112 -24.714176303145692
33021514.849681754 -24.7084548331746
34781906.51314127 -24.702125253998695
36636145.44020716 -24.695159244713647
38589234.67029899 -24.687528949260535
40646443.95709628 -24.679207758940862
42813323.98719387 -24.670171197642986
45095721.35676145 -24.660397902759517
47499794.346614026 -24.649870687793086
50032029.53825999 -24.638577664221927
52699259.31575657 -24.62651338949825
55508680.300597996 -24.613680000371865
58467872.7693759 -24.600088278858276
61584821.10660254 -24.58575859283836
64867935.34788508 -24.570721646926998
68326073.87157391 -24.555018979144894
71968567.30011514 -24.538703144348986
75805243.67559262 -24.52183753443407
79846454.97739078 -24.50449580293991
84103105.05352604 -24.486760883054018
88586679.04100814 -24.468723613382778
93309274.35461664 -24.450481012773686
98283633.32770011 -24.432134271989288
103523177.59307377 -24.413786549652244
109042044.29677527 -24.395540677747938
114855124.24239345 -24.377496886113846
120978102.06889038 -24.359750655304865
127427498.57031322 -24.342390793171724
134220715.2716012 -24.325497816133606
141376081.38073614 -24.309142688121582
148912903.24394056 -24.293385949258948
156851516.43735445 -24.27827723622937
165213340.63573685 -24.263855176560742
174020937.40624848 -24.250147619892765
183298071.08324376 -24.237172154201907
193069772.88832456 -24.224936849993487
203362408.46866703 -24.213441171119918
214203749.0358383 -24.20267699093592
225623046.2970626 -24.19262966416523
237651111.38110778 -24.183279103791282
250320397.97173202 -24.174600825894398
263665089.87303555 -24.16656693622551
277721193.2429355 -24.159147032603837
292526633.74366355 -24.152309016025598
308121358.87140083 -24.146019799711315
324547445.74113256 -24.14024591744067
341849214.6175927 -24.13495403249005
360073348.49856204 -24.13011135530001
379269019.0732238 -24.125685974996586
399488019.39541787 -24.12164711588819
420784903.6297398 -24.11796532621119
443217134.24760854 -24.114612611321718
466845237.07037944 -24.111562516399406
491732964.5779006 -24.10879017081062
517947467.9231202 -24.106272298121564
545559478.1168514 -24.103987201378843
574643496.8715974 -24.10191472677806
605277997.6193355 -24.100036213361395
637545637.2456493 -24.098334429733328
671533479.1115135 -24.096793505018837
707333227.9644439 -24.09539885309524
745041477.3728887 -24.09413709577197
784759970.3514622 -24.09299598407322
826595873.8801795 -24.091964321119978
870662068.0585117 -24.0910318858168
917077450.674293 -24.090189360229026
965967258.0093802 -24.089428259449342
1017463402.7476043 -24.088740864444844
1071704829.8967092 -24.088120160374245
1128837891.6846883 -24.087559776684337
1189016742.44199 -24.087053933127166
1252403754.5350692 -24.08659738764333
1319169956.473569 -24.086185389876604
1389495494.373136 -24.085813637092706
1463570118.0190797 -24.085478233989637
1541593692.8422735 -24.085175655427452
1623776739.1887176 -24.084902712438023
1710341000.337838 -24.084656522129336
1801520040.802024 -24.084434477773492
1897559876.5218503 -24.084234224060353
1998719638.6572526 -24.08405363280636
2105272272.7657027 -24.083890781973025
2217505275.2539296 -24.08374393546608
2335721469.0901213 -24.0836115263037
2460239820.8697777 -24.083492139570957
2591396301.439652 -24.083384498081536
2729544792.402002 -24.083287449314618
2875058040.944877 -24.083199953448954
3028328665.5749454 -24.08312107203706
3189770215.466325 -24.083049958468838
3359818286.2837744 -24.082985849342805
3538931695.4909844 -24.082928055654293
3727593720.314938 -24.082875956168287
3926313401.7068396 -24.082828990460282
4135626917.8176975 -24.08278665345194
4356099030.694599 -24.082748489183167
4588324610.100841 -24.082714086952585
4832930238.571753 -24.082683076015577
5090575902.036687 -24.0826551225815
5361956770.568806 -24.082629925232602
5647805074.067546 -24.082607212482415
5948892077.934331 -24.082586739267104
6266030164.072656 -24.082568285068206
6600075022.827075 -24.08255165083153
6951927961.775591 -24.082536657144963
7322538337.6045265 -24.08252314214389
7712906117.627993 -24.082510960276522
8124084577.862974 -24.08249997987432
8557183144.939984 -24.0824900826229
9013370389.51742 -24.08248116157192
9493877179.27582 -24.08247312048186
10000000000.0 -24.08246587264895
10.0 16.214998436343766
10.53310445370937 15.768831967276466
11.094628943275218 15.323165468251446
11.686088553466515 14.878056003501069
12.309079138896024 14.433565880300026
12.965281629896682 13.989763898206078
13.65646656794611 13.546725377959241
14.38449888287663 13.104533048345674
15.15134292476053 12.663277869812415
15.95906776404731 12.223059624648354
16.80985277425364 11.783987669847807
17.70599351226899 11.346181942615006
18.64990791214297 10.909773825935435
19.644142809066278 10.474906948363763
20.6913808111479 10.041738312858916
21.794447537529855 9.610439103378129
22.956319242369098 9.181195846106998
24.180130845257207 8.754211282675005
25.4691843897454 8.329705411878276
26.826957952797258 7.9079163043151315
28.257115029208283 7.489101056251139
29.76351441631318 7.073536408318304
31.350220625651154 6.661519406420347
33.02151484968176 6.253367709570316
34.7819065131413 5.849419768617155
36.63614544020716 5.450034607403044
38.58923467029903 5.055591298660753
40.646443957096295 4.666488022991457
42.81332398719393 4.2831405544845955
45.095721356761466 3.905980330101838
47.499794346614124 3.5354518273469653
50.03202953826004 3.1720093248150363
52.699259315756564 2.8161130646787176
55.50868030059805 2.4682246705456063
58.467872769375894 2.128801993608858
61.58482110660264 1.798293352309583
64.86793534788511 1.4771312780633874
68.32607387157402 1.165725898293823
71.96856730011521 0.8644580955218893
75.8052436755926 0.5736726364880782
79.84645497739086 0.29367146538874755
84.10310505352605 0.024707408589457032
88.58667904100822 -0.23302155773903915
93.30927435461668 -0.47937718464882617
98.28363332770026 -0.7142848729207814
103.52317759307378 -0.9377364884887209
109.04204429677526 -1.1497919743700333
114.8551242423938 -1.3505797623839237
120.97810206889012 -1.5402960454143177
127.42749857031335 -1.719202988434834
134.2207152716012 -1.8876260871351211
141.37608138073614 -2.0459508720199944
148.91290324394086 -2.194619224561751
156.85151643735477 -2.334125588568271
165.213340635737 -2.465013352225162
174.0209374062485 -2.587871704334801
183.29807108324357 -2.7033332204418503
193.06977288832496 -2.8120724236730332
203.36240846866724 -2.9148055153345096
214.2037490358383 -3.012291430249023
225.62304629706352 -3.1053342879680694
237.65111138110728 -3.1947872319813078
250.32039797173255 -3.281557497603702
263.6650898730358 -3.366612369429399
277.7211932429355 -3.450985359518067
292.5266337436645 -3.535781497632487
308.1213588714002 -3.622179838214144
324.54744574113323 -3.7114301521429462
341.84921461759274 -3.804838862887903
360.073348498562 -3.9037363163319676
379.26901907322497 -4.009412718815341
399.48801939541704 -4.123002539413074
420.78490362974026 -4.245285435274122
443.21713424760856 -4.376353918880769
466.84523707037897 -4.515072415335403
491.73296457790156 -4.658220086377629
517.9474679231213 -4.799181337612179
545.5594781168514 -4.926060307343673
574.6434968715973 -5.019243977688613
605.2779976193349 -5.04890611769614
637.5456372456507 -4.973925983777916
671.5334791115142 -4.744947410189324
707.3332279644438 -4.314260563589599
745.0414773728917 -3.6512809245844506
784.7599703514607 -2.755540662968871
826.5958738801812 -1.6575190326378906
870.6620680585127 -0.406652816726513
917.0774506742931 0.9443113589404692
965.9672580093833 2.349918614077037
1017.4634027476063 3.7756403022018854
1071.7048298967104 5.197024158261497
1128.8378916846884 6.597191723246867
1189.01674244199 7.964298923232254
1252.4037545350732 9.289539238076534
1319.1699564735716 10.565754985683874
1389.4954943731375 11.786551796437298
1463.5701180190797 12.945791492629654
1541.5936928422718 14.037364581344118
1623.776739188721 15.05517281440233
1710.3410003378397 15.993271500927282
1801.520040802024 16.846128695135967
1897.5598765218504 17.608956828673755
1998.7196386572507 18.27806649086386
2105.272272765707 18.85118761602727
2217.505275253932 19.32770555169628
2335.7214690901214 19.708771376860057
2460.239820869775 19.99726670678378
2591.3963014396572 20.19762852397186
2729.5447924020073 20.315562732590422
2875.0580409448803 20.35769022781877
3028.3286655749457 20.33117344144258
3189.7702154663216 20.243365486973204
3359.818286283781 20.10151176752896
3538.9316954909877 19.912519663547215
3727.593720314938 19.682799274781704
3926.3134017068355 19.41816910075708
4135.626917817706 19.123815427606857
4356.099030694608 18.804292423140293
4588.324610100844 18.463550480716105
4832.930238571752 18.104982175034618
5090.575902036681 17.731477491499444
5361.956770568817 17.34548225647519
5647.805074067552 16.94905565273548
5948.892077934331 16.543924262414464
6266.030164072656 16.131531230006253
6600.075022827095 15.713079946843605
6951.927961775606 15.289572190090432
7322.538337604534 14.861840975041885
7712.906117627992 14.43057856189587
8124.0845778629655 13.996360137940925
8557.183144940002 13.559663718051482
9013.37038951743 13.120886783860296
9493.87717927582 12.68036014370228
10000.0 12.238359443120611
10533.104453709382 11.795114703292793
11094.628943275218 11.350818212350157
11686.088553466498 10.905631047394799
12309.079138896019 10.459688460657986
12965.281629896688 10.013104327372858
13656.466567946096 9.565974818695782
14384.498882876629 9.118381436486056
15151.342924760515 8.670393523027148
15959.06776404731 8.222070338952193
16809.852774253653 7.773462786668389
17705.99351226898 7.3246148427054685
18649.907912142942 6.875564751360917
19644.142809066267 6.426346022832684
20691.3808111479 5.976988271108982
21794.447537529835 5.527517920998476
22956.319242369096 5.077958808355206
24180.13084525718 4.6283326933428155
25469.184389745402 4.178659703218338
26826.957952797275 3.7289587184908997
28257.115029208268 3.2792477135382354
29763.51441631313 2.829544061532492
31350.220625651124 2.379864811556545
33021.51484968176 1.9302269447661309
34781.90651314134 1.480647615598782
36636.14544020716 1.0311443829269538
38589.23467029899 0.5817354357344487
40646.44395709628 0.13243981738338628
42813.32398719396 -0.3167223481285556
45095.721356761445 -0.7657296243576283
47499.79434661403 -1.2145590220859566
50032.029538259994 -1.6631857474205805
52699.259315756564 -2.111582935502292
55508.680300598106 -2.5597213669676844
58467.87276937589 -3.0075691644219447
61584.82110660255 -3.455091466136127
64867.935347885075 -3.9022500742223496
68326.07387157406 -4.349003074524021
71968.56730011514 -4.795304425472401
75805.24367559262 -5.241103513136994
79846.45497739078 -5.686344669922044
84103.10505352604 -6.13096665419203
88586.67904100832 -6.574902088566565
93309.27435461663 -7.018076854665019
98283.63332770011 -7.460409442524197
103523.17759307378 -7.901810253429487
109042.04429677526 -8.342180855430897
114855.12424239368 -8.781413191790769
120978.10206889013 -9.219388743611463
127427.49857031321 -9.655977649280752
134220.7152716012 -10.091037785039688
141376.08138073614 -10.524413813066502
148912.90324394088 -10.955936205897448
156851.5164373548 -11.38542025897321
165213.34063573685 -11.812665106544632
174020.9374062485 -12.23745276001531
183298.07108324338 -12.659547192350892
193069.77288832495 -13.078693497001852
203362.40846866704 -13.494617155112064
214203.74903583832 -13.907023450336197
225623.04629706353 -14.315597076157358
237651.11138110727 -14.720001985975514
250320.39797173254 -15.119881541004386
263665.08987303555 -15.514859014662033
277721.1932429355 -15.904538514222661
292526.6337436642 -16.28850638024414
308121.35887140024 -16.66633312102899
324547.44574113254 -17.03757593250516
341849.21461759275 -17.401781842614298
360073.348498562 -17.758491503221503
379269.0190732246 -18.107243631393978
399488.019395417 -18.447580075751993
420784.9036297398 -18.779051453164495
443217.13424760854 -19.10122326738286
466845.2370703785 -19.41368238614564
491732.9645779016 -19.716043719105492
517947.46792312124 -20.00795690837205
545559.4781168514 -20.28911281958709
574643.4968715974 -20.5592496069696
605277.9976193343 -20.81815812335504
637545.6372456506 -21.06568645728131
671533.4791115135 -21.30174340436774
707333.2279644439 -21.526300718552804
745041.4773728917 -21.73939403819809
784759.9703514606 -21.941122439053448
826595.8738801812 -22.13164662651448
870662.0680585118 -22.311185838778755
917077.4506742931 -22.480013585947475
965967.2580093823 -22.638452394221463
1017463.4027476063 -22.786867756106215
1071704.8298967092 -22.925661506078278
1128837.8916846884 -23.05526484599852
1189016.74244199 -23.176131237407603
1252403.7545350718 -23.288729360584675
1319169.9564735717 -23.393536315767236
1389495.494373136 -23.491031213270745
1463570.1180190798 -23.581689268938916
1541593.6928422702 -23.66597649206186
1623776.739188721 -23.74434502587665
1710341.0003378377 -23.817229177508352
1801520.0408020238 -23.885042154549105
1897559.8765218505 -23.948173509529322
1998719.6386572486 -24.006987280392917
2105272.272765707 -24.061820803980524
2217505.2752539297 -24.112984169457512
2335721.4690901213 -24.160760268981093
2460239.8208697727 -24.205405393137877
2591396.3014396573 -24.247150308816213
2729544.792402007 -24.2862017476542
2875058.040944877 -24.322744224804225
3028328.6655749455 -24.356942101220817
3189770.215466318 -24.38894179920303
3359818.286283781 -24.418874081262963
3538931.6954909842 -24.44685630672812
3727593.720314938 -24.47299458914965
3926313.4017068394 -24.497385789876887
4135626.917817706 -24.520119297956224
4356099.030694608 -24.541278563179013
4588324.61010084 -24.560942365404358
4832930.238571752 -24.579185819031725
5090575.902036676 -24.596081124621513
5361956.770568817 -24.611698090292997
5647805.074067546 -24.626104452746418
5948892.077934331 -24.639366031849825
6266030.164072656 -24.651546754082784
6600075.022827089 -24.66270857883499
6951927.961775606 -24.67291135862495
7322538.337604526 -24.68221266022446
7712906.117627992 -24.690667568795654
8124084.5778629575 -24.69832849243844
8557183.144940002 -24.705244979606874
9013370.38951742 -24.711463557860473
9493877.17927582 -24.717027598835642
10000000.0 -24.72197721127752
10533104.45370936 -24.726349161952363
11094628.943275219 -24.730176822517063
11686088.553466497 -24.733490139527802
12309079.138896018 -24.73631562411697
12965281.629896663 -24.73867635770968
13656466.567946097 -24.74059201023124
14384498.882876629 -24.742078867746468
15151342.924760515 -24.743149866764966
15959067.76404731 -24.743814633331887
16809852.774253618 -24.744079525468994
17705993.51226898 -24.74394767867745
18649907.912142944 -24.74341905484583
19644142.809066266 -24.742490495925313
20691380.811147902 -24.741155784807866
21794447.537529834 -24.739405716578602
22956319.242369097 -24.73722818486526
24180130.84525718 -24.734608288538034
25469184.3897454 -24.731528465765784
26826957.95279722 -24.727968662775524
28257115.02920827 -24.72390654646873
29763514.41631313 -24.71931777023088
31350220.62565112 -24.714176303145692
33021514.849681754 -24.7084548331746
34781906.51314127 -24.702125253998695
36636145.44020716 -24.695159244713647
38589234.67029899 -24.687528949260535
40646443.95709628 -24.679207758940862
42813323.98719387 -24.670171197642986
45095721.35676145 -24.660397902759517
47499794.346614026 -24.649870687793086
50032029.53825999 -24.638577664221927
52699259.31575657 -24.62651338949825
55508680.300597996 -24.613680000371865
58467872.7693759 -24.600088278858276
61584821.10660254 -24.58575859283836
64867935.34788508 -24.570721646926998
68326073.87157391 -24.555018979144894
71968567.30011514 -24.538703144348986
75805243.67559262 -24.52183753443407
79846454.97739078 -24.50449580293991
84103105.05352604 -24.486760883054018
88586679.04100814 -24.468723613382778
93309274.35461664 -24.450481012773686
98283633.32770011 -24.432134271989288
103523177.59307377 -24.413786549652244
109042044.29677527 -24.395540677747938
114855124.24239345 -24.377496886113846
120978102.06889038 -24.359750655304865
127427498.57031322 -24.342390793171724
134220715.2716012 -24.325497816133606
141376081.38073614 -24.309142688121582
148912903.24394056 -24.293385949258948
156851516.43735445 -24.27827723622937
165213340.63573685 -24.263855176560742
174020937.40624848 -24.250147619892765
183298071.08324376 -24.237172154201907
193069772.88832456 -24.224936849993487
203362408.46866703 -24.213441171119918
214203749.0358383 -24.20267699093592
225623046.2970626 -24.19262966416523
237651111.38110778 -24.183279103791282
250320397.97173202 -24.174600825894398
263665089.87303555 -24.16656693622551
277721193.2429355 -24.159147032603837
292526633.74366355 -24.152309016025598
308121358.87140083 -24.146019799711315
324547445.74113256 -24.14024591744067
341849214.6175927 -24.13495403249005
360073348.49856204 -24.13011135530001
379269019.0732238 -24.125685974996586
399488019.39541787 -24.12164711588819
420784903.6297398 -24.11796532621119
443217134.24760854 -24.114612611321718
466845237.07037944 -24.111562516399406
491732964.5779006 -24.10879017081062
517947467.9231202 -24.106272298121564
545559478.1168514 -24.103987201378843
574643496.8715974 -24.10191472677806
605277997.6193355 -24.100036213361395
637545637.2456493 -24.098334429733328
671533479.1115135 -24.096793505018837
707333227.9644439 -24.09539885309524
745041477.3728887 -24.09413709577197
784759970.3514622 -24.09299598407322
826595873.8801795 -24.091964321119978
870662068.0585117 -24.0910318858168
917077450.674293 -24.090189360229026
965967258.0093802 -24.089428259449342
1017463402.7476043 -24.088740864444844
1071704829.8967092 -24.088120160374245
1128837891.6846883 -24.087559776684337
1189016742.44199 -24.087053933127166
1252403754.5350692 -24.08659738764333
1319169956.473569 -24.086185389876604
1389495494.373136 -24.085813637092706
1463570118.0190797 -24.085478233989637
1541593692.8422735 -24.085175655427452
1623776739.1887176 -24.084902712438023
1710341000.337838 -24.084656522129336
1801520040.802024 -24.084434477773492
1897559876.5218503 -24.084234224060353
1998719638.6572526 -24.08405363280636
2105272272.7657027 -24.083890781973025
2217505275.2539296 -24.08374393546608
2335721469.0901213 -24.0836115263037
2460239820.8697777 -24.083492139570957
2591396301.439652 -24.083384498081536
2729544792.402002 -24.083287449314618
2875058040.944877 -24.083199953448954
3028328665.5749454 -24.08312107203706
3189770215.466325 -24.083049958468838
3359818286.2837744 -24.082985849342805
3538931695.4909844 -24.082928055654293
3727593720.314938 -24.082875956168287
3926313401.7068396 -24.082828990460282
4135626917.8176975 -24.08278665345194
4356099030.694599 -24.082748489183167
4588324610.100841 -24.082714086952585
4832930238.571753 -24.082683076015577
5090575902.036687 -24.0826551225815
5361956770.568806 -24.082629925232602
5647805074.067546 -24.082607212482415
5948892077.934331 -24.082586739267104
6266030164.072656 -24.082568285068206
6600075022.827075 -24.08255165083153
6951927961.775591 -24.082536657144963
7322538337.6045265 -24.08252314214389
7712906117.627993 -24.082510960276522
8124084577.862974 -24.08249997987432
8557183144.939984 -24.0824900826229
9013370389.51742 -24.08248116157192
9493877179.27582 -24.08247312048186
10000000000.0 -24.08246587264895
