10.0 -5.987277331393193
10.53310445370937 -5.991245719786461
11.094628943275218 -5.995643714522263
11.686088553466515 -6.000517249547856
12.309079138896024 -6.005917039155531
12.965281629896682 -6.011899045967564
13.65646656794611 -6.0185249877795055
14.38449888287663 -6.025862884289977
15.15134292476053 -6.033987647856485
15.95906776404731 -6.042981713607579
16.80985277425364 -6.052935715795736
17.70599351226899 -6.063949204776119
18.64990791214297 -6.076131404305586
19.644142809066278 -6.089602005719144
20.6913808111479 -6.104491996976119
21.794447537529855 -6.120944513765405
22.956319242369098 -6.139115708677624
24.180130845257207 -6.159175624500294
25.4691843897454 -6.181309054114782
26.826957952797258 -6.205716369691211
28.257115029208283 -6.23261429621163
29.76351441631318 -6.262236598895884
31.350220625651154 -6.294834652853885
33.02151484968176 -6.330677852497988
34.7819065131413 -6.370053816186098
36.63614544020716 -6.413268334748471
38.58923467029903 -6.460645006853705
40.646443957096295 -6.512524502665054
42.81332398719393 -6.569263389644253
45.095721356761466 -6.631232463241007
47.499794346614124 -6.698814515379951
50.03202953826004 -6.772401490860207
52.699259315756564 -6.852390987519326
55.50868030059805 -6.939182069731897
58.467872769375894 -7.033170389598414
61.58482110660264 -7.134742632032454
64.86793534788511 -7.244270331447079
68.32607387157402 -7.3621031420750676
71.96856730011521 -7.488561677727238
75.8052436755926 -7.623930074831159
79.84645497739086 -7.768448462394318
84.10310505352605 -7.922305546968399
88.58667904100822 -8.085631550120969
93.30927435461668 -8.258491722483049
98.28363332770026 -8.440880673425122
103.52317759307378 -8.632717719435089
109.04204429677526 -8.833843428631363
114.8551242423938 -9.044017497191998
120.97810206889012 -9.262918031467734
127.42749857031335 -9.49014226637866
134.2207152716012 -9.725208690069184
141.37608138073614 -9.967560488923711
148.91290324394086 -10.216570207659892
156.85151643735477 -10.471545460894573
165.213340635737 -10.731735543111613
174.0209374062485 -10.996338767287169
183.29807108324357 -11.264510368226633
193.06977288832496 -11.535370836855751
203.36240846866724 -11.808014549711567
214.2037490358383 -12.081518601181614
225.62304629706352 -12.354951762427554
237.65111138110728 -12.627383483041669
250.32039797173255 -12.897892898923736
263.6650898730358 -13.165577770959178
277.7211932429355 -13.429563292760037
292.5266337436645 -13.68901068436527
308.1213588714002 -13.943125469005523
324.54744574113323 -14.1911652978082
341.84921461759274 -14.432447188846016
360.073348498562 -14.666354015210256
379.26901907322497 -14.89234006252325
399.48801939541704 -15.109935514467542
420.78490362974026 -15.31874970230428
443.21713424760856 -15.518473025456155
466.84523707037897 -15.708877443155727
491.73296457790156 -15.889815549198739
517.9474679231213 -16.061218229196005
545.5594781168514 -16.223091020212063
574.6434968715973 -16.37550928877519
605.2779976193349 -16.518612420655607
637.5456372456507 -16.652597231981638
671.5334791115142 -16.777710835732154
707.3332279644438 -16.894243198838964
745.0414773728917 -17.002519596640866
784.7599703514607 -17.10289322069698
826.5958738801812 -17.195738064845983
870.6620680585127 -17.281442270561346
917.0774506742931 -17.360402028455173
965.9672580093833 -17.43301612505744
1017.4634027476063 -17.499681165261176
1071.7048298967104 -17.560787479758257
1128.8378916846884 -17.61671573251451
1189.01674244199 -17.667834162187567
1252.4037545350732 -17.714496438037965
1319.1699564735716 -17.757040055406446
1389.4954943731375 -17.79578524347459
1463.5701180190797 -17.83103426271243
1541.5936928422718 -17.863071098113878
1623.776739188721 -17.892161438542477
1710.3410003378397 -17.918552902303638
1801.520040802024 -17.94247547704525
1897.5598765218504 -17.96414208466751
1998.7196386572507 -17.983749286895282
2105.272272765707 -18.001478049124596
2217.505275253932 -18.01749457452376
2335.7214690901214 -18.031951144526893
2460.239820869775 -18.044986990534856
2591.3963014396572 -18.05672914118663
2729.5447924020073 -18.067293267224795
2875.0580409448803 -18.076784485605486
3028.3286655749457 -18.085298144620744
3189.7702154663216 -18.09292056312316
3359.818286283781 -18.09972973112344
3538.9316954909877 -18.10579597601237
3727.593720314938 -18.111182587867894
3926.3134017068355 -18.11594639613984
4135.626917817706 -18.120138323019532
4356.099030694608 -18.123803892697655
4588.324610100844 -18.126983709133132
4832.930238571752 -18.129713921617057
5090.575902036681 -18.132026635395192
5361.956770568817 -18.133950322077315
5647.805074067552 -18.13551022255172
5948.892077934331 -18.13672869440726
6266.030164072656 -18.137625590843925
6600.075022827095 -18.138218610458168
6951.927961775606 -18.13852363132139
7322.538337604534 -18.138555054378887
7712.906117627992 -18.138326131905718
8124.0845778629655 -18.13784929302157
8557.183144940002 -18.13713644116463
9013.37038951743 -18.136199264399625
9493.87717927582 -18.135049503111805
10000.0 -18.133699203713075
10533.104453709382 -18.13216092299401
11094.628943275218 -18.13044791873211
11686.088553466498 -18.128574270514953
12309.079138896019 -18.126554943752637
12965.281629896688 -18.12440581689415
13656.466567946096 -18.122143625974203
14384.498882876629 -18.11978585162345
15151.342924760515 -18.117350565686937
15959.06776404731 -18.114856205251204
16809.852774253653 -18.112321326764377
17705.99351226898 -18.109764311702865
18649.907912142942 -18.107203093273817
19644.142809066267 -18.10465485536045
20691.3808111479 -18.102135758217514
21794.447537529835 -18.099660712386882
22956.319242369096 -18.097243167707546
24180.13084525718 -18.09489496331026
25469.184389745402 -18.09262623056847
26826.957952797275 -18.090445363172105
28257.115029208268 -18.088358996266244
29763.51441631313 -18.08637207473984
31350.220625651124 -18.08448794550164
33021.51484968176 -18.082708459476862
34781.90651314134 -18.081034137902112
36636.14544020716 -18.079464310853353
38589.23467029899 -18.077997291813503
40646.44395709628 -18.076630529689904
42813.32398719396 -18.07536078988899
45095.721356761445 -18.07418427589566
47499.79434661403 -18.07309678872377
50032.029538259994 -18.07209383213234
52699.259315756564 -18.071170742762387
55508.680300598106 -18.070322760134847
58467.87276937589 -18.069545128338916
61584.82110660255 -18.068833137884887
64867.935347885075 -18.068182193150285
68326.07387157406 -18.06758784604061
71968.56730011514 -18.06704583538287
75805.24367559262 -18.06655209550968
79846.45497739078 -18.06610277357954
84103.10505352604 -18.065694251049234
88586.67904100832 -18.065323124760603
93309.27435461663 -18.06498622739322
98283.63332770011 -18.06468061484202
103523.17759307378 -18.064403549168475
109042.04429677526 -18.064152501493204
114855.12424239368 -18.063925147905245
120978.10206889013 -18.06371934589346
127427.49857031321 -18.063533129144396
134220.7152716012 -18.063364699060386
141376.08138073614 -18.063212406302537
148912.90324394088 -18.06307474873724
156851.5164373548 -18.062950354372656
165213.34063573685 -18.062837971941487
174020.9374062485 -18.06273646726978
183298.07108324338 -18.06264480104613
193069.77288832495 -18.062562041080206
203362.40846866704 -18.06248733005811
214203.74903583832 -18.062419894855374
225623.04629706353 -18.062359042129344
237651.11138110727 -18.06230412747682
250320.39797173254 -18.06225458158391
263665.08987303555 -18.06220988391169
277721.1932429355 -18.062169560854816
292526.6337436642 -18.062133194419474
308121.35887140024 -18.0621003885403
324547.44574113254 -18.062070802525287
341849.21461759275 -18.062044124099952
360073.348498562 -18.062020063971616
379269.0190732246 -18.061998366704525
399488.019395417 -18.06197880556699
420784.9036297398 -18.06196116176672
443217.13424760854 -18.061945260496593
466845.2370703785 -18.06193092038394
491732.9645779016 -18.061917993335705
517947.46792312124 -18.061906337303927
545559.4781168514 -18.061895829505993
574643.4968715974 -18.061886359558287
605277.9976193343 -18.06187781666439
637545.6372456506 -18.061870120487498
671533.4791115135 -18.061863181571955
707333.2279644439 -18.0618569242532
745041.4773728917 -18.061851287451873
784759.9703514606 -18.061846201997497
826595.8738801812 -18.061841620262243
870662.0680585118 -18.061837491232794
917077.4506742931 -18.061833767292686
965967.2580093823 -18.061830409430105
1017463.4027476063 -18.061827383491057
1071704.8298967092 -18.061824658033043
1128837.8916846884 -18.061822200799153
1189016.74244199 -18.061819983379973
1252403.7545350718 -18.061817987060422
1319169.9564735717 -18.06181618815127
1389495.494373136 -18.061814562594165
1463570.1180190798 -18.06181310324491
1541593.6928422702 -18.06181178601191
1623776.739188721 -18.061810594881887
1710341.0003378377 -18.06180952484253
1801520.0408020238 -18.06180855769973
1897559.8765218505 -18.061807689505482
1998719.6386572486 -18.061806906202737
2105272.272765707 -18.06180619742864
2217505.2752539297 -18.06180555881341
2335721.4690901213 -18.061804987450973
2460239.8208697727 -18.061804471542946
2591396.3014396573 -18.061804000749028
2729544.792402007 -18.061803582624552
2875058.040944877 -18.06180320285684
3028328.6655749455 -18.06180286340969
3189770.215466318 -18.061802553800874
3359818.286283781 -18.061802274273223
3538931.6954909842 -18.0618020265917
3727593.720314938 -18.061801800530972
3926313.4017068394 -18.06180159853276
4135626.917817706 -18.06180141630045
4356099.030694608 -18.061801247057293
4588324.61010084 -18.061801097170594
4832930.238571752 -18.0618009679675
5090575.902036676 -18.061800845891124
5361956.770568817 -18.061800736387813
5647805.074067546 -18.06180063641643
5948892.077934331 -18.061800549009376
6266030.164072656 -18.061800467176326
6600075.022827089 -18.061800397386925
6951927.961775606 -18.06180032989129
7322538.337604526 -18.061800273496498
7712906.117627992 -18.06180022133365
8124084.5778629575 -18.06180017088319
8557183.144940002 -18.061800132360155
9013370.38951742 -18.061800092684827
9493877.17927582 -18.06180005528493
10000000.0 -18.061800026921368
10533104.45370936 -18.06179999827869
11094628.943275219 -18.061799970637654
11686088.553466497 -18.06179994967122
12309079.138896018 -18.06179992966268
12965281.629896663 -18.061799909103293
13656466.567946097 -18.06179989391435
14384498.882876629 -18.061799877947383
15151342.924760515 -18.061799864960385
15959067.76404731 -18.06179985426737
16809852.774253618 -18.061799843174654
17705993.51226898 -18.061799826025617
18649907.912142944 -18.061799815497213
19644142.809066266 -18.061799811820784
20691380.811147902 -18.06179980535047
21794447.537529834 -18.061799796673885
22956319.242369097 -18.061799792611936
24180130.84525718 -18.06179978766408
25469184.3897454 -18.061799789372373
26826957.95279722 -18.06179977500973
28257115.02920827 -18.061799765252424
29763514.41631313 -18.061799776821445
31350220.62565112 -18.061799757355686
33021514.849681754 -18.06179975416938
34781906.51314127 -18.061799775876473
36636145.44020716 -18.06179975186712
38589234.67029899 -18.061799780752608
40646443.95709628 -18.061799759698584
42813323.98719387 -18.06179975045707
45095721.35676145 -18.06179974492861
47499794.346614026 -18.06179975533261
50032029.53825999 -18.06179976328162
52699259.31575657 -18.061799787461233
55508680.300597996 -18.06179970530218
58467872.7693759 -18.061799699333893
61584821.10660254 -18.061799782698312
64867935.34788508 -18.061799720396174
68326073.87157391 -18.061799704882944
71968567.30011514 -18.061799708650412
75805243.67559262 -18.061799713840383
79846454.97739078 -18.06179975275693
84103105.05352604 -18.061799814882146
88586679.04100814 -18.061799627309153
93309274.35461664 -18.061799719515093
98283633.32770011 -18.061799938153392
103523177.59307377 -18.061799540560276
109042044.29677527 -18.061799735343897
114855124.24239345 -18.06179960997708
120978102.06889038 -18.061799814745093
127427498.57031322 -18.06179953123554
134220715.2716012 -18.061799809679798
141376081.38073614 -18.061800097436294
148912903.24394056 -18.061799934194543
156851516.43735445 -18.06179948149601
165213340.63573685 -18.061800475876687
174020937.40624848 -18.061799328445098
183298071.08324376 -18.061799695367547
193069772.88832456 -18.061798477084878
203362408.46866703 -18.061798721202564
214203749.0358383 -18.061800448458435
225623046.2970626 -18.06180165519527
237651111.38110778 -18.06179750587679
250320397.97173202 -18.06180128707309
263665089.87303555 -18.06179767855651
277721193.2429355 -18.06180160937189
292526633.74366355 -18.061801100428937
308121358.87140083 -18.06180695973527
324547445.74113256 -18.061802469386596
341849214.6175927 -18.061805539746167
360073348.49856204 -18.061773320031833
379269019.0732238 -18.06180519032974
399488019.39541787 -18.061833337679293
420784903.6297398 -18.061791131107952
443217134.24760854 -18.06179345982828
466845237.07037944 -18.0617561235647
491732964.5779006 -18.06180143158633
517947467.9231202 -18.061772277488828
545559478.1168514 -18.06173295033529
574643496.8715974 -18.06177435202885
605277997.6193355 -18.061821652437995
637545637.2456493 -18.061886672379785
671533479.1115135 -18.06176848443782
707333227.9644439 -18.0618481482534
745041477.3728887 -18.06189439601566
784759970.3514622 -18.061878524286158
826595873.8801795 -18.061925537951165
870662068.0585117 -18.06173613370738
917077450.674293 -18.062211806323024
965967258.0093802 -18.06175677785124
1017463402.7476043 -18.061367840134913
1071704829.8967092 -18.062224955693168
1128837891.6846883 -18.061291346984454
1189016742.44199 -18.06186492468869
1252403754.5350692 -18.061882870672704
1319169956.473569 -18.060705526963257
1389495494.373136 -18.06204700125604
1463570118.0190797 -18.060706009404964
1541593692.8422735 -18.063617629539664
1623776739.1887176 -18.062043325669954
1710341000.337838 -18.061616123994675
1801520040.802024 -18.061507927432107
1897559876.5218503 -18.061830950992942
1998719638.6572526 -18.062976279345143
2105272272.7657027 -18.061651848389662
2217505275.2539296 -18.06269130943145
2335721469.0901213 -18.069865156903738
2460239820.8697777 -18.06065530914336
2591396301.439652 -18.05758401626222
2729544792.402002 -18.060242502400754
2875058040.944877 -18.078816594885843
3028328665.5749454 -18.058582202440114
3189770215.466325 -18.078452276401134
3359818286.2837744 -18.042317323183422
3538931695.4909844 -18.075651378543473
3727593720.314938 -18.072661553363954
3926313401.7068396 -18.06713332831999
4135626917.8176975 -18.057585498177566
4356099030.694599 -18.01469379835187
4588324610.100841 -18.032099440453017
4832930238.571753 -18.04531003439508
5090575902.036687 -17.972266749001562
5361956770.568806 -18.081211140851885
5647805074.067546 -17.99578849769129
5948892077.934331 -18.0123336871894
6266030164.072656 -18.076989156624357
6600075022.827075 -18.153477619158124
6951927961.775591 -18.00035124135213
7322538337.6045265 -18.1747526278701
7712906117.627993 -17.977210151693967
8124084577.862974 -18.066980067256022
8557183144.939984 -18.13312835937611
9013370389.51742 -18.324409856693606
9493877179.27582 -18.411654584267406
10000000000.0 -18.191029128597126
10.0 22.444317565175837
10.53310445370937 22.444317565281736
11.094628943275218 22.44431756513814
11.686088553466515 22.44431756513613
12.309079138896024 22.444317565056416
12.965281629896682 22.444317565173343
13.65646656794611 22.444317565002628
14.38449888287663 22.44431756495817
15.15134292476053 22.444317565007644
15.95906776404731 22.444317564851303
16.80985277425364 22.444317564709756
17.70599351226899 22.44431756473172
18.64990791214297 22.444317564839867
19.644142809066278 22.44431756466616
20.6913808111479 22.444317564446173
21.794447537529855 22.444317564469213
22.956319242369098 22.444317564183756
24.180130845257207 22.44431756414913
25.4691843897454 22.444317563942672
26.826957952797258 22.444317563845946
28.257115029208283 22.44431756363019
29.76351441631318 22.444317563496313
31.350220625651154 22.444317563179492
33.02151484968176 22.444317563004223
34.7819065131413 22.44431756283893
36.63614544020716 22.44431756241983
38.58923467029903 22.44431756212428
40.646443957096295 22.444317561592598
42.81332398719393 22.444317561302178
45.095721356761466 22.444317560825603
47.499794346614124 22.44431756028429
50.03202953826004 22.44431755980221
52.699259315756564 22.44431755913887
55.50868030059805 22.444317558353394
58.467872769375894 22.444317557656632
61.58482110660264 22.444317556697236
64.86793534788511 22.444317555999362
68.32607387157402 22.44431755485671
71.96856730011521 22.444317553849928
75.8052436755926 22.44431755239614
79.84645497739086 22.444317551086037
84.10310505352605 22.444317549304785
88.58667904100822 22.444317547724914
93.30927435461668 22.444317545694364
98.28363332770026 22.44431754346923
103.52317759307378 22.444317541225697
109.04204429677526 22.444317538480195
114.8551242423938 22.444317535517882
120.97810206889012 22.444317532064005
127.42749857031335 22.444317528458775
134.2207152716012 22.444317524712464
141.37608138073614 22.44431752011877
148.91290324394086 22.4443175150941
156.85151643735477 22.44431750962506
165.213340635737 22.444317503564754
174.0209374062485 22.44431749657388
183.29807108324357 22.44431748920458
193.06977288832496 22.444317480904417
203.36240846866724 22.444317471522822
214.2037490358383 22.444317461323443
225.62304629706352 22.44431744998534
237.65111138110728 22.44431743729941
250.32039797173255 22.444317423229172
263.6650898730358 22.444317407608168
277.7211932429355 22.444317390471447
292.5266337436645 22.444317371285784
308.1213588714002 22.44431735008035
324.54744574113323 22.444317326496215
341.84921461759274 22.444317300283906
360.073348498562 22.44431727128586
379.26901907322497 22.444317239130072
399.48801939541704 22.444317203302546
420.78490362974026 22.44431716370434
443.21713424760856 22.44431711978769
466.84523707037897 22.444317070963606
491.73296457790156 22.44431701685585
517.9474679231213 22.444316956727004
545.5594781168514 22.444316890080536
574.6434968715973 22.444316816229787
605.2779976193349 22.444316734204975
637.5456372456507 22.44431664314504
671.5334791115142 22.444316542212693
707.3332279644438 22.44431643016593
745.0414773728917 22.444316305915915
784.7599703514607 22.444316168017572
826.5958738801812 22.444316015086017
870.6620680585127 22.444315845324322
917.0774506742931 22.44431565708119
965.9672580093833 22.44431544814807
1017.4634027476063 22.444315216391107
1071.7048298967104 22.444314959273246
1128.8378916846884 22.444314673953038
1189.01674244199 22.444314357440398
1252.4037545350732 22.444314006273352
1319.1699564735716 22.444313616640542
1389.4954943731375 22.444313184372753
1463.5701180190797 22.444312704761945
1541.5936928422718 22.444312172682377
1623.776739188721 22.444311582324083
1710.3410003378397 22.44431092732497
1801.520040802024 22.44431020062498
1897.5598765218504 22.444309394363046
1998.7196386572507 22.444308499834005
2105.272272765707 22.444307507348164
2217.505275253932 22.44430640618969
2335.7214690901214 22.444305184471265
2460.239820869775 22.444303828957686
2591.3963014396572 22.44430232501763
2729.5447924020073 22.444300656387185
2875.0580409448803 22.444298805004344
3028.3286655749457 22.44429675085845
3189.7702154663216 22.444294471748076
3359.818286283781 22.444291942986574
3538.9316954909877 22.444289137223805
3727.593720314938 22.44428602409092
3926.3134017068355 22.444282569887143
4135.626917817706 22.444278737218344
4356.099030694608 22.444274484566122
4588.324610100844 22.444269765857243
4832.930238571752 22.44426452995257
5090.575902036681 22.444258720077443
5361.956770568817 22.44425227322828
5647.805074067552 22.444245119446965
5948.892077934331 22.444237181068306
6266.030164072656 22.444228371868515
6600.075022827095 22.444218596109344
6951.927961775606 22.44420774747851
7322.538337604534 22.444195707911376
7712.906117627992 22.44418234629768
8124.0845778629655 22.444167517000544
8557.183144940002 22.444151058246987
9013.37038951743 22.444132790324147
9493.87717927582 22.444112513559936
10000.0 22.444090006085116
10533.104453709382 22.444065021339433
11094.628943275218 22.444037285288914
11686.088553466498 22.444006493329365
12309.079138896019 22.443972306833267
12965.281629896688 22.443934349327783
13656.466567946096 22.443892202181797
14384.498882876629 22.443845399872767
15151.342924760515 22.443793424677366
15959.06776404731 22.44373570076908
16809.852774253653 22.44367158767187
17705.99351226898 22.44360037300483
18649.907912142942 22.44352126435569
19644.142809066267 22.443433380382686
20691.3808111479 22.443335740865002
21794.447537529835 22.443227255741192
22956.319242369096 22.443106712996435
24180.13084525718 22.442972765275453
25469.184389745402 22.44282391514655
26826.957952797275 22.442658498827242
28257.115029208268 22.442474668328757
29763.51441631313 22.442270371744243
31350.220625651124 22.442043331609657
33021.51484968176 22.441791021068276
34781.90651314134 22.441510637588156
36636.14544020716 22.441199074043897
38589.23467029899 22.44085288673432
40646.44395709628 22.44046826003981
42813.32398719396 22.440040967277554
45095.721356761445 22.43956632728147
47499.79434661403 22.439039156172193
50032.029538259994 22.43845371373499
52699.259315756564 22.43780364379841
55508.680300598106 22.4370819078951
58467.87276937589 22.43628071148562
61584.82110660255 22.43539142200749
64867.935347885075 22.43440447788636
68326.07387157406 22.43330928765215
71968.56730011514 22.432094118237185
75805.24367559262 22.430745971434256
79846.45497739078 22.429250447461477
84103.10505352604 22.427591594411815
88586.67904100832 22.4257517423514
93309.27435461663 22.4237113206459
98283.63332770011 22.42144865700375
103523.17759307378 22.418939756618087
109042.04429677526 22.416158059637215
114855.12424239368 22.413074175110268
120978.10206889013 22.409655589432536
127427.49857031321 22.405866347257565
134220.7152716012 22.401666702755108
141376.08138073614 22.397012739093785
148912.90324394088 22.39185595404251
156851.5164373548 22.386142809664126
165213.34063573685 22.379814244220796
174020.9374062485 22.37280514466882
183298.07108324338 22.365043778484008
193069.77288832495 22.356451184084406
203362.40846866704 22.346940519801212
214203.74903583832 22.336416372301578
225623.04629706353 22.324774026584254
237651.11138110727 22.311898701198096
250320.39797173254 22.297664754340566
263665.08987303555 22.281934868909367
277721.1932429355 22.264559227645382
292526.6337436642 22.24537469322298
308121.35887140024 22.224204012611928
324547.44574113254 22.20085507048924
341849.21461759275 22.175120222864315
360073.348498562 22.146775749641492
379269.0190732246 22.1155814736031
399488.019395417 22.081280603387697
420784.9036297398 22.04359986938686
443217.13424760854 22.002250034206146
466845.2370703785 21.956926873115655
491732.9645779016 21.90731273469657
517947.46792312124 21.853078807061365
545559.4781168514 21.793888230135458
574643.4968715974 21.72940020846296
605277.9976193343 21.65927529081854
637545.6372456506 21.583181990831722
671533.4791115135 21.500804924982777
707333.2279644439 21.411854638222692
745041.4773728917 21.31607927017708
784759.9703514606 21.21327818309082
826595.8738801812 21.10331762243865
870662.0680585118 20.986148408370923
917077.4506742931 20.861825556518955
965967.2580093823 20.730529595729948
1017463.4027476063 20.592589184397756
1071704.8298967092 20.44850442332868
1128837.8916846884 20.298970021266996
1189016.74244199 20.14489719247714
1252403.7545350718 19.98743286392425
1319169.9564735717 19.827974461174524
1389495.494373136 19.668178259163152
1463570.1180190798 19.509959074819058
1541593.6928422702 19.355479009961005
1623776.739188721 19.20712310859753
1710341.0003378377 19.0674602626497
1801520.0408020238 18.939188562120137
1897559.8765218505 18.8250655733798
1998719.6386572486 18.727825695619885
2105272.272765707 18.65008862888553
2217505.2752539297 18.5942648020241
2335721.4690901213 18.562464976096486
2460239.8208697727 18.55642176957965
2591396.3014396573 18.57743026365653
2729544.792402007 18.626313085238625
2875058.040944877 18.703412664342544
3028328.6655749455 18.808610210597514
3189770.215466318 18.941367965755568
3359818.286283781 19.100789026021133
3538931.6954909842 19.285687840997888
3727593.720314938 19.49466444844347
3926313.4017068394 19.726176402738176
4135626.917817706 19.978603847973485
4356099.030694608 20.250304889244898
4588324.61010084 20.539660009174064
4832930.238571752 20.84510555942664
5090575.902036676 21.16515724703728
5361956.770568817 21.498425045803668
5647805.074067546 21.84362116177749
5948892.077934331 22.199562658056244
6266030.164072656 22.565170183175344
6600075.022827089 22.93946402091018
6951927.961775606 23.321558434457494
7322538.337604526 23.710655048382936
7712906.117627992 24.106035811743396
8124084.5778629575 24.507055922857532
8557183.144940002 24.91313696763083
9013370.38951742 25.323760428165695
9493877.17927582 25.738461648747585
10000000.0 26.156824297235318
10533104.45370936 26.57847532797829
11094628.943275219 27.003080430901385
11686088.553466497 27.430339940116546
12309079.138896018 27.85998516672457
12965281.629896663 28.291775120604797
13656466.567946097 28.725493582762418
14384498.882876629 29.160946494485994
15151342.924760515 29.597959628311248
15959067.76404731 30.036376511682448
16809852.774253618 30.476056574828906
17705993.51226898 30.91687349844918
18649907.912142944 31.358713738598837
19644142.809066266 31.801475209376164
20691380.811147902 32.245066105472205
21794447.537529834 32.689403849549684
22956319.242369097 33.13441415036854
24180130.84525718 33.580030159355495
25469184.3897454 34.026191715367005
26826957.95279722 34.472844667999006
28257115.02920827 34.91994027012909
29763514.41631313 35.367434633856035
31350220.62565112 35.815288241484154
33021514.849681754 36.263465507199946
34781906.51314127 36.71193438257023
36636145.44020716 37.160666002849716
38589234.67029899 37.609634368800485
40646443.95709628 38.0588160604958
42813323.98719387 38.50818998050249
45095721.35676145 38.95773712211775
47499794.346614026 39.40744036155925
50032029.53825999 39.857284270988615
52699259.31575657 40.30725494932288
55508680.300597996 40.7573398718057
58467872.7693759 41.20752775205628
61584821.10660254 41.657808420268324
64867935.34788508 42.108172712208926
68326073.87157391 42.55861236960203
71968567.30011514 43.009119950216366
75805243.67559262 43.45968874769403
79846454.97739078 43.91031271788358
84103105.05352604 44.36098641394666
88586679.04100814 44.81170492679911
93309274.35461664 45.26246383302737
98283633.32770011 45.71325914509205
103523177.59307377 46.1640872696048
109042044.29677527 46.61494496828611
114855124.24239345 47.06582932183082
120978102.06889038 47.51673769986813
127427498.57031322 47.967667731576526
134220715.2716012 48.41861727992419
141376081.38073614 48.86958441865887
148912903.24394056 49.320567412320756
156851516.43735445 49.77156469588989
165213340.63573685 50.22257486010075
174020937.40624848 50.67359663270266
183298071.08324376 51.12462886899202
193069772.88832456 51.57567053629853
203362408.46866703 52.02672070425777
214203749.0358383 52.47777853365098
225623046.2970626 52.928843268862224
237651111.38110778 53.37991422874566
250320397.97173202 53.83099079821369
263665089.87303555 54.28207242455288
277721193.2429355 54.73315860861652
292526633.74366355 55.18424890073006
308121358.87140083 55.6353428952795
324547445.74113256 56.086440227314405
341849214.6175927 56.53754056683323
360073348.49856204 56.988643618943485
379269019.0732238 57.43974911368872
399488019.39541787 57.89085681123319
420784903.6297398 58.34196649426878
443217134.24760854 58.79307796642802
466845237.07037944 59.24419105236155
491732964.5779006 59.69530559050105
517947467.9231202 60.14642144070712
545559478.1168514 60.5975384703181
574643496.8715974 61.04865656520282
605277997.6193355 61.49977562010142
637545637.2456493 61.950895539188195
671533479.1115135 62.40201623789022
707333227.9644439 62.85313763863074
745041477.3728887 63.30425967243698
784759970.3514622 63.75538227757233
826595873.8801795 64.20650539871805
870662068.0585117 64.6576289814182
917077450.674293 65.10875298402925
965967258.0093802 65.55987735937757
1017463402.7476043 66.0110020783167
1071704829.8967092 66.46212710397336
1128837891.6846883 66.91325240181888
1189016742.44199 67.36437794906112
1252403754.5350692 67.81550372230836
1319169956.473569 68.2666296952522
1389495494.373136 68.71775585220811
1463570118.0190797 69.16888217147707
1541593692.8422735 69.62000864410808
1623776739.1887176 70.07113524332973
1710341000.337838 70.52226196472992
1801520040.802024 70.9733887956476
1897559876.5218503 71.42451572294081
1998719638.6572526 71.87564273830196
2105272272.7657027 72.32676983196426
2217505275.2539296 72.77789700108285
2335721469.0901213 73.22902422892894
2460239820.8697777 73.68015151603497
2591396301.439652 74.13127886069117
2729544792.402002 74.58240625229274
2875058040.944877 75.03353368415686
3028328665.5749454 75.48466115242562
3189770215.466325 75.935788648293
3359818286.2837744 76.38691619017555
3538931695.4909844 76.83804375329366
3727593720.314938 77.28917133909269
3926313401.7068396 77.74029895531399
4135626917.8176975 78.19142658242438
4356099030.694599 78.64255423959612
4588324610.100841 79.09368189766268
4832930238.571753 79.54480958987548
5090575902.036687 79.99593728259335
5361956770.568806 80.44706498737943
5647805074.067546 80.89819269975223
5948892077.934331 81.34932044310325
6266030164.072656 81.80044817299434
6600075022.827075 82.25157591758347
6951927961.775591 82.70270366482734
7322538337.6045265 83.15383142079921
7712906117.627993 83.60495920611129
8124084577.862974 84.05608696816272
8557183144.939984 84.50721473439872
9013370389.51742 84.95834251109667
9493877179.27582 85.40947029796685
10000000000.0 85.86059808655592
10.0 22.444317565175837
10.53310445370937 22.444317565281736
11.094628943275218 22.44431756513814
11.686088553466515 22.44431756513613
12.309079138896024 22.444317565056416
12.965281629896682 22.444317565173343
13.65646656794611 22.444317565002628
14.38449888287663 22.44431756495817
15.15134292476053 22.444317565007644
15.95906776404731 22.444317564851303
16.80985277425364 22.444317564709756
17.70599351226899 22.44431756473172
18.64990791214297 22.444317564839867
19.644142809066278 22.44431756466616
20.6913808111479 22.444317564446173
21.794447537529855 22.444317564469213
22.956319242369098 22.444317564183756
24.180130845257207 22.44431756414913
25.4691843897454 22.444317563942672
26.826957952797258 22.444317563845946
28.257115029208283 22.44431756363019
29.76351441631318 22.444317563496313
31.350220625651154 22.444317563179492
33.02151484968176 22.444317563004223
34.7819065131413 22.44431756283893
36.63614544020716 22.44431756241983
38.58923467029903 22.44431756212428
40.646443957096295 22.444317561592598
42.81332398719393 22.444317561302178
45.095721356761466 22.444317560825603
47.499794346614124 22.44431756028429
50.03202953826004 22.44431755980221
52.699259315756564 22.44431755913887
55.50868030059805 22.444317558353394
58.467872769375894 22.444317557656632
61.58482110660264 22.444317556697236
64.86793534788511 22.444317555999362
68.32607387157402 22.44431755485671
71.96856730011521 22.444317553849928
75.8052436755926 22.44431755239614
79.84645497739086 22.444317551086037
84.10310505352605 22.444317549304785
88.58667904100822 22.444317547724914
93.30927435461668 22.444317545694364
98.28363332770026 22.44431754346923
103.52317759307378 22.444317541225697
109.04204429677526 22.444317538480195
114.8551242423938 22.444317535517882
120.97810206889012 22.444317532064005
127.42749857031335 22.444317528458775
134.2207152716012 22.444317524712464
141.37608138073614 22.44431752011877
148.91290324394086 22.4443175150941
156.85151643735477 22.44431750962506
165.213340635737 22.444317503564754
174.0209374062485 22.44431749657388
183.29807108324357 22.44431748920458
193.06977288832496 22.444317480904417
203.36240846866724 22.444317471522822
214.2037490358383 22.444317461323443
225.62304629706352 22.44431744998534
237.65111138110728 22.44431743729941
250.32039797173255 22.444317423229172
263.6650898730358 22.444317407608168
277.7211932429355 22.444317390471447
292.5266337436645 22.444317371285784
308.1213588714002 22.44431735008035
324.54744574113323 22.444317326496215
341.84921461759274 22.444317300283906
360.073348498562 22.44431727128586
379.26901907322497 22.444317239130072
399.48801939541704 22.444317203302546
420.78490362974026 22.44431716370434
443.21713424760856 22.44431711978769
466.84523707037897 22.444317070963606
491.73296457790156 22.44431701685585
517.9474679231213 22.444316956727004
545.5594781168514 22.444316890080536
574.6434968715973 22.444316816229787
605.2779976193349 22.444316734204975
637.5456372456507 22.44431664314504
671.5334791115142 22.444316542212693
707.3332279644438 22.44431643016593
745.0414773728917 22.444316305915915
784.7599703514607 22.444316168017572
826.5958738801812 22.444316015086017
870.6620680585127 22.444315845324322
917.0774506742931 22.44431565708119
965.9672580093833 22.44431544814807
1017.4634027476063 22.444315216391107
1071.7048298967104 22.444314959273246
1128.8378916846884 22.444314673953038
1189.01674244199 22.444314357440398
1252.4037545350732 22.444314006273352
1319.1699564735716 22.444313616640542
1389.4954943731375 22.444313184372753
1463.5701180190797 22.444312704761945
1541.5936928422718 22.444312172682377
1623.776739188721 22.444311582324083
1710.3410003378397 22.44431092732497
1801.520040802024 22.44431020062498
1897.5598765218504 22.444309394363046
1998.7196386572507 22.444308499834005
2105.272272765707 22.444307507348164
2217.505275253932 22.44430640618969
2335.7214690901214 22.444305184471265
2460.239820869775 22.444303828957686
2591.3963014396572 22.44430232501763
2729.5447924020073 22.444300656387185
2875.0580409448803 22.444298805004344
3028.3286655749457 22.44429675085845
3189.7702154663216 22.444294471748076
3359.818286283781 22.444291942986574
3538.9316954909877 22.444289137223805
3727.593720314938 22.44428602409092
3926.3134017068355 22.444282569887143
4135.626917817706 22.444278737218344
4356.099030694608 22.444274484566122
4588.324610100844 22.444269765857243
4832.930238571752 22.44426452995257
5090.575902036681 22.444258720077443
5361.956770568817 22.44425227322828
5647.805074067552 22.444245119446965
5948.892077934331 22.444237181068306
6266.030164072656 22.444228371868515
6600.075022827095 22.444218596109344
6951.927961775606 22.44420774747851
7322.538337604534 22.444195707911376
7712.906117627992 22.44418234629768
8124.0845778629655 22.444167517000544
8557.183144940002 22.444151058246987
9013.37038951743 22.444132790324147
9493.87717927582 22.444112513559936
10000.0 22.444090006085116
10533.104453709382 22.444065021339433
11094.628943275218 22.444037285288914
11686.088553466498 22.444006493329365
12309.079138896019 22.443972306833267
12965.281629896688 22.443934349327783
13656.466567946096 22.443892202181797
14384.498882876629 22.443845399872767
15151.342924760515 22.443793424677366
15959.06776404731 22.44373570076908
16809.852774253653 22.44367158767187
17705.99351226898 22.44360037300483
18649.907912142942 22.44352126435569
19644.142809066267 22.443433380382686
20691.3808111479 22.443335740865002
21794.447537529835 22.443227255741192
22956.319242369096 22.443106712996435
24180.13084525718 22.442972765275453
25469.184389745402 22.44282391514655
26826.957952797275 22.442658498827242
28257.115029208268 22.442474668328757
29763.51441631313 22.442270371744243
31350.220625651124 22.442043331609657
33021.51484968176 22.441791021068276
34781.90651314134 22.441510637588156
36636.14544020716 22.441199074043897
38589.23467029899 22.44085288673432
40646.44395709628 22.44046826003981
42813.32398719396 22.440040967277554
45095.721356761445 22.43956632728147
47499.79434661403 22.439039156172193
50032.029538259994 22.43845371373499
52699.259315756564 22.43780364379841
55508.680300598106 22.4370819078951
58467.87276937589 22.43628071148562
61584.82110660255 22.43539142200749
64867.935347885075 22.43440447788636
68326.07387157406 22.43330928765215
71968.56730011514 22.432094118237185
75805.24367559262 22.430745971434256
79846.45497739078 22.429250447461477
84103.10505352604 22.427591594411815
88586.67904100832 22.4257517423514
93309.27435461663 22.4237113206459
98283.63332770011 22.42144865700375
103523.17759307378 22.418939756618087
109042.04429677526 22.416158059637215
114855.12424239368 22.413074175110268
120978.10206889013 22.409655589432536
127427.49857031321 22.405866347257565
134220.7152716012 22.401666702755108
141376.08138073614 22.397012739093785
148912.90324394088 22.39185595404251
156851.5164373548 22.386142809664126
165213.34063573685 22.379814244220796
174020.9374062485 22.37280514466882
183298.07108324338 22.365043778484008
193069.77288832495 22.356451184084406
203362.40846866704 22.346940519801212
214203.74903583832 22.336416372301578
225623.04629706353 22.324774026584254
237651.11138110727 22.311898701198096
250320.39797173254 22.297664754340566
263665.08987303555 22.281934868909367
277721.1932429355 22.264559227645382
292526.6337436642 22.24537469322298
308121.35887140024 22.224204012611928
324547.44574113254 22.20085507048924
341849.21461759275 22.175120222864315
360073.348498562 22.146775749641492
379269.0190732246 22.1155814736031
399488.019395417 22.081280603387697
420784.9036297398 22.04359986938686
443217.13424760854 22.002250034206146
466845.2370703785 21.956926873115655
491732.9645779016 21.90731273469657
517947.46792312124 21.853078807061365
545559.4781168514 21.793888230135458
574643.4968715974 21.72940020846296
605277.9976193343 21.65927529081854
637545.6372456506 21.583181990831722
671533.4791115135 21.500804924982777
707333.2279644439 21.411854638222692
745041.4773728917 21.31607927017708
784759.9703514606 21.21327818309082
826595.8738801812 21.10331762243865
870662.0680585118 20.986148408370923
917077.4506742931 20.861825556518955
965967.2580093823 20.730529595729948
1017463.4027476063 20.592589184397756
1071704.8298967092 20.44850442332868
1128837.8916846884 20.298970021266996
1189016.74244199 20.14489719247714
1252403.7545350718 19.98743286392425
1319169.9564735717 19.827974461174524
1389495.494373136 19.668178259163152
1463570.1180190798 19.509959074819058
1541593.6928422702 19.355479009961005
1623776.739188721 19.20712310859753
1710341.0003378377 19.0674602626497
1801520.0408020238 18.939188562120137
1897559.8765218505 18.8250655733798
1998719.6386572486 18.727825695619885
2105272.272765707 18.65008862888553
2217505.2752539297 18.5942648020241
2335721.4690901213 18.562464976096486
2460239.8208697727 18.55642176957965
2591396.3014396573 18.57743026365653
2729544.792402007 18.626313085238625
2875058.040944877 18.703412664342544
3028328.6655749455 18.808610210597514
3189770.215466318 18.941367965755568
3359818.286283781 19.100789026021133
3538931.6954909842 19.285687840997888
3727593.720314938 19.49466444844347
3926313.4017068394 19.726176402738176
4135626.917817706 19.978603847973485
4356099.030694608 20.250304889244898
4588324.61010084 20.539660009174064
4832930.238571752 20.84510555942664
5090575.902036676 21.16515724703728
5361956.770568817 21.498425045803668
5647805.074067546 21.84362116177749
5948892.077934331 22.199562658056244
6266030.164072656 22.565170183175344
6600075.022827089 22.93946402091018
6951927.961775606 23.321558434457494
7322538.337604526 23.710655048382936
7712906.117627992 24.106035811743396
8124084.5778629575 24.507055922857532
8557183.144940002 24.91313696763083
9013370.38951742 25.323760428165695
9493877.17927582 25.738461648747585
10000000.0 26.156824297235318
10533104.45370936 26.57847532797829
11094628.943275219 27.003080430901385
11686088.553466497 27.430339940116546
12309079.138896018 27.85998516672457
12965281.629896663 28.291775120604797
13656466.567946097 28.725493582762418
14384498.882876629 29.160946494485994
15151342.924760515 29.597959628311248
15959067.76404731 30.036376511682448
16809852.774253618 30.476056574828906
17705993.51226898 30.91687349844918
18649907.912142944 31.358713738598837
19644142.809066266 31.801475209376164
20691380.811147902 32.245066105472205
21794447.537529834 32.689403849549684
22956319.242369097 33.13441415036854
24180130.84525718 33.580030159355495
25469184.3897454 34.026191715367005
26826957.95279722 34.472844667999006
28257115.02920827 34.91994027012909
29763514.41631313 35.367434633856035
31350220.62565112 35.815288241484154
33021514.849681754 36.263465507199946
34781906.51314127 36.71193438257023
36636145.44020716 37.160666002849716
38589234.67029899 37.609634368800485
40646443.95709628 38.0588160604958
42813323.98719387 38.50818998050249
45095721.35676145 38.95773712211775
47499794.346614026 39.40744036155925
50032029.53825999 39.857284270988615
52699259.31575657 40.30725494932288
55508680.300597996 40.7573398718057
58467872.7693759 41.20752775205628
61584821.10660254 41.657808420268324
64867935.34788508 42.108172712208926
68326073.87157391 42.55861236960203
71968567.30011514 43.009119950216366
75805243.67559262 43.45968874769403
79846454.97739078 43.91031271788358
84103105.05352604 44.36098641394666
88586679.04100814 44.81170492679911
93309274.35461664 45.26246383302737
98283633.32770011 45.71325914509205
103523177.59307377 46.1640872696048
109042044.29677527 46.61494496828611
114855124.24239345 47.06582932183082
120978102.06889038 47.51673769986813
127427498.57031322 47.967667731576526
134220715.2716012 48.41861727992419
141376081.38073614 48.86958441865887
148912903.24394056 49.320567412320756
156851516.43735445 49.77156469588989
165213340.63573685 50.22257486010075
174020937.40624848 50.67359663270266
183298071.08324376 51.12462886899202
193069772.88832456 51.57567053629853
203362408.46866703 52.02672070425777
214203749.0358383 52.47777853365098
225623046.2970626 52.928843268862224
237651111.38110778 53.37991422874566
250320397.97173202 53.83099079821369
263665089.87303555 54.28207242455288
277721193.2429355 54.73315860861652
292526633.74366355 55.18424890073006
308121358.87140083 55.6353428952795
324547445.74113256 56.086440227314405
341849214.6175927 56.53754056683323
360073348.49856204 56.988643618943485
379269019.0732238 57.43974911368872
399488019.39541787 57.89085681123319
420784903.6297398 58.34196649426878
443217134.24760854 58.79307796642802
466845237.07037944 59.24419105236155
491732964.5779006 59.69530559050105
517947467.9231202 60.14642144070712
545559478.1168514 60.5975384703181
574643496.8715974 61.04865656520282
605277997.6193355 61.49977562010142
637545637.2456493 61.950895539188195
671533479.1115135 62.40201623789022
707333227.9644439 62.85313763863074
745041477.3728887 63.30425967243698
784759970.3514622 63.75538227757233
826595873.8801795 64.20650539871805
870662068.0585117 64.6576289814182
917077450.674293 65.10875298402925
965967258.0093802 65.55987735937757
1017463402.7476043 66.0110020783167
1071704829.8967092 66.46212710397336
1128837891.6846883 66.91325240181888
1189016742.44199 67.36437794906112
1252403754.5350692 67.81550372230836
1319169956.473569 68.2666296952522
1389495494.373136 68.71775585220811
1463570118.0190797 69.16888217147707
1541593692.8422735 69.62000864410808
1623776739.1887176 70.07113524332973
1710341000.337838 70.52226196472992
1801520040.802024 70.9733887956476
1897559876.5218503 71.42451572294081
1998719638.6572526 71.87564273830196
2105272272.7657027 72.32676983196426
2217505275.2539296 72.77789700108285
2335721469.0901213 73.22902422892894
2460239820.8697777 73.68015151603497
2591396301.439652 74.13127886069117
2729544792.402002 74.58240625229274
2875058040.944877 75.03353368415686
3028328665.5749454 75.48466115242562
3189770215.466325 75.935788648293
3359818286.2837744 76.38691619017555
3538931695.4909844 76.83804375329366
3727593720.314938 77.28917133909269
3926313401.7068396 77.74029895531399
4135626917.8176975 78.19142658242438
4356099030.694599 78.64255423959612
4588324610.100841 79.09368189766268
4832930238.571753 79.54480958987548
5090575902.036687 79.99593728259335
5361956770.568806 80.44706498737943
5647805074.067546 80.89819269975223
5948892077.934331 81.34932044310325
6266030164.072656 81.80044817299434
6600075022.827075 82.25157591758347
6951927961.775591 82.70270366482734
7322538337.6045265 83.15383142079921
7712906117.627993 83.60495920611129
8124084577.862974 84.05608696816272
8557183144.939984 84.50721473439872
9013370389.51742 84.95834251109667
9493877179.27582 85.40947029796685
10000000000.0 85.86059808655592
10.0 1.4821382447526512
10.53310445370937 -38.62241795890987
11.094628943275218 7.967093959104692
11.686088553466515 0.0002572337282219528
12.309079138896024 -5.1247957158781565
12.965281629896682 0.08501673378716497
13.65646656794611 -18.54673803898028
14.38449888287663 0.0012422303171298825
15.15134292476053 -6.020759422894226
15.95906776404731 -5.977043208649507
16.80985277425364 6.038477028707035
17.70599351226899 0.001060159853678977
18.64990791214297 0.007463331820654498
19.644142809066278 4.144930405444863
20.6913808111479 3.2637465519969586
21.794447537529855 -8.519037405336272
22.956319242369098 -6.01182254764879
24.180130845257207 -0.33132942305315
25.4691843897454 -5.994629852188812
26.826957952797258 -6.002184292082862
28.257115029208283 -12.040321447113708
29.76351441631318 18.248734926639237
31.350220625651154 0.015699324077793484
33.02151484968176 5.991019190028331
34.7819065131413 14.835487643017395
36.63614544020716 -34.18841750978237
38.58923467029903 -6.01485322317436
40.646443957096295 0.013915894178265612
42.81332398719393 -11.99603218099206
45.095721356761466 5.932411034249744
47.499794346614124 -12.038228966295442
50.03202953826004 6.0158240290683365
52.699259315756564 0.1616803135131349
55.50868030059805 0.682906523075681
58.467872769375894 0.0002523801206249576
61.58482110660264 17.678936980618417
64.86793534788511 -2.532948334389931
68.32607387157402 -11.97387014172252
71.96856730011521 8.22877540827394
75.8052436755926 -22.413507207039622
79.84645497739086 -26.669763847417784
84.10310505352605 8.791259728463586
88.58667904100822 -13.067130805444464
93.30927435461668 -20.154846167456128
98.28363332770026 3.488137176667458
103.52317759307378 -5.881725717119228
109.04204429677526 -5.365947928509996
114.8551242423938 -11.89342742236384
120.97810206889012 8.291241735287405
127.42749857031335 12.312826646493312
134.2207152716012 11.260930783436475
141.37608138073614 -9.562973430408334
148.91290324394086 5.481292626868876
156.85151643735477 0.2241824690401091
165.213340635737 12.56493889278711
174.0209374062485 -12.164819403874098
183.29807108324357 0.08272525965989855
193.06977288832496 8.099675344326313
203.36240846866724 3.8594689401278073
214.2037490358383 8.757362786431074
225.62304629706352 3.8335220725503376
237.65111138110728 -11.088507288891648
250.32039797173255 -10.288650162586572
263.6650898730358 -5.258053334789867
277.7211932429355 -5.490392353685297
292.5266337436645 -2.319619246347359
308.1213588714002 3.5220533447964426
324.54744574113323 -6.908826444470315
341.84921461759274 -18.137737848595098
360.073348498562 -6.329464695123414
379.26901907322497 1.4029739916643589
399.48801939541704 -1.206789287141921
420.78490362974026 -12.14084172067623
443.21713424760856 -2.671857154798058
466.84523707037897 -12.045438914078858
491.73296457790156 0.1251881697752904
517.9474679231213 11.600051316173644
545.5594781168514 3.3628181719696704
574.6434968715973 2.0371756134193757
605.2779976193349 -2.0422599864129287
637.5456372456507 7.218267849662309
671.5334791115142 2.349017082022022
707.3332279644438 -8.751617828880182
745.0414773728917 0.40159420785328925
784.7599703514607 -4.467201691585425
826.5958738801812 -11.476392722367944
870.6620680585127 -6.170658999529207
917.0774506742931 -6.0216600731333045
965.9672580093833 -5.077926448767198
1017.4634027476063 0.4767767355641989
1071.7048298967104 3.658613671719734
1128.8378916846884 -6.6380400961057795
1189.01674244199 -3.346891175205029
1252.4037545350732 3.502931812870678
1319.1699564735716 2.6711011959986264
1389.4954943731375 7.318669394031485
1463.5701180190797 9.307342892089768
1541.5936928422718 -3.4849081297316187
1623.776739188721 2.3275812028286134
1710.3410003378397 -5.876838701140059
1801.520040802024 -2.0840202588910994
1897.5598765218504 -2.4557490133753705
1998.7196386572507 -10.369803209239363
2105.272272765707 -2.01290264415449
2217.505275253932 -9.615053425176319
2335.7214690901214 -4.653082480632148
2460.239820869775 -4.67209810425144
2591.3963014396572 -3.6821862752923096
2729.5447924020073 9.15210619667797
2875.0580409448803 1.2281504297844457
3028.3286655749457 0.35331875572176147
3189.7702154663216 -1.3657512091673107
3359.818286283781 -22.835964760535386
3538.9316954909877 -2.103079464542022
3727.593720314938 -6.400046232512167
3926.3134017068355 -19.061567884943635
4135.626917817706 -0.46909921918707675
4356.099030694608 -4.100724767761025
4588.324610100844 1.932351044808319
4832.930238571752 -8.639604584941619
5090.575902036681 -9.50773991468
5361.956770568817 -0.7799251247960597
5647.805074067552 -6.43806264474195
5948.892077934331 -16.09064723250306
6266.030164072656 0.8327683024760593
6600.075022827095 2.7184286192080007
6951.927961775606 2.591810888975266
7322.538337604534 4.709487695157914
7712.906117627992 -9.720912054673379
8124.0845778629655 12.127821203267207
8557.183144940002 -10.069076338773403
9013.37038951743 -20.271987516961868
9493.87717927582 5.870874541749642
10000.0 2.654722095952791
10533.104453709382 -5.859493701715095
11094.628943275218 -7.888262805469841
11686.088553466498 -8.782719925385955
12309.079138896019 -10.102369974015051
12965.281629896688 -11.406352284358581
13656.466567946096 -5.267724017638287
14384.498882876629 10.13928168902315
15151.342924760515 6.444017745226546
15959.06776404731 -5.300642825682829
16809.852774253653 -2.433597007256964
17705.99351226898 -6.982723040131511
18649.907912142942 -7.651274268858942
19644.142809066267 0.019235082956186603
20691.3808111479 -4.792194186832799
21794.447537529835 -6.415441968602762
22956.319242369096 -2.8575581338324314
24180.13084525718 15.564925461785856
25469.184389745402 -8.808359135863705
26826.957952797275 -7.024843890690557
28257.115029208268 -3.635055466967623
29763.51441631313 3.830196437642983
31350.220625651124 -10.779923844987355
33021.51484968176 3.428745259229329
34781.90651314134 15.763082582764463
36636.14544020716 20.490949128825044
38589.23467029899 -6.726683301100746
40646.44395709628 -8.914382231888796
42813.32398719396 -7.783088058557361
45095.721356761445 -0.48086414787083004
47499.79434661403 -3.0218557632189595
50032.029538259994 0.19879072076308332
52699.259315756564 7.394407347165535
55508.680300598106 -0.3398369309941337
58467.87276937589 -6.420249656883712
61584.82110660255 8.951776226381535
64867.935347885075 -11.34262632241561
68326.07387157406 -11.973319890725849
71968.56730011514 -6.237066409058355
75805.24367559262 -13.538737186887728
79846.45497739078 3.093668057469115
84103.10505352604 10.444245708750863
88586.67904100832 -8.934194577398033
93309.27435461663 -14.389790189912905
98283.63332770011 -2.2144766252650467
103523.17759307378 3.4191600679638183
109042.04429677526 -1.5504382626165347
114855.12424239368 -18.93283740100713
120978.10206889013 7.695371351540169
127427.49857031321 6.579176755669513
134220.7152716012 -10.69667473753242
141376.08138073614 -12.228798404954723
148912.90324394088 11.548087895358536
156851.5164373548 14.680967719523343
165213.34063573685 1.0188646324929178
174020.9374062485 -8.109542416502135
183298.07108324338 -19.650490479259094
193069.77288832495 6.537770065760652
203362.40846866704 10.249892143073696
214203.74903583832 5.632121661123389
225623.04629706353 -11.940016702058339
237651.11138110727 -6.43771054114206
250320.39797173254 -23.887813728227453
263665.08987303555 0.024565291536321664
277721.1932429355 16.68533814104188
292526.6337436642 -3.398969547574712
308121.35887140024 -9.264331888513102
324547.44574113254 -5.577951693283524
341849.21461759275 6.501094016046397
360073.348498562 -5.644363198893588
379269.0190732246 -3.8091302044595743
399488.019395417 8.824583042776498
420784.9036297398 -18.48969877454278
443217.13424760854 26.28129339180882
466845.2370703785 -1.5055972538598592
491732.9645779016 3.7556367297239395
517947.46792312124 -19.040189755885386
545559.4781168514 -6.961073118217626
574643.4968715974 -8.836614114499445
605277.9976193343 -26.61215941868035
637545.6372456506 -10.805637355153674
671533.4791115135 -11.852531245475522
707333.2279644439 -19.671264079333053
745041.4773728917 -13.917955997402917
784759.9703514606 -11.457180409044263
826595.8738801812 -20.03357642202922
870662.0680585118 -12.165643799473763
917077.4506742931 -10.972692969942985
965967.2580093823 -10.721048543755735
1017463.4027476063 -11.151039749392158
1071704.8298967092 -8.363412267476086
1128837.8916846884 -3.6926095634537144
1189016.74244199 -1.3872701793423812
1252403.7545350718 -14.836618645053463
1319169.9564735717 -8.86358204157897
1389495.494373136 -14.020912966236716
1463570.1180190798 -9.511190617820555
1541593.6928422702 -21.267506635384883
1623776.739188721 -7.601695048655617
1710341.0003378377 -9.38639790356252
1801520.0408020238 -11.103457609585377
1897559.8765218505 -10.112004747921421
1998719.6386572486 -9.94377808741479
2105272.272765707 -12.320195524667138
2217505.2752539297 -5.880248947712977
2335721.4690901213 -8.903032182006688
2460239.8208697727 -10.272125558052807
2591396.3014396573 -16.640352120924582
2729544.792402007 -9.202014671993378
2875058.040944877 -24.66381652485575
3028328.6655749455 -18.390104823889924
3189770.215466318 -9.245449624868975
3359818.286283781 -11.759802770562526
3538931.6954909842 -11.406056579920278
3727593.720314938 -13.933051677786352
3926313.4017068394 -9.343066680786336
4135626.917817706 -12.676753299417058
4356099.030694608 -11.572789856796451
4588324.61010084 -9.136945750465529
4832930.238571752 -10.2240994310995
5090575.902036676 -11.56370485852194
5361956.770568817 -10.869551825706274
5647805.074067546 -7.432032935981946
5948892.077934331 -24.52396081805955
6266030.164072656 -11.494550017459284
6600075.022827089 -3.4291724810131656
6951927.961775606 -11.761843992590741
7322538.337604526 -33.20636837909545
7712906.117627992 -10.898291882625411
8124084.5778629575 -7.7884815202786655
8557183.144940002 -10.778697957650731
9013370.38951742 -8.115576893359068
9493877.17927582 -8.271501958692753
10000000.0 -5.758954306855253
10533104.45370936 -10.117356291335366
11094628.943275219 -16.377060714658096
11686088.553466497 -4.78990811335605
12309079.138896018 -11.488922560389078
12965281.629896663 -12.474212340225224
13656466.567946097 -13.13224541330067
14384498.882876629 -13.734720276127916
15151342.924760515 -16.602338583602318
15959067.76404731 -9.08411123811357
16809852.774253618 -38.07087518687673
17705993.51226898 -9.529917784081453
18649907.912142944 -9.949998928599411
19644142.809066266 -7.460408116197251
20691380.811147902 -10.742620780406948
21794447.537529834 -8.74267086997622
22956319.242369097 -13.6506147483678
24180130.84525718 -6.791719940233971
25469184.3897454 -8.850342633585122
26826957.95279722 -9.647823782325899
28257115.02920827 -10.62042470292421
29763514.41631313 -10.416661018392421
31350220.62565112 -4.110881769920923
33021514.849681754 -10.03375934023504
34781906.51314127 -21.3801055001819
36636145.44020716 -8.679087603859688
38589234.67029899 1.24318491956598
40646443.95709628 -8.023290890792307
42813323.98719387 -0.2720304265041871
45095721.35676145 -11.47074012193623
47499794.346614026 -8.209542716022654
50032029.53825999 -11.99113730560035
52699259.31575657 -11.425972173340558
55508680.300597996 -12.736890211980356
58467872.7693759 -7.08118576653532
61584821.10660254 -15.413900591511151
64867935.34788508 -6.561850695050272
68326073.87157391 -8.584568170644179
71968567.30011514 -12.190706305398194
75805243.67559262 -7.981899032451968
79846454.97739078 -9.354380437857152
84103105.05352604 -1.2882276830968227
88586679.04100814 -17.06362315938429
93309274.35461664 -16.50943766099038
98283633.32770011 -10.141761690844984
103523177.59307377 -14.00627149379191
109042044.29677527 -11.100032903528971
114855124.24239345 -7.9667979394462325
120978102.06889038 -8.228973393468356
127427498.57031322 -14.244154032694203
134220715.2716012 -10.036635293645853
141376081.38073614 -9.95401427652985
148912903.24394056 -12.554544206603593
156851516.43735445 -11.833537652467506
165213340.63573685 -14.521858824104516
174020937.40624848 -10.06341767892712
183298071.08324376 -10.770026227585634
193069772.88832456 -11.113919227266
203362408.46866703 -12.602272965613853
214203749.0358383 -7.390403990432553
225623046.2970626 -3.605247910046235
237651111.38110778 -3.9527163084492845
250320397.97173202 -11.193615683982998
263665089.87303555 -11.306013800718409
277721193.2429355 -13.546014553411489
292526633.74366355 -9.234348502117511
308121358.87140083 -11.064030326295768
324547445.74113256 -15.876851976944522
341849214.6175927 -5.337226259739765
360073348.49856204 -11.957337418931413
379269019.0732238 -12.859907773004357
399488019.39541787 -3.2159735031100944
420784903.6297398 -17.475524269544845
443217134.24760854 2.624876247734455
466845237.07037944 -12.236478920004304
491732964.5779006 -9.961649316914738
517947467.9231202 -15.174133059992982
545559478.1168514 -12.041369789425652
574643496.8715974 -10.799247429732697
605277997.6193355 -22.76719059867017
637545637.2456493 -12.142830218172605
671533479.1115135 -13.185759485203747
707333227.9644439 -8.23129269505402
745041477.3728887 -9.067778762890693
784759970.3514622 -11.590383261218715
826595873.8801795 -7.335782676869443
870662068.0585117 -11.971833282350946
917077450.674293 -12.389543529520697
965967258.0093802 -11.698827829684042
1017463402.7476043 -12.427553540095568
1071704829.8967092 -10.603703282379337
1128837891.6846883 -10.206194219429136
1189016742.44199 -12.957581454864144
1252403754.5350692 -8.394467902131732
1319169956.473569 -10.519337222236508
1389495494.373136 -10.472686502351767
1463570118.0190797 -10.590975076018518
1541593692.8422735 -5.885454613934655
1623776739.1887176 -10.387858685938333
1710341000.337838 -11.753122621686693
1801520040.802024 2.5131747660648656
1897559876.5218503 -8.86970755854956
1998719638.6572526 -7.612714293366256
2105272272.7657027 -7.321547854122798
2217505275.2539296 -10.522738222206636
2335721469.0901213 -11.936267783601114
2460239820.8697777 -14.289518357173666
2591396301.439652 -10.88331565761096
2729544792.402002 -14.803805351461525
2875058040.944877 -6.19061640504091
3028328665.5749454 -10.294591364392254
3189770215.466325 -9.095816600060058
3359818286.2837744 -9.404094962786248
3538931695.4909844 -10.344490737694834
3727593720.314938 -30.052456194627407
3926313401.7068396 -15.766125794053865
4135626917.8176975 -11.09793478360001
4356099030.694599 -14.45299162194803
4588324610.100841 -9.115874683603845
4832930238.571753 -0.4089712928056335
5090575902.036687 -12.615659766102166
5361956770.568806 -1.8103769989926202
5647805074.067546 -10.663637673958924
5948892077.934331 -10.902422103292606
6266030164.072656 -8.902244397344269
6600075022.827075 1.3323763799103232
6951927961.775591 -20.24441819403894
7322538337.6045265 -8.013187643235781
7712906117.627993 -13.143965158332666
8124084577.862974 -9.009007557581656
8557183144.939984 -11.268495387248844
9013370389.51742 -11.451295877878774
9493877179.27582 -12.713763863073673
10000000000.0 -10.387066622158173
