10.0 -213.5497204317394
10.53310445370937 -213.0985743479676
11.094628943275218 -212.6473948428061
11.686088553466515 -212.19622938284076
12.309079138896024 -211.74505781320673
12.965281629896682 -211.29393047279305
13.65646656794611 -210.84274293947425
14.38449888287663 -210.39155391086285
15.15134292476053 -209.940386059362
15.95906776404731 -209.48921720000487
16.80985277425364 -209.0380194889094
17.70599351226899 -208.58683446047735
18.64990791214297 -208.1356282087862
19.644142809066278 -207.68440855632429
20.6913808111479 -207.23318821364924
21.794447537529855 -206.781979406739
22.956319242369098 -206.33072212589698
24.180130845257207 -205.87946991650523
25.4691843897454 -205.42821039156166
26.826957952797258 -204.97691961430542
28.257115029208283 -204.5256237344301
29.76351441631318 -204.07431201000475
31.350220625651154 -203.62296113071199
33.02151484968176 -203.17161154004194
34.7819065131413 -202.72020911487414
36.63614544020716 -202.26879999913223
38.58923467029903 -201.81734783907072
40.646443957096295 -201.36586296612143
42.81332398719393 -200.914346148817
45.095721356761466 -200.46278186412476
47.499794346614124 -200.01115694780609
50.03202953826004 -199.55949578718676
52.699259315756564 -199.10776950426362
55.50868030059805 -198.65598395213362
58.467872769375894 -198.20411959876068
61.58482110660264 -197.75217139743302
64.86793534788511 -197.30007291088086
68.32607387157402 -196.84800703547916
71.96856730011521 -196.39576689216779
75.8052436755926 -195.94340448733067
79.84645497739086 -195.49090649568416
84.10310505352605 -195.0382562857567
88.58667904100822 -194.58544247511642
93.30927435461668 -194.1324487697404
98.28363332770026 -193.67924705728367
103.52317759307378 -193.22582536206363
109.04204429677526 -192.7721438274237
114.8551242423938 -192.3181926999083
120.97810206889012 -191.86393419390794
127.42749857031335 -191.4093347646945
134.2207152716012 -190.9543556989851
141.37608138073614 -190.49896169445074
148.91290324394086 -190.0431039970418
156.85151643735477 -189.586735248036
165.213340635737 -189.12980220071492
174.0209374062485 -188.67223917110633
183.29807108324357 -188.2139858369591
193.06977288832496 -187.75496448870751
203.36240846866724 -187.29509652706085
214.2037490358383 -186.83429150183832
225.62304629706352 -186.37245293132048
237.65111138110728 -185.90947265261758
250.32039797173255 -185.4452335730797
263.6650898730358 -184.97960445112057
277.7211932429355 -184.51244458633855
292.5266337436645 -184.0435992507592
308.1213588714002 -183.57289839750348
324.54744574113323 -183.10015795434933
341.84921461759274 -182.6251768573855
360.073348498562 -182.14773696234522
379.26901907322497 -181.66760216274338
399.48801939541704 -181.18451759143267
420.78490362974026 -180.69820775932487
443.21713424760856 -180.20837702395087
466.84523707037897 -179.71471045893438
491.73296457790156 -179.21686892946408
517.9474679231213 -178.71449640294404
545.5594781168514 -178.2072125340467
574.6434968715973 -177.6946197225814
605.2779976193349 -177.17630165119937
637.5456372456507 -176.65182541060557
671.5334791115142 -176.12074409167863
707.3332279644438 -175.5825993544811
745.0414773728917 -175.03692771043256
784.7599703514607 -174.48326046929986
826.5958738801812 -173.92113164916523
870.6620680585127 -173.35008445435793
917.0774506742931 -172.76967321194675
965.9672580093833 -172.17947652070882
1017.4634027476063 -171.57909357676348
1071.7048298967104 -170.96816311698757
1128.8378916846884 -170.34636052483276
1189.01674244199 -169.7134076660509
1252.4037545350732 -169.06907810160794
1319.1699564735716 -168.4132010897466
1389.4954943731375 -167.7456662154358
1463.5701180190797 -167.06642359166239
1541.5936928422718 -166.3754870849348
1623.776739188721 -165.672932989268
1710.3410003378397 -164.95889884917665
1801.520040802024 -164.23358009697006
1897.5598765218504 -163.49722626660798
1998.7196386572507 -162.7501360734195
2105.272272765707 -161.99265162298303
2217.505275253932 -161.22515212213125
2335.7214690901214 -160.44804724896278
2460.239820869775 -159.66177060593378
2591.3963014396572 -158.86677311437884
2729.5447924020073 -158.06351681511978
2875.0580409448803 -157.25246880979935
3028.3286655749457 -156.43409627179904
3189.7702154663216 -155.6088614057912
3359.818286283781 -154.77721768367198
3538.9316954909877 -153.9396061564936
3727.593720314938 -153.09645283535258
3926.3134017068355 -152.2481664203656
4135.626917817706 -151.39513671970838
4356.099030694608 -150.5377335600517
4588.324610100844 -149.67630594012198
4832.930238571752 -148.81118198625308
5090.575902036681 -147.94266882587854
5361.956770568817 -147.07105292142876
5647.805074067552 -146.19660053408123
5948.892077934331 -145.31955857018198
6266.030164072656 -144.44015518417515
6600.075022827095 -143.55860081465076
6951.927961775606 -142.67508906654737
7322.538337604534 -141.78979778129263
7712.906117627992 -140.90288991512062
8124.0845778629655 -140.0145146341828
8557.183144940002 -139.12480825085092
9013.37038951743 -138.23389514576522
9493.87717927582 -137.3418886856611
10000.0 -136.44889211762072
10533.104453709382 -135.55499933487692
11094.628943275218 -134.66029568010467
11686.088553466498 -133.76485864227107
12309.079138896019 -132.86875855013096
12965.281629896688 -131.972059175062
13656.466567946096 -131.07481832202814
14384.498882876629 -130.1770883465146
15151.342924760515 -129.27891667240405
15959.06776404731 -128.38034619637943
16809.852774253653 -127.48141575371159
17705.99351226898 -126.58216046984134
18649.907912142942 -125.68261209561184
19644.142809066267 -124.78279934972385
20691.3808111479 -123.88274819202445
21794.447537529835 -122.9824820760487
22956.319242369096 -122.08202220902253
24180.13084525718 -121.18138775938078
25469.184389745402 -120.28059604549937
26826.957952797275 -119.37966272721717
28257.115029208268 -118.47860196063945
29763.51441631313 -117.57742655025119
31350.220625651124 -116.67614808147995
33021.51484968176 -115.77477704059169
34781.90651314134 -114.87332292908185
36636.14544020716 -113.97179435834131
38589.23467029899 -113.07019914720975
40646.44395709628 -112.16854439313401
42813.32398719396 -111.26683657068591
45095.721356761445 -110.36508156776428
47499.79434661403 -109.46328478329542
50032.029538259994 -108.56145115526617
52699.259315756564 -107.65958523524577
55508.680300598106 -106.75769121947906
58467.87276937589 -105.85577300771087
61584.82110660255 -104.95383424206635
64867.935347885075 -104.05187833785237
68326.07387157406 -103.14990852518642
71968.56730011514 -102.2479278920548
75805.24367559262 -101.34593940434571
79846.45497739078 -100.44394594478632
84103.10505352604 -99.54195034293527
88586.67904100832 -98.63995540501136
93309.27435461663 -97.73796394450855
98283.63332770011 -96.83597881493517
103523.17759307378 -95.93400293319704
109042.04429677526 -95.03203932089491
114855.12424239368 -94.13009112776521
120978.10206889013 -93.22816167445029
127427.49857031321 -92.32625447878895
134220.7152716012 -91.42437330132653
141376.08138073614 -90.52252218230471
148912.90324394088 -89.62070548604821
156851.5164373548 -88.71892794748034
165213.34063573685 -87.81719472203635
174020.9374062485 -86.91551144402156
183298.07108324338 -86.01388428368651
193069.77288832495 -85.11232001575246
203362.40846866704 -84.21082609091408
214203.74903583832 -83.30941071585143
225623.04629706353 -82.4080829412753
237651.11138110727 -81.50685275811584
250320.39797173254 -80.60573120430394
263665.08987303555 -79.70473048312691
277721.1932429355 -78.80386409198216
292526.6337436642 -77.90314696608685
308121.35887140024 -77.00259563745249
324547.44574113254 -76.10222840902422
341849.21461759275 -75.20206554817828
360073.348498562 -74.30212950043332
379269.0190732246 -73.40244512455266
399488.019395417 -72.50303995322557
420784.9036297398 -71.60394448004894
443217.13424760854 -70.70519247653476
466845.2370703785 -69.80682134118928
491732.9645779016 -68.90887248496766
517947.46792312124 -68.01139175514093
545559.4781168514 -67.11442990216497
574643.4968715974 -66.21804309294042
605277.9976193343 -65.32229347473822
637545.6372456506 -64.42724979399988
671533.4791115135 -63.53298807467044
707333.2279644439 -62.63959236059464
745041.4773728917 -61.74715552696555
784759.9703514606 -60.85578016560177
826595.8738801812 -59.965579548887085
870662.0680585118 -59.076678677171316
917077.4506742931 -58.18921541372458
965967.2580093823 -57.30334171166166
1017463.4027476063 -56.41922493526803
1071704.8298967092 -55.53704927859789
1128837.8916846884 -54.65701728155786
1189016.74244199 -53.77935144273537
1252403.7545350718 -52.904295925388425
1319169.9564735717 -52.03211835073175
1389495.494373136 -51.163111668281644
1463570.1180190798 -50.29759608944058
1541593.6928422702 -49.435921064897535
1623776.739188721 -48.57846728026378
1710341.0003378377 -47.72564863762942
1801520.0408020238 -46.87791418206869
1897559.8765218505 -46.03574992339201
1998719.6386572486 -45.19968049326983
2105272.272765707 -44.37027056712826
2217505.2752539297 -43.548125969091274
2335721.4690901213 -42.733894367162
2460239.8208697727 -41.928265455375325
2591396.3014396573 -41.13197051069443
2729544.792402007 -40.3457812058872
2875058.040944877 -39.57050755663752
3028328.6655749455 -38.80699488332043
3189770.215466318 -38.05611967619518
3359818.286283781 -37.31878426897384
3538931.6954909842 -36.595910250918685
3727593.720314938 -35.888430582576554
3926313.4017068394 -35.1972804254454
4135626.917817706 -34.523386750589815
4356099.030694608 -33.86765685403699
4588324.61010084 -33.23096597505666
4832930.238571752 -32.61414428313404
5090575.902036676 -32.01796356585663
5361956.770568817 -31.443124007158133
5647805.074067546 -30.890241487585524
5948892.077934331 -30.35983585979374
6266030.164072656 -29.852320648873565
6600075.022827089 -29.367994595818878
6951927.961775606 -28.907035403104352
7322538.337604526 -28.469495956542605
7712906.117627992 -28.05530319255702
8124084.5778629575 -27.664259662102587
8557183.144940002 -27.296047720534556
9013370.38951742 -26.950236156422775
9493877.17927582 -26.626288969938493
10000000.0 -26.32357593053999
10533104.45370936 -26.041384488697837
11094628.943275219 -25.778932589668813
11686088.553466497 -25.535381937955727
12309079.138896018 -25.30985128632326
12965281.629896663 -25.101429368236698
13656466.567946097 -24.909187151722712
14384498.882876629 -24.732189159912295
15151342.924760515 -24.569503673373127
15959067.76404731 -24.420211696893134
16809852.774253618 -24.2834146351018
17705993.51226898 -24.15824067454727
18649907.912142944 -24.0438499134237
19644142.809066266 -23.939438313474987
20691380.811147902 -23.844240572308646
21794447.537529834 -23.7575320291592
22956319.242369097 -23.678629724463
24180130.84525718 -23.6068927347689
25469184.3897454 -23.54172190091459
26826957.95279722 -23.482559060412743
28257115.02920827 -23.428885885698794
29763514.41631313 -23.380222419313277
31350220.62565112 -23.336125385919075
33021514.849681754 -23.296186350010622
34781906.51314127 -23.260029777495383
36636145.44020716 -23.22731104944495
38589234.67029899 -23.197714467402697
40646443.95709628 -23.170951281541065
42813323.98719387 -23.14675776615507
45095721.35676145 -23.124893360867873
47499794.346614026 -23.105138890972515
50032029.53825999 -23.08729487606231
52699259.31575657 -23.071179932696005
55508680.300597996 -23.05662927402163
58467872.7693759 -23.043493307095574
61584821.10660254 -23.031636326864927
64867935.34788508 -23.02093530453892
68326073.87157391 -23.011278767019007
71968567.30011514 -23.002565763428287
75805243.67559262 -22.994704914303018
79846454.97739078 -22.987613538727395
84103105.05352604 -22.981216854547817
88586679.04100814 -22.9754472468264
93309274.35461664 -22.970243599711804
98283633.32770011 -22.965550687064372
103523177.59307377 -22.961318617342748
109042044.29677527 -22.95750232846249
114855124.24239345 -22.95406112859306
120978102.06889038 -22.950958279046624
127427498.57031322 -22.948160615727367
134220715.2716012 -22.94563820578764
141376081.38073614 -22.94336403643768
148912903.24394056 -22.941313733037923
156851516.43735445 -22.939465303845296
165213340.63573685 -22.937798909023485
174020937.40624848 -22.936296651657972
183298071.08324376 -22.93494238878388
193069772.88832456 -22.933721560538753
203362408.46866703 -22.932621035772765
214203749.0358383 -22.931628972543088
225623046.2970626 -22.930734692107336
237651111.38110778 -22.929928565124392
250320397.97173202 -22.929201908903686
263665089.87303555 -22.928546894642743
277721193.2429355 -22.927956463699047
292526633.74366355 -22.927424252028924
308121358.87140083 -22.926944521992553
324547445.74113256 -22.92651210083787
341849214.6175927 -22.926122325186448
360073348.49856204 -22.925770990967465
379269019.0732238 -22.92545430824482
399488019.39541787 -22.925168860484177
420784903.6297398 -22.92491156780615
443217134.24760854 -22.924679653855456
466845237.07037944 -22.924470615913513
491732964.5779006 -22.92428219796605
517947467.9231202 -22.924112366387046
545559478.1168514 -22.923959288048255
574643496.8715974 -22.92382131056218
605277997.6193355 -22.923696944463757
637545637.2456493 -22.923584847166985
671533479.1115135 -22.9234838084836
707333227.9644439 -22.923392737567617
745041477.3728887 -22.923310651158534
784759970.3514622 -22.923236662973515
826595873.8801795 -22.92316997414303
870662068.0585117 -22.923109864591265
917077450.674293 -22.923055685268572
965967258.0093802 -22.923006851146628
1017463402.7476043 -22.922962834912887
1071704829.8967092 -22.922923161256783
1128837891.6846883 -22.922887401766204
1189016742.44199 -22.92285517028775
1252403754.5350692 -22.922826118759637
1319169956.473569 -22.922799933457988
1389495494.373136 -22.92277633160676
1463570118.0190797 -22.92275505833134
1541593692.8422735 -22.922735883893797
1623776739.1887176 -22.92271860122809
1710341000.337838 -22.92270302369218
1801520040.802024 -22.92268898305607
1897559876.5218503 -22.9226763276916
1998719638.6572526 -22.922664920929037
2105272272.7657027 -22.922654639577956
2217505275.2539296 -22.922645372605057
2335721469.0901213 -22.922637019928782
2460239820.8697777 -22.92262949134731
2591396301.439652 -22.92262270555147
2729544792.402002 -22.92261658925924
2875058040.944877 -22.92261107641277
3028328665.5749454 -22.92260610747888
3189770215.466325 -22.922601628790265
3359818286.2837744 -22.922597591981855
3538931695.4909844 -22.922593953455724
3727593720.314938 -22.922590673914858
3926313401.7068396 -22.92258771794289
4135626917.8176975 -22.922585053613794
4356099030.694599 -22.922582652155494
4588324610.100841 -22.9225804876317
4832930238.571753 -22.922578536666663
5090575902.036687 -22.922576778187917
5361956770.568806 -22.92257519320534
5647805074.067546 -22.922573764603644
5948892077.934331 -22.922572476949927
6266030164.072656 -22.922571316340136
6600075022.827075 -22.92257027023887
6951927961.775591 -22.9225693273499
7322538337.6045265 -22.922568477488383
7712906117.627993 -22.922567711476724
8124084577.862974 -22.922567021042816
8557183144.939984 -22.922566398727827
9013370389.51742 -22.922565837814233
9493877179.27582 -22.922565332240346
10000000000.0 -22.922564876548705
10.0 -213.5497204317394
10.53310445370937 -213.0985743479676
11.094628943275218 -212.6473948428061
11.686088553466515 -212.19622938284076
12.309079138896024 -211.74505781320673
12.965281629896682 -211.29393047279305
13.65646656794611 -210.84274293947425
14.38449888287663 -210.39155391086285
15.15134292476053 -209.940386059362
15.95906776404731 -209.48921720000487
16.80985277425364 -209.0380194889094
17.70599351226899 -208.58683446047735
18.64990791214297 -208.1356282087862
19.644142809066278 -207.68440855632429
20.6913808111479 -207.23318821364924
21.794447537529855 -206.781979406739
22.956319242369098 -206.33072212589698
24.180130845257207 -205.87946991650523
25.4691843897454 -205.42821039156166
26.826957952797258 -204.97691961430542
28.257115029208283 -204.5256237344301
29.76351441631318 -204.07431201000475
31.350220625651154 -203.62296113071199
33.02151484968176 -203.17161154004194
34.7819065131413 -202.72020911487414
36.63614544020716 -202.26879999913223
38.58923467029903 -201.81734783907072
40.646443957096295 -201.36586296612143
42.81332398719393 -200.914346148817
45.095721356761466 -200.46278186412476
47.499794346614124 -200.01115694780609
50.03202953826004 -199.55949578718676
52.699259315756564 -199.10776950426362
55.50868030059805 -198.65598395213362
58.467872769375894 -198.20411959876068
61.58482110660264 -197.75217139743302
64.86793534788511 -197.30007291088086
68.32607387157402 -196.84800703547916
71.96856730011521 -196.39576689216779
75.8052436755926 -195.94340448733067
79.84645497739086 -195.49090649568416
84.10310505352605 -195.0382562857567
88.58667904100822 -194.58544247511642
93.30927435461668 -194.1324487697404
98.28363332770026 -193.67924705728367
103.52317759307378 -193.22582536206363
109.04204429677526 -192.7721438274237
114.8551242423938 -192.3181926999083
120.97810206889012 -191.86393419390794
127.42749857031335 -191.4093347646945
134.2207152716012 -190.9543556989851
141.37608138073614 -190.49896169445074
148.91290324394086 -190.0431039970418
156.85151643735477 -189.586735248036
165.213340635737 -189.12980220071492
174.0209374062485 -188.67223917110633
183.29807108324357 -188.2139858369591
193.06977288832496 -187.75496448870751
203.36240846866724 -187.29509652706085
214.2037490358383 -186.83429150183832
225.62304629706352 -186.37245293132048
237.65111138110728 -185.90947265261758
250.32039797173255 -185.4452335730797
263.6650898730358 -184.97960445112057
277.7211932429355 -184.51244458633855
292.5266337436645 -184.0435992507592
308.1213588714002 -183.57289839750348
324.54744574113323 -183.10015795434933
341.84921461759274 -182.6251768573855
360.073348498562 -182.14773696234522
379.26901907322497 -181.66760216274338
399.48801939541704 -181.18451759143267
420.78490362974026 -180.69820775932487
443.21713424760856 -180.20837702395087
466.84523707037897 -179.71471045893438
491.73296457790156 -179.21686892946408
517.9474679231213 -178.71449640294404
545.5594781168514 -178.2072125340467
574.6434968715973 -177.6946197225814
605.2779976193349 -177.17630165119937
637.5456372456507 -176.65182541060557
671.5334791115142 -176.12074409167863
707.3332279644438 -175.5825993544811
745.0414773728917 -175.03692771043256
784.7599703514607 -174.48326046929986
826.5958738801812 -173.92113164916523
870.6620680585127 -173.35008445435793
917.0774506742931 -172.76967321194675
965.9672580093833 -172.17947652070882
1017.4634027476063 -171.57909357676348
1071.7048298967104 -170.96816311698757
1128.8378916846884 -170.34636052483276
1189.01674244199 -169.7134076660509
1252.4037545350732 -169.06907810160794
1319.1699564735716 -168.4132010897466
1389.4954943731375 -167.7456662154358
1463.5701180190797 -167.06642359166239
1541.5936928422718 -166.3754870849348
1623.776739188721 -165.672932989268
1710.3410003378397 -164.95889884917665
1801.520040802024 -164.23358009697006
1897.5598765218504 -163.49722626660798
1998.7196386572507 -162.7501360734195
2105.272272765707 -161.99265162298303
2217.505275253932 -161.22515212213125
2335.7214690901214 -160.44804724896278
2460.239820869775 -159.66177060593378
2591.3963014396572 -158.86677311437884
2729.5447924020073 -158.06351681511978
2875.0580409448803 -157.25246880979935
3028.3286655749457 -156.43409627179904
3189.7702154663216 -155.6088614057912
3359.818286283781 -154.77721768367198
3538.9316954909877 -153.9396061564936
3727.593720314938 -153.09645283535258
3926.3134017068355 -152.2481664203656
4135.626917817706 -151.39513671970838
4356.099030694608 -150.5377335600517
4588.324610100844 -149.67630594012198
4832.930238571752 -148.81118198625308
5090.575902036681 -147.94266882587854
5361.956770568817 -147.07105292142876
5647.805074067552 -146.19660053408123
5948.892077934331 -145.31955857018198
6266.030164072656 -144.44015518417515
6600.075022827095 -143.55860081465076
6951.927961775606 -142.67508906654737
7322.538337604534 -141.78979778129263
7712.906117627992 -140.90288991512062
8124.0845778629655 -140.0145146341828
8557.183144940002 -139.12480825085092
9013.37038951743 -138.23389514576522
9493.87717927582 -137.3418886856611
10000.0 -136.44889211762072
10533.104453709382 -135.55499933487692
11094.628943275218 -134.66029568010467
11686.088553466498 -133.76485864227107
12309.079138896019 -132.86875855013096
12965.281629896688 -131.972059175062
13656.466567946096 -131.07481832202814
14384.498882876629 -130.1770883465146
15151.342924760515 -129.27891667240405
15959.06776404731 -128.38034619637943
16809.852774253653 -127.48141575371159
17705.99351226898 -126.58216046984134
18649.907912142942 -125.68261209561184
19644.142809066267 -124.78279934972385
20691.3808111479 -123.88274819202445
21794.447537529835 -122.9824820760487
22956.319242369096 -122.08202220902253
24180.13084525718 -121.18138775938078
25469.184389745402 -120.28059604549937
26826.957952797275 -119.37966272721717
28257.115029208268 -118.47860196063945
29763.51441631313 -117.57742655025119
31350.220625651124 -116.67614808147995
33021.51484968176 -115.77477704059169
34781.90651314134 -114.87332292908185
36636.14544020716 -113.97179435834131
38589.23467029899 -113.07019914720975
40646.44395709628 -112.16854439313401
42813.32398719396 -111.26683657068591
45095.721356761445 -110.36508156776428
47499.79434661403 -109.46328478329542
50032.029538259994 -108.56145115526617
52699.259315756564 -107.65958523524577
55508.680300598106 -106.75769121947906
58467.87276937589 -105.85577300771087
61584.82110660255 -104.95383424206635
64867.935347885075 -104.05187833785237
68326.07387157406 -103.14990852518642
71968.56730011514 -102.2479278920548
75805.24367559262 -101.34593940434571
79846.45497739078 -100.44394594478632
84103.10505352604 -99.54195034293527
88586.67904100832 -98.63995540501136
93309.27435461663 -97.73796394450855
98283.63332770011 -96.83597881493517
103523.17759307378 -95.93400293319704
109042.04429677526 -95.03203932089491
114855.12424239368 -94.13009112776521
120978.10206889013 -93.22816167445029
127427.49857031321 -92.32625447878895
134220.7152716012 -91.42437330132653
141376.08138073614 -90.52252218230471
148912.90324394088 -89.62070548604821
156851.5164373548 -88.71892794748034
165213.34063573685 -87.81719472203635
174020.9374062485 -86.91551144402156
183298.07108324338 -86.01388428368651
193069.77288832495 -85.11232001575246
203362.40846866704 -84.21082609091408
214203.74903583832 -83.30941071585143
225623.04629706353 -82.4080829412753
237651.11138110727 -81.50685275811584
250320.39797173254 -80.60573120430394
263665.08987303555 -79.70473048312691
277721.1932429355 -78.80386409198216
292526.6337436642 -77.90314696608685
308121.35887140024 -77.00259563745249
324547.44574113254 -76.10222840902422
341849.21461759275 -75.20206554817828
360073.348498562 -74.30212950043332
379269.0190732246 -73.40244512455266
399488.019395417 -72.50303995322557
420784.9036297398 -71.60394448004894
443217.13424760854 -70.70519247653476
466845.2370703785 -69.80682134118928
491732.9645779016 -68.90887248496766
517947.46792312124 -68.01139175514093
545559.4781168514 -67.11442990216497
574643.4968715974 -66.21804309294042
605277.9976193343 -65.32229347473822
637545.6372456506 -64.42724979399988
671533.4791115135 -63.53298807467044
707333.2279644439 -62.63959236059464
745041.4773728917 -61.74715552696555
784759.9703514606 -60.85578016560177
826595.8738801812 -59.965579548887085
870662.0680585118 -59.076678677171316
917077.4506742931 -58.18921541372458
965967.2580093823 -57.30334171166166
1017463.4027476063 -56.41922493526803
1071704.8298967092 -55.53704927859789
1128837.8916846884 -54.65701728155786
1189016.74244199 -53.77935144273537
1252403.7545350718 -52.904295925388425
1319169.9564735717 -52.03211835073175
1389495.494373136 -51.163111668281644
1463570.1180190798 -50.29759608944058
1541593.6928422702 -49.435921064897535
1623776.739188721 -48.57846728026378
1710341.0003378377 -47.72564863762942
1801520.0408020238 -46.87791418206869
1897559.8765218505 -46.03574992339201
1998719.6386572486 -45.19968049326983
2105272.272765707 -44.37027056712826
2217505.2752539297 -43.548125969091274
2335721.4690901213 -42.733894367162
2460239.8208697727 -41.928265455375325
2591396.3014396573 -41.13197051069443
2729544.792402007 -40.3457812058872
2875058.040944877 -39.57050755663752
3028328.6655749455 -38.80699488332043
3189770.215466318 -38.05611967619518
3359818.286283781 -37.31878426897384
3538931.6954909842 -36.595910250918685
3727593.720314938 -35.888430582576554
3926313.4017068394 -35.1972804254454
4135626.917817706 -34.523386750589815
4356099.030694608 -33.86765685403699
4588324.61010084 -33.23096597505666
4832930.238571752 -32.61414428313404
5090575.902036676 -32.01796356585663
5361956.770568817 -31.443124007158133
5647805.074067546 -30.890241487585524
5948892.077934331 -30.35983585979374
6266030.164072656 -29.852320648873565
6600075.022827089 -29.367994595818878
6951927.961775606 -28.907035403104352
7322538.337604526 -28.469495956542605
7712906.117627992 -28.05530319255702
8124084.5778629575 -27.664259662102587
8557183.144940002 -27.296047720534556
9013370.38951742 -26.950236156422775
9493877.17927582 -26.626288969938493
10000000.0 -26.32357593053999
10533104.45370936 -26.041384488697837
11094628.943275219 -25.778932589668813
11686088.553466497 -25.535381937955727
12309079.138896018 -25.30985128632326
12965281.629896663 -25.101429368236698
13656466.567946097 -24.909187151722712
14384498.882876629 -24.732189159912295
15151342.924760515 -24.569503673373127
15959067.76404731 -24.420211696893134
16809852.774253618 -24.2834146351018
17705993.51226898 -24.15824067454727
18649907.912142944 -24.0438499134237
19644142.809066266 -23.939438313474987
20691380.811147902 -23.844240572308646
21794447.537529834 -23.7575320291592
22956319.242369097 -23.678629724463
24180130.84525718 -23.6068927347689
25469184.3897454 -23.54172190091459
26826957.95279722 -23.482559060412743
28257115.02920827 -23.428885885698794
29763514.41631313 -23.380222419313277
31350220.62565112 -23.336125385919075
33021514.849681754 -23.296186350010622
34781906.51314127 -23.260029777495383
36636145.44020716 -23.22731104944495
38589234.67029899 -23.197714467402697
40646443.95709628 -23.170951281541065
42813323.98719387 -23.14675776615507
45095721.35676145 -23.124893360867873
47499794.346614026 -23.105138890972515
50032029.53825999 -23.08729487606231
52699259.31575657 -23.071179932696005
55508680.300597996 -23.05662927402163
58467872.7693759 -23.043493307095574
61584821.10660254 -23.031636326864927
64867935.34788508 -23.02093530453892
68326073.87157391 -23.011278767019007
71968567.30011514 -23.002565763428287
75805243.67559262 -22.994704914303018
79846454.97739078 -22.987613538727395
84103105.05352604 -22.981216854547817
88586679.04100814 -22.9754472468264
93309274.35461664 -22.970243599711804
98283633.32770011 -22.965550687064372
103523177.59307377 -22.961318617342748
109042044.29677527 -22.95750232846249
114855124.24239345 -22.95406112859306
120978102.06889038 -22.950958279046624
127427498.57031322 -22.948160615727367
134220715.2716012 -22.94563820578764
141376081.38073614 -22.94336403643768
148912903.24394056 -22.941313733037923
156851516.43735445 -22.939465303845296
165213340.63573685 -22.937798909023485
174020937.40624848 -22.936296651657972
183298071.08324376 -22.93494238878388
193069772.88832456 -22.933721560538753
203362408.46866703 -22.932621035772765
214203749.0358383 -22.931628972543088
225623046.2970626 -22.930734692107336
237651111.38110778 -22.929928565124392
250320397.97173202 -22.929201908903686
263665089.87303555 -22.928546894642743
277721193.2429355 -22.927956463699047
292526633.74366355 -22.927424252028924
308121358.87140083 -22.926944521992553
324547445.74113256 -22.92651210083787
341849214.6175927 -22.926122325186448
360073348.49856204 -22.925770990967465
379269019.0732238 -22.92545430824482
399488019.39541787 -22.925168860484177
420784903.6297398 -22.92491156780615
443217134.24760854 -22.924679653855456
466845237.07037944 -22.924470615913513
491732964.5779006 -22.92428219796605
517947467.9231202 -22.924112366387046
545559478.1168514 -22.923959288048255
574643496.8715974 -22.92382131056218
605277997.6193355 -22.923696944463757
637545637.2456493 -22.923584847166985
671533479.1115135 -22.9234838084836
707333227.9644439 -22.923392737567617
745041477.3728887 -22.923310651158534
784759970.3514622 -22.923236662973515
826595873.8801795 -22.92316997414303
870662068.0585117 -22.923109864591265
917077450.674293 -22.923055685268572
965967258.0093802 -22.923006851146628
1017463402.7476043 -22.922962834912887
1071704829.8967092 -22.922923161256783
1128837891.6846883 -22.922887401766204
1189016742.44199 -22.92285517028775
1252403754.5350692 -22.922826118759637
1319169956.473569 -22.922799933457988
1389495494.373136 -22.92277633160676
1463570118.0190797 -22.92275505833134
1541593692.8422735 -22.922735883893797
1623776739.1887176 -22.92271860122809
1710341000.337838 -22.92270302369218
1801520040.802024 -22.92268898305607
1897559876.5218503 -22.9226763276916
1998719638.6572526 -22.922664920929037
2105272272.7657027 -22.922654639577956
2217505275.2539296 -22.922645372605057
2335721469.0901213 -22.922637019928782
2460239820.8697777 -22.92262949134731
2591396301.439652 -22.92262270555147
2729544792.402002 -22.92261658925924
2875058040.944877 -22.92261107641277
3028328665.5749454 -22.92260610747888
3189770215.466325 -22.922601628790265
3359818286.2837744 -22.922597591981855
3538931695.4909844 -22.922593953455724
3727593720.314938 -22.922590673914858
3926313401.7068396 -22.92258771794289
4135626917.8176975 -22.922585053613794
4356099030.694599 -22.922582652155494
4588324610.100841 -22.9225804876317
4832930238.571753 -22.922578536666663
5090575902.036687 -22.922576778187917
5361956770.568806 -22.92257519320534
5647805074.067546 -22.922573764603644
5948892077.934331 -22.922572476949927
6266030164.072656 -22.922571316340136
6600075022.827075 -22.92257027023887
6951927961.775591 -22.9225693273499
7322538337.6045265 -22.922568477488383
7712906117.627993 -22.922567711476724
8124084577.862974 -22.922567021042816
8557183144.939984 -22.922566398727827
9013370389.51742 -22.922565837814233
9493877179.27582 -22.922565332240346
10000000000.0 -22.922564876548705
