10.0 -21.47749059716495
10.53310445370937 -21.344976701671357
11.094628943275218 -21.202539306832485
11.686088553466515 -21.049791624395024
12.309079138896024 -20.88638248693711
12.965281629896682 -20.712002710226635
13.65646656794611 -20.526390969112004
14.38449888287663 -20.32933897262928
15.15134292476053 -20.120695718318785
15.95906776404731 -19.900370653555342
16.80985277425364 -19.668335598993867
17.70599351226899 -19.424625352956834
18.64990791214297 -19.16933694439877
19.644142809066278 -18.902627577532567
20.6913808111479 -18.62471134400763
21.794447537529855 -18.33585486490211
22.956319242369098 -18.03637203234028
24.180130845257207 -17.726618069586856
25.4691843897454 -17.406983133122147
26.826957952797258 -17.077885683982224
28.257115029208283 -16.739765841431176
29.76351441631318 -16.393078908327414
31.350220625651154 -16.038289233384926
33.02151484968176 -15.6758645380288
34.7819065131413 -15.306270796543393
36.63614544020716 -14.92996773697995
38.58923467029903 -14.547404983870534
40.646443957096295 -14.159018851101514
42.81332398719393 -13.765229759452154
45.095721356761466 -13.366440244247269
47.499794346614124 -12.963033506219306
50.03202953826004 -12.55537244593516
52.699259315756564 -12.143799122227323
55.50868030059805 -11.728634576607838
58.467872769375894 -11.310178960769989
61.58482110660264 -10.88871191500845
64.86793534788511 -10.464493143571014
68.32607387157402 -10.037763143790258
71.96856730011521 -9.608744047618385
75.8052436755926 -9.177640540812764
79.84645497739086 -8.744640831463084
84.10310505352605 -8.309917641955911
88.58667904100822 -7.873629207613949
93.30927435461668 -7.43592026198306
98.28363332770026 -6.99692300099867
103.52317759307378 -6.556758012288649
109.04204429677526 -6.1155351668419256
114.8551242423938 -5.6733544655459065
120.97810206889012 -5.230306839795737
127.42749857031335 -4.786474902501084
134.2207152716012 -4.341933650695306
141.37608138073614 -3.8967511202644074
148.91290324394086 -3.4509889929064954
156.85151643735477 -3.004703157511482
165.213340635737 -2.55794422803255
174.0209374062485 -2.1107580205713288
183.29807108324357 -1.6631859899916392
193.06977288832496 -1.2152656310483454
203.36240846866724 -0.7670308458194559
214.2037490358383 -0.31851227764140017
225.62304629706352 0.13026238288216413
237.65111138110728 0.5792681199354452
250.32039797173255 1.028482339199208
263.6650898730358 1.4778846371234053
277.7211932429355 1.9274565922535516
292.5266337436645 2.3771815760233856
308.1213588714002 2.8270445791862953
324.54744574113323 3.277032057160193
341.84921461759274 3.7271317880642285
360.073348498562 4.177332744567389
379.26901907322497 4.627624978652714
399.48801939541704 5.077999516305126
420.78490362974026 5.528448262976942
443.21713424760856 5.978963917917627
466.84523707037897 6.429539897074845
491.73296457790156 6.880170262125889
517.9474679231213 7.33084965882953
545.5594781168514 7.781573258478083
574.6434968715973 8.232336707458582
605.2779976193349 8.683136080219851
637.5456372456507 9.133967837077826
671.5334791115142 9.584828787098553
707.3332279644438 10.035716053192495
745.0414773728917 10.486627041618773
784.7599703514607 10.937559414060459
826.5958738801812 11.388511062271828
870.6620680585127 11.839480085838725
917.0774506742931 12.29046477191928
965.9672580093833 12.741463575700635
1017.4634027476063 13.19247510545993
1071.7048298967104 13.64349810605773
1128.8378916846884 14.094531446114132
1189.01674244199 14.54557410606954
1252.4037545350732 14.996625166730306
1319.1699564735716 15.44768379934522
1389.4954943731375 15.89874925742989
1463.5701180190797 16.349820867393685
1541.5936928422718 16.800898022547287
1623.776739188721 17.251980175892477
1710.3410003378397 17.703066834425115
1801.520040802024 18.154157553685177
1897.5598765218504 18.60525193300141
1998.7196386572507 19.056349611548292
2105.272272765707 19.507450263627398
2217.505275253932 19.958553596010823
2335.7214690901214 20.40965934425151
2460.239820869775 20.86076726997877
2591.3963014396572 21.3118771584153
2729.5447924020073 21.762988816032426
2875.0580409448803 22.214102068068623
3028.3286655749457 22.665216757429107
3189.7702154663216 23.116332742141168
3359.818286283781 23.567449894423923
3538.9316954909877 24.01856809931064
3727.593720314938 24.46968725275649
3926.3134017068355 24.920807261132953
4135.626917817706 25.371928040247056
4356.099030694608 25.82304951385362
4588.324610100844 26.27417161372074
4832.930238571752 26.725294277734633
5090.575902036681 27.176417450556475
5361.956770568817 27.627541081803905
5647.805074067552 28.078665126182948
5948.892077934331 28.529789543080653
6266.030164072656 28.980914295766095
6600.075022827095 29.43203935094614
6951.927961775606 29.883164678884956
7322.538337604534 30.334290252646507
7712.906117627992 30.78541604799799
8124.0845778629655 31.23654204304629
8557.183144940002 31.68766821817151
9013.37038951743 32.13879455547453
9493.87717927582 32.58992103896277
10000.0 33.04104765435451
10533.104453709382 33.49217438856196
11094.628943275218 33.94330122987876
11686.088553466498 34.39442816754524
12309.079138896019 34.845555192321505
12965.281629896688 35.29668229568781
13656.466567946096 35.74780946950725
14384.498882876629 36.198936707079284
15151.342924760515 36.650064002018105
15959.06776404731 37.101191348803624
16809.852774253653 37.55231874226076
17705.99351226898 38.00344617762184
18649.907912142942 38.45457365100514
19644.142809066267 38.90570115848823
20691.3808111479 39.35682869676232
21794.447537529835 39.80795626281877
22956.319242369096 40.25908385383927
24180.13084525718 40.71021146741632
25469.184389745402 41.161339101348005
26826.957952797275 41.612466753628546
28257.115029208268 42.063594422319284
29763.51441631313 42.514722105964545
31350.220625651124 42.96584980300853
33021.51484968176 43.416977512062644
34781.90651314134 43.8681052320473
36636.14544020716 44.31923296189162
38589.23467029899 44.770360700548366
40646.44395709628 45.22148844724239
42813.32398719396 45.672616201206125
45095.721356761445 46.12374396152561
47499.79434661403 46.574871727653175
50032.029538259994 47.02599949900563
52699.259315756564 47.477127275264685
55508.680300598106 47.92825505570689
58467.87276937589 48.37938283999443
61584.82110660255 48.83051062787675
64867.935347885075 49.281638418861164
68326.07387157406 49.73276621256855
71968.56730011514 50.18389400890903
75805.24367559262 50.635021807349716
79846.45497739078 51.08614960816547
84103.10505352604 51.53727741063005
88586.67904100832 51.988405214806676
93309.27435461663 52.439533020633355
98283.63332770011 52.89066082760205
103523.17759307378 53.34178863590573
109042.04429677526 53.79291644534712
114855.12424239368 54.244044255963004
120978.10206889013 54.69517206705806
127427.49857031321 55.14629987932244
134220.7152716012 55.597427692204576
141376.08138073614 56.04855550554242
148912.90324394088 56.49968331992711
156851.5164373548 56.95081113424741
165213.34063573685 57.40193894945712
174020.9374062485 57.853066765107485
183298.07108324338 58.304194580929604
193069.77288832495 58.755322397201375
203362.40846866704 59.20645021410535
214203.74903583832 59.657578031055074
225623.04629706353 60.10870584832314
237651.11138110727 60.559833665302506
250320.39797173254 61.01096148312764
263665.08987303555 61.462089300689094
277721.1932429355 61.913217118813236
292526.6337436642 62.36434493687127
308121.35887140024 62.815472756242244
324547.44574113254 63.266600573792964
341849.21461759275 63.717728392465645
360073.348498562 64.16885621094978
379269.0190732246 64.61998403004374
399488.019395417 65.07111184881529
420784.9036297398 65.522239667141
443217.13424760854 65.97336748598862
466845.2370703785 66.4244953049793
491732.9645779016 66.87562312388954
517947.46792312124 67.32675094325313
545559.4781168514 67.7778787623946
574643.4968715974 68.22900658187234
605277.9976193343 68.68013440102428
637545.6372456506 69.13126222009498
671533.4791115135 69.58239003937128
707333.2279644439 70.03351785888069
745041.4773728917 70.48464567799391
784759.9703514606 70.93577349710804
826595.8738801812 71.38690131775175
870662.0680585118 71.83802913707356
917077.4506742931 72.28915695622011
965967.2580093823 72.74028477503909
1017463.4027476063 73.19141259413345
1071704.8298967092 73.64254041524542
1128837.8916846884 74.09366823354878
1189016.74244199 74.544796053024
1252403.7545350718 74.99592387233163
1319169.9564735717 75.44705169177124
1389495.494373136 75.8981795128055
1463570.1180190798 76.349307330528
1541593.6928422702 76.80043515168218
1623776.739188721 77.25156296925256
1710341.0003378377 77.70269078982732
1801520.0408020238 78.15381861109866
1897559.8765218505 78.60494642890372
1998719.6386572486 79.05607424800705
2105272.272765707 79.50720206939502
2217505.2752539297 79.95832988979546
2335721.4690901213 80.40945770775187
2460239.8208697727 80.86058552583202
2591396.3014396573 81.3117133476633
2729544.792402007 81.76284116482206
2875058.040944877 82.21396898397899
3028328.6655749455 82.66509680658731
3189770.215466318 83.11622462466319
3359818.286283781 83.56735244330156
3538931.6954909842 84.01848026226169
3727593.720314938 84.46960808281686
3926313.4017068394 84.92073589972945
4135626.917817706 85.3718637205008
4356099.030694608 85.8229915415432
4588324.61010084 86.27411935917081
4832930.238571752 86.72524718078472
5090575.902036676 87.17637500130367
5361956.770568817 87.62750282152754
5647805.074067546 88.07863063688649
5948892.077934331 88.5297584593012
6266030.164072656 88.98088627760286
6600075.022827089 89.43201409598447
6951927.961775606 89.88314191905121
7322538.337604526 90.3342697353858
7712906.117627992 90.78539755311473
8124084.5778629575 91.23652537812893
8557183.144940002 91.68765319420379
9013370.38951742 92.13878101601834
9493877.17927582 92.58990883907833
10000000.0 93.04103665447583
10533104.45370936 93.49216447185992
11094628.943275219 93.94329229889236
11686088.553466497 94.39442011530846
12309079.138896018 94.84554793633063
12965281.629896663 95.29667575388517
13656466.567946097 95.74780356363311
14384498.882876629 96.1989313906856
15151342.924760515 96.65005921175583
15959067.76404731 97.10118702030512
16809852.774253618 97.55231484104928
17705993.51226898 98.00344268705012
18649907.912142944 98.45457048681212
19644142.809066266 98.90569830262672
20691380.811147902 99.35682611873037
21794447.537529834 99.8079539296878
22956319.242369097 100.259081757125
24180130.84525718 100.7102095853371
25469184.3897454 101.1613373908004
26826957.95279722 101.61246522983802
28257115.02920827 102.06359307755486
29763514.41631313 102.5147208697451
31350220.62565112 102.96584868115443
33021514.849681754 103.41697646719061
34781906.51314127 103.86810433024394
36636145.44020716 104.31923212111533
38589234.67029899 104.77035996548705
40646443.95709628 105.22148779654441
42813323.98719387 105.67261567462815
45095721.35676145 106.12374344360853
47499794.346614026 106.57487130172584
50032029.53825999 107.02599909136677
52699259.31575657 107.47712687232415
55508680.300597996 107.92825470995686
58467872.7693759 108.37938249647083
61584821.10660254 108.83051042893828
64867935.34788508 109.28163813459513
68326073.87157391 109.73276584680042
71968567.30011514 110.1838937476366
75805243.67559262 110.63502153960314
79846454.97739078 111.08614943113704
84103105.05352604 111.53727728444237
88586679.04100814 111.98840507588852
93309274.35461664 112.43953296331902
98283633.32770011 112.89066075295369
103523177.59307377 113.34178861452712
109042044.29677527 113.79291644870409
114855124.24239345 114.24404394630267
120978102.06889038 114.69517206240911
127427498.57031322 115.14629985165377
134220715.2716012 115.5974275710522
141376081.38073614 116.04855557782322
148912903.24394056 116.49968327401186
156851516.43735445 116.95081118520432
165213340.63573685 117.40193874497537
174020937.40624848 117.85306671249317
183298071.08324376 118.30419457242016
193069772.88832456 118.75532213548632
203362408.46866703 119.20645015497315
214203749.0358383 119.6575781029682
225623046.2970626 120.10870612273293
237651111.38110778 120.55983349978024
250320397.97173202 121.01096146015992
263665089.87303555 121.462089108425
277721193.2429355 121.91321716207614
292526633.74366355 122.36434484048898
308121358.87140083 122.81547269944043
324547445.74113256 123.26660063774906
341849214.6175927 123.71772854825227
360073348.49856204 124.16885622890635
379269019.0732238 124.61998415655219
399488019.39541787 125.07111147490805
420784903.6297398 125.52223967920098
443217134.24760854 125.9733674259814
466845237.07037944 126.42449554770647
491732964.5779006 126.87562349564458
517947467.9231202 127.32675070161854
545559478.1168514 127.77787882453677
574643496.8715974 128.22900656442715
605277997.6193355 128.68013469356694
637545637.2456493 129.13126198818114
671533479.1115135 129.5823899080582
707333227.9644439 130.0335181054098
745041477.3728887 130.48464646502268
784759970.3514622 130.93577361071266
826595873.8801795 131.38690175800505
870662068.0585117 131.83802829007982
917077450.674293 132.28915779823598
965967258.0093802 132.74028497669562
1017463402.7476043 133.19141289144164
1071704829.8967092 133.64254029962873
1128837891.6846883 134.09366787597384
1189016742.44199 134.5447957818085
1252403754.5350692 134.9959232441217
1319169956.473569 135.4470510087815
1389495494.373136 135.89817959859965
1463570118.0190797 136.34930800747202
1541593692.8422735 136.80043464889678
1623776739.1887176 137.25156185307333
1710341000.337838 137.70268972954153
1801520040.802024 138.15381770440328
1897559876.5218503 138.6049455605567
1998719638.6572526 139.05607390055596
2105272272.7657027 139.5072025508552
2217505275.2539296 139.95832956132264
2335721469.0901213 140.40945525676142
2460239820.8697777 140.86058542175215
2591396301.439652 141.31171296862163
2729544792.402002 141.76283932674374
2875058040.944877 142.2139671959722
3028328665.5749454 142.66509496590106
3189770215.466325 143.11622128972652
3359818286.2837744 143.56735070376988
3538931695.4909844 144.01848154128947
3727593720.314938 144.46960684264786
3926313401.7068396 144.920735038281
4135626917.8176975 145.37186210672024
4356099030.694599 145.82299272730566
4588324610.100841 146.27412097696134
4832930238.571753 146.72524496353793
5090575902.036687 147.1763726026313
5361956770.568806 147.62750213653757
5647805074.067546 148.07863056907885
5948892077.934331 148.52976215887796
6266030164.072656 148.98088639534447
6600075022.827075 149.4320098899576
6951927961.775591 149.88315004938258
7322538337.6045265 150.33426861146924
7712906117.627993 150.78539234184777
8124084577.862974 151.23652289167234
8557183144.939984 151.68764601871894
9013370389.51742 152.13877504945566
9493877179.27582 152.58991011847507
10000000000.0 153.0410370498308
10.0 -26.015641402242586
10.53310445370937 -26.167674991377837
11.094628943275218 -26.306605993160655
11.686088553466515 -26.430198342615896
12.309079138896024 -26.536625050656983
12.965281629896682 -26.62458245365242
13.65646656794611 -26.69336756099422
14.38449888287663 -26.742907857210596
15.15134292476053 -26.77373985269409
15.95906776404731 -26.78694064863123
16.80985277425364 -26.784023536164604
17.70599351226899 -26.766812642623815
18.64990791214297 -26.737312536342692
19.644142809066278 -26.69758638906425
20.6913808111479 -26.649652499466015
21.794447537529855 -26.59540426819536
22.956319242369098 -26.53655479833933
24.180130845257207 -26.474604247005203
25.4691843897454 -26.410826252124572
26.826957952797258 -26.34626907064661
28.257115029208283 -26.28176711282725
29.76351441631318 -26.217959075582208
31.350220625651154 -26.15530960371965
33.02151484968176 -26.09413220091826
34.7819065131413 -26.034611784196837
36.63614544020716 -25.97682584981408
38.58923467029903 -25.920763699834055
40.646443957096295 -25.86634345222288
42.81332398719393 -25.81342684105365
45.095721356761466 -25.761831903809288
47.499794346614124 -25.711343772072333
50.03202953826004 -25.66172382829995
52.699259315756564 -25.612717481584365
55.50868030059805 -25.564060838547967
58.467872769375894 -25.51548650023522
61.58482110660264 -25.46672871496007
64.86793534788511 -25.417528081278533
68.32607387157402 -25.367635934446756
71.96856730011521 -25.316818568332362
75.8052436755926 -25.264861332747262
79.84645497739086 -25.211572675740186
84.10310505352605 -25.156788111530496
88.58667904100822 -25.100374070069567
93.30927435461668 -25.042231547500332
98.28363332770026 -24.982299421836696
103.52317759307378 -24.920557303732686
109.04204429677526 -24.85702772316724
114.8551242423938 -24.79177749275741
120.97810206889012 -24.724918060237243
127.42749857031335 -24.65660471423552
134.2207152716012 -24.587034527758924
141.37608138073614 -24.51644300103304
148.91290324394086 -24.44509942442881
156.85151643735477 -24.37330106570366
165.213340635737 -24.30136636377885
174.0209374062485 -24.229627380648473
183.29807108324357 -24.158421814392533
193.06977288832496 -24.088084922728807
203.36240846866724 -24.01894169595128
214.2037490358383 -23.951299616660666
225.62304629706352 -23.88544229211867
237.65111138110728 -23.821624186042957
250.32039797173255 -23.760066601240702
263.6650898730358 -23.700954984318226
277.7211932429355 -23.64443754484347
292.5266337436645 -23.590625112728393
308.1213588714002 -23.539592101802892
324.54744574113323 -23.491378406416548
341.84921461759274 -23.445992037038927
360.073348498562 -23.403412293175855
379.26901907322497 -23.36359327885836
399.48801939541704 -23.326467580768067
420.78490362974026 -23.29194995845329
443.21713424760856 -23.259940918632264
466.84523707037897 -23.2303300774533
491.73296457790156 -23.20299924287339
517.9474679231213 -23.177825173864804
545.5594781168514 -23.154681992965674
574.6434968715973 -23.133443252799495
605.2779976193349 -23.11398366099198
637.5456372456507 -23.096180488329953
671.5334791115142 -23.079914684019904
707.3332279644438 -23.065071728410093
745.0414773728917 -23.05154225710258
784.7599703514607 -23.039222485741515
826.5958738801812 -23.028014468875625
870.6620680585127 -23.01782621885068
917.0774506742931 -23.00857171231072
965.9672580093833 -23.00017080698511
1017.4634027476063 -22.992549087909367
1071.7048298967104 -22.985637661927647
1128.8378916846884 -22.979372913275768
1189.01674244199 -22.97369623360541
1252.4037545350732 -22.96855373624389
1319.1699564735716 -22.96389596208765
1389.4954943731375 -22.959677583905815
1463.5701180190797 -22.9558571140012
1541.5936928422718 -22.95239661891293
1623.776739188721 -22.949261443718463
1710.3410003378397 -22.946419948249964
1801.520040802024 -22.943843255891778
1897.5598765218504 -22.94150501624842
1998.7196386572507 -22.939381181476914
2105.272272765707 -22.937449796606263
2217.505275253932 -22.93569080343588
2335.7214690901214 -22.934085857383923
2460.239820869775 -22.93261815660422
2591.3963014396572 -22.931272283150548
2729.5447924020073 -22.93003405460972
2875.0580409448803 -22.928890385846337
3028.3286655749457 -22.92782916001983
3189.7702154663216 -22.92683910751589
3359.818286283781 -22.92590969264149
3538.9316954909877 -22.925031006305048
3727.593720314938 -22.924193664511687
3926.3134017068355 -22.923388711832832
4135.626917817706 -22.92260752803445
4356.099030694608 -22.921841738371107
4588.324610100844 -22.921083125765062
4832.930238571752 -22.92032354435404
5090.575902036681 -22.91955483357125
5361.956770568817 -22.91876873166973
5647.805074067552 -22.917956788521956
5948.892077934331 -22.917110275889772
6266.030164072656 -22.916220095006217
6600.075022827095 -22.915276679985865
6951.927961775606 -22.914269896892154
7322.538337604534 -22.91318893641156
7712.906117627992 -22.912022199993128
8124.0845778629655 -22.910757177729195
8557.183144940002 -22.909380317317193
9013.37038951743 -22.90787688212206
9493.87717927582 -22.906230798161154
10000.0 -22.90442448699993
10533.104453709382 -22.902438684802142
11094.628943275218 -22.90025224454032
11686.088553466498 -22.897841920370936
12309.079138896019 -22.895182132287832
12965.281629896688 -22.892244708956405
13656.466567946096 -22.88899860687414
14384.498882876629 -22.88540960415351
15151.342924760515 -22.881439965775826
15959.06776404731 -22.877048079236157
16809.852774253653 -22.87218805811903
17705.99351226898 -22.86680931085479
18649.907912142942 -22.86085607296275
19644.142809066267 -22.854266901229032
20691.3808111479 -22.846974127363254
21794.447537529835 -22.83890327002119
22956.319242369096 -22.829972404861287
24180.13084525718 -22.820091490999328
25469.184389745402 -22.809161655650545
26826.957952797275 -22.79707443815076
28257.115029208268 -22.783710995442192
29763.51441631313 -22.768941274732267
31350.220625651124 -22.752623158097983
33021.51484968176 -22.734601589316902
34781.90651314134 -22.714707693266902
36636.14544020716 -22.69275790242158
38589.23467029899 -22.668553108728375
40646.44395709628 -22.641877863432054
42813.32398719396 -22.612499649968644
45095.721356761445 -22.580168262567838
47499.79434661403 -22.544615325038826
50032.029538259994 -22.505553991281605
52699.259315756564 -22.46267887132962
55508.680300598106 -22.415666232554404
58467.87276937589 -22.364174525381976
61584.82110660255 -22.307845286045108
64867.935347885075 -22.246304465054084
68326.07387157406 -22.179164226690133
71968.56730011514 -22.106025256010664
75805.24367559262 -22.026479597110065
79846.45497739078 -21.94011403031936
84103.10505352604 -21.84651397357058
88586.67904100832 -21.745267870002888
93309.27435461663 -21.635971991251722
98283.63332770011 -21.51823556176449
103523.17759307378 -21.39168607314167
109042.04429677526 -21.25597463626444
114855.12424239368 -21.11078119287637
120978.10206889013 -20.955819400283687
127427.49857031321 -20.790840997384482
134220.7152716012 -20.61563947509907
141376.08138073614 -20.430052897754454
148912.90324394088 -20.233965761193215
156851.5164373548 -20.027309822738548
165213.34063573685 -19.810063894052178
174020.9374062485 -19.582252645550447
183298.07108324338 -19.343944526824192
193069.77288832495 -19.095248951900704
203362.40846866704 -18.83631292969404
214203.74903583832 -18.567317337796332
225623.04629706353 -18.288473030564795
237651.11138110727 -18.000016959815998
250320.39797173254 -17.70220844922766
263665.08987303555 -17.39532572474434
277721.1932429355 -17.07966276194074
292526.6337436642 -16.755526465810448
308121.35887140024 -16.423234166699526
324547.44574113254 -16.083111389454483
341849.21461759275 -15.735489839099518
360073.348498562 -15.38070554455857
379269.0190732246 -15.019097103919346
399488.019395417 -14.651003993366158
420784.9036297398 -14.27676490991562
443217.13424760854 -13.896716142661724
466845.2370703785 -13.511189975478615
491732.9645779016 -13.12051313987594
517947.46792312124 -12.725005342439557
545559.4781168514 -12.324977894131628
574643.4968715974 -11.920732469403482
605277.9976193343 -11.51256001712458
637545.6372456506 -11.10073984304986
671533.4791115135 -10.68553887237076
707333.2279644439 -10.26721109752206
745041.4773728917 -9.845997208196028
784759.9703514606 -9.422124393481678
826595.8738801812 -8.995806306524852
870662.0680585118 -8.567243170462001
917077.4506742931 -8.136622012252344
965967.2580093823 -7.704117001024324
1017463.4027476063 -7.269889874730646
1071704.8298967092 -6.83409043443292
1128837.8916846884 -6.396857090713474
1189016.74244199 -5.958317445029866
1252403.7545350718 -5.518588893474071
1319169.9564735717 -5.077779240419822
1389495.494373136 -4.635987311978399
1463570.1180190798 -4.1933035616357355
1541593.6928422702 -3.749810660870769
1623776.739188721 -3.305584069790084
1710341.0003378377 -2.860692584184752
1801520.0408020238 -2.4151988561543263
1897559.8765218505 -1.9691598865244433
1998719.6386572486 -1.5226274882703048
2105272.272765707 -1.0756487205368965
2217505.2752539297 -0.6282662930140179
2335721.4690901213 -0.18051894248673667
2460239.8208697727 0.26755821918456085
2591396.3014396573 0.7159333827678217
2729544.792402007 1.164577745799813
2875058.040944877 1.6134652394854974
3028328.6655749455 2.0625722787871186
3189770.215466318 2.5118775337241206
3359818.286283781 2.961361719633209
3538931.6954909842 3.411007406073968
3727593.720314938 3.8607988426698885
3926313.4017068394 4.310721800490046
4135626.917817706 4.760763426894768
4356099.030694608 5.210912115532422
4588324.61010084 5.66115738577289
4832930.238571752 6.111489775498155
5090575.902036676 6.561900742571049
5361956.770568817 7.012382576402315
5647805.074067546 7.462928317302088
5948892.077934331 7.91353168363465
6266030.164072656 8.364187006371864
6600075.022827089 8.81488916939596
6951927.961775606 9.265633556021339
7322538.337604526 9.71641600009933
7712906.117627992 10.167232743366592
8124084.5778629575 10.618080394374424
8557183.144940002 11.06895589452871
9013370.38951742 11.519856484722355
9493877.17927582 11.970779676440198
10000000.0 12.421723226392402
10533104.45370936 12.872685111356967
11094628.943275219 13.323663508932098
11686088.553466497 13.774656775205651
12309079.138896018 14.225663430367577
12965281.629896663 14.676682140142356
13656466.567946097 15.1277117037081
14384498.882876629 15.578751038979807
15151342.924760515 16.029799171891646
15959067.76404731 16.480855225164067
16809852.774253618 16.931918409651757
17705993.51226898 17.382988014122763
18649907.912142944 17.834063399004776
19644142.809066266 18.285143988571168
20691380.811147902 18.736229264239
21794447.537529834 19.1873187598816
22956319.242369097 19.638412055159606
24180130.84525718 20.089508772330255
25469184.3897454 20.54060857125636
26826957.95279722 20.991711145602956
28257115.02920827 21.442816220167487
29763514.41631313 21.89392354621722
31350220.62565112 22.345032899839936
33021514.849681754 22.796144080751798
34781906.51314127 23.247256908136137
36636145.44020716 23.698371217522215
38589234.67029899 24.149486863624276
40646443.95709628 24.600603712263045
42813323.98719387 25.051721646326072
45095721.35676145 25.50284055615557
47499794.346614026 25.95396034631989
50032029.53825999 26.4050809305566
52699259.31575657 26.856202229167177
55508680.300597996 27.307324171188633
58467872.7693759 27.758446695044544
61584821.10660254 28.209569740441513
64867935.34788508 28.660693259250106
68326073.87157391 29.11181720096944
71968567.30011514 29.562941525578527
75805243.67559262 30.014066195760073
79846454.97739078 30.46519117668913
84103105.05352604 30.91631643789043
88586679.04100814 31.36744195135718
93309274.35461664 31.818567692786452
98283633.32770011 32.269693638480106
103523177.59307377 32.72081977115852
109042044.29677527 33.17194606895707
114855124.24239345 33.62307251559787
120978102.06889038 34.07419910073969
127427498.57031322 34.525325805879014
134220715.2716012 34.97645261976458
141376081.38073614 35.427579532286096
148912903.24394056 35.87870654115764
156851516.43735445 36.32983362368099
165213340.63573685 36.7809607792205
174020937.40624848 37.23208800272515
183298071.08324376 37.68321528400543
193069772.88832456 38.134342621603736
203362408.46866703 38.58546999768448
214203749.0358383 39.036597421077
225623046.2970626 39.48772489145964
237651111.38110778 39.93885239134416
250320397.97173202 40.38997991916407
263665089.87303555 40.84110748061926
277721193.2429355 41.29223506432134
292526633.74366355 41.743362671676735
308121358.87140083 42.19449030009045
324547445.74113256 42.64561794642496
341849214.6175927 43.096745619046324
360073348.49856204 43.547873295196965
379269019.0732238 43.99900099060885
399488019.39541787 44.45012869341596
420784903.6297398 44.90125640841687
443217134.24760854 45.35238413847328
466845237.07037944 45.80351187182711
491732964.5779006 46.25463961997366
517947467.9231202 46.70576737126305
545559478.1168514 47.15689513209944
574643496.8715974 47.60802289120966
605277997.6193355 48.059150663946475
637545637.2456493 48.51027843496166
671533479.1115135 48.96140621460632
707333227.9644439 49.41253399791077
745041477.3728887 49.8636617885349
784759970.3514622 50.31478957631723
826595873.8801795 50.76591738183876
870662068.0585117 51.21704516612702
917077450.674293 51.66817296630664
965967258.0093802 52.119300767685104
1017463402.7476043 52.570428565024
1071704829.8967092 53.02155636123007
1128837891.6846883 53.47268418417285
1189016742.44199 53.92381198352098
1252403754.5350692 54.37493980667271
1319169956.473569 54.826067608539034
1389495494.373136 55.27719542981793
1463570118.0190797 55.72832321918786
1541593692.8422735 56.17945103392447
1623776739.1887176 56.630578865425804
1710341000.337838 57.08170667615852
1801520040.802024 57.532834479138984
1897559876.5218503 57.98396231136096
1998719638.6572526 58.43509010720922
2105272272.7657027 58.88621793017229
2217505275.2539296 59.33734574382398
2335721469.0901213 59.78847353895371
2460239820.8697777 60.23960137580659
2591396301.439652 60.690729183865606
2729544792.402002 61.141856983757265
2875058040.944877 61.59298480961005
3028328665.5749454 62.04411267252637
3189770215.466325 62.49524045372073
3359818286.2837744 62.9463682627963
3538931695.4909844 63.39749607114637
3727593720.314938 63.84862394354053
3926313401.7068396 64.29975172855039
4135626917.8176975 64.75087954916273
4356099030.694599 65.2020073920799
4588324610.100841 65.65313520342228
4832930238.571753 66.10426296993944
5090575902.036687 66.55539082723467
5361956770.568806 67.00651861251978
5647805074.067546 67.45764645566302
5948892077.934331 67.90877425574108
6266030164.072656 68.35990212661574
6600075022.827075 68.81102992911363
6951927961.775591 69.26215776930643
7322538337.6045265 69.71328557923884
7712906117.627993 70.16441337333652
8124084577.862974 70.61554118999749
8557183144.939984 71.0666690038631
9013370389.51742 71.51779687929555
9493877179.27582 71.96892466876318
10000000000.0 72.4200524526584
10.0 -26.015641402242586
10.53310445370937 -26.167674991377837
11.094628943275218 -26.306605993160655
11.686088553466515 -26.430198342615896
12.309079138896024 -26.536625050656983
12.965281629896682 -26.62458245365242
13.65646656794611 -26.69336756099422
14.38449888287663 -26.742907857210596
15.15134292476053 -26.77373985269409
15.95906776404731 -26.78694064863123
16.80985277425364 -26.784023536164604
17.70599351226899 -26.766812642623815
18.64990791214297 -26.737312536342692
19.644142809066278 -26.69758638906425
20.6913808111479 -26.649652499466015
21.794447537529855 -26.59540426819536
22.956319242369098 -26.53655479833933
24.180130845257207 -26.474604247005203
25.4691843897454 -26.410826252124572
26.826957952797258 -26.34626907064661
28.257115029208283 -26.28176711282725
29.76351441631318 -26.217959075582208
31.350220625651154 -26.15530960371965
33.02151484968176 -26.09413220091826
34.7819065131413 -26.034611784196837
36.63614544020716 -25.97682584981408
38.58923467029903 -25.920763699834055
40.646443957096295 -25.86634345222288
42.81332398719393 -25.81342684105365
45.095721356761466 -25.761831903809288
47.499794346614124 -25.711343772072333
50.03202953826004 -25.66172382829995
52.699259315756564 -25.612717481584365
55.50868030059805 -25.564060838547967
58.467872769375894 -25.51548650023522
61.58482110660264 -25.46672871496007
64.86793534788511 -25.417528081278533
68.32607387157402 -25.367635934446756
71.96856730011521 -25.316818568332362
75.8052436755926 -25.264861332747262
79.84645497739086 -25.211572675740186
84.10310505352605 -25.156788111530496
88.58667904100822 -25.100374070069567
93.30927435461668 -25.042231547500332
98.28363332770026 -24.982299421836696
103.52317759307378 -24.920557303732686
109.04204429677526 -24.85702772316724
114.8551242423938 -24.79177749275741
120.97810206889012 -24.724918060237243
127.42749857031335 -24.65660471423552
134.2207152716012 -24.587034527758924
141.37608138073614 -24.51644300103304
148.91290324394086 -24.44509942442881
156.85151643735477 -24.37330106570366
165.213340635737 -24.30136636377885
174.0209374062485 -24.229627380648473
183.29807108324357 -24.158421814392533
193.06977288832496 -24.088084922728807
203.36240846866724 -24.01894169595128
214.2037490358383 -23.951299616660666
225.62304629706352 -23.88544229211867
237.65111138110728 -23.821624186042957
250.32039797173255 -23.760066601240702
263.6650898730358 -23.700954984318226
277.7211932429355 -23.64443754484347
292.5266337436645 -23.590625112728393
308.1213588714002 -23.539592101802892
324.54744574113323 -23.491378406416548
341.84921461759274 -23.445992037038927
360.073348498562 -23.403412293175855
379.26901907322497 -23.36359327885836
399.48801939541704 -23.326467580768067
420.78490362974026 -23.29194995845329
443.21713424760856 -23.259940918632264
466.84523707037897 -23.2303300774533
491.73296457790156 -23.20299924287339
517.9474679231213 -23.177825173864804
545.5594781168514 -23.154681992965674
574.6434968715973 -23.133443252799495
605.2779976193349 -23.11398366099198
637.5456372456507 -23.096180488329953
671.5334791115142 -23.079914684019904
707.3332279644438 -23.065071728410093
745.0414773728917 -23.05154225710258
784.7599703514607 -23.039222485741515
826.5958738801812 -23.028014468875625
870.6620680585127 -23.01782621885068
917.0774506742931 -23.00857171231072
965.9672580093833 -23.00017080698511
1017.4634027476063 -22.992549087909367
1071.7048298967104 -22.985637661927647
1128.8378916846884 -22.979372913275768
1189.01674244199 -22.97369623360541
1252.4037545350732 -22.96855373624389
1319.1699564735716 -22.96389596208765
1389.4954943731375 -22.959677583905815
1463.5701180190797 -22.9558571140012
1541.5936928422718 -22.95239661891293
1623.776739188721 -22.949261443718463
1710.3410003378397 -22.946419948249964
1801.520040802024 -22.943843255891778
1897.5598765218504 -22.94150501624842
1998.7196386572507 -22.939381181476914
2105.272272765707 -22.937449796606263
2217.505275253932 -22.93569080343588
2335.7214690901214 -22.934085857383923
2460.239820869775 -22.93261815660422
2591.3963014396572 -22.931272283150548
2729.5447924020073 -22.93003405460972
2875.0580409448803 -22.928890385846337
3028.3286655749457 -22.92782916001983
3189.7702154663216 -22.92683910751589
3359.818286283781 -22.92590969264149
3538.9316954909877 -22.925031006305048
3727.593720314938 -22.924193664511687
3926.3134017068355 -22.923388711832832
4135.626917817706 -22.92260752803445
4356.099030694608 -22.921841738371107
4588.324610100844 -22.921083125765062
4832.930238571752 -22.92032354435404
5090.575902036681 -22.91955483357125
5361.956770568817 -22.91876873166973
5647.805074067552 -22.917956788521956
5948.892077934331 -22.917110275889772
6266.030164072656 -22.916220095006217
6600.075022827095 -22.915276679985865
6951.927961775606 -22.914269896892154
7322.538337604534 -22.91318893641156
7712.906117627992 -22.912022199993128
8124.0845778629655 -22.910757177729195
8557.183144940002 -22.909380317317193
9013.37038951743 -22.90787688212206
9493.87717927582 -22.906230798161154
10000.0 -22.90442448699993
10533.104453709382 -22.902438684802142
11094.628943275218 -22.90025224454032
11686.088553466498 -22.897841920370936
12309.079138896019 -22.895182132287832
12965.281629896688 -22.892244708956405
13656.466567946096 -22.88899860687414
14384.498882876629 -22.88540960415351
15151.342924760515 -22.881439965775826
15959.06776404731 -22.877048079236157
16809.852774253653 -22.87218805811903
17705.99351226898 -22.86680931085479
18649.907912142942 -22.86085607296275
19644.142809066267 -22.854266901229032
20691.3808111479 -22.846974127363254
21794.447537529835 -22.83890327002119
22956.319242369096 -22.829972404861287
24180.13084525718 -22.820091490999328
25469.184389745402 -22.809161655650545
26826.957952797275 -22.79707443815076
28257.115029208268 -22.783710995442192
29763.51441631313 -22.768941274732267
31350.220625651124 -22.752623158097983
33021.51484968176 -22.734601589316902
34781.90651314134 -22.714707693266902
36636.14544020716 -22.69275790242158
38589.23467029899 -22.668553108728375
40646.44395709628 -22.641877863432054
42813.32398719396 -22.612499649968644
45095.721356761445 -22.580168262567838
47499.79434661403 -22.544615325038826
50032.029538259994 -22.505553991281605
52699.259315756564 -22.46267887132962
55508.680300598106 -22.415666232554404
58467.87276937589 -22.364174525381976
61584.82110660255 -22.307845286045108
64867.935347885075 -22.246304465054084
68326.07387157406 -22.179164226690133
71968.56730011514 -22.106025256010664
75805.24367559262 -22.026479597110065
79846.45497739078 -21.94011403031936
84103.10505352604 -21.84651397357058
88586.67904100832 -21.745267870002888
93309.27435461663 -21.635971991251722
98283.63332770011 -21.51823556176449
103523.17759307378 -21.39168607314167
109042.04429677526 -21.25597463626444
114855.12424239368 -21.11078119287637
120978.10206889013 -20.955819400283687
127427.49857031321 -20.790840997384482
134220.7152716012 -20.61563947509907
141376.08138073614 -20.430052897754454
148912.90324394088 -20.233965761193215
156851.5164373548 -20.027309822738548
165213.34063573685 -19.810063894052178
174020.9374062485 -19.582252645550447
183298.07108324338 -19.343944526824192
193069.77288832495 -19.095248951900704
203362.40846866704 -18.83631292969404
214203.74903583832 -18.567317337796332
225623.04629706353 -18.288473030564795
237651.11138110727 -18.000016959815998
250320.39797173254 -17.70220844922766
263665.08987303555 -17.39532572474434
277721.1932429355 -17.07966276194074
292526.6337436642 -16.755526465810448
308121.35887140024 -16.423234166699526
324547.44574113254 -16.083111389454483
341849.21461759275 -15.735489839099518
360073.348498562 -15.38070554455857
379269.0190732246 -15.019097103919346
399488.019395417 -14.651003993366158
420784.9036297398 -14.27676490991562
443217.13424760854 -13.896716142661724
466845.2370703785 -13.511189975478615
491732.9645779016 -13.12051313987594
517947.46792312124 -12.725005342439557
545559.4781168514 -12.324977894131628
574643.4968715974 -11.920732469403482
605277.9976193343 -11.51256001712458
637545.6372456506 -11.10073984304986
671533.4791115135 -10.68553887237076
707333.2279644439 -10.26721109752206
745041.4773728917 -9.845997208196028
784759.9703514606 -9.422124393481678
826595.8738801812 -8.995806306524852
870662.0680585118 -8.567243170462001
917077.4506742931 -8.136622012252344
965967.2580093823 -7.704117001024324
1017463.4027476063 -7.269889874730646
1071704.8298967092 -6.83409043443292
1128837.8916846884 -6.396857090713474
1189016.74244199 -5.958317445029866
1252403.7545350718 -5.518588893474071
1319169.9564735717 -5.077779240419822
1389495.494373136 -4.635987311978399
1463570.1180190798 -4.1933035616357355
1541593.6928422702 -3.749810660870769
1623776.739188721 -3.305584069790084
1710341.0003378377 -2.860692584184752
1801520.0408020238 -2.4151988561543263
1897559.8765218505 -1.9691598865244433
1998719.6386572486 -1.5226274882703048
2105272.272765707 -1.0756487205368965
2217505.2752539297 -0.6282662930140179
2335721.4690901213 -0.18051894248673667
2460239.8208697727 0.26755821918456085
2591396.3014396573 0.7159333827678217
2729544.792402007 1.164577745799813
2875058.040944877 1.6134652394854974
3028328.6655749455 2.0625722787871186
3189770.215466318 2.5118775337241206
3359818.286283781 2.961361719633209
3538931.6954909842 3.411007406073968
3727593.720314938 3.8607988426698885
3926313.4017068394 4.310721800490046
4135626.917817706 4.760763426894768
4356099.030694608 5.210912115532422
4588324.61010084 5.66115738577289
4832930.238571752 6.111489775498155
5090575.902036676 6.561900742571049
5361956.770568817 7.012382576402315
5647805.074067546 7.462928317302088
5948892.077934331 7.91353168363465
6266030.164072656 8.364187006371864
6600075.022827089 8.81488916939596
6951927.961775606 9.265633556021339
7322538.337604526 9.71641600009933
7712906.117627992 10.167232743366592
8124084.5778629575 10.618080394374424
8557183.144940002 11.06895589452871
9013370.38951742 11.519856484722355
9493877.17927582 11.970779676440198
10000000.0 12.421723226392402
10533104.45370936 12.872685111356967
11094628.943275219 13.323663508932098
11686088.553466497 13.774656775205651
12309079.138896018 14.225663430367577
12965281.629896663 14.676682140142356
13656466.567946097 15.1277117037081
14384498.882876629 15.578751038979807
15151342.924760515 16.029799171891646
15959067.76404731 16.480855225164067
16809852.774253618 16.931918409651757
17705993.51226898 17.382988014122763
18649907.912142944 17.834063399004776
19644142.809066266 18.285143988571168
20691380.811147902 18.736229264239
21794447.537529834 19.1873187598816
22956319.242369097 19.638412055159606
24180130.84525718 20.089508772330255
25469184.3897454 20.54060857125636
26826957.95279722 20.991711145602956
28257115.02920827 21.442816220167487
29763514.41631313 21.89392354621722
31350220.62565112 22.345032899839936
33021514.849681754 22.796144080751798
34781906.51314127 23.247256908136137
36636145.44020716 23.698371217522215
38589234.67029899 24.149486863624276
40646443.95709628 24.600603712263045
42813323.98719387 25.051721646326072
45095721.35676145 25.50284055615557
47499794.346614026 25.95396034631989
50032029.53825999 26.4050809305566
52699259.31575657 26.856202229167177
55508680.300597996 27.307324171188633
58467872.7693759 27.758446695044544
61584821.10660254 28.209569740441513
64867935.34788508 28.660693259250106
68326073.87157391 29.11181720096944
71968567.30011514 29.562941525578527
75805243.67559262 30.014066195760073
79846454.97739078 30.46519117668913
84103105.05352604 30.91631643789043
88586679.04100814 31.36744195135718
93309274.35461664 31.818567692786452
98283633.32770011 32.269693638480106
103523177.59307377 32.72081977115852
109042044.29677527 33.17194606895707
114855124.24239345 33.62307251559787
120978102.06889038 34.07419910073969
127427498.57031322 34.525325805879014
134220715.2716012 34.97645261976458
141376081.38073614 35.427579532286096
148912903.24394056 35.87870654115764
156851516.43735445 36.32983362368099
165213340.63573685 36.7809607792205
174020937.40624848 37.23208800272515
183298071.08324376 37.68321528400543
193069772.88832456 38.134342621603736
203362408.46866703 38.58546999768448
214203749.0358383 39.036597421077
225623046.2970626 39.48772489145964
237651111.38110778 39.93885239134416
250320397.97173202 40.38997991916407
263665089.87303555 40.84110748061926
277721193.2429355 41.29223506432134
292526633.74366355 41.743362671676735
308121358.87140083 42.19449030009045
324547445.74113256 42.64561794642496
341849214.6175927 43.096745619046324
360073348.49856204 43.547873295196965
379269019.0732238 43.99900099060885
399488019.39541787 44.45012869341596
420784903.6297398 44.90125640841687
443217134.24760854 45.35238413847328
466845237.07037944 45.80351187182711
491732964.5779006 46.25463961997366
517947467.9231202 46.70576737126305
545559478.1168514 47.15689513209944
574643496.8715974 47.60802289120966
605277997.6193355 48.059150663946475
637545637.2456493 48.51027843496166
671533479.1115135 48.96140621460632
707333227.9644439 49.41253399791077
745041477.3728887 49.8636617885349
784759970.3514622 50.31478957631723
826595873.8801795 50.76591738183876
870662068.0585117 51.21704516612702
917077450.674293 51.66817296630664
965967258.0093802 52.119300767685104
1017463402.7476043 52.570428565024
1071704829.8967092 53.02155636123007
1128837891.6846883 53.47268418417285
1189016742.44199 53.92381198352098
1252403754.5350692 54.37493980667271
1319169956.473569 54.826067608539034
1389495494.373136 55.27719542981793
1463570118.0190797 55.72832321918786
1541593692.8422735 56.17945103392447
1623776739.1887176 56.630578865425804
1710341000.337838 57.08170667615852
1801520040.802024 57.532834479138984
1897559876.5218503 57.98396231136096
1998719638.6572526 58.43509010720922
2105272272.7657027 58.88621793017229
2217505275.2539296 59.33734574382398
2335721469.0901213 59.78847353895371
2460239820.8697777 60.23960137580659
2591396301.439652 60.690729183865606
2729544792.402002 61.141856983757265
2875058040.944877 61.59298480961005
3028328665.5749454 62.04411267252637
3189770215.466325 62.49524045372073
3359818286.2837744 62.9463682627963
3538931695.4909844 63.39749607114637
3727593720.314938 63.84862394354053
3926313401.7068396 64.29975172855039
4135626917.8176975 64.75087954916273
4356099030.694599 65.2020073920799
4588324610.100841 65.65313520342228
4832930238.571753 66.10426296993944
5090575902.036687 66.55539082723467
5361956770.568806 67.00651861251978
5647805074.067546 67.45764645566302
5948892077.934331 67.90877425574108
6266030164.072656 68.35990212661574
6600075022.827075 68.81102992911363
6951927961.775591 69.26215776930643
7322538337.6045265 69.71328557923884
7712906117.627993 70.16441337333652
8124084577.862974 70.61554118999749
8557183144.939984 71.0666690038631
9013370389.51742 71.51779687929555
9493877179.27582 71.96892466876318
10000000000.0 72.4200524526584
