10.0 -26.407466956326516
10.53310445370937 -26.402931568334136
11.094628943275218 -26.397911646224827
11.686088553466515 -26.392351668242068
12.309079138896024 -26.38619776512334
12.965281629896682 -26.379382390444626
13.65646656794611 -26.371841506338434
14.38449888287663 -26.363501132847063
15.15134292476053 -26.35427746882862
15.95906776404731 -26.344082204888856
16.80985277425364 -26.332813414767408
17.70599351226899 -26.320364848125234
18.64990791214297 -26.306621722540243
19.644142809066278 -26.29145417196767
20.6913808111479 -26.274725407369893
21.794447537529855 -26.256285250473972
22.956319242369098 -26.23597390200711
24.180130845257207 -26.213616402219667
25.4691843897454 -26.189027695742055
26.826957952797258 -26.16200890401354
28.257115029208283 -26.13234933411023
29.76351441631318 -26.09982548841005
31.350220625651154 -26.064202343449466
33.02151484968176 -26.025234783720215
34.7819065131413 -25.982667920752874
36.63614544020716 -25.936238911558274
38.58923467029903 -25.885680491271202
40.646443957096295 -25.830722843495803
42.81332398719393 -25.771096955398384
45.095721356761466 -25.706539436541405
47.499794346614124 -25.63679715492015
50.03202953826004 -25.561631993403097
52.699259315756564 -25.480826872757802
55.50868030059805 -25.394193017866225
58.467872769375894 -25.301575752539502
61.58482110660264 -25.20286183568593
64.86793534788511 -25.09798631805781
68.32607387157402 -24.986939108066682
71.96856730011521 -24.869771228127398
75.8052436755926 -24.746600073307924
79.84645497739086 -24.61761358568304
84.10310505352605 -24.48307320605085
88.58667904100822 -24.343314868961542
93.30927435461668 -24.198748638030555
98.28363332770026 -24.049856082825357
103.52317759307378 -23.89718572488477
109.04204429677526 -23.741346561749733
114.8551242423938 -23.582999718558927
120.97810206889012 -23.422848493691497
127.42749857031335 -23.261626965298007
134.2207152716012 -23.100087658173287
141.37608138073614 -22.938988558749557
148.91290324394086 -22.779080000526058
156.85151643735477 -22.62109173232882
165.213340635737 -22.46572071085994
174.0209374062485 -22.313619958319187
183.29807108324357 -22.16538883646266
193.06977288832496 -22.02156497529041
203.36240846866724 -21.882618113705185
214.2037490358383 -21.7489458829156
225.62304629706352 -21.620871593434273
237.65111138110728 -21.49864396619547
250.32039797173255 -21.382438612880406
263.6650898730358 -21.272361123236333
277.7211932429355 -21.168451473683003
292.5266337436645 -21.070689472891925
308.1213588714002 -20.979001006306966
324.54744574113323 -20.89326472423922
341.84921461759274 -20.813318975316562
360.073348498562 -20.738968703916573
379.26901907322497 -20.669992139609633
399.48801939541704 -20.60614711306714
420.78490362974026 -20.547176868405725
443.21713424760856 -20.492815310474903
466.84523707037897 -20.442791626529257
491.73296457790156 -20.39683427448498
517.9474679231213 -20.35467434653946
545.5594781168514 -20.316048331736955
574.6434968715973 -20.280700323466363
605.2779976193349 -20.24838371817761
637.5456372456507 -20.218862466314963
671.5334791115142 -20.19191192399107
707.3332279644438 -20.167319369953244
745.0414773728917 -20.144884235017454
784.7599703514607 -20.124418096202646
826.5958738801812 -20.105744478383357
870.6620680585127 -20.088698504682483
917.0774506742931 -20.073126428447132
965.9672580093833 -20.058885076181365
1017.4634027476063 -20.04584122632655
1071.7048298967104 -20.03387094480864
1128.8378916846884 -20.02285889173642
1189.01674244199 -20.012697614636682
1252.4037545350732 -20.003286836121
1319.1699564735716 -19.99453274481302
1389.4954943731375 -19.986347294259133
1463.5701180190797 -19.97864751352132
1541.5936928422718 -19.971354831205662
1623.776739188721 -19.964394414827254
1710.3410003378397 -19.95769452356481
1801.520040802024 -19.951185876033794
1897.5598765218504 -19.944801029626674
1998.7196386572507 -19.938473770984196
2105.272272765707 -19.932138515486383
2217.505275253932 -19.925729713520287
2335.7214690901214 -19.919181262048976
2460.239820869775 -19.912425919605326
2591.3963014396572 -19.90539472342936
2729.5447924020073 -19.898016408226912
2875.0580409448803 -19.890216826103938
3028.3286655749457 -19.881918368670334
3189.7702154663216 -19.87303939337114
3359.818286283781 -19.86349365676888
3538.9316954909877 -19.853189760092338
3727.593720314938 -19.84203061346457
3926.3134017068355 -19.82991292790144
4135.626917817706 -19.81672674645269
4356.099030694608 -19.802355029283746
4588.324610100844 -19.786673310177676
4832.930238571752 -19.769549446236987
5090.575902036681 -19.750843486164214
5361.956770568817 -19.73040768679673
5647.805074067552 -19.708086712063885
5948.892077934331 -19.683718052073704
6266.030164072656 -19.657132704561164
6600.075022827095 -19.628156163056286
6951.927961775606 -19.5966097581624
7322.538337604534 -19.5623123982099
7712.906117627992 -19.525082752561516
8124.0845778629655 -19.484741915182944
8557.183144940002 -19.44111657626225
9013.37038951743 -19.39404271530369
9493.87717927582 -19.34336980934259
10000.0 -19.288965525555188
10533.104453709382 -19.230720836224357
11094.628943275218 -19.168555459986074
11686.088553466498 -19.102423493775724
12309.079138896019 -19.03231906023586
12965.281629896688 -18.95828175550727
13656.466567946096 -18.880401648179983
14384.498882876629 -18.79882355303159
15151.342924760515 -18.71375028911206
15959.06776404731 -18.625444633443838
16809.852774253653 -18.534229702722918
17705.99351226898 -18.44048753758625
18649.907912142942 -18.344655727927357
19644.142809066267 -18.247222002109357
20691.3808111479 -18.148716802921374
21794.447537529835 -18.049703984777203
22956.319242369096 -17.95076988033069
24180.13084525718 -17.852511094858837
25469.184389745402 -17.7555214802283
26826.957952797275 -17.660378813090553
28257.115029208268 -17.567631742448874
29763.51441631313 -17.477787577647817
31350.220625651124 -17.391301455652
33021.51484968176 -17.308567356852183
34781.90651314134 -17.22991133619782
36636.14544020716 -17.155587209809934
38589.23467029899 -17.085774793889236
40646.44395709628 -17.020580648086327
42813.32398719396 -16.960041137841095
45095.721356761445 -16.904127513672545
47499.79434661403 -16.852752616446345
50032.029538259994 -16.805778763002927
52699.259315756564 -16.763026347554227
55508.680300598106 -16.72428270864353
58467.87276937589 -16.689310854994815
61584.82110660255 -16.657857708049942
64867.935347885075 -16.62966159691647
68326.07387157406 -16.604458823664615
71968.56730011514 -16.581989197105052
75805.24367559262 -16.56200050414685
79846.45497739078 -16.54425194747551
84103.10505352604 -16.528516623062472
88586.67904100832 -16.514583141863536
93309.27435461663 -16.50225651764391
98283.63332770011 -16.491358448918877
103523.17759307378 -16.4817271205987
109042.04429677526 -16.473216641849866
114855.12424239368 -16.465696223698764
120978.10206889013 -16.459049184826846
127427.49857031321 -16.45317185839868
134220.7152716012 -16.447972457732057
141376.08138073614 -16.443369944965877
148912.90324394088 -16.439292934904795
156851.5164373548 -16.43567865627341
165213.34063573685 -16.432471984376384
174020.9374062485 -16.42962455288744
183298.07108324338 -16.427093947546116
193069.77288832495 -16.424842981119465
203362.40846866704 -16.42283904644921
214203.74903583832 -16.421053542878127
225623.04629706353 -16.419461370383377
237651.11138110727 -16.418040485339706
250320.39797173254 -16.41677151170631
263665.08987303555 -16.41563740165696
277721.1932429355 -16.4146231399511
292526.6337436642 -16.413715486782138
308121.35887140024 -16.41290275431498
324547.44574113254 -16.412174612591176
341849.21461759275 -16.41152192097112
360073.348498562 -16.41093658171559
379269.0190732246 -16.410411412740988
399488.019395417 -16.409940036953202
420784.9036297398 -16.409516785908778
443217.13424760854 -16.409136615853743
466845.2370703785 -16.40879503445953
491732.9645779016 -16.408488036802282
517947.46792312124 -16.408212049343376
545559.4781168514 -16.407963880833197
574643.4968715974 -16.4077406792163
605277.9976193343 -16.407539893756855
637545.6372456506 -16.40735924168116
671533.4791115135 -16.407196678769473
707333.2279644439 -16.407050373395776
745041.4773728917 -16.406918683554203
784759.9703514606 -16.406800136528446
826595.8738801812 -16.406693410856917
870662.0680585118 -16.406597320323662
917077.4506742931 -16.406510799726117
965967.2580093823 -16.406432892209974
1017463.4027476063 -16.406362737984857
1071704.8298967092 -16.40629956426154
1128837.8916846884 -16.40624267626891
1189016.74244199 -16.40619144922721
1252403.7545350718 -16.406145321170513
1319169.9564735717 -16.406103786522802
1389495.494373136 -16.40606639034531
1463570.1180190798 -16.406032723178882
1541593.6928422702 -16.40600241642073
1623776.739188721 -16.40597513817555
1710341.0003378377 -16.405950589531194
1801520.0408020238 -16.405928501214635
1897559.8765218505 -16.405908630589636
1998719.6386572486 -16.40589075895953
2105272.272765707 -16.405874689145893
2217505.2752539297 -16.405860243315793
2335721.4690901213 -16.40584726103141
2460239.8208697727 -16.4058355975024
2591396.3014396573 -16.405825122019962
2729544.792402007 -16.40581571655495
2875058.040944877 -16.405807274505044
3028328.6655749455 -16.405799699572377
3189770.215466318 -16.405792904763295
3359818.286283781 -16.405786811491698
3538931.6954909842 -16.405781348777634
3727593.720314938 -16.405776452530684
3926313.4017068394 -16.405772064903296
4135626.917817706 -16.405768133711945
4356099.030694608 -16.405764611912325
4588324.61010084 -16.405761457125276
4832930.238571752 -16.40575863120501
5090575.902036676 -16.405756099846236
5361956.770568817 -16.405753832224757
5647805.074067546 -16.405751800669094
5948892.077934331 -16.405749980358785
6266030.164072656 -16.40574834904924
6600075.022827089 -16.405746886818317
6951927.961775606 -16.405745575835653
7322538.337604526 -16.4057444001515
7712906.117627992 -16.405743345504554
8124084.5778629575 -16.4057423991471
8557183.144940002 -16.405741549686812
9013370.38951742 -16.405740786943134
9493877.17927582 -16.40574010181864
10000000.0 -16.405739486182206
10533104.45370936 -16.405738932764955
11094628.943275219 -16.405738435066525
11686088.553466497 -16.405737987271433
12309079.138896018 -16.405737584174197
12965281.629896663 -16.405737221112545
13656466.567946097 -16.405736893908085
14384498.882876629 -16.405736598812453
15151342.924760515 -16.40573633246109
15959067.76404731 -16.405736091829862
16809852.774253618 -16.40573587419839
17705993.51226898 -16.405735677115207
18649907.912142944 -16.405735498369552
19644142.809066266 -16.405735335962337
20691380.811147902 -16.405735188083693
21794447.537529834 -16.405735053090385
22956319.242369097 -16.405734929486744
24180130.84525718 -16.405734815907
25469184.3897454 -16.405734711098845
26826957.95279722 -16.405734613909825
28257115.02920827 -16.40573452327308
29763514.41631313 -16.405734438196337
31350220.62565112 -16.405734357749623
33021514.849681754 -16.405734281054045
34781906.51314127 -16.40573420727464
36636145.44020716 -16.40573413560719
38589234.67029899 -16.405734065273883
40646443.95709628 -16.405733995510023
42813323.98719387 -16.405733925560845
45095721.35676145 -16.405733854665602
47499794.346614026 -16.405733782058462
50032029.53825999 -16.405733706952013
52699259.31575657 -16.40573362853494
55508680.300597996 -16.405733545958046
58467872.7693759 -16.405733458329877
61584821.10660254 -16.40573336470008
64867935.34788508 -16.405733264060974
68326073.87157391 -16.405733155321386
71968567.30011514 -16.40573303731289
75805243.67559262 -16.405732908751908
79846454.97739078 -16.40573276825328
84103105.05352604 -16.405732614302934
88586679.04100814 -16.405732445235774
93309274.35461664 -16.405732259222003
98283633.32770011 -16.405732054255754
103523177.59307377 -16.40573182812809
109042044.29677527 -16.40573157838935
114855124.24239345 -16.40573130234136
120978102.06889038 -16.40573099701269
127427498.57031322 -16.4057306590926
134220715.2716012 -16.40573028494131
141376081.38073614 -16.405729870520275
148912903.24394056 -16.405729411344044
156851516.43735445 -16.405728902449074
165213340.63573685 -16.40572833835439
174020937.40624848 -16.40572771297635
183298071.08324376 -16.405727019525497
193069772.88832456 -16.405726250550508
203362408.46866703 -16.405725397726442
214203749.0358383 -16.405724451840356
225623046.2970626 -16.40572340269399
237651111.38110778 -16.405722238929634
250320397.97173202 -16.405720947980814
263665089.87303555 -16.405719515937488
277721193.2429355 -16.405717927321845
292526633.74366355 -16.40571616495231
308121358.87140083 -16.40571420984883
324547445.74113256 -16.405712040825115
341849214.6175927 -16.405709634483536
360073348.49856204 -16.4057069648696
379269019.0732238 -16.40570400313164
399488019.39541787 -16.405700717335094
420784903.6297398 -16.405697071818203
443217134.24760854 -16.405693027431127
466845237.07037944 -16.405688540322686
491732964.5779006 -16.40568356215163
517947467.9231202 -16.4056780391192
545559478.1168514 -16.40567191153121
574643496.8715974 -16.40566511323857
605277997.6193355 -16.405657570876414
637545637.2456493 -16.40564920292639
671533479.1115135 -16.40563991909832
707333227.9644439 -16.405629619108034
745041477.3728887 -16.405618191540622
784759970.3514622 -16.405605513456717
826595873.8801795 -16.405591447383788
870662068.0585117 -16.40557584150656
917077450.674293 -16.40555852793097
965967258.0093802 -16.405539319085232
1017463402.7476043 -16.40551800731823
1071704829.8967092 -16.405494363212156
1128837891.6846883 -16.405468131218385
1189016742.44199 -16.405439027888324
1252403754.5350692 -16.40540673904161
1319169956.473569 -16.405370915421972
1389495494.373136 -16.4053311719036
1463570118.0190797 -16.405287077079084
1541593692.8422735 -16.40523815745317
1623776739.1887176 -16.405183883415486
1710341000.337838 -16.405123668923718
1801520040.802024 -16.4050568632041
1897559876.5218503 -16.404982746606088
1998719638.6572526 -16.40490051825939
2105272272.7657027 -16.404809291525286
2217505275.2539296 -16.40470808086708
2335721469.0901213 -16.40459579190956
2460239820.8697777 -16.40447121891981
2591396301.439652 -16.404333011291605
2729544792.402002 -16.40417968108784
2875058040.944877 -16.404009573738428
3028328665.5749454 -16.40382085121078
3189770215.466325 -16.40361148326179
3359818286.2837744 -16.403379204868695
3538931695.4909844 -16.403121517607754
3727593720.314938 -16.40283564354441
3926313401.7068396 -16.40251849516801
4135626917.8176975 -16.40216666036038
4356099030.694599 -16.401776351358677
4588324610.100841 -16.401343353033443
4832930238.571753 -16.4008630121273
5090575902.036687 -16.400330136772297
5361956770.568806 -16.399739030547828
5647805074.067546 -16.399083299161287
5948892077.934331 -16.39835591609098
6266030164.072656 -16.39754904646434
6600075022.827075 -16.39665402227546
6951927961.775591 -16.395661256790117
7322538337.6045265 -16.39456008601007
7712906117.627993 -16.39333869022156
8124084577.862974 -16.39198401184163
8557183144.939984 -16.39048153223628
9013370389.51742 -16.388815191734025
9493877179.27582 -16.38696723119104
10000000000.0 -16.384917873615507
10.0 -33.783025006728
10.53310445370937 -4.343553570099138
11.094628943275218 -4.244889189026927
11.686088553466515 -4.402311149825269
12.309079138896024 7.360222005589472
12.965281629896682 -32.69459880323431
13.65646656794611 -3.175719072425553
14.38449888287663 -30.635562453509323
15.15134292476053 -31.973994467633343
15.95906776404731 -31.141170087387007
16.80985277425364 20.50346772765797
17.70599351226899 -27.15296349872697
18.64990791214297 -28.26964194416298
19.644142809066278 -28.182873646326463
20.6913808111479 -28.217676005291793
21.794447537529855 -26.90831199792529
22.956319242369098 -5.580087911956774
24.180130845257207 -26.417649804770168
25.4691843897454 -4.9431670078133125
26.826957952797258 -26.659117732641057
28.257115029208283 -24.126651179060467
29.76351441631318 8.078514709792081
31.350220625651154 -22.760211937888872
33.02151484968176 -20.81025523605689
34.7819065131413 -23.184518817135114
36.63614544020716 -20.913526240061337
38.58923467029903 6.847372750054169
40.646443957096295 -2.4581894245424167
42.81332398719393 -3.947796215043351
45.095721356761466 -20.58076287591551
47.499794346614124 -20.477191699675966
50.03202953826004 -19.95032328241355
52.699259315756564 -18.82709191923897
55.50868030059805 -19.73768575011477
58.467872769375894 -18.72624428028673
61.58482110660264 -5.430731017639418
64.86793534788511 -17.577560623327457
68.32607387157402 -17.462986035344667
71.96856730011521 -18.47619663784631
75.8052436755926 -14.135151999900996
79.84645497739086 -14.606552138641508
84.10310505352605 -14.787883983684853
88.58667904100822 -3.948196262975438
93.30927435461668 -15.337474860387687
98.28363332770026 -13.95869018749515
103.52317759307378 17.06466132480005
109.04204429677526 -14.282297218015758
114.8551242423938 -13.32533562592295
120.97810206889012 -13.841467543780531
127.42749857031335 -11.504472371296536
134.2207152716012 -10.874526151604812
141.37608138073614 -11.760728405874127
148.91290324394086 -10.83362067747908
156.85151643735477 2.74891832847509
165.213340635737 -8.681367190875363
174.0209374062485 -6.048974817435104
183.29807108324357 -12.866697942408784
193.06977288832496 -8.623230018643538
203.36240846866724 -10.099243245708557
214.2037490358383 11.343734807537007
225.62304629706352 -5.76242531687856
237.65111138110728 -6.880659022175498
250.32039797173255 -7.706972276750953
263.6650898730358 -7.443268271269653
277.7211932429355 -7.1145575342855505
292.5266337436645 -7.195621230823183
308.1213588714002 -2.050160237586029
324.54744574113323 -5.393291296289966
341.84921461759274 -4.168381192100254
360.073348498562 -4.252518831224697
379.26901907322497 3.6350825396602318
399.48801939541704 -6.827974546161155
420.78490362974026 12.072104072156346
443.21713424760856 -3.282907074584866
466.84523707037897 -4.44778036035136
491.73296457790156 -1.8323424693079746
517.9474679231213 -3.5005620136440903
545.5594781168514 -2.9339035386618533
574.6434968715973 -2.3444039744663527
605.2779976193349 -17.28988806429353
637.5456372456507 -1.9503576701850167
671.5334791115142 2.3027790656866416
707.3332279644438 -2.5124281514312434
745.0414773728917 -2.333444231619386
784.7599703514607 -0.6162419150993522
826.5958738801812 0.00012563672510039706
870.6620680585127 2.3447486415254946
917.0774506742931 -3.8985881289662663
965.9672580093833 3.466270514902705
1017.4634027476063 -0.3425047131777243
1071.7048298967104 -2.672462163279289
1128.8378916846884 -1.2516032576535698
1189.01674244199 -0.07321966611979727
1252.4037545350732 0.016996089014848125
1319.1699564735716 -0.35241626535274717
1389.4954943731375 -1.6365923226339254
1463.5701180190797 0.5421527936359621
1541.5936928422718 -1.059575366597024
1623.776739188721 -1.4361802495111564
1710.3410003378397 18.283759755029088
1801.520040802024 3.0279657814393013
1897.5598765218504 -0.0873166330828311
1998.7196386572507 -12.053785411155967
2105.272272765707 2.312276861950331
2217.505275253932 -1.9380950340723797
2335.7214690901214 5.694840108350477
2460.239820869775 2.5721938575694003
2591.3963014396572 -5.354967387789204
2729.5447924020073 -5.364101800938839
2875.0580409448803 -1.38216860644779
3028.3286655749457 -1.2834477403606517
3189.7702154663216 -3.2515161235342016
3359.818286283781 2.7787878011752594
3538.9316954909877 -3.3538497541453713
3727.593720314938 -2.536548411388747
3926.3134017068355 -0.6200656242498475
4135.626917817706 -0.9019086410522646
4356.099030694608 -0.923432169567814
4588.324610100844 -0.2551075713963154
4832.930238571752 -0.18913059892995082
5090.575902036681 -0.2816145524337566
5361.956770568817 0.5453145201332456
5647.805074067552 -5.959844377749684
5948.892077934331 -2.9483743340520157
6266.030164072656 0.5711688925133127
6600.075022827095 -0.9814156491011204
6951.927961775606 3.3266200556800363
7322.538337604534 2.0043441124148296
7712.906117627992 -0.34869877874244887
8124.0845778629655 -1.5070833216122559
8557.183144940002 1.1908966389570486
9013.37038951743 -2.398016897712504
9493.87717927582 -0.17440602862173665
10000.0 3.637075544077098
10533.104453709382 -2.3527801431930673
11094.628943275218 -0.6494779088625027
11686.088553466498 -0.33266807933696674
12309.079138896019 -2.074080958585228
12965.281629896688 -1.192338710470839
13656.466567946096 -0.34516514743379534
14384.498882876629 -0.36972363533733843
15151.342924760515 -2.2827669671229907
15959.06776404731 2.8234829417229705
16809.852774253653 -1.410532836864049
17705.99351226898 -1.4817007417090966
18649.907912142942 -1.4352615572573577
19644.142809066267 0.1761702306715571
20691.3808111479 2.779212499687156
21794.447537529835 10.706197649907413
22956.319242369096 -0.28579961750406996
24180.13084525718 -1.465801423162748
25469.184389745402 4.171714724781923
26826.957952797275 -1.1237231132562189
28257.115029208268 -0.5827950151428335
29763.51441631313 -1.6209309524368858
31350.220625651124 0.18714099118977262
33021.51484968176 -0.31615599745863165
34781.90651314134 3.617424119106695
36636.14544020716 -0.2836600310002008
38589.23467029899 12.074565565687108
40646.44395709628 0.326299367596351
42813.32398719396 1.6068915931081427
45095.721356761445 -1.2265105835796324
47499.79434661403 0.3038586987660064
50032.029538259994 6.738815128064476
52699.259315756564 0.04411653947503011
55508.680300598106 -0.6758870822112835
58467.87276937589 -1.472300734397214
61584.82110660255 -1.6554650706457397
64867.935347885075 -1.2034413177809724
68326.07387157406 -1.1776020346849092
71968.56730011514 7.671327487582901
75805.24367559262 -0.24573236784616811
79846.45497739078 -0.38408866262379276
84103.10505352604 -3.3803582556053535
88586.67904100832 -0.2163913500091783
93309.27435461663 -0.5095720640881155
98283.63332770011 0.7365708409522398
103523.17759307378 2.1108540108805833
109042.04429677526 -14.291238693965756
114855.12424239368 -1.1385230826008366
120978.10206889013 0.11163585142188798
127427.49857031321 1.4855587056351884
134220.7152716012 -1.5871147850150953
141376.08138073614 -0.8735025051249343
148912.90324394088 -0.6919333880318667
156851.5164373548 3.7268774004799345
165213.34063573685 -27.948311749277238
174020.9374062485 -0.7757513832142118
183298.07108324338 -18.143252915258657
193069.77288832495 0.6662588164063186
203362.40846866704 1.6543545632648449
214203.74903583832 -0.6686580671873065
225623.04629706353 1.2615876228397553
237651.11138110727 -1.5155875746776812
250320.39797173254 7.522200173423509
263665.08987303555 -3.8172635533631056
277721.1932429355 -0.05876994083856285
292526.6337436642 -6.308834928259155
308121.35887140024 -0.7024895221227978
324547.44574113254 4.521900307379744
341849.21461759275 -1.850153725672686
360073.348498562 6.750307147218335
379269.0190732246 8.596119814295575
399488.019395417 -1.4094639945797853
420784.9036297398 -0.080273450033694
443217.13424760854 -0.6757575691518704
466845.2370703785 -3.310035027468359
491732.9645779016 0.11755349159375875
517947.46792312124 -1.937526971299714
545559.4781168514 -0.15485378833746394
574643.4968715974 -0.9250149601785328
605277.9976193343 -0.593744782438872
637545.6372456506 -0.531845180059136
671533.4791115135 0.6782358517074238
707333.2279644439 1.0467497881752703
745041.4773728917 -1.2592531601286605
784759.9703514606 -7.152187670576231
826595.8738801812 0.551398021515476
870662.0680585118 -1.854785427298835
917077.4506742931 0.45518575873090483
965967.2580093823 0.14372378785744794
1017463.4027476063 -22.649679702751605
1071704.8298967092 9.039481513206683
1128837.8916846884 -0.333170364276928
1189016.74244199 -1.6613607948798024
1252403.7545350718 -0.3292332829305556
1319169.9564735717 -2.227233325010748
1389495.494373136 8.784430048349133
1463570.1180190798 -1.2080148687641936
1541593.6928422702 -19.324829563075948
1623776.739188721 -0.8117467761449035
1710341.0003378377 -1.7304034122812704
1801520.0408020238 0.5508251214297669
1897559.8765218505 0.15992836931615975
1998719.6386572486 -1.5258553575263143
2105272.272765707 -0.6299852669396083
2217505.2752539297 -8.93856026931505
2335721.4690901213 -7.08740631156175
2460239.8208697727 0.6771181407221805
2591396.3014396573 -0.40437303850714346
2729544.792402007 0.15984575944444984
2875058.040944877 -0.6057663815006992
3028328.6655749455 -0.9774129154792226
3189770.215466318 -1.28661831314993
3359818.286283781 0.5024727358958525
3538931.6954909842 -0.207604441125793
3727593.720314938 0.15980914982395136
3926313.4017068394 -1.053717444777347
4135626.917817706 -0.17986181215793096
4356099.030694608 0.3790771953095893
4588324.61010084 -2.111548453184362
4832930.238571752 -24.487017900050347
5090575.902036676 -3.023071206638213
5361956.770568817 -0.1223361536340766
5647805.074067546 -0.3548254089181852
5948892.077934331 -1.3657243312930083
6266030.164072656 -0.42580655124615907
6600075.022827089 -0.7156632793717171
6951927.961775606 -0.4794258189264694
7322538.337604526 -0.008395109587686496
7712906.117627992 -0.8830646481821496
8124084.5778629575 2.277626977725014
8557183.144940002 -10.021558129535723
9013370.38951742 -1.2083446129993123
9493877.17927582 -0.7279610054564106
10000000.0 0.9245513354296929
10533104.45370936 -1.772164246228235
11094628.943275219 -26.449555913972645
11686088.553466497 -1.3261233179893284
12309079.138896018 -12.379671871082156
12965281.629896663 -1.5260362428641148
13656466.567946097 4.438720795982969
14384498.882876629 -0.8056159744614879
15151342.924760515 -0.5767876714598431
15959067.76404731 3.9789877117631063
16809852.774253618 -0.008404433846949895
17705993.51226898 0.24814511206286455
18649907.912142944 -0.7525983616986566
19644142.809066266 -1.0384527768553415
20691380.811147902 0.49946953288083346
21794447.537529834 -1.6073103373494615
22956319.242369097 -1.3657433490875046
24180130.84525718 0.22613392069915708
25469184.3897454 -9.236689602283555
26826957.95279722 -0.31957242955369514
28257115.02920827 -1.477639657331887
29763514.41631313 -0.19376510916792708
31350220.62565112 -0.6789126085048753
33021514.849681754 -0.2182612641932061
34781906.51314127 -4.689664309032206
36636145.44020716 -0.5993334390321803
38589234.67029899 0.6517844029888593
40646443.95709628 -0.08950365074330018
42813323.98719387 0.8243121515349072
45095721.35676145 -0.331490046997506
47499794.346614026 -0.06352375309708513
50032029.53825999 -0.9644430331479323
52699259.31575657 -0.24767066355117545
55508680.300597996 -0.9092193648727791
58467872.7693759 0.9639988162846681
61584821.10660254 0.17931834043325628
64867935.34788508 -0.0686447275331371
68326073.87157391 -0.4845836155850065
71968567.30011514 0.14001352269750672
75805243.67559262 -0.037196619156560314
79846454.97739078 0.1788834357440251
84103105.05352604 -0.9872867010121645
88586679.04100814 -0.5979017248343013
93309274.35461664 -0.34877968265797693
98283633.32770011 -0.8531380241478846
103523177.59307377 -0.5814805700658409
109042044.29677527 -0.055112285569355636
114855124.24239345 -1.2496213358694928
120978102.06889038 0.22489696022077513
127427498.57031322 0.821942348315581
134220715.2716012 1.8858654093337612
141376081.38073614 -0.8951916159455415
148912903.24394056 -0.21751563786813669
156851516.43735445 1.1102917994052686
165213340.63573685 -0.1710405928258501
174020937.40624848 1.4204552519371993
183298071.08324376 105.06748275328573
193069772.88832456 -0.16938073889704247
203362408.46866703 0.2082676280664296
214203749.0358383 -0.9973250528500468
225623046.2970626 -1.9356389586100793
237651111.38110778 -0.09540082767803934
250320397.97173202 -1.9531030668996312
263665089.87303555 -1.1898881548570102
277721193.2429355 79.82110210328925
292526633.74366355 0.2800892259597145
308121358.87140083 -0.535623550432003
324547445.74113256 -0.6301015647189159
341849214.6175927 -0.0534579955384995
360073348.49856204 1.199093637658326
379269019.0732238 92.2495808927693
399488019.39541787 100.15321314156175
420784903.6297398 -0.7602634322886237
443217134.24760854 103.81878437727099
466845237.07037944 -0.8204447677941007
491732964.5779006 -0.6787264034253228
517947467.9231202 -1.2458600563422388
545559478.1168514 -0.43694357396215955
574643496.8715974 0.5916771543280547
605277997.6193355 -0.9475148786758545
637545637.2456493 -2.0058321414321725
671533479.1115135 -3.3528297902789683
707333227.9644439 -0.49613384100712554
745041477.3728887 1.7579559360196773
784759970.3514622 -1.1341259263856194
826595873.8801795 105.39452950675953
870662068.0585117 -0.8757775728258606
917077450.674293 -0.07426299296179446
965967258.0093802 -0.31269858704739206
1017463402.7476043 -1.087089603098132
1071704829.8967092 -0.20744570131566997
1128837891.6846883 2.8559933651718423
1189016742.44199 85.39918183584834
1252403754.5350692 -1.5358626391952857
1319169956.473569 -0.3749803852631827
1389495494.373136 0.9296568746405588
1463570118.0190797 -0.467318408195355
1541593692.8422735 0.1916260829620891
1623776739.1887176 -2.85654349014636
1710341000.337838 -0.8756598217649649
1801520040.802024 93.94113612868549
1897559876.5218503 -0.35063746639265125
1998719638.6572526 101.10163036874788
2105272272.7657027 0.04295688658972879
2217505275.2539296 -0.44308809854494313
2335721469.0901213 -1.1896438726358363
2460239820.8697777 -1.8062402824930377
2591396301.439652 -0.651004481425306
2729544792.402002 93.21342606234137
2875058040.944877 -0.6132312808325205
3028328665.5749454 2.7076796460008046
3189770215.466325 -1.0385299613472845
3359818286.2837744 -0.40178158303393563
3538931695.4909844 0.5981001371620153
3727593720.314938 -0.3774916616173448
3926313401.7068396 0.7252508403166853
4135626917.8176975 0.0041883649763800245
4356099030.694599 -0.7103613248183395
4588324610.100841 -0.8267363538779743
4832930238.571753 0.45902126959557754
5090575902.036687 -1.382437776648121
5361956770.568806 -0.13537380124227583
5647805074.067546 -0.77477515273386
5948892077.934331 -3.15770000195765
6266030164.072656 -0.30618578500644356
6600075022.827075 -1.0862438706531943
6951927961.775591 -0.29239328646125057
7322538337.6045265 -0.6280669435075346
7712906117.627993 -3.0911863701662674
8124084577.862974 -0.3325342089091686
8557183144.939984 -0.5636859464411844
9013370389.51742 -1.6149799506331755
9493877179.27582 309.4564509556718
10000000000.0 -1.2761774110606525
