10.0 -5.460256215429029
10.53310445370937 -5.374546051473282
11.094628943275218 -5.293147798747116
11.686088553466515 -5.216550262280113
12.309079138896024 -5.145161333992599
12.965281629896682 -5.079299488604448
13.65646656794611 -5.0191882458063315
14.38449888287663 -4.964953863821095
15.15134292476053 -4.91662623717248
15.95906776404731 -4.874142923840184
16.80985277425364 -4.837355977291429
17.70599351226899 -4.806041179272416
18.64990791214297 -4.779909101171325
19.644142809066278 -4.758617442702062
20.6913808111479 -4.741783957509226
21.794447537529855 -4.728999413544378
22.956319242369098 -4.719840033764854
24.180130845257207 -4.713878922746016
25.4691843897454 -4.7106961722904765
26.826957952797258 -4.709887391108965
28.257115029208283 -4.711070534937795
29.76351441631318 -4.713891028214097
31.350220625651154 -4.718025254805183
33.02151484968176 -4.723182547927522
34.7819065131413 -4.729105874239364
36.63614544020716 -4.735571438776241
38.58923467029903 -4.742387406909504
40.646443957096295 -4.749391993782835
42.81332398719393 -4.756451099827546
45.095721356761466 -4.763455673718445
47.499794346614124 -4.770318961338337
50.03202953826004 -4.776973743837589
52.699259315756564 -4.783369671422904
55.50868030059805 -4.789470747150383
58.467872769375894 -4.795253009126999
61.58482110660264 -4.800702438517015
64.86793534788511 -4.805813096391614
68.32607387157402 -4.810585496770632
71.96856730011521 -4.815025198516073
75.8052436755926 -4.81914160967763
79.84645497739086 -4.822946980759784
84.10310505352605 -4.826455567655184
88.58667904100822 -4.829682947099786
93.30927435461668 -4.832645463177841
98.28363332770026 -4.835359785513075
103.52317759307378 -4.8378425641200975
109.04204429677526 -4.840110164791301
114.8551242423938 -4.8421784706659
120.97810206889012 -4.8440627384038955
127.42749857031335 -4.845777500129507
134.2207152716012 -4.847336500062792
141.37608138073614 -4.84875265984291
148.91290324394086 -4.850038066512163
156.85151643735477 -4.851203976891591
165.213340635737 -4.852260835300901
174.0209374062485 -4.853218300454669
183.29807108324357 -4.854085278975496
193.06977288832496 -4.854869963362561
203.36240846866724 -4.855579872838497
214.2037490358383 -4.856221894974702
225.62304629706352 -4.856802328204577
237.65111138110728 -4.857326923140781
250.32039797173255 -4.857800923359767
263.6650898730358 -4.858229104255923
277.7211932429355 -4.858615810163971
292.5266337436645 -4.858964989550724
308.1213588714002 -4.85928022797781
324.54744574113323 -4.859564778968617
341.84921461759274 -4.859821592810946
360.073348498562 -4.8600533430872614
379.26901907322497 -4.8602624513881745
399.48801939541704 -4.860451109875823
420.78490362974026 -4.860621302300466
443.21713424760856 -4.86077482295384
466.84523707037897 -4.860913294323178
491.73296457790156 -4.861038182941575
517.9474679231213 -4.86115081407902
545.5594781168514 -4.86125238505336
574.6434968715973 -4.861343977291531
605.2779976193349 -4.861426567347152
637.5456372456507 -4.86150103692803
671.5334791115142 -4.861568181951812
707.3332279644438 -4.861628720809504
745.0414773728917 -4.861683301803387
784.7599703514607 -4.861732509920982
826.5958738801812 -4.861776872992064
870.6620680585127 -4.861816867147406
917.0774506742931 -4.861852921939265
965.9672580093833 -4.86188542480353
1017.4634027476063 -4.861914725171019
1071.7048298967104 -4.86194113820638
1128.8378916846884 -4.8619649481187714
1189.01674244199 -4.861986411202873
1252.4037545350732 -4.862005758561859
1319.1699564735716 -4.862023198588976
1389.4954943731375 -4.862038919182882
1463.5701180190797 -4.862053089744672
1541.5936928422718 -4.862065863022975
1623.776739188721 -4.86207737671351
1710.3410003378397 -4.862087754974664
1801.520040802024 -4.862097109725611
1897.5598765218504 -4.862105541860882
1998.7196386572507 -4.862113142351817
2105.272272765707 -4.862119993186563
2217.505275253932 -4.862126168286133
2335.7214690901214 -4.86213173428296
2460.239820869775 -4.862136751246981
2591.3963014396572 -4.862141273318713
2729.5447924020073 -4.86214534930819
2875.0580409448803 -4.862149023209445
3028.3286655749457 -4.86215233468182
3189.7702154663216 -4.862155319471589
3359.818286283781 -4.862158009799955
3538.9316954909877 -4.862160434714509
3727.593720314938 -4.8621626203931125
3926.3134017068355 -4.862164590432229
4135.626917817706 -4.862166366104917
4356.099030694608 -4.862167966581384
4588.324610100844 -4.862169409142995
4832.930238571752 -4.862170709369139
5090.575902036681 -4.862171881301151
5361.956770568817 -4.862172937588815
5647.805074067552 -4.862173889633393
5948.892077934331 -4.862174747731078
6266.030164072656 -4.862175521134143
6600.075022827095 -4.862176218199648
6951.927961775606 -4.862176846456599
7322.538337604534 -4.862177412688559
7712.906117627992 -4.862177923005343
8124.0845778629655 -4.862178382924661
8557.183144940002 -4.862178797407741
9013.37038951743 -4.862179170939593
9493.87717927582 -4.86217950754679
10000.0 -4.862179810867334
10533.104453709382 -4.8621800841721265
11094.628943275218 -4.862180330417455
11686.088553466498 -4.862180552256804
12309.079138896019 -4.862180752100177
12965.281629896688 -4.86218093209133
13656.466567946096 -4.862181094177448
14384.498882876629 -4.862181240110473
15151.342924760515 -4.862181371467515
15959.06776404731 -4.862181489668375
16809.852774253653 -4.862181595983434
17705.99351226898 -4.862181691572846
18649.907912142942 -4.862181777450538
19644.142809066267 -4.862181854559779
20691.3808111479 -4.862181923724656
21794.447537529835 -4.862181985699761
22956.319242369096 -4.862182041151345
24180.13084525718 -4.8621820906736435
25469.184389745402 -4.8621821347995136
26826.957952797275 -4.862182174021708
28257.115029208268 -4.86218220874701
29763.51441631313 -4.862182239357193
31350.220625651124 -4.862182266180794
33021.51484968176 -4.8621822895122175
34781.90651314134 -4.862182309599819
36636.14544020716 -4.862182326657672
38589.23467029899 -4.86218234087989
40646.44395709628 -4.862182352401124
42813.32398719396 -4.862182361365183
45095.721356761445 -4.862182367859372
47499.79434661403 -4.8621823719588395
50032.029538259994 -4.862182373702469
52699.259315756564 -4.862182373121669
55508.680300598106 -4.86218237018703
58467.87276937589 -4.862182364889748
61584.82110660255 -4.862182357157691
64867.935347885075 -4.862182346914004
68326.07387157406 -4.862182334047754
71968.56730011514 -4.862182318416458
75805.24367559262 -4.862182299861752
79846.45497739078 -4.86218227817167
84103.10505352604 -4.86218225312472
88586.67904100832 -4.862182224438752
93309.27435461663 -4.862182191809222
98283.63332770011 -4.862182154876882
103523.17759307378 -4.862182113248424
109042.04429677526 -4.862182066482317
114855.12424239368 -4.862182014087829
120978.10206889013 -4.862181955464056
127427.49857031321 -4.862181889990277
134220.7152716012 -4.862181816989663
141376.08138073614 -4.862181735640375
148912.90324394088 -4.86218164508166
156851.5164373548 -4.862181544344983
165213.34063573685 -4.862181432343427
174020.9374062485 -4.862181307857391
183298.07108324338 -4.862181169570058
193069.77288832495 -4.862181015995551
203362.40846866704 -4.862180845469268
214203.74903583832 -4.862180656174099
225623.04629706353 -4.8621804461033165
237651.11138110727 -4.862180212977812
250320.39797173254 -4.862179954289684
263665.08987303555 -4.86217966729067
277721.1932429355 -4.8621793489512175
292526.6337436642 -4.862178995816365
308121.35887140024 -4.862178604218312
324547.44574113254 -4.862178169891535
341849.21461759275 -4.862177688277998
360073.348498562 -4.86217715428269
379269.0190732246 -4.862176562229249
399488.019395417 -4.862175905930572
420784.9036297398 -4.862175178488338
443217.13424760854 -4.86217437222562
466845.2370703785 -4.862173478784398
491732.9645779016 -4.862172488779154
517947.46792312124 -4.862171392060008
545559.4781168514 -4.862170177196086
574643.4968715974 -4.8621688318159695
605277.9976193343 -4.862167342156599
637545.6372456506 -4.862165693112745
671533.4791115135 -4.8621638680158865
707333.2279644439 -4.8621618486830025
745041.4773728917 -4.862159615145679
784759.9703514606 -4.862157145380303
826595.8738801812 -4.862154415423797
870662.0680585118 -4.862151399084046
917077.4506742931 -4.862148067837093
965967.2580093823 -4.8621443905779245
1017463.4027476063 -4.862140333558051
1071704.8298967092 -4.862135860159339
1128837.8916846884 -4.862130930903701
1189016.74244199 -4.862125503293015
1252403.7545350718 -4.862119531608843
1319169.9564735717 -4.862112967188883
1389495.494373136 -4.862105757985768
1463570.1180190798 -4.862097849112975
1541593.6928422702 -4.862089182609976
1623776.739188721 -4.862079698090296
1710341.0003378377 -4.862069332577088
1801520.0408020238 -4.862058021434269
1897559.8765218505 -4.862045698805023
1998719.6386572486 -4.8620322984758655
2105272.272765707 -4.862017754677431
2217505.2752539297 -4.862002003387059
2335721.4690901213 -4.86198498359447
2460239.8208697727 -4.86196663885862
2591396.3014396573 -4.861946918944438
2729544.792402007 -4.861925781887967
2875058.040944877 -4.861903195689196
3028328.6655749455 -4.861879140505939
3189770.215466318 -4.861853610727296
3359818.286283781 -4.861826616938551
3538931.6954909842 -4.861798187382199
3727593.720314938 -4.861768369886127
3926313.4017068394 -4.861737232630668
4135626.917817706 -4.861704864713655
4356099.030694608 -4.8616713761781325
4588324.61010084 -4.8616368972804205
4832930.238571752 -4.861601576975544
5090575.902036676 -4.861565581014383
5361956.770568817 -4.8615290886699905
5647805.074067546 -4.8614922895818555
5948892.077934331 -4.8614553802684055
6266030.164072656 -4.861418559258068
6600075.022827089 -4.861382023208858
6951927.961775606 -4.8613459628775715
7322538.337604526 -4.861310558922038
7712906.117627992 -4.861275978742562
8124084.5778629575 -4.86124237320256
8557183.144940002 -4.861209874677287
9013370.38951742 -4.861178595605741
9493877.17927582 -4.861148627431177
10000000.0 -4.861120040687193
10533104.45370936 -4.861092885287536
11094628.943275219 -4.861067191783578
11686088.553466497 -4.8610429723909645
12309079.138896018 -4.861020223482409
12965281.629896663 -4.860998926467934
13656466.567946097 -4.860979050674846
14384498.882876629 -4.860960555226141
15151342.924760515 -4.860943390683073
15959067.76404731 -4.860927501028854
16809852.774253618 -4.860912826356353
17705993.51226898 -4.860899301666145
18649907.912142944 -4.860886862539896
19644142.809066266 -4.860875442152209
20691380.811147902 -4.860864974649756
21794447.537529834 -4.860855394677187
22956319.242369097 -4.860846640299182
24180130.84525718 -4.86083864982276
25469184.3897454 -4.860831365605896
26826957.95279722 -4.860824732157761
28257115.02920827 -4.860818697361385
29763514.41631313 -4.86081321115118
31350220.62565112 -4.860808228961132
33021514.849681754 -4.860803706876579
34781906.51314127 -4.860799604691644
36636145.44020716 -4.8607958874669
38589234.67029899 -4.860792519083229
40646443.95709628 -4.860789468581404
42813323.98719387 -4.860786709063011
45095721.35676145 -4.860784210891437
47499794.346614026 -4.86078195178249
50032029.53825999 -4.860779909924543
52699259.31575657 -4.860778064737211
55508680.300597996 -4.8607763955139776
58467872.7693759 -4.8607748895308545
61584821.10660254 -4.860773528078115
64867935.34788508 -4.860772299803282
68326073.87157391 -4.860771190578154
71968567.30011514 -4.860770189326212
75805243.67559262 -4.8607692855113
79846454.97739078 -4.860768469342479
84103105.05352604 -4.860767734205046
88586679.04100814 -4.860767068403704
93309274.35461664 -4.8607664694284125
98283633.32770011 -4.860765930560882
103523177.59307377 -4.8607654413038635
109042044.29677527 -4.860765002760711
114855124.24239345 -4.860764604793097
120978102.06889038 -4.86076424741011
127427498.57031322 -4.860763926426017
134220715.2716012 -4.860763635914319
141376081.38073614 -4.860763372070237
148912903.24394056 -4.8607631386129535
156851516.43735445 -4.860762927279058
165213340.63573685 -4.860762733007586
174020937.40624848 -4.860762559209417
183298071.08324376 -4.860762404527572
193069772.88832456 -4.860762261450256
203362408.46866703 -4.8607621327242185
214203749.0358383 -4.860762016147081
225623046.2970626 -4.86076192318201
237651111.38110778 -4.860761823934331
250320397.97173202 -4.860761739278572
263665089.87303555 -4.860761667194471
277721193.2429355 -4.860761597335666
292526633.74366355 -4.860761535468465
308121358.87140083 -4.860761466003654
324547445.74113256 -4.86076143256414
341849214.6175927 -4.860761394131388
360073348.49856204 -4.860761342060068
379269019.0732238 -4.860761320036149
399488019.39541787 -4.86076127906559
420784903.6297398 -4.8607612362707595
443217134.24760854 -4.860761208180756
466845237.07037944 -4.860761200425964
491732964.5779006 -4.8607611710728085
517947467.9231202 -4.860761122894192
545559478.1168514 -4.860761140243726
574643496.8715974 -4.8607610989461305
605277997.6193355 -4.860761095838176
637545637.2456493 -4.860761102478993
671533479.1115135 -4.860761080537943
707333227.9644439 -4.860761074701279
745041477.3728887 -4.8607610809839565
784759970.3514622 -4.86076100924089
826595873.8801795 -4.86076104582052
870662068.0585117 -4.860761054601955
917077450.674293 -4.86076107650811
965967258.0093802 -4.860760989655735
1017463402.7476043 -4.860761042589169
1071704829.8967092 -4.860761017131501
1128837891.6846883 -4.860761003847683
1189016742.44199 -4.860760974702729
1252403754.5350692 -4.860761029420475
1319169956.473569 -4.860760932335185
1389495494.373136 -4.860761080691708
1463570118.0190797 -4.860760964356597
1541593692.8422735 -4.86076091997735
1623776739.1887176 -4.860761113518287
1710341000.337838 -4.860760922799713
1801520040.802024 -4.860761147797396
1897559876.5218503 -4.860761083098632
1998719638.6572526 -4.860760983909394
2105272272.7657027 -4.860760981604859
2217505275.2539296 -4.860761070580973
2335721469.0901213 -4.860761057641016
2460239820.8697777 -4.860761120895769
2591396301.439652 -4.8607608503621815
2729544792.402002 -4.860761212308472
2875058040.944877 -4.860761069583155
3028328665.5749454 -4.860761018732665
3189770215.466325 -4.860760905207895
3359818286.2837744 -4.860760853175809
3538931695.4909844 -4.860760867820021
3727593720.314938 -4.860761063235907
3926313401.7068396 -4.860761030857614
4135626917.8176975 -4.860760395703669
4356099030.694599 -4.860760946991924
4588324610.100841 -4.860761244894803
4832930238.571753 -4.860761023507138
5090575902.036687 -4.860760826482744
5361956770.568806 -4.860760723708181
5647805074.067546 -4.860761044836376
5948892077.934331 -4.860760836718072
6266030164.072656 -4.860760730422741
6600075022.827075 -4.86076071856323
6951927961.775591 -4.860761036157687
7322538337.6045265 -4.860760781649114
7712906117.627993 -4.860760707345811
8124084577.862974 -4.8607610009338975
8557183144.939984 -4.860760793387824
9013370389.51742 -4.860760990397871
9493877179.27582 -4.860761021645581
10000000000.0 -4.860760696738263
