10.0 -19.60618353672836
10.53310445370937 -19.606186113242664
11.094628943275218 -19.606188971787187
11.686088553466515 -19.606192143176397
12.309079138896024 -19.606195661684694
12.965281629896682 -19.60619956526273
13.65646656794611 -19.606203896074604
14.38449888287663 -19.606208700863395
15.15134292476053 -19.606214031496258
15.95906776404731 -19.606219945508233
16.80985277425364 -19.606226506691858
17.70599351226899 -19.60623378589029
18.64990791214297 -19.60624186167071
19.644142809066278 -19.606250821116312
20.6913808111479 -19.606260760911166
21.794447537529855 -19.606271788284705
22.956319242369098 -19.606284022162058
24.180130845257207 -19.606297594514732
25.4691843897454 -19.60631265167236
26.826957952797258 -19.60632935595153
28.257115029208283 -19.606347887453005
29.76351441631318 -19.60636844581858
31.350220625651154 -19.606391252598836
33.02151484968176 -19.60641655339357
34.7819065131413 -19.60644462072173
36.63614544020716 -19.6064757566733
38.58923467029903 -19.60651029631301
40.646443957096295 -19.606548611131306
42.81332398719393 -19.60659111311329
45.095721356761466 -19.606638259017682
47.499794346614124 -19.60669055517306
50.03202953826004 -19.60674856297875
52.699259315756564 -19.60681290465835
55.50868030059805 -19.606884269930987
58.467872769375894 -19.606963423070436
61.58482110660264 -19.60705121102851
64.86793534788511 -19.607148572282284
68.32607387157402 -19.6072565463083
71.96856730011521 -19.60737628459594
75.8052436755926 -19.60750906217616
79.84645497739086 -19.60765629086285
84.10310505352605 -19.60781953333497
88.58667904100822 -19.608000519016656
93.30927435461668 -19.608201161123016
98.28363332770026 -19.60842357574097
103.52317759307378 -19.608670102384572
109.04204429677526 -19.608943326621166
114.8551242423938 -19.609246104755314
120.97810206889012 -19.609581590579374
127.42749857031335 -19.60995326450832
134.2207152716012 -19.61036496516167
141.37608138073614 -19.610820923357885
148.91290324394086 -19.61132579864468
156.85151643735477 -19.61188471861135
165.213340635737 -19.612503320491015
174.0209374062485 -19.61318779537964
183.29807108324357 -19.613944934690323
193.06977288832496 -19.614782178610813
203.36240846866724 -19.615707665925658
214.2037490358383 -19.616730284828673
225.62304629706352 -19.617859723718077
237.65111138110728 -19.61910652073191
250.32039797173255 -19.620482110781797
263.6650898730358 -19.621998867711234
277.7211932429355 -19.623670139830082
292.5266337436645 -19.62551027493754
308.1213588714002 -19.627534631815948
324.54744574113323 -19.62975957316404
341.84921461759274 -19.63220243460911
360.073348498562 -19.634881463026684
379.26901907322497 -19.637815716304324
399.48801939541704 -19.641024915424236
420.78490362974026 -19.644529237907292
443.21713424760856 -19.648349040648377
466.84523707037897 -19.6525044981218
491.73296457790156 -19.657015141207882
517.9474679231213 -19.661899279839687
545.5594781168514 -19.667173292837717
574.6434968715973 -19.67285076761572
605.2779976193349 -19.678941473322997
637.5456372456507 -19.68545015388135
671.5334791115142 -19.692375130180665
707.3332279644438 -19.6997067079202
745.0414773728917 -19.707425395624554
784.7599703514607 -19.715499949960215
826.5958738801812 -19.723885280165298
870.6620680585127 -19.732520263267975
917.0774506742931 -19.74132554378547
965.9672580093833 -19.750201417479158
1017.4634027476063 -19.75902592644115
1071.7048298967104 -19.767653320041674
1128.8378916846884 -19.77591306236902
1189.01674244199 -19.783609586322285
1252.4037545350732 -19.7905230058499
1319.1699564735716 -19.796410995041022
1389.4954943731375 -19.801012023040126
1463.5701180190797 -19.804050093134123
1541.5936928422718 -19.805241069947414
1623.776739188721 -19.804300590835012
1710.3410003378397 -19.800953448061428
1801.520040802024 -19.79494420144674
1897.5598765218504 -19.7860486454425
1998.7196386572507 -19.774085621102454
2105.272272765707 -19.758928544930406
2217.505275253932 -19.740515937616742
2335.7214690901214 -19.71886019211849
2460.239820869775 -19.694053833143435
2591.3963014396572 -19.6662726004149
2729.5447924020073 -19.63577483728598
2875.0580409448803 -19.602896882325155
3028.3286655749457 -19.568044430455448
3189.7702154663216 -19.53168013217947
3359.818286283781 -19.49430800492741
3538.9316954909877 -19.456455508347048
3727.593720314938 -19.418654349938432
3926.3134017068355 -19.381421212895265
4135.626917817706 -19.345239613587527
4356.099030694608 -19.31054399741459
4588.324610100844 -19.27770697859434
4832.930238571752 -19.247030346163527
5090.575902036681 -19.218740129439126
5361.956770568817 -19.192985681853198
5647.805074067552 -19.169842439853145
5948.892077934331 -19.14931777455591
6266.030164072656 -19.13135919696447
6600.075022827095 -19.115864109134208
6951.927961775606 -19.10269030722074
7322.538337604534 -19.09166652278464
7712.906117627992 -19.08260241534506
8124.0845778629655 -19.075297579541
8557.183144940002 -19.06954928480673
9013.37038951743 -19.065158808114706
9493.87717927582 -19.06193634046343
10000.0 -19.05970454037801
10533.104453709382 -19.058300871382045
11094.628943275218 -19.057578897765993
11686.088553466498 -19.05740872817878
12309.079138896019 -19.057676794632577
12965.281629896688 -19.058285140865728
13656.466567946096 -19.059150372983222
14384.498882876629 -19.0602024008369
15151.342924760515 -19.061383073627173
15959.06776404731 -19.062644789445077
16809.852774253653 -19.06394913735602
17705.99351226898 -19.06526561258901
18649.907912142942 -19.066570430674176
19644.142809066267 -19.067845454788955
20691.3808111479 -19.06907724177722
21794.447537529835 -19.07025620600824
22956.319242369096 -19.071375895845417
24180.13084525718 -19.072432374737105
25469.184389745402 -19.073423697376413
26826.957952797275 -19.07434947069744
28257.115029208268 -19.075210489471136
29763.51441631313 -19.076008436634005
31350.220625651124 -19.07674563917659
33021.51484968176 -19.077424871243313
34781.90651314134 -19.07804919696777
36636.14544020716 -19.07862184649695
38589.23467029899 -19.079146119476647
40646.44395709628 -19.079625311116644
42813.32398719396 -19.080062656649503
45095.721356761445 -19.08046129066936
47499.79434661403 -19.08082421839996
50032.029538259994 -19.08115429644168
52699.259315756564 -19.08145422096958
55508.680300598106 -19.081726521731635
58467.87276937589 -19.081973560480275
61584.82110660255 -19.082197532757206
64867.935347885075 -19.082400472134413
68326.07387157406 -19.08258425622333
71968.56730011514 -19.082750613887605
75805.24367559262 -19.08290113322077
79846.45497739078 -19.08303726995573
84103.10505352604 -19.083160356043688
88586.67904100832 -19.083271608205276
93309.27435461663 -19.08337213630725
98283.63332770011 -19.083462951465687
103523.17759307378 -19.083544973795565
109042.04429677526 -19.083619039767584
114855.12424239368 -19.08368590913473
120978.10206889013 -19.0837462714237
127427.49857031321 -19.08380075198523
134220.7152716012 -19.08384991761059
141376.08138073614 -19.083894281726796
148912.90324394088 -19.08393430918786
156851.5164373548 -19.083970420683293
165213.34063573685 -19.084002996781177
174020.9374062485 -19.08403238163326
183298.07108324338 -19.084058886361312
193069.77288832495 -19.084082792149196
203362.40846866704 -19.0841043530606
214203.74903583832 -19.08412379860614
225623.04629706353 -19.084141336077156
237651.11138110727 -19.084157152667252
250320.39797173254 -19.084171417398682
263665.08987303555 -19.084184282870226
277721.1932429355 -19.08419588684188
292526.6337436642 -19.084206353671757
308121.35887140024 -19.08421579561738
324547.44574113254 -19.08422431401414
341849.21461759275 -19.084232000342094
360073.348498562 -19.084238937191568
379269.0190732246 -19.084245199137243
399488.019395417 -19.08425085352806
420784.9036297398 -19.084255961203176
443217.13424760854 -19.08426057713863
466845.2370703785 -19.08426475103338
491732.9645779016 -19.084268527839022
517947.46792312124 -19.084271948240605
545559.4781168514 -19.084275049090262
574643.4968715974 -19.084277863802413
605277.9976193343 -19.08428042271152
637545.6372456506 -19.084282753395886
671533.4791115135 -19.08428488097405
707333.2279644439 -19.084286828373052
745041.4773728917 -19.08428861657465
784759.9703514606 -19.084290264838636
826595.8738801812 -19.08429179091015
870662.0680585118 -19.084293211207076
917077.4506742931 -19.08429454099628
965967.2580093823 -19.084295794554468
1017463.4027476063 -19.084296985319146
1071704.8298967092 -19.08429812602916
1128837.8916846884 -19.084299228857656
1189016.74244199 -19.08430030553675
1252403.7545350718 -19.084301367477455
1319169.9564735717 -19.08430242588344
1389495.494373136 -19.084303491860886
1463570.1180190798 -19.084304576525547
1541593.6928422702 -19.084305691106035
1623776.739188721 -19.084306847045244
1710341.0003378377 -19.084308056100195
1801520.0408020238 -19.084309330439197
1897559.8765218505 -19.08431068273803
1998719.6386572486 -19.084312126273538
2105272.272765707 -19.08431367501485
2217505.2752539297 -19.084315343711687
2335721.4690901213 -19.084317147977167
2460239.8208697727 -19.084319104365555
2591396.3014396573 -19.08432123044174
2729544.792402007 -19.084323544839986
2875058.040944877 -19.084326067309647
3028328.6655749455 -19.084328818742872
3189770.215466318 -19.084331821181955
3359818.286283781 -19.0843350977987
3538931.6954909842 -19.084338672843607
3727593.720314938 -19.08434257155478
3926313.4017068394 -19.084346820022994
4135626.917817706 -19.084351445004536
4356099.030694608 -19.084356473674394
4588324.61010084 -19.084361933313794
4832930.238571752 -19.08436785092611
5090575.902036676 -19.084374252776325
5361956.770568817 -19.0843811638521
5647805.074067546 -19.084388607246154
5948892.077934331 -19.084396603467027
6266030.164072656 -19.084405169684736
6600075.022827089 -19.084414318928854
6951927.961775606 -19.084424059259263
7322538.337604526 -19.084434392937208
7712906.117627992 -19.084445315632045
8124084.5778629575 -19.084456815702143
8557183.144940002 -19.084468873594357
9013370.38951742 -19.084481461405225
9493877.17927582 -19.084494542649225
10000000.0 -19.08450807227235
10533104.45370936 -19.084521996936566
11094628.943275219 -19.084536255595623
11686088.553466497 -19.08455078036191
12309079.138896018 -19.084565497645432
12965281.629896663 -19.0845803295316
13656466.567946097 -19.084595195346175
14384498.882876629 -19.08461001334083
15151342.924760515 -19.084624702426186
15959067.76404731 -19.084639183872348
16809852.774253618 -19.08465338290448
17705993.51226898 -19.084667230123113
18649907.912142944 -19.08468066269713
19644142.809066266 -19.08469362529123
20691380.811147902 -19.08470607070855
21794447.537529834 -19.084717960244507
22956319.242369097 -19.084729263769134
24180130.84525718 -19.08473995956251
25469184.3897454 -19.084750033942022
26826957.95279722 -19.0847594807211
28257115.02920827 -19.084768300547196
29763514.41631313 -19.084776500158963
31350220.62565112 -19.084784091604025
33021514.849681754 -19.084791091447908
34781906.51314127 -19.084797520005317
36636145.44020716 -19.084803400610788
38589234.67029899 -19.084808758944053
40646443.95709628 -19.084813622417798
42813323.98719387 -19.08481801963102
45095721.35676145 -19.084821979888
47499794.346614026 -19.08482553277954
50032029.53825999 -19.084828707820268
52699259.31575657 -19.084831534138914
55508680.300597996 -19.084834040214304
58467872.7693759 -19.084836253652494
61584821.10660254 -19.084838200999844
64867935.34788508 -19.08483990759145
68326073.87157391 -19.084841397428555
71968567.30011514 -19.084842693085605
75805243.67559262 -19.084843815644614
79846454.97739078 -19.084844784656063
84103105.05352604 -19.084845618123754
88586679.04100814 -19.084846332512654
93309274.35461664 -19.084846942778626
98283633.32770011 -19.084847462415425
103523177.59307377 -19.084847903517982
109042044.29677527 -19.084848276858427
114855124.24239345 -19.08484859197156
120978102.06889038 -19.084848857246804
127427498.57031322 -19.084849080023705
134220715.2716012 -19.084849266688614
141376081.38073614 -19.08484942276949
148912903.24394056 -19.08484955302869
156851516.43735445 -19.08484966154959
165213340.63573685 -19.084849751818982
174020937.40624848 -19.084849826802003
183298071.08324376 -19.084849889010716
193069772.88832456 -19.08484994056703
203362408.46866703 -19.08484998325637
214203749.0358383 -19.084850018577463
225623046.2970626 -19.084850047784933
237651111.38110778 -19.084850071926322
250320397.97173202 -19.08485009187473
263665089.87303555 -19.08485010835608
277721193.2429355 -19.08485012197297
292526633.74366355 -19.084850133225103
308121358.87140083 -19.084850142525717
324547445.74113256 -19.084850150216752
341849214.6175927 -19.08485015658055
360073348.49856204 -19.084850161849715
379269019.0732238 -19.084850166216714
399488019.39541787 -19.08485016983944
420784903.6297398 -19.084850172848235
443217134.24760854 -19.084850175350322
466845237.07037944 -19.084850177434166
491732964.5779006 -19.084850179172307
517947467.9231202 -19.084850180624574
545559478.1168514 -19.08485018184021
574643496.8715974 -19.084850182859803
605277997.6193355 -19.08485018371669
637545637.2456493 -19.08485018443852
671533479.1115135 -19.084850185047863
707333227.9644439 -19.08485018556344
745041477.3728887 -19.08485018600086
784759970.3514622 -19.08485018637284
826595873.8801795 -19.08485018669002
870662068.0585117 -19.08485018696107
917077450.674293 -19.08485018719351
965967258.0093802 -19.08485018739317
1017463402.7476043 -19.084850187565245
1071704829.8967092 -19.084850187713783
1128837891.6846883 -19.08485018784244
1189016742.44199 -19.08485018795423
1252403754.5350692 -19.084850188051362
1319169956.473569 -19.084850188136222
1389495494.373136 -19.084850188210297
1463570118.0190797 -19.084850188275237
1541593692.8422735 -19.084850188332283
1623776739.1887176 -19.084850188382426
1710341000.337838 -19.084850188426653
1801520040.802024 -19.084850188465722
1897559876.5218503 -19.084850188500138
1998719638.6572526 -19.084850188530766
2105272272.7657027 -19.08485018855807
2217505275.2539296 -19.084850188582106
2335721469.0901213 -19.08485018860347
2460239820.8697777 -19.084850188622543
2591396301.439652 -19.084850188639486
2729544792.402002 -19.084850188654652
2875058040.944877 -19.08485018866819
3028328665.5749454 -19.08485018868036
3189770215.466325 -19.08485018869106
3359818286.2837744 -19.084850188700827
3538931695.4909844 -19.084850188709648
3727593720.314938 -19.084850188717184
3926313401.7068396 -19.08485018872438
4135626917.8176975 -19.08485018873064
4356099030.694599 -19.084850188736404
4588324610.100841 -19.084850188741168
4832930238.571753 -19.084850188745893
5090575902.036687 -19.08485018874968
5361956770.568806 -19.08485018875349
5647805074.067546 -19.08485018875687
5948892077.934331 -19.08485018875975
6266030164.072656 -19.084850188762424
6600075022.827075 -19.084850188764896
6951927961.775591 -19.084850188767007
7322538337.6045265 -19.084850188768872
7712906117.627993 -19.084850188770726
8124084577.862974 -19.08485018877216
8557183144.939984 -19.084850188773554
9013370389.51742 -19.084850188774947
9493877179.27582 -19.084850188776098
10000000000.0 -19.08485018877711
10.0 -19.60618353672836
10.53310445370937 -19.606186113242664
11.094628943275218 -19.606188971787187
11.686088553466515 -19.606192143176397
12.309079138896024 -19.606195661684694
12.965281629896682 -19.60619956526273
13.65646656794611 -19.606203896074604
14.38449888287663 -19.606208700863395
15.15134292476053 -19.606214031496258
15.95906776404731 -19.606219945508233
16.80985277425364 -19.606226506691858
17.70599351226899 -19.60623378589029
18.64990791214297 -19.60624186167071
19.644142809066278 -19.606250821116312
20.6913808111479 -19.606260760911166
21.794447537529855 -19.606271788284705
22.956319242369098 -19.606284022162058
24.180130845257207 -19.606297594514732
25.4691843897454 -19.60631265167236
26.826957952797258 -19.60632935595153
28.257115029208283 -19.606347887453005
29.76351441631318 -19.60636844581858
31.350220625651154 -19.606391252598836
33.02151484968176 -19.60641655339357
34.7819065131413 -19.60644462072173
36.63614544020716 -19.6064757566733
38.58923467029903 -19.60651029631301
40.646443957096295 -19.606548611131306
42.81332398719393 -19.60659111311329
45.095721356761466 -19.606638259017682
47.499794346614124 -19.60669055517306
50.03202953826004 -19.60674856297875
52.699259315756564 -19.60681290465835
55.50868030059805 -19.606884269930987
58.467872769375894 -19.606963423070436
61.58482110660264 -19.60705121102851
64.86793534788511 -19.607148572282284
68.32607387157402 -19.6072565463083
71.96856730011521 -19.60737628459594
75.8052436755926 -19.60750906217616
79.84645497739086 -19.60765629086285
84.10310505352605 -19.60781953333497
88.58667904100822 -19.608000519016656
93.30927435461668 -19.608201161123016
98.28363332770026 -19.60842357574097
103.52317759307378 -19.608670102384572
109.04204429677526 -19.608943326621166
114.8551242423938 -19.609246104755314
120.97810206889012 -19.609581590579374
127.42749857031335 -19.60995326450832
134.2207152716012 -19.61036496516167
141.37608138073614 -19.610820923357885
148.91290324394086 -19.61132579864468
156.85151643735477 -19.61188471861135
165.213340635737 -19.612503320491015
174.0209374062485 -19.61318779537964
183.29807108324357 -19.613944934690323
193.06977288832496 -19.614782178610813
203.36240846866724 -19.615707665925658
214.2037490358383 -19.616730284828673
225.62304629706352 -19.617859723718077
237.65111138110728 -19.61910652073191
250.32039797173255 -19.620482110781797
263.6650898730358 -19.621998867711234
277.7211932429355 -19.623670139830082
292.5266337436645 -19.62551027493754
308.1213588714002 -19.627534631815948
324.54744574113323 -19.62975957316404
341.84921461759274 -19.63220243460911
360.073348498562 -19.634881463026684
379.26901907322497 -19.637815716304324
399.48801939541704 -19.641024915424236
420.78490362974026 -19.644529237907292
443.21713424760856 -19.648349040648377
466.84523707037897 -19.6525044981218
491.73296457790156 -19.657015141207882
517.9474679231213 -19.661899279839687
545.5594781168514 -19.667173292837717
574.6434968715973 -19.67285076761572
605.2779976193349 -19.678941473322997
637.5456372456507 -19.68545015388135
671.5334791115142 -19.692375130180665
707.3332279644438 -19.6997067079202
745.0414773728917 -19.707425395624554
784.7599703514607 -19.715499949960215
826.5958738801812 -19.723885280165298
870.6620680585127 -19.732520263267975
917.0774506742931 -19.74132554378547
965.9672580093833 -19.750201417479158
1017.4634027476063 -19.75902592644115
1071.7048298967104 -19.767653320041674
1128.8378916846884 -19.77591306236902
1189.01674244199 -19.783609586322285
1252.4037545350732 -19.7905230058499
1319.1699564735716 -19.796410995041022
1389.4954943731375 -19.801012023040126
1463.5701180190797 -19.804050093134123
1541.5936928422718 -19.805241069947414
1623.776739188721 -19.804300590835012
1710.3410003378397 -19.800953448061428
1801.520040802024 -19.79494420144674
1897.5598765218504 -19.7860486454425
1998.7196386572507 -19.774085621102454
2105.272272765707 -19.758928544930406
2217.505275253932 -19.740515937616742
2335.7214690901214 -19.71886019211849
2460.239820869775 -19.694053833143435
2591.3963014396572 -19.6662726004149
2729.5447924020073 -19.63577483728598
2875.0580409448803 -19.602896882325155
3028.3286655749457 -19.568044430455448
3189.7702154663216 -19.53168013217947
3359.818286283781 -19.49430800492741
3538.9316954909877 -19.456455508347048
3727.593720314938 -19.418654349938432
3926.3134017068355 -19.381421212895265
4135.626917817706 -19.345239613587527
4356.099030694608 -19.31054399741459
4588.324610100844 -19.27770697859434
4832.930238571752 -19.247030346163527
5090.575902036681 -19.218740129439126
5361.956770568817 -19.192985681853198
5647.805074067552 -19.169842439853145
5948.892077934331 -19.14931777455591
6266.030164072656 -19.13135919696447
6600.075022827095 -19.115864109134208
6951.927961775606 -19.10269030722074
7322.538337604534 -19.09166652278464
7712.906117627992 -19.08260241534506
8124.0845778629655 -19.075297579541
8557.183144940002 -19.06954928480673
9013.37038951743 -19.065158808114706
9493.87717927582 -19.06193634046343
10000.0 -19.05970454037801
10533.104453709382 -19.058300871382045
11094.628943275218 -19.057578897765993
11686.088553466498 -19.05740872817878
12309.079138896019 -19.057676794632577
12965.281629896688 -19.058285140865728
13656.466567946096 -19.059150372983222
14384.498882876629 -19.0602024008369
15151.342924760515 -19.061383073627173
15959.06776404731 -19.062644789445077
16809.852774253653 -19.06394913735602
17705.99351226898 -19.06526561258901
18649.907912142942 -19.066570430674176
19644.142809066267 -19.067845454788955
20691.3808111479 -19.06907724177722
21794.447537529835 -19.07025620600824
22956.319242369096 -19.071375895845417
24180.13084525718 -19.072432374737105
25469.184389745402 -19.073423697376413
26826.957952797275 -19.07434947069744
28257.115029208268 -19.075210489471136
29763.51441631313 -19.076008436634005
31350.220625651124 -19.07674563917659
33021.51484968176 -19.077424871243313
34781.90651314134 -19.07804919696777
36636.14544020716 -19.07862184649695
38589.23467029899 -19.079146119476647
40646.44395709628 -19.079625311116644
42813.32398719396 -19.080062656649503
45095.721356761445 -19.08046129066936
47499.79434661403 -19.08082421839996
50032.029538259994 -19.08115429644168
52699.259315756564 -19.08145422096958
55508.680300598106 -19.081726521731635
58467.87276937589 -19.081973560480275
61584.82110660255 -19.082197532757206
64867.935347885075 -19.082400472134413
68326.07387157406 -19.08258425622333
71968.56730011514 -19.082750613887605
75805.24367559262 -19.08290113322077
79846.45497739078 -19.08303726995573
84103.10505352604 -19.083160356043688
88586.67904100832 -19.083271608205276
93309.27435461663 -19.08337213630725
98283.63332770011 -19.083462951465687
103523.17759307378 -19.083544973795565
109042.04429677526 -19.083619039767584
114855.12424239368 -19.08368590913473
120978.10206889013 -19.0837462714237
127427.49857031321 -19.08380075198523
134220.7152716012 -19.08384991761059
141376.08138073614 -19.083894281726796
148912.90324394088 -19.08393430918786
156851.5164373548 -19.083970420683293
165213.34063573685 -19.084002996781177
174020.9374062485 -19.08403238163326
183298.07108324338 -19.084058886361312
193069.77288832495 -19.084082792149196
203362.40846866704 -19.0841043530606
214203.74903583832 -19.08412379860614
225623.04629706353 -19.084141336077156
237651.11138110727 -19.084157152667252
250320.39797173254 -19.084171417398682
263665.08987303555 -19.084184282870226
277721.1932429355 -19.08419588684188
292526.6337436642 -19.084206353671757
308121.35887140024 -19.08421579561738
324547.44574113254 -19.08422431401414
341849.21461759275 -19.084232000342094
360073.348498562 -19.084238937191568
379269.0190732246 -19.084245199137243
399488.019395417 -19.08425085352806
420784.9036297398 -19.084255961203176
443217.13424760854 -19.08426057713863
466845.2370703785 -19.08426475103338
491732.9645779016 -19.084268527839022
517947.46792312124 -19.084271948240605
545559.4781168514 -19.084275049090262
574643.4968715974 -19.084277863802413
605277.9976193343 -19.08428042271152
637545.6372456506 -19.084282753395886
671533.4791115135 -19.08428488097405
707333.2279644439 -19.084286828373052
745041.4773728917 -19.08428861657465
784759.9703514606 -19.084290264838636
826595.8738801812 -19.08429179091015
870662.0680585118 -19.084293211207076
917077.4506742931 -19.08429454099628
965967.2580093823 -19.084295794554468
1017463.4027476063 -19.084296985319146
1071704.8298967092 -19.08429812602916
1128837.8916846884 -19.084299228857656
1189016.74244199 -19.08430030553675
1252403.7545350718 -19.084301367477455
1319169.9564735717 -19.08430242588344
1389495.494373136 -19.084303491860886
1463570.1180190798 -19.084304576525547
1541593.6928422702 -19.084305691106035
1623776.739188721 -19.084306847045244
1710341.0003378377 -19.084308056100195
1801520.0408020238 -19.084309330439197
1897559.8765218505 -19.08431068273803
1998719.6386572486 -19.084312126273538
2105272.272765707 -19.08431367501485
2217505.2752539297 -19.084315343711687
2335721.4690901213 -19.084317147977167
2460239.8208697727 -19.084319104365555
2591396.3014396573 -19.08432123044174
2729544.792402007 -19.084323544839986
2875058.040944877 -19.084326067309647
3028328.6655749455 -19.084328818742872
3189770.215466318 -19.084331821181955
3359818.286283781 -19.0843350977987
3538931.6954909842 -19.084338672843607
3727593.720314938 -19.08434257155478
3926313.4017068394 -19.084346820022994
4135626.917817706 -19.084351445004536
4356099.030694608 -19.084356473674394
4588324.61010084 -19.084361933313794
4832930.238571752 -19.08436785092611
5090575.902036676 -19.084374252776325
5361956.770568817 -19.0843811638521
5647805.074067546 -19.084388607246154
5948892.077934331 -19.084396603467027
6266030.164072656 -19.084405169684736
6600075.022827089 -19.084414318928854
6951927.961775606 -19.084424059259263
7322538.337604526 -19.084434392937208
7712906.117627992 -19.084445315632045
8124084.5778629575 -19.084456815702143
8557183.144940002 -19.084468873594357
9013370.38951742 -19.084481461405225
9493877.17927582 -19.084494542649225
10000000.0 -19.08450807227235
10533104.45370936 -19.084521996936566
11094628.943275219 -19.084536255595623
11686088.553466497 -19.08455078036191
12309079.138896018 -19.084565497645432
12965281.629896663 -19.0845803295316
13656466.567946097 -19.084595195346175
14384498.882876629 -19.08461001334083
15151342.924760515 -19.084624702426186
15959067.76404731 -19.084639183872348
16809852.774253618 -19.08465338290448
17705993.51226898 -19.084667230123113
18649907.912142944 -19.08468066269713
19644142.809066266 -19.08469362529123
20691380.811147902 -19.08470607070855
21794447.537529834 -19.084717960244507
22956319.242369097 -19.084729263769134
24180130.84525718 -19.08473995956251
25469184.3897454 -19.084750033942022
26826957.95279722 -19.0847594807211
28257115.02920827 -19.084768300547196
29763514.41631313 -19.084776500158963
31350220.62565112 -19.084784091604025
33021514.849681754 -19.084791091447908
34781906.51314127 -19.084797520005317
36636145.44020716 -19.084803400610788
38589234.67029899 -19.084808758944053
40646443.95709628 -19.084813622417798
42813323.98719387 -19.08481801963102
45095721.35676145 -19.084821979888
47499794.346614026 -19.08482553277954
50032029.53825999 -19.084828707820268
52699259.31575657 -19.084831534138914
55508680.300597996 -19.084834040214304
58467872.7693759 -19.084836253652494
61584821.10660254 -19.084838200999844
64867935.34788508 -19.08483990759145
68326073.87157391 -19.084841397428555
71968567.30011514 -19.084842693085605
75805243.67559262 -19.084843815644614
79846454.97739078 -19.084844784656063
84103105.05352604 -19.084845618123754
88586679.04100814 -19.084846332512654
93309274.35461664 -19.084846942778626
98283633.32770011 -19.084847462415425
103523177.59307377 -19.084847903517982
109042044.29677527 -19.084848276858427
114855124.24239345 -19.08484859197156
120978102.06889038 -19.084848857246804
127427498.57031322 -19.084849080023705
134220715.2716012 -19.084849266688614
141376081.38073614 -19.08484942276949
148912903.24394056 -19.08484955302869
156851516.43735445 -19.08484966154959
165213340.63573685 -19.084849751818982
174020937.40624848 -19.084849826802003
183298071.08324376 -19.084849889010716
193069772.88832456 -19.08484994056703
203362408.46866703 -19.08484998325637
214203749.0358383 -19.084850018577463
225623046.2970626 -19.084850047784933
237651111.38110778 -19.084850071926322
250320397.97173202 -19.08485009187473
263665089.87303555 -19.08485010835608
277721193.2429355 -19.08485012197297
292526633.74366355 -19.084850133225103
308121358.87140083 -19.084850142525717
324547445.74113256 -19.084850150216752
341849214.6175927 -19.08485015658055
360073348.49856204 -19.084850161849715
379269019.0732238 -19.084850166216714
399488019.39541787 -19.08485016983944
420784903.6297398 -19.084850172848235
443217134.24760854 -19.084850175350322
466845237.07037944 -19.084850177434166
491732964.5779006 -19.084850179172307
517947467.9231202 -19.084850180624574
545559478.1168514 -19.08485018184021
574643496.8715974 -19.084850182859803
605277997.6193355 -19.08485018371669
637545637.2456493 -19.08485018443852
671533479.1115135 -19.084850185047863
707333227.9644439 -19.08485018556344
745041477.3728887 -19.08485018600086
784759970.3514622 -19.08485018637284
826595873.8801795 -19.08485018669002
870662068.0585117 -19.08485018696107
917077450.674293 -19.08485018719351
965967258.0093802 -19.08485018739317
1017463402.7476043 -19.084850187565245
1071704829.8967092 -19.084850187713783
1128837891.6846883 -19.08485018784244
1189016742.44199 -19.08485018795423
1252403754.5350692 -19.084850188051362
1319169956.473569 -19.084850188136222
1389495494.373136 -19.084850188210297
1463570118.0190797 -19.084850188275237
1541593692.8422735 -19.084850188332283
1623776739.1887176 -19.084850188382426
1710341000.337838 -19.084850188426653
1801520040.802024 -19.084850188465722
1897559876.5218503 -19.084850188500138
1998719638.6572526 -19.084850188530766
2105272272.7657027 -19.08485018855807
2217505275.2539296 -19.084850188582106
2335721469.0901213 -19.08485018860347
2460239820.8697777 -19.084850188622543
2591396301.439652 -19.084850188639486
2729544792.402002 -19.084850188654652
2875058040.944877 -19.08485018866819
3028328665.5749454 -19.08485018868036
3189770215.466325 -19.08485018869106
3359818286.2837744 -19.084850188700827
3538931695.4909844 -19.084850188709648
3727593720.314938 -19.084850188717184
3926313401.7068396 -19.08485018872438
4135626917.8176975 -19.08485018873064
4356099030.694599 -19.084850188736404
4588324610.100841 -19.084850188741168
4832930238.571753 -19.084850188745893
5090575902.036687 -19.08485018874968
5361956770.568806 -19.08485018875349
5647805074.067546 -19.08485018875687
5948892077.934331 -19.08485018875975
6266030164.072656 -19.084850188762424
6600075022.827075 -19.084850188764896
6951927961.775591 -19.084850188767007
7322538337.6045265 -19.084850188768872
7712906117.627993 -19.084850188770726
8124084577.862974 -19.08485018877216
8557183144.939984 -19.084850188773554
9013370389.51742 -19.084850188774947
9493877179.27582 -19.084850188776098
10000000000.0 -19.08485018877711
