10.0 31.72990454916939
10.53310445370937 31.27730018770203
11.094628943275218 30.824534871548824
11.686088553466515 30.37159114070075
12.309079138896024 29.91844965307488
12.965281629896682 29.46508899741435
13.65646656794611 29.0114854712173
14.38449888287663 28.557612838706753
15.15134292476053 28.103442082770037
15.95906776404731 27.648941101191205
16.80985277425364 27.19407439808453
17.70599351226899 26.73880275255386
18.64990791214297 26.283082817159862
19.644142809066278 25.826866737837562
20.6913808111479 25.3701016883958
21.794447537529855 24.91272939806304
22.956319242369098 24.45468563121725
24.180130845257207 23.995899616693347
25.4691843897454 23.536293459297607
26.826957952797258 23.07578147913854
28.257115029208283 22.61426952606447
29.76351441631318 22.151654268262998
31.350220625651154 21.687822403690767
33.02151484968176 21.222649878080144
34.7819065131413 20.756001060428908
36.63614544020716 20.28772787486683
38.58923467029903 19.81766897408938
40.646443957096295 19.345648876681675
42.81332398719393 18.871477149865147
45.095721356761466 18.39494763271677
47.499794346614124 17.91583773547734
50.03202953826004 17.43390784772598
52.699259315756564 16.9489008839991
55.50868030059805 16.460542024803765
58.467872769375894 15.968538708334584
61.58482110660264 15.47258088245863
64.86793534788511 14.972341656847997
68.32607387157402 14.467478346782737
71.96856730011521 13.95763397932813
75.8052436755926 13.442439427914918
79.84645497739086 12.92151607313839
84.10310505352605 12.394479155496985
88.58667904100822 11.860941864471341
93.30927435461668 11.32052010778824
98.28363332770026 10.772838025001548
103.52317759307378 10.217534169833469
109.04204429677526 9.654268373033435
114.8551242423938 9.082729073927693
120.97810206889012 8.50264108680961
127.42749857031335 7.913773564810191
134.2207152716012 7.315947993733582
141.37608138073614 6.709045979033132
148.91290324394086 6.093016578056578
156.85151643735477 5.467882959845657
165.213340635737 4.833748128911267
174.0209374062485 4.1907996025511025
183.29807108324357 3.5393127642188302
193.06977288832496 2.8796529218866467
203.36240846866724 2.21227591729791
214.2037490358383 1.537727367435131
225.62304629706352 0.8566406149328734
237.65111138110728 0.16973340608359047
250.32039797173255 -0.5221964120377233
263.6650898730358 -1.2182761384489884
277.7211932429355 -1.9175641550174796
292.5266337436645 -2.6190564306501556
308.1213588714002 -3.3216934396062463
324.54744574113323 -4.024367344272335
341.84921461759274 -4.7259294742591464
360.073348498562 -5.425197870644722
379.26901907322497 -6.120965052374832
399.48801939541704 -6.812005901632427
420.78490362974026 -7.497085687712165
443.21713424760856 -8.174968314897447
466.84523707037897 -8.844424699837079
491.73296457790156 -9.504241397159296
517.9474679231213 -10.153229341776749
545.5594781168514 -10.790232697605042
574.6434968715973 -11.414137779872792
605.2779976193349 -12.023881834726511
637.5456372456507 -12.618461680234361
671.5334791115142 -13.196941937578156
707.3332279644438 -13.758462807626422
745.0414773728917 -14.302247182532113
784.7599703514607 -14.827606939942754
826.5958738801812 -15.333948362497233
870.6620680585127 -15.820776487941323
917.0774506742931 -16.287698383440947
965.9672580093833 -16.734425203187055
1017.4634027476063 -17.160773064199645
1071.7048298967104 -17.566662669540886
1128.8378916846884 -17.952117689498934
1189.01674244199 -18.317261906145596
1252.4037545350732 -18.662315210462037
1319.1699564735716 -18.987588441942698
1389.4954943731375 -19.293477195737225
1463.5701180190797 -19.580454712785603
1541.5936928422718 -19.849063968613745
1623.776739188721 -20.099909134117645
1710.3410003378397 -20.333646584388035
1801.520040802024 -20.55097565715259
1897.5598765218504 -20.752629340187685
1998.7196386572507 -20.93936512221977
2105.272272765707 -21.111956144933856
2217.505275253932 -21.271182858496314
2335.7214690901214 -21.417825299408996
2460.239820869775 -21.552656099721638
2591.3963014396572 -21.676434317641696
2729.5447924020073 -21.789900097280217
2875.0580409448803 -21.893770220351296
3028.3286655749457 -21.9887344758751
3189.7702154663216 -22.075452865318187
3359.818286283781 -22.154553547477057
3538.9316954909877 -22.226631477333235
3727.593720314938 -22.29224765377364
3926.3134017068355 -22.351928905089867
4135.626917817706 -22.406168122041574
4356.099030694608 -22.45542487066413
4588.324610100844 -22.500126310466513
4832.930238571752 -22.540668345815128
5090.575902036681 -22.57741696325268
5361.956770568817 -22.61070968888084
5647.805074067552 -22.640857131922502
5948.892077934331 -22.66814457038287
6266.030164072656 -22.6928335494079
6600.075022827095 -22.715163468070607
6951.927961775606 -22.73535313294203
7322.538337604534 -22.753602261777225
7712.906117627992 -22.770092928347644
8124.0845778629655 -22.78499094019559
8557.183144940002 -22.798447142306287
9013.37038951743 -22.81059864259663
9493.87717927582 -22.82156996371743
10000.0 -22.831474113505013
10533.104453709382 -22.84041358304468
11094.628943275218 -22.848481268615327
11686.088553466498 -22.85576132473168
12309.079138896019 -22.86232995050443
12965.281629896688 -22.868256109252982
13656.466567946096 -22.873602193257977
14384.498882876629 -22.878424627944753
15151.342924760515 -22.882774427185883
15959.06776404731 -22.88669769872849
16809.852774253653 -22.89023610560198
17705.99351226898 -22.893427285655687
18649.907912142942 -22.89630523380756
19644.142809066267 -22.898900649323956
20691.3808111479 -22.901241250650717
21794.447537529835 -22.903352061624748
22956.319242369096 -22.90525567127336
24180.13084525718 -22.906972467937553
25469.184389745402 -22.90852085331799
26826.957952797275 -22.90991743436382
28257.115029208268 -22.911177197987573
29763.51441631313 -22.912313668838674
31350.220625651124 -22.913339052113567
33021.51484968176 -22.914264361930105
34781.90651314134 -22.915099538487645
36636.14544020716 -22.915853552837675
38589.23467029899 -22.916534501798953
40646.44395709628 -22.917149693502733
42813.32398719396 -22.917705724991187
45095.721356761445 -22.918208551560888
47499.79434661403 -22.918663549271617
50032.029538259994 -22.91907557147479
52699.259315756564 -22.919448999132914
55508.680300598106 -22.91978778650027
58467.87276937589 -22.920095501697393
61584.82110660255 -22.920375362485323
64867.935347885075 -22.92063026956709
68326.07387157406 -22.920862834611107
71968.56730011514 -22.92107540632536
75805.24367559262 -22.921270093005127
79846.45497739078 -22.921448782579414
84103.10505352604 -22.921613160295355
88586.67904100832 -22.921764725207623
93309.27435461663 -22.921904803513353
98283.63332770011 -22.92203456130622
103523.17759307378 -22.922155017007277
109042.04429677526 -22.922267051102253
114855.12424239368 -22.922371417024788
120978.10206889013 -22.92246875043096
127427.49857031321 -22.922559579557863
134220.7152716012 -22.92264433449706
141376.08138073614 -22.922723357026918
148912.90324394088 -22.922796911222267
156851.5164373548 -22.922865193321847
165213.34063573685 -22.922928342365857
174020.9374062485 -22.922986450785206
183298.07108324338 -22.923039574629666
193069.77288832495 -22.92308774413322
203362.40846866704 -22.92313097326452
214203.74903583832 -22.92316926898835
225623.04629706353 -22.92320263996658
237651.11138110727 -22.923231103901088
250320.39797173254 -22.923254694613497
263665.08987303555 -22.923273467396896
277721.1932429355 -22.92328750383919
292526.6337436642 -22.923296915189503
308121.35887140024 -22.923301844684147
324547.44574113254 -22.923302468855873
341849.21461759275 -22.923298997408533
360073.348498562 -22.923291672229222
379269.0190732246 -22.92328076519215
399488.019395417 -22.923266574945718
420784.9036297398 -22.923249422835706
443217.13424760854 -22.92322964791562
466845.2370703785 -22.923207601500508
491732.9645779016 -22.923183641157493
517947.46792312124 -22.92315812460025
545559.4781168514 -22.923131403636955
574643.4968715974 -22.92310381835875
605277.9976193343 -22.923075691880666
637545.6372456506 -22.923047325806273
671533.4791115135 -22.92301899648967
707333.2279644439 -22.9229909522469
745041.4773728917 -22.92296341157572
784759.9703514606 -22.922936562258563
826595.8738801812 -22.92291056142185
870662.0680585118 -22.92288553631874
917077.4506742931 -22.922861585808
965967.2580093823 -22.922838782360945
1017463.4027476063 -22.922817174396435
1071704.8298967092 -22.922796788905337
1128837.8916846884 -22.922777634142875
1189016.74244199 -22.92275970237416
1252403.7545350718 -22.922742972498384
1319169.9564735717 -22.92272741253583
1389495.494373136 -22.922712981941913
1463570.1180190798 -22.922699633660496
1541593.6928422702 -22.92268731596714
1623776.739188721 -22.922675974053128
1710341.0003378377 -22.922665551360552
1801520.0408020238 -22.92265599074486
1897559.8765218505 -22.922647235361403
1998719.6386572486 -22.922639229422085
2105272.272765707 -22.922631918760864
2217505.2752539297 -22.92262525127166
2335721.4690901213 -22.922619177208432
2460239.8208697727 -22.922613649408724
2591396.3014396573 -22.92260862339171
2729544.792402007 -22.92260405744925
2875058.040944877 -22.922599912613858
3028328.6655749455 -22.92259615263776
3189770.215466318 -22.92259274391005
3359818.286283781 -22.922589655354315
3538931.6954909842 -22.922586858326895
3727593.720314938 -22.922584326475036
3926313.4017068394 -22.92258203561261
4135626.917817706 -22.9225799635811
4356099.030694608 -22.922578090112967
4588324.61010084 -22.922576396700624
4832930.238571752 -22.922574866462302
5090575.902036676 -22.9225734840208
5361956.770568817 -22.922572235383782
5647805.074067546 -22.922571107830155
5948892.077934331 -22.922570089805117
6266030.164072656 -22.922569170822374
6600075.022827089 -22.922568341369313
6951927.961775606 -22.922567592826198
7322538.337604526 -22.92256691738192
7712906.117627992 -22.922566307965152
8124084.5778629575 -22.922565758176244
8557183.144940002 -22.922565262224946
9013370.38951742 -22.9225648148758
9493877.17927582 -22.922564411394603
10000000.0 -22.922564047503734
10533104.45370936 -22.922563719338108
11094628.943275219 -22.922563423406213
11686088.553466497 -22.92256315655406
12309079.138896018 -22.922562915935117
12965281.629896663 -22.922562698978975
13656466.567946097 -22.92256250336537
14384498.882876629 -22.922562327000282
15151342.924760515 -22.92256216799425
15959067.76404731 -22.922562024642588
16809852.774253618 -22.922561895407085
17705993.51226898 -22.922561778899716
18649907.912142944 -22.922561673869204
19644142.809066266 -22.922561579186716
20691380.811147902 -22.922561493833893
21794447.537529834 -22.92256141689231
22956319.242369097 -22.922561347534163
24180130.84525718 -22.922561285012684
25469184.3897454 -22.922561228654597
26826957.95279722 -22.922561177852767
28257115.02920827 -22.922561132059656
29763514.41631313 -22.922561090781784
31350220.62565112 -22.922561053574317
33021514.849681754 -22.922561020035992
34781906.51314127 -22.922560989805124
36636145.44020716 -22.922560962555668
38589234.67029899 -22.922560937993843
40646443.95709628 -22.92256091585454
42813323.98719387 -22.922560895898854
45095721.35676145 -22.922560877911536
47499794.346614026 -22.922560861698468
50032029.53825999 -22.92256084708457
52699259.31575657 -22.922560833912293
55508680.300597996 -22.922560822039596
58467872.7693759 -22.92256081133795
61584821.10660254 -22.922560801692107
64867935.34788508 -22.92256079299787
68326073.87157391 -22.922560785160865
71968567.30011514 -22.922560778097754
75805243.67559262 -22.922560771731103
79846454.97739078 -22.922560765992404
84103105.05352604 -22.922560760819962
88586679.04100814 -22.922560756157555
93309274.35461664 -22.922560751955857
98283633.32770011 -22.92256074816794
103523177.59307377 -22.922560744753874
109042044.29677527 -22.92256074167662
114855124.24239345 -22.922560738903115
120978102.06889038 -22.922560736403547
127427498.57031322 -22.922560734149847
134220715.2716012 -22.922560732119024
141376081.38073614 -22.922560730288396
148912903.24394056 -22.92256072863855
156851516.43735445 -22.922560727151247
165213340.63573685 -22.922560725810843
174020937.40624848 -22.92256072460291
183298071.08324376 -22.922560723513435
193069772.88832456 -22.922560722531795
203362408.46866703 -22.922560721647578
214203749.0358383 -22.92256072084988
225623046.2970626 -22.92256072013103
237651111.38110778 -22.922560719482963
250320397.97173202 -22.922560718899426
263665089.87303555 -22.92256071837297
277721193.2429355 -22.92256071789867
292526633.74366355 -22.92256071747103
308121358.87140083 -22.922560717085574
324547445.74113256 -22.922560716738513
341849214.6175927 -22.922560716425203
360073348.49856204 -22.922560716142737
379269019.0732238 -22.922560715888626
399488019.39541787 -22.922560715659305
420784903.6297398 -22.922560715452622
443217134.24760854 -22.92256071526638
466845237.07037944 -22.922560715098427
491732964.5779006 -22.92256071494734
517947467.9231202 -22.922560714810697
545559478.1168514 -22.92256071468788
574643496.8715974 -22.92256071457704
605277997.6193355 -22.922560714477164
637545637.2456493 -22.92256071438709
671533479.1115135 -22.922560714306016
707333227.9644439 -22.92256071423283
745041477.3728887 -22.922560714166966
784759970.3514622 -22.922560714107423
826595873.8801795 -22.922560714053944
870662068.0585117 -22.922560714005698
917077450.674293 -22.922560713962206
965967258.0093802 -22.922560713922934
1017463402.7476043 -22.922560713887705
1071704829.8967092 -22.922560713855816
1128837891.6846883 -22.92256071382719
1189016742.44199 -22.92256071380132
1252403754.5350692 -22.92256071377798
1319169956.473569 -22.922560713756994
1389495494.373136 -22.922560713737816
1463570118.0190797 -22.92256071372087
1541593692.8422735 -22.922560713705508
1623776739.1887176 -22.92256071369153
1710341000.337838 -22.922560713678987
1801520040.802024 -22.922560713667785
1897559876.5218503 -22.922560713657557
1998719638.6572526 -22.922560713648437
2105272272.7657027 -22.922560713640216
2217505275.2539296 -22.922560713632723
2335721469.0901213 -22.92256071362597
2460239820.8697777 -22.92256071362003
2591396301.439652 -22.922560713614573
2729544792.402002 -22.922560713609688
2875058040.944877 -22.922560713605222
3028328665.5749454 -22.922560713601186
3189770215.466325 -22.922560713597562
3359818286.2837744 -22.92256071359435
3538931695.4909844 -22.92256071359148
3727593720.314938 -22.92256071358885
3926313401.7068396 -22.922560713586464
4135626917.8176975 -22.922560713584286
4356099030.694599 -22.922560713582314
4588324610.100841 -22.922560713580673
4832930238.571753 -22.922560713579088
5090575902.036687 -22.922560713577653
5361956770.568806 -22.92256071357641
5647805074.067546 -22.922560713575244
5948892077.934331 -22.922560713574214
6266030164.072656 -22.92256071357327
6600075022.827075 -22.922560713572466
6951927961.775591 -22.92256071357172
7322538337.6045265 -22.922560713571137
7712906117.627993 -22.922560713570373
8124084577.862974 -22.922560713569787
8557183144.939984 -22.922560713569304
9013370389.51742 -22.922560713568828
9493877179.27582 -22.922560713568476
10000000000.0 -22.922560713568096
10.0 31.72990454916939
10.53310445370937 31.27730018770203
11.094628943275218 30.824534871548824
11.686088553466515 30.37159114070075
12.309079138896024 29.91844965307488
12.965281629896682 29.46508899741435
13.65646656794611 29.0114854712173
14.38449888287663 28.557612838706753
15.15134292476053 28.103442082770037
15.95906776404731 27.648941101191205
16.80985277425364 27.19407439808453
17.70599351226899 26.73880275255386
18.64990791214297 26.283082817159862
19.644142809066278 25.826866737837562
20.6913808111479 25.3701016883958
21.794447537529855 24.91272939806304
22.956319242369098 24.45468563121725
24.180130845257207 23.995899616693347
25.4691843897454 23.536293459297607
26.826957952797258 23.07578147913854
28.257115029208283 22.61426952606447
29.76351441631318 22.151654268262998
31.350220625651154 21.687822403690767
33.02151484968176 21.222649878080144
34.7819065131413 20.756001060428908
36.63614544020716 20.28772787486683
38.58923467029903 19.81766897408938
40.646443957096295 19.345648876681675
42.81332398719393 18.871477149865147
45.095721356761466 18.39494763271677
47.499794346614124 17.91583773547734
50.03202953826004 17.43390784772598
52.699259315756564 16.9489008839991
55.50868030059805 16.460542024803765
58.467872769375894 15.968538708334584
61.58482110660264 15.47258088245863
64.86793534788511 14.972341656847997
68.32607387157402 14.467478346782737
71.96856730011521 13.95763397932813
75.8052436755926 13.442439427914918
79.84645497739086 12.92151607313839
84.10310505352605 12.394479155496985
88.58667904100822 11.860941864471341
93.30927435461668 11.32052010778824
98.28363332770026 10.772838025001548
103.52317759307378 10.217534169833469
109.04204429677526 9.654268373033435
114.8551242423938 9.082729073927693
120.97810206889012 8.50264108680961
127.42749857031335 7.913773564810191
134.2207152716012 7.315947993733582
141.37608138073614 6.709045979033132
148.91290324394086 6.093016578056578
156.85151643735477 5.467882959845657
165.213340635737 4.833748128911267
174.0209374062485 4.1907996025511025
183.29807108324357 3.5393127642188302
193.06977288832496 2.8796529218866467
203.36240846866724 2.21227591729791
214.2037490358383 1.537727367435131
225.62304629706352 0.8566406149328734
237.65111138110728 0.16973340608359047
250.32039797173255 -0.5221964120377233
263.6650898730358 -1.2182761384489884
277.7211932429355 -1.9175641550174796
292.5266337436645 -2.6190564306501556
308.1213588714002 -3.3216934396062463
324.54744574113323 -4.024367344272335
341.84921461759274 -4.7259294742591464
360.073348498562 -5.425197870644722
379.26901907322497 -6.120965052374832
399.48801939541704 -6.812005901632427
420.78490362974026 -7.497085687712165
443.21713424760856 -8.174968314897447
466.84523707037897 -8.844424699837079
491.73296457790156 -9.504241397159296
517.9474679231213 -10.153229341776749
545.5594781168514 -10.790232697605042
574.6434968715973 -11.414137779872792
605.2779976193349 -12.023881834726511
637.5456372456507 -12.618461680234361
671.5334791115142 -13.196941937578156
707.3332279644438 -13.758462807626422
745.0414773728917 -14.302247182532113
784.7599703514607 -14.827606939942754
826.5958738801812 -15.333948362497233
870.6620680585127 -15.820776487941323
917.0774506742931 -16.287698383440947
965.9672580093833 -16.734425203187055
1017.4634027476063 -17.160773064199645
1071.7048298967104 -17.566662669540886
1128.8378916846884 -17.952117689498934
1189.01674244199 -18.317261906145596
1252.4037545350732 -18.662315210462037
1319.1699564735716 -18.987588441942698
1389.4954943731375 -19.293477195737225
1463.5701180190797 -19.580454712785603
1541.5936928422718 -19.849063968613745
1623.776739188721 -20.099909134117645
1710.3410003378397 -20.333646584388035
1801.520040802024 -20.55097565715259
1897.5598765218504 -20.752629340187685
1998.7196386572507 -20.93936512221977
2105.272272765707 -21.111956144933856
2217.505275253932 -21.271182858496314
2335.7214690901214 -21.417825299408996
2460.239820869775 -21.552656099721638
2591.3963014396572 -21.676434317641696
2729.5447924020073 -21.789900097280217
2875.0580409448803 -21.893770220351296
3028.3286655749457 -21.9887344758751
3189.7702154663216 -22.075452865318187
3359.818286283781 -22.154553547477057
3538.9316954909877 -22.226631477333235
3727.593720314938 -22.29224765377364
3926.3134017068355 -22.351928905089867
4135.626917817706 -22.406168122041574
4356.099030694608 -22.45542487066413
4588.324610100844 -22.500126310466513
4832.930238571752 -22.540668345815128
5090.575902036681 -22.57741696325268
5361.956770568817 -22.61070968888084
5647.805074067552 -22.640857131922502
5948.892077934331 -22.66814457038287
6266.030164072656 -22.6928335494079
6600.075022827095 -22.715163468070607
6951.927961775606 -22.73535313294203
7322.538337604534 -22.753602261777225
7712.906117627992 -22.770092928347644
8124.0845778629655 -22.78499094019559
8557.183144940002 -22.798447142306287
9013.37038951743 -22.81059864259663
9493.87717927582 -22.82156996371743
10000.0 -22.831474113505013
10533.104453709382 -22.84041358304468
11094.628943275218 -22.848481268615327
11686.088553466498 -22.85576132473168
12309.079138896019 -22.86232995050443
12965.281629896688 -22.868256109252982
13656.466567946096 -22.873602193257977
14384.498882876629 -22.878424627944753
15151.342924760515 -22.882774427185883
15959.06776404731 -22.88669769872849
16809.852774253653 -22.89023610560198
17705.99351226898 -22.893427285655687
18649.907912142942 -22.89630523380756
19644.142809066267 -22.898900649323956
20691.3808111479 -22.901241250650717
21794.447537529835 -22.903352061624748
22956.319242369096 -22.90525567127336
24180.13084525718 -22.906972467937553
25469.184389745402 -22.90852085331799
26826.957952797275 -22.90991743436382
28257.115029208268 -22.911177197987573
29763.51441631313 -22.912313668838674
31350.220625651124 -22.913339052113567
33021.51484968176 -22.914264361930105
34781.90651314134 -22.915099538487645
36636.14544020716 -22.915853552837675
38589.23467029899 -22.916534501798953
40646.44395709628 -22.917149693502733
42813.32398719396 -22.917705724991187
45095.721356761445 -22.918208551560888
47499.79434661403 -22.918663549271617
50032.029538259994 -22.91907557147479
52699.259315756564 -22.919448999132914
55508.680300598106 -22.91978778650027
58467.87276937589 -22.920095501697393
61584.82110660255 -22.920375362485323
64867.935347885075 -22.92063026956709
68326.07387157406 -22.920862834611107
71968.56730011514 -22.92107540632536
75805.24367559262 -22.921270093005127
79846.45497739078 -22.921448782579414
84103.10505352604 -22.921613160295355
88586.67904100832 -22.921764725207623
93309.27435461663 -22.921904803513353
98283.63332770011 -22.92203456130622
103523.17759307378 -22.922155017007277
109042.04429677526 -22.922267051102253
114855.12424239368 -22.922371417024788
120978.10206889013 -22.92246875043096
127427.49857031321 -22.922559579557863
134220.7152716012 -22.92264433449706
141376.08138073614 -22.922723357026918
148912.90324394088 -22.922796911222267
156851.5164373548 -22.922865193321847
165213.34063573685 -22.922928342365857
174020.9374062485 -22.922986450785206
183298.07108324338 -22.923039574629666
193069.77288832495 -22.92308774413322
203362.40846866704 -22.92313097326452
214203.74903583832 -22.92316926898835
225623.04629706353 -22.92320263996658
237651.11138110727 -22.923231103901088
250320.39797173254 -22.923254694613497
263665.08987303555 -22.923273467396896
277721.1932429355 -22.92328750383919
292526.6337436642 -22.923296915189503
308121.35887140024 -22.923301844684147
324547.44574113254 -22.923302468855873
341849.21461759275 -22.923298997408533
360073.348498562 -22.923291672229222
379269.0190732246 -22.92328076519215
399488.019395417 -22.923266574945718
420784.9036297398 -22.923249422835706
443217.13424760854 -22.92322964791562
466845.2370703785 -22.923207601500508
491732.9645779016 -22.923183641157493
517947.46792312124 -22.92315812460025
545559.4781168514 -22.923131403636955
574643.4968715974 -22.92310381835875
605277.9976193343 -22.923075691880666
637545.6372456506 -22.923047325806273
671533.4791115135 -22.92301899648967
707333.2279644439 -22.9229909522469
745041.4773728917 -22.92296341157572
784759.9703514606 -22.922936562258563
826595.8738801812 -22.92291056142185
870662.0680585118 -22.92288553631874
917077.4506742931 -22.922861585808
965967.2580093823 -22.922838782360945
1017463.4027476063 -22.922817174396435
1071704.8298967092 -22.922796788905337
1128837.8916846884 -22.922777634142875
1189016.74244199 -22.92275970237416
1252403.7545350718 -22.922742972498384
1319169.9564735717 -22.92272741253583
1389495.494373136 -22.922712981941913
1463570.1180190798 -22.922699633660496
1541593.6928422702 -22.92268731596714
1623776.739188721 -22.922675974053128
1710341.0003378377 -22.922665551360552
1801520.0408020238 -22.92265599074486
1897559.8765218505 -22.922647235361403
1998719.6386572486 -22.922639229422085
2105272.272765707 -22.922631918760864
2217505.2752539297 -22.92262525127166
2335721.4690901213 -22.922619177208432
2460239.8208697727 -22.922613649408724
2591396.3014396573 -22.92260862339171
2729544.792402007 -22.92260405744925
2875058.040944877 -22.922599912613858
3028328.6655749455 -22.92259615263776
3189770.215466318 -22.92259274391005
3359818.286283781 -22.922589655354315
3538931.6954909842 -22.922586858326895
3727593.720314938 -22.922584326475036
3926313.4017068394 -22.92258203561261
4135626.917817706 -22.9225799635811
4356099.030694608 -22.922578090112967
4588324.61010084 -22.922576396700624
4832930.238571752 -22.922574866462302
5090575.902036676 -22.9225734840208
5361956.770568817 -22.922572235383782
5647805.074067546 -22.922571107830155
5948892.077934331 -22.922570089805117
6266030.164072656 -22.922569170822374
6600075.022827089 -22.922568341369313
6951927.961775606 -22.922567592826198
7322538.337604526 -22.92256691738192
7712906.117627992 -22.922566307965152
8124084.5778629575 -22.922565758176244
8557183.144940002 -22.922565262224946
9013370.38951742 -22.9225648148758
9493877.17927582 -22.922564411394603
10000000.0 -22.922564047503734
10533104.45370936 -22.922563719338108
11094628.943275219 -22.922563423406213
11686088.553466497 -22.92256315655406
12309079.138896018 -22.922562915935117
12965281.629896663 -22.922562698978975
13656466.567946097 -22.92256250336537
14384498.882876629 -22.922562327000282
15151342.924760515 -22.92256216799425
15959067.76404731 -22.922562024642588
16809852.774253618 -22.922561895407085
17705993.51226898 -22.922561778899716
18649907.912142944 -22.922561673869204
19644142.809066266 -22.922561579186716
20691380.811147902 -22.922561493833893
21794447.537529834 -22.92256141689231
22956319.242369097 -22.922561347534163
24180130.84525718 -22.922561285012684
25469184.3897454 -22.922561228654597
26826957.95279722 -22.922561177852767
28257115.02920827 -22.922561132059656
29763514.41631313 -22.922561090781784
31350220.62565112 -22.922561053574317
33021514.849681754 -22.922561020035992
34781906.51314127 -22.922560989805124
36636145.44020716 -22.922560962555668
38589234.67029899 -22.922560937993843
40646443.95709628 -22.92256091585454
42813323.98719387 -22.922560895898854
45095721.35676145 -22.922560877911536
47499794.346614026 -22.922560861698468
50032029.53825999 -22.92256084708457
52699259.31575657 -22.922560833912293
55508680.300597996 -22.922560822039596
58467872.7693759 -22.92256081133795
61584821.10660254 -22.922560801692107
64867935.34788508 -22.92256079299787
68326073.87157391 -22.922560785160865
71968567.30011514 -22.922560778097754
75805243.67559262 -22.922560771731103
79846454.97739078 -22.922560765992404
84103105.05352604 -22.922560760819962
88586679.04100814 -22.922560756157555
93309274.35461664 -22.922560751955857
98283633.32770011 -22.92256074816794
103523177.59307377 -22.922560744753874
109042044.29677527 -22.92256074167662
114855124.24239345 -22.922560738903115
120978102.06889038 -22.922560736403547
127427498.57031322 -22.922560734149847
134220715.2716012 -22.922560732119024
141376081.38073614 -22.922560730288396
148912903.24394056 -22.92256072863855
156851516.43735445 -22.922560727151247
165213340.63573685 -22.922560725810843
174020937.40624848 -22.92256072460291
183298071.08324376 -22.922560723513435
193069772.88832456 -22.922560722531795
203362408.46866703 -22.922560721647578
214203749.0358383 -22.92256072084988
225623046.2970626 -22.92256072013103
237651111.38110778 -22.922560719482963
250320397.97173202 -22.922560718899426
263665089.87303555 -22.92256071837297
277721193.2429355 -22.92256071789867
292526633.74366355 -22.92256071747103
308121358.87140083 -22.922560717085574
324547445.74113256 -22.922560716738513
341849214.6175927 -22.922560716425203
360073348.49856204 -22.922560716142737
379269019.0732238 -22.922560715888626
399488019.39541787 -22.922560715659305
420784903.6297398 -22.922560715452622
443217134.24760854 -22.92256071526638
466845237.07037944 -22.922560715098427
491732964.5779006 -22.92256071494734
517947467.9231202 -22.922560714810697
545559478.1168514 -22.92256071468788
574643496.8715974 -22.92256071457704
605277997.6193355 -22.922560714477164
637545637.2456493 -22.92256071438709
671533479.1115135 -22.922560714306016
707333227.9644439 -22.92256071423283
745041477.3728887 -22.922560714166966
784759970.3514622 -22.922560714107423
826595873.8801795 -22.922560714053944
870662068.0585117 -22.922560714005698
917077450.674293 -22.922560713962206
965967258.0093802 -22.922560713922934
1017463402.7476043 -22.922560713887705
1071704829.8967092 -22.922560713855816
1128837891.6846883 -22.92256071382719
1189016742.44199 -22.92256071380132
1252403754.5350692 -22.92256071377798
1319169956.473569 -22.922560713756994
1389495494.373136 -22.922560713737816
1463570118.0190797 -22.92256071372087
1541593692.8422735 -22.922560713705508
1623776739.1887176 -22.92256071369153
1710341000.337838 -22.922560713678987
1801520040.802024 -22.922560713667785
1897559876.5218503 -22.922560713657557
1998719638.6572526 -22.922560713648437
2105272272.7657027 -22.922560713640216
2217505275.2539296 -22.922560713632723
2335721469.0901213 -22.92256071362597
2460239820.8697777 -22.92256071362003
2591396301.439652 -22.922560713614573
2729544792.402002 -22.922560713609688
2875058040.944877 -22.922560713605222
3028328665.5749454 -22.922560713601186
3189770215.466325 -22.922560713597562
3359818286.2837744 -22.92256071359435
3538931695.4909844 -22.92256071359148
3727593720.314938 -22.92256071358885
3926313401.7068396 -22.922560713586464
4135626917.8176975 -22.922560713584286
4356099030.694599 -22.922560713582314
4588324610.100841 -22.922560713580673
4832930238.571753 -22.922560713579088
5090575902.036687 -22.922560713577653
5361956770.568806 -22.92256071357641
5647805074.067546 -22.922560713575244
5948892077.934331 -22.922560713574214
6266030164.072656 -22.92256071357327
6600075022.827075 -22.922560713572466
6951927961.775591 -22.92256071357172
7322538337.6045265 -22.922560713571137
7712906117.627993 -22.922560713570373
8124084577.862974 -22.922560713569787
8557183144.939984 -22.922560713569304
9013370389.51742 -22.922560713568828
9493877179.27582 -22.922560713568476
10000000000.0 -22.922560713568096
10.0 -0.6897365576951197
10.53310445370937 -14.27650604064283
11.094628943275218 3.8150188783500427
11.686088553466515 -28.123655574473926
12.309079138896024 -1.543995206538735
12.965281629896682 -3.9547075295525973
13.65646656794611 -13.7777118431858
14.38449888287663 -11.511206597422106
15.15134292476053 -8.204175019134471
15.95906776404731 -8.648469161735875
16.80985277425364 -11.197161087384641
17.70599351226899 -5.25284080684443
18.64990791214297 -6.467508091011247
19.644142809066278 -10.286042789465204
20.6913808111479 -7.828628716146372
21.794447537529855 -11.935160342618083
22.956319242369098 10.819335411479255
24.180130845257207 -11.22759793568111
25.4691843897454 0.8049321359480124
26.826957952797258 -1.1570514875326317
28.257115029208283 -8.837361861144252
29.76351441631318 18.901022392640428
31.350220625651154 -12.679557447971916
33.02151484968176 1.5477488879624972
34.7819065131413 -4.9895619879478765
36.63614544020716 -6.739550225121346
38.58923467029903 -21.12230644384741
40.646443957096295 -27.27582706372253
42.81332398719393 0.5604235135447224
45.095721356761466 -16.985238810841985
47.499794346614124 0.44982497281124656
50.03202953826004 -13.412331752465377
52.699259315756564 -5.830207055308022
55.50868030059805 -29.866637443245303
58.467872769375894 -26.022639031028895
61.58482110660264 -15.01102110630417
64.86793534788511 -10.22881601904502
68.32607387157402 -3.1077774627720913
71.96856730011521 -6.444253979864525
75.8052436755926 -5.66431424312335
79.84645497739086 6.625255506905901
84.10310505352605 -3.4574557156193735
88.58667904100822 -1.5680033820146775
93.30927435461668 -16.163605201282255
98.28363332770026 -9.453409945809419
103.52317759307378 -4.125965913301883
109.04204429677526 3.250318601094873
114.8551242423938 -14.170600974569316
120.97810206889012 -0.06783383597505467
127.42749857031335 0.9724984337655953
134.2207152716012 -7.538015584085837
141.37608138073614 4.102431387572484
148.91290324394086 20.37140871003607
156.85151643735477 -4.543039221285482
165.213340635737 -12.16302182023954
174.0209374062485 -15.856156222385277
183.29807108324357 -3.435400267825273
193.06977288832496 -3.4464716365854775
203.36240846866724 -4.7979741873961
214.2037490358383 -9.14296382549187
225.62304629706352 -5.350744221564165
237.65111138110728 -16.119916934139457
250.32039797173255 12.638476947312844
263.6650898730358 -5.018654841543895
277.7211932429355 -8.117503913650431
292.5266337436645 1.895489783919873
308.1213588714002 -2.4896333350157343
324.54744574113323 -12.484134851528738
341.84921461759274 -2.8352055576220163
360.073348498562 -9.330605172471918
379.26901907322497 -16.43168653378335
399.48801939541704 7.155646454530599
420.78490362974026 23.57500981235296
443.21713424760856 -10.005624097364327
466.84523707037897 -1.0904997920139006
491.73296457790156 -10.680479407035069
517.9474679231213 -4.300677145790871
545.5594781168514 -6.425727504084891
574.6434968715973 -13.648866903041036
605.2779976193349 -0.8421344308618532
637.5456372456507 -4.864365053874195
671.5334791115142 -12.443392352168821
707.3332279644438 -9.081489824217543
745.0414773728917 -2.2209222463485783
784.7599703514607 -18.297490685963567
826.5958738801812 -6.120464510998587
870.6620680585127 -3.6050190663738233
917.0774506742931 -16.161844046339713
965.9672580093833 -1.5945192733057376
1017.4634027476063 -5.856008345901978
1071.7048298967104 0.055307969087353796
1128.8378916846884 0.7205410391663282
1189.01674244199 -11.452042172053375
1252.4037545350732 -6.487778437828045
1319.1699564735716 -4.20139743904295
1389.4954943731375 -16.06534957547527
1463.5701180190797 -10.622882360114009
1541.5936928422718 -7.708393425704967
1623.776739188721 -2.7228623044564664
1710.3410003378397 -23.20230576674247
1801.520040802024 2.377022629799603
1897.5598765218504 -2.6197401094925503
1998.7196386572507 -5.430522469752165
2105.272272765707 -19.529054903897887
2217.505275253932 -20.62783163084809
2335.7214690901214 -15.11061141449478
2460.239820869775 -25.813878054333014
2591.3963014396572 -15.609288867447654
2729.5447924020073 -12.345891401962009
2875.0580409448803 -10.984470844251756
3028.3286655749457 -10.945649476475205
3189.7702154663216 -10.88149465668997
3359.818286283781 -21.01147709551071
3538.9316954909877 -12.589876338259792
3727.593720314938 8.512551270080552
3926.3134017068355 -0.02390362661719664
4135.626917817706 -34.15375276628767
4356.099030694608 1.575962576726547
4588.324610100844 -8.263089081020837
4832.930238571752 -17.111640369799005
5090.575902036681 -17.417093624124053
5361.956770568817 -13.429528566860686
5647.805074067552 -12.774775953988346
5948.892077934331 -12.350592124698991
6266.030164072656 -12.841590414599363
6600.075022827095 -16.99278799421521
6951.927961775606 -8.71739946188466
7322.538337604534 -24.794034078387437
7712.906117627992 -1.3046774659096272
8124.0845778629655 -28.05569879329652
8557.183144940002 -16.85025135469641
9013.37038951743 -23.62941182782372
9493.87717927582 0.5604284054462971
10000.0 -24.091587479822344
10533.104453709382 -27.172027377240898
11094.628943275218 -13.128366671188665
11686.088553466498 -13.867633834285531
12309.079138896019 -22.630129499777603
12965.281629896688 -31.80342952208005
13656.466567946096 -25.311643113032105
14384.498882876629 -38.2365681780696
15151.342924760515 -22.733840538798383
15959.06776404731 -24.833455081735988
16809.852774253653 -23.46848554592405
17705.99351226898 -25.76329842108811
18649.907912142942 -4.593281185461734
19644.142809066267 -31.036505353244827
20691.3808111479 -25.482125233202094
21794.447537529835 -21.377477485286228
22956.319242369096 -18.841409489048672
24180.13084525718 -8.343073667615537
25469.184389745402 -28.97302793871862
26826.957952797275 -24.02137741427167
28257.115029208268 -18.413448033816557
29763.51441631313 -26.651560265643223
31350.220625651124 -29.56303331896388
33021.51484968176 -31.21315892049907
34781.90651314134 -37.296078185500754
36636.14544020716 -15.36047837020913
38589.23467029899 -24.936584815010615
40646.44395709628 -29.02115745136669
42813.32398719396 -12.719374881563496
45095.721356761445 -26.953909673614064
47499.79434661403 -31.782387179683298
50032.029538259994 -31.91909070793909
52699.259315756564 -36.22613536533848
55508.680300598106 19.154463942004934
58467.87276937589 -26.236717489771323
61584.82110660255 -32.05959662236511
64867.935347885075 -21.369730203496612
68326.07387157406 -35.571259523310474
71968.56730011514 -33.97965042772619
75805.24367559262 -36.86134238458953
79846.45497739078 -27.643986921293685
84103.10505352604 -36.3621049356083
88586.67904100832 -27.152386356088773
93309.27435461663 -32.11478192563379
98283.63332770011 -33.769875889725455
103523.17759307378 -33.00123518727452
109042.04429677526 -33.10855131151976
114855.12424239368 -26.061460988125276
120978.10206889013 3.8792166523688616
127427.49857031321 -7.96939014410874
134220.7152716012 -40.61479738944012
141376.08138073614 -30.79140851408772
148912.90324394088 -26.149088717708718
156851.5164373548 -31.346721251289324
165213.34063573685 -32.08238347708782
174020.9374062485 -43.65667525253646
183298.07108324338 -14.415724625293759
193069.77288832495 -44.92012097212103
203362.40846866704 -35.676434221221804
214203.74903583832 -33.02006453114191
225623.04629706353 -35.60090582146506
237651.11138110727 -33.16694064332019
250320.39797173254 -49.14746179599075
263665.08987303555 -23.883826403361322
277721.1932429355 -24.832029758576553
292526.6337436642 -35.413162944476426
308121.35887140024 -28.16476582184653
324547.44574113254 -28.1865861565213
341849.21461759275 -16.772749463987797
360073.348498562 -36.72593037887215
379269.0190732246 -50.7412713356955
399488.019395417 -25.215669976630437
420784.9036297398 -33.475099256201744
443217.13424760854 -1.0958272496556674
466845.2370703785 -26.077432341121497
491732.9645779016 -27.522857425734845
517947.46792312124 -29.259613288058354
545559.4781168514 -20.939861369356304
574643.4968715974 -31.28539680797175
605277.9976193343 -41.42775880688124
637545.6372456506 -22.39825556391489
671533.4791115135 -51.64963517528377
707333.2279644439 -35.345180818523374
745041.4773728917 -26.87307760563734
784759.9703514606 -29.955175270078122
826595.8738801812 -32.27253999488262
870662.0680585118 -24.01646074719205
917077.4506742931 -33.98207488783437
965967.2580093823 -44.37947157217114
1017463.4027476063 -31.829607046592727
1071704.8298967092 -39.24098903935168
1128837.8916846884 -31.546885004651518
1189016.74244199 -9.820088167432381
1252403.7545350718 -43.445490770237505
1319169.9564735717 -34.14770312132788
1389495.494373136 -46.28362294250826
1463570.1180190798 -38.38337041026863
1541593.6928422702 -27.360071396174114
1623776.739188721 -33.47765836161341
1710341.0003378377 -33.42934038361886
1801520.0408020238 -44.077118943154005
1897559.8765218505 -34.0863277918162
1998719.6386572486 -35.38640249399113
2105272.272765707 -10.268787127089738
2217505.2752539297 -47.81357001412683
2335721.4690901213 -36.403468634692686
2460239.8208697727 -42.32697814304839
2591396.3014396573 -27.54325687278274
2729544.792402007 -52.10961707498272
2875058.040944877 -33.334976759977444
3028328.6655749455 -34.29971909289665
3189770.215466318 -36.66317479793298
3359818.286283781 -34.242848067450225
3538931.6954909842 -30.178469971963658
3727593.720314938 -27.678424720475725
3926313.4017068394 -29.45943800070532
4135626.917817706 -44.93453310250969
4356099.030694608 -26.412266765335403
4588324.61010084 -37.87090251308353
4832930.238571752 -36.44414311054759
5090575.902036676 -20.83410672014796
5361956.770568817 -35.22819948178856
5647805.074067546 -39.07139653177795
5948892.077934331 -29.493051607889775
6266030.164072656 -29.34506872180495
6600075.022827089 -47.77106151038791
6951927.961775606 -39.44187020455276
7322538.337604526 -37.23940797477895
7712906.117627992 -29.74422205800328
8124084.5778629575 -36.339404769767754
8557183.144940002 -17.856278484433616
9013370.38951742 -43.13994224971455
9493877.17927582 -39.73003636851423
10000000.0 -36.01637779535759
10533104.45370936 -46.227914286925554
11094628.943275219 -43.35312455047032
11686088.553466497 -45.806161118160645
12309079.138896018 -34.57248646542824
12965281.629896663 -31.26253822524597
13656466.567946097 -22.257624015942135
14384498.882876629 -44.94219892286069
15151342.924760515 -30.879721124510628
15959067.76404731 -54.93159473062393
16809852.774253618 -41.01022846514877
17705993.51226898 -30.32155667960916
18649907.912142944 -50.26930299523458
19644142.809066266 -41.57917154486736
20691380.811147902 -38.09153013884284
21794447.537529834 -53.68811568921325
22956319.242369097 -44.62910074988737
24180130.84525718 -23.65198419528606
25469184.3897454 -41.89589301814816
26826957.95279722 -53.92546740352798
28257115.02920827 -49.13752305352132
29763514.41631313 -48.56596172904233
31350220.62565112 -46.52794996673556
33021514.849681754 -30.051768442222016
34781906.51314127 -30.3130024667569
36636145.44020716 -50.35127224558539
38589234.67029899 -54.962139239882866
40646443.95709628 -51.321563942522594
42813323.98719387 -43.37821148673393
45095721.35676145 -52.52018560823185
47499794.346614026 -45.98372782229444
50032029.53825999 -33.87421885010658
52699259.31575657 -53.2776265045753
55508680.300597996 -56.151529752560364
58467872.7693759 -41.67987428086009
61584821.10660254 -57.4291278241871
64867935.34788508 -46.48161889336737
68326073.87157391 -41.38121969859018
71968567.30011514 -39.79279543782062
75805243.67559262 -51.601210840832096
79846454.97739078 -61.47142631011534
84103105.05352604 -50.91062741847314
88586679.04100814 -37.29188463889618
93309274.35461664 -52.127008534763235
98283633.32770011 -48.42660529007789
103523177.59307377 -54.08984924146918
109042044.29677527 -50.482512252825664
114855124.24239345 -44.70018796813239
120978102.06889038 -52.11213734628244
127427498.57031322 -55.66145812972216
134220715.2716012 -46.66189786252688
141376081.38073614 -49.12259530734687
148912903.24394056 -62.15969705481114
156851516.43735445 -52.17129736568734
165213340.63573685 -55.36355684659015
174020937.40624848 -51.75640346256189
183298071.08324376 -52.0652408692166
193069772.88832456 -51.88316997455508
203362408.46866703 -36.09071455451688
214203749.0358383 -53.919235549666254
225623046.2970626 -59.94449443176235
237651111.38110778 -60.28412267279744
250320397.97173202 -51.102829135396505
263665089.87303555 -57.334888467119136
277721193.2429355 -47.344478628468124
292526633.74366355 -51.96171758027862
308121358.87140083 -51.30781613998935
324547445.74113256 -46.61597147055939
341849214.6175927 -55.13928092492675
360073348.49856204 -60.60770965805772
379269019.0732238 -34.70311062751352
399488019.39541787 -57.836417573328234
420784903.6297398 -49.42205035389253
443217134.24760854 -62.558680679285104
466845237.07037944 -28.29211621637581
491732964.5779006 -56.43522269977243
517947467.9231202 -54.691360107770144
545559478.1168514 -38.68239503493399
574643496.8715974 -64.36599623643397
605277997.6193355 -47.80299734424115
637545637.2456493 -60.675618346292445
671533479.1115135 -57.18649816056339
707333227.9644439 -50.3599270340021
745041477.3728887 -45.12336630347629
784759970.3514622 -58.09178763769792
826595873.8801795 -55.58230749728494
870662068.0585117 -52.92900136977285
917077450.674293 -69.45153884492788
965967258.0093802 -78.58591409077081
1017463402.7476043 -35.5022629561782
1071704829.8967092 -81.85357100773086
1128837891.6846883 -62.40200026862895
1189016742.44199 -64.16771317619259
1252403754.5350692 -63.079421620920996
1319169956.473569 -49.09503670912834
1389495494.373136 -59.69264862551874
1463570118.0190797 -59.10109174433708
1541593692.8422735 -24.917926378926566
1623776739.1887176 -50.40033398596647
1710341000.337838 -51.018629599664074
1801520040.802024 -51.15503853613153
1897559876.5218503 -50.17178875811199
1998719638.6572526 -51.306293421624616
2105272272.7657027 -37.021235827615406
2217505275.2539296 -23.24588287324299
2335721469.0901213 -61.6844271320379
2460239820.8697777 -49.68416817935413
2591396301.439652 -33.66120133429958
2729544792.402002 -41.39448664936599
2875058040.944877 -74.20363695201551
3028328665.5749454 -53.55518408422219
3189770215.466325 -43.4927654201008
3359818286.2837744 -53.74246767631551
3538931695.4909844 -45.26088818873308
3727593720.314938 -60.01499535070241
3926313401.7068396 -59.12063640440038
4135626917.8176975 -47.34529645618217
4356099030.694599 -39.69510392468416
4588324610.100841 -43.676516211857994
4832930238.571753 -33.227919486165824
5090575902.036687 -39.97526991136802
5361956770.568806 -37.42365057786004
5647805074.067546 -43.256852348448014
5948892077.934331 -49.41170011722192
6266030164.072656 -54.819222160613855
6600075022.827075 -51.04862808685682
6951927961.775591 -68.57739744850699
7322538337.6045265 -51.46199526536459
7712906117.627993 -60.134697942210735
8124084577.862974 -50.59320798859617
8557183144.939984 -49.277023488889434
9013370389.51742 -60.29371011640275
9493877179.27582 -55.67935467837933
10000000000.0 -53.60975050407977
