10.0 -0.20474539955378654
10.292747724096083 -0.2069667114533035
10.59406557118851 -0.20906408255832193
10.904204429677526 -0.21103056585287766
11.223422532664179 -0.21285955217199393
11.551985672964793 -0.2145448270331722
11.890167424419898 -0.21608062593962649
12.238249369681931 -0.21746168731196763
12.596521334671401 -0.21868330220641632
12.965281629896682 -0.21974135999953143
13.344837298838383 -0.22063238926198467
13.735504373605137 -0.2213535931075657
14.137608138073606 -0.22190287838669343
14.551483398731937 -0.22227887819391
14.977474763452017 -0.22248096727633387
15.415936928422726 -0.22250927005747434
15.867234973483178 -0.22236466112803757
16.331744666101677 -0.22204875819764655
16.80985277425364 -0.22156390764139913
17.301957388458945 -0.22091316291462015
17.808468253246822 -0.22010025623705184
18.329807108324356 -0.21912956406651576
18.866408039732583 -0.21800606698385222
19.418717841282557 -0.21673530469605387
19.987196386572506 -0.21532332692994283
20.57231701189556 -0.21377664103327465
21.174566910357118 -0.212102157124057
21.794447537529855 -0.21030713163219691
22.432475028984193 -0.20839911006168044
23.089180630041927 -0.20638586976744647
23.765111138110754 -0.20427536349272873
24.46082935796799 -0.20207566434996577
25.17691457037277 -0.19979491285624185
25.913963014396586 -0.19744126655540908
26.672588383874054 -0.19502285267370306
27.453422338387142 -0.19254772417082772
28.257115029208283 -0.19002381946200073
29.08433564064048 -0.18745892600421826
29.935772947204903 -0.1848606478611984
30.812135887140037 -0.1822363772890016
31.714154152689986 -0.179593270318907
32.642578797673224 -0.17693822625601646
33.59818286283781 -0.17427787096271424
34.58176201952381 -0.1716185437545964
35.594135232168604 -0.16896628770292427
36.63614544020716 -0.16632684311273485
37.708660259934554 -0.16370564392752254
38.81257270691538 -0.1611078167991653
39.9488019395417 -0.15853818255780774
41.118294024358306 -0.15600125981476803
42.322022723792756 -0.15350127043669037
43.56099030694608 -0.15104214663676946
44.83622838411908 -0.1486275394400579
46.148798765769385 -0.14626082829283082
47.499794346614124 -0.14394513160149242
48.890340015614456 -0.14168331800195622
50.32159359259993 -0.13947801817812377
51.7947467923121 -0.1373316370638446
53.31102621667033 -0.13524636628108613
54.87169437608604 -0.13322419668233382
56.47805074067555 -0.13126693088170896
58.131432822247135 -0.12937619567433473
59.83321728796288 -0.12755345425709902
61.58482110660264 -0.12580001817792424
63.38770272838487 -0.12411705895164865
65.24336329932625 -0.12250561929233598
67.15334791115141 -0.12096662392120804
69.11924688779365 -0.11950088991834558
71.14269710955735 -0.1181091365938801
73.22538337604533 -0.11679199486111014
75.36903980898542 -0.11555001610016094
77.57545129612417 -0.11438368050487788
79.84645497739086 -0.11329340491087625
82.18394177456803 -0.11227955010501299
84.58985796574301 -0.11134242762002981
87.06620680585127 -0.11048230601993585
89.61505019466045 -0.10969941668289526
92.23851039358476 -0.10899395909037876
94.9387717927583 -0.10836610563082917
97.71808272983904 -0.10781600592742348
100.57875736205835 -0.10734379069832413
103.52317759307378 -0.10694957515876229
106.55379505623053 -0.10663346197185754
109.67313315588179 -0.10639554375612734
112.88378916846884 -0.10623590515487213
116.18843640511002 -0.10615462447241308
119.58982643749793 -0.10615177488033596
123.09079138896018 -0.10622742519503765
126.69424629259063 -0.10638164022699242
130.40319151841317 -0.10661448069961271
134.2207152716012 -0.10692600273393811
138.14999616383224 -0.10731625689387882
142.19430585991677 -0.10778528678406873
146.357011801908 -0.10833312719104524
150.64158001295928 -0.10895980175595027
155.05157798326255 -0.10966532016504446
159.5906776404731 -0.11044967484266066
164.26265840709303 -0.11131283712832349
169.071410347358 -0.11225475291883502
174.0209374062485 -0.11327533775321104
179.115360743323 -0.11437447131739267
184.3589221641488 -0.11555199134327578
189.75598765218504 -0.1168076868751513
195.3110510040631 -0.11814129087579538
201.02873757128856 -0.11955247214211734
206.913808111479 -0.12104082650083615
212.97116275234782 -0.12260586725254125
219.20584507173257 -0.1242470148336431
225.62304629706352 -0.12596358566499122
232.22810962777245 -0.12775478015708466
239.02653468423918 -0.1296196698433975
246.02398208697775 -0.13155718361504282
253.22627816987946 -0.1335660930330583
260.63941983143474 -0.13564499669859215
268.26957952797244 -0.13779230366582362
276.1231104130753 -0.1400062158887595
284.2065516274511 -0.14228470970020632
292.5266337436645 -0.14462551633000395
301.09028437025927 -0.1470261014798903
309.9046339199427 -0.14948364398460984
318.97702154663216 -0.15199501360255885
328.3150012563047 -0.15455674799483793
337.9263481967431 -0.15716502897080575
347.819065131413 -0.15981565809578302
358.00138910285807 -0.16250403178240225
368.48179829116765 -0.16522511600837844
379.26901907322497 -0.167973420832548
390.37203328860926 -0.17074297490925366
401.8000857182091 -0.17352730023224586
413.5626917817706 -0.17631938737286806
425.66964546078714 -0.17911167151023474
438.13102745333055 -0.18189600958916924
450.9572135676145 -0.1846636589744834
464.15888336127773 -0.18740525800978997
477.7470290335773 -0.1901108089211752
491.73296457790156 -0.19276966354072322
506.1283352022219 -0.19537051235614122
520.9451270253212 -0.1979013774161574
536.1956770568817 -0.20034960964661352
551.892683469738 -0.20270189114105874
568.0492161728429 -0.20494424299968386
584.6787276937589 -0.2070620392832567
601.7950643797334 -0.2090400276338245
619.412477926676 -0.21086235708433765
637.5456372456507 -0.21251261353697368
656.2096406767555 -0.21397386332989016
675.4200285605586 -0.21522870523697646
695.1927961775606 -0.216259331153862
715.5444070664574 -0.21704759561287632
736.4918067322965 -0.21757509414550094
758.0524367559261 -0.21782325036979458
780.2442493165045 -0.2177734115263652
803.0857221391512 -0.21740695202247387
826.5958738801812 -0.21670538437190576
850.7942799627444 -0.21565047674397603
875.7010888760508 -0.21422437616020823
901.3370389517438 -0.2124097362125921
927.7234756314059 -0.21018984801974053
954.8823692395666 -0.20754877300298422
982.8363332770031 -0.20447147594902423
1011.6086432495807 -0.20094395674171825
1041.2232560483055 -0.19695337909360894
1071.7048298967104 -0.19248819459467043
1103.078744882215 -0.1875382604181951
1135.3711240885177 -0.18209494909474852
1168.608855346651 -0.17615124886942524
1202.8196136227775 -0.16970185330575044
1238.0318840613968 -0.16274323898353005
1274.2749857031336 -0.15527373035136777
1311.5790958968503 -0.14729355103397643
1349.9752754264298 -0.13880486115134388
1389.4954943731375 -0.12981178047173342
1430.172658735088 -0.12032039748786781
1472.0406378260013 -0.11033876476375268
1515.134292476053 -0.09987688113742794
1559.4895040582815 -0.0889466615843531
1605.1432043647615 -0.07756189572685175
1652.1334063573702 -0.06573819612146994
1700.4992358187922 -0.05349293755922333
1750.2809639301013 -0.04084518867582305
1801.520040802024 -0.027815637178204688
1854.2591299878522 -0.014426509968139375
1908.542144006686 -0.0007014893702983389
1964.4142809066266 0.013334373438770612
2021.9220618983536 0.02765474684293688
2081.1133700903947 0.04223210825193499
2142.037490358383 0.05703783401984483
2204.7451503814746 0.0720422894131308
2269.288562880081 0.08721491842621806
2335.7214690901214 0.10252433344951392
2404.0991835099717 0.11793840496710752
2474.47863995735 0.13342435165298341
2546.91843897454 0.14894883135975312
2621.478896621356 0.16447803362505842
2698.222094696536 0.17997777439391177
2777.211932429355 0.19541359370942582
2858.5141796844714 0.21075085711478178
2942.196531724374 0.22595486148729355
3028.3286655749457 0.2409909459319149
3116.9822980411436 0.25582460824779124
3208.2312454210773 0.27042162732484304
3302.1514849681753 0.28474819162211257
3398.8212181526674 0.29877103366526264
3498.320935775036 0.31245757024485266
3600.73348498562 0.32577604773246943
3706.144138266228 0.3386956916549549
3814.640664431178 0.35118685939094557
3926.3134017068355 0.3632211945880156
4041.2553329506004 0.37477178165139585
4159.562163071847 0.3858132984341258
4281.332398719392 0.39632216508462753
4406.667430301786 0.40627668686324664
4535.671616408702 0.41565718867501356
4668.45237070379 0.4244461390338653
4805.1202513612425 0.43262826122384657
4945.789053120639 0.44019062953415994
5090.575902036681 0.4471227486125327
5239.601353002645 0.45341661422530266
5392.98949012887 0.4590667539940882
5550.868030059805 0.46407024702585076
5713.36842831558 0.4684267217192424
5880.625988746757 0.4721383314396664
6052.779976193349 0.47520970816774244
6229.973732441841 0.4776478946344504
6412.354795576917 0.4794622558743899
6600.075022827095 0.4806643714845353
6793.290717006696 0.48126791023889215
6992.162756659375 0.4812884889855706
7196.856730011514 0.4807435180093002
7407.543072847163 0.47965203521367916
7624.397210419138 0.4780345316052232
7847.5997035146065 0.47591277061437015
8077.3363987967105 0.4733096037903357
8313.798583547334 0.47024878533958614
8557.183144940002 0.4667547878725165
8807.692733975462 0.4628526215575609
9065.53593421636 0.45856765869567134
9330.927435461663 0.45392546549302576
9604.08821250538 0.4489516425739168
9885.24570912827 0.4436716755168317
10174.634027476064 0.438110796428217
10472.494122981476 0.4322938573217516
10779.074004992735 0.4262452158124231
11094.628943275218 0.41998863340261766
11419.421680558647 0.4135471864227995
11753.722651306367 0.40694318949581026
12097.810206889013 0.40019813121788733
12451.97084735032 0.39333262161171595
12816.499459957597 0.38636635077999143
13191.699564735716 0.37931805809875097
13577.883567189278 0.3722055112092825
13975.373018422924 0.3650454940282095
14384.498882876629 0.357853802953966
14805.6018138991 0.3506452504442409
15239.032437388305 0.34343367513898876
15685.151643735446 0.3362319577175995
16144.330888316019 0.3290520417117598
16616.952500776908 0.321904958525926
17103.41000337838 0.314800855964507
17604.108438655527 0.307749029608199
18119.46470667122 0.3007579564387324
18649.907912142942 0.2938353301546046
19195.87972173111 0.2869880976841186
19757.834731786996 0.2802224964445481
20336.2408468667 0.2735440919560444
20931.579669325736 0.26695781545881125
21544.346900318822 0.26046800123677866
22175.052752539294 0.2540784233905321
22824.222375040976 0.24779233184183894
23492.396290496577 0.24161248739157307
24180.13084525718 0.23554119568509121
24887.998672586673 0.22958033997043142
25616.589169457267 0.22373141256097095
26366.508987303554 0.21799554493991893
27138.3825371428 0.21237353646288812
27932.85250948253 0.20686588163614836
28750.580409448772 0.20147279596084045
29592.247107579577 0.196194240351275
30458.55340674284 0.19102994414107174
31350.220625651124 0.18597942670684292
32267.991199458116 0.1810420177421232
33212.62929793748 0.17621687622176654
34184.92146175927 0.1715030081037535
35185.677257392665 0.16689928281639985
36215.72995118075 0.16240444858269046
37275.93720314938 0.15801714663601255
38367.18178112649 0.15373592438038364
39490.37229576694 0.14955924755171182
40646.44395709628 0.14548551143275681
41836.359353200234 0.14151305117628013
43061.10925171165 0.1376401512893528
44321.713424760856 0.13386505432961526
45619.221498074585 0.13018596886357842
46954.71382493421 0.12660107673422585
48329.30238571752 0.12310853968455605
49744.13171377451 0.119706505380721
51200.37984840882 0.11639311287657951
52699.259315756564 0.11316649755944894
54242.01813838024 0.1100247956150412
55829.94087441914 0.10696614804664444
57464.34968715974 0.10398870428254334
59146.605445917456 0.10109062540336562
60878.108859147556 0.09827008701825922
62660.30164072656 0.09552528181854054
64494.667710376205 0.09285442183410182
66382.73442923075 0.09025574041745972
68326.07387157406 0.08772749397703093
70326.30413380644 0.08526796348231523
72385.09068173247 0.08287545575833223
74504.14773728917 0.08054830458985038
76685.2397058701 0.07828487165032355
78930.18264543568 0.07608354727229648
81240.84577862974 0.07394275107324806
83619.15304916317 0.07186093245021792
86067.08472376158 0.0698365709557921
88586.67904100832 0.0678681765665434
91180.03390845681 0.06595428985422229
93849.3086494272 0.06409348207020363
96596.72580093842 0.062284355150965066
99424.57296427398 0.06052554165318093
102335.20470972576 0.05881570462643112
105331.04453709359 0.05715353742927016
108414.5868935835 0.055537763496051114
111588.3992507748 0.05396713605940272
114855.12424239368 0.05244043783425248
118217.48186466724 0.050956480667596726
121678.27174109229 0.0495141051588678
125240.3754535072 0.048112180254850756
128906.75894140244 0.04674960282224834
132680.47497147243 0.045425297202085935
136564.66567946097 0.04413821474801045
140562.56518642136 0.04288733335204597
144677.5022915648 0.041671656959587654
148912.90324394088 0.04049021507637961
153272.2945952612 0.039342062269103736
157759.30613623615 0.038226277661694986
162377.67391887208 0.03714196442880518
167131.2433672486 0.03608824928799928
172023.97247935992 0.035064281991852804
177059.9351226898 0.034069234821412504
182243.32442626648 0.033102302081757545
187578.45627201613 0.032162699600691694
193069.77288832495 0.031249664231500482
198721.84654880533 0.03036245336035219
204539.38337933904 0.029500344419067008
210527.22727657072 0.028662634403785553
216690.3639411181 0.027848639399993925
223033.9250288494 0.027057694114355
229563.19242369095 0.02628915141377054
236283.6026355175 0.02554238187173498
243200.7513267945 0.02481677332259402
250320.39797173254 0.024111730423534337
257648.47065183744 0.023426674224852152
265191.0709918535 0.022761041748223684
272954.4792402007 0.022114285573459316
280945.1594981406 0.021485873433523758
289169.76510202966 0.02087528781805007
297635.14416313195 0.02028202558519964
306348.3452696084 0.01970559758202593
315316.62335543614 0.019145528273197685
324547.44574113254 0.01860135537810843
334048.4983513244 0.0180726295162404
343827.6921143307 0.017558913860842556
353893.1695490984 0.01705978380069658
364253.3115449638 0.016574826609941598
374916.74433988857 0.01610364112593334
385892.3467029899 0.015645837434861976
397189.25732733024 0.01520103656516839
408816.88243912894 0.014768870188549676
420784.9036297398 0.014348980328487825
433103.2859169001 0.013941019076069372
445782.28604197066 0.013544648313141294
458832.461010084 0.013159539442470286
472264.67688029545 0.01278537312487483
486090.117813063 0.012421839023226935
500320.2953825999 0.012068635553079488
514967.0581618343 0.011725469639849363
530042.6015879672 0.011392056482398764
545559.4781168514 0.011068119322884248
561530.6076746266 0.010753389222712063
577969.2884153313 0.010447604844480816
594889.2077934331 0.010150512239757244
612304.4539605178 0.009861864642581144
630229.5274956024 0.009581422268512359
648679.3534788508 0.00930895211913883
667669.2939187557 0.009044227791878818
687215.1605431122 0.008787029294964721
707333.2279644439 0.008537142867463396
728040.2472308562 0.008294360804250374
749353.4597735757 0.00805848128573612
771290.6117627992 0.0078293082123045
793869.9688838223 0.007606651043318662
817110.3315457187 0.00739032464051396
841031.0505352605 0.007180149115775517
865652.0431290936 0.00697594968308933
890993.8096776098 0.0067775565146371355
917077.4506742931 0.006584804600829642
943924.6843247664 0.006397533614289026
971557.8646301847 0.006215587777569159
1000000.0 0.006038815734600998
