10.0 -1.4842452039907943
10.292747724096083 -1.5208688554386818
10.59406557118851 -1.5580982915589878
10.904204429677526 -1.5959270920005664
11.223422532664179 -1.6343483276884578
11.551985672964793 -1.673354660808883
11.890167424419898 -1.7129384612085923
12.238249369681931 -1.753091939565899
12.596521334671401 -1.793807297456428
12.965281629896682 -1.8350768941698314
13.344837298838383 -1.8768934298384667
13.735504373605137 -1.9192501441184957
14.137608138073606 -1.9621410293248083
14.551483398731937 -2.0055610565702304
14.977474763452017 -2.0495064131056764
15.415936928422726 -2.0939747487108415
15.867234973483178 -2.138965428655434
16.331744666101677 -2.1844797904506428
16.80985277425364 -2.2305214013503654
17.301957388458945 -2.2770963133537863
17.808468253246822 -2.3242133123147592
18.329807108324356 -2.371884157688968
18.866408039732583 -2.42012380945395
19.418717841282557 -2.4689506388239715
19.987196386572506 -2.518386619554958
20.57231701189556 -2.568457496891375
21.174566910357118 -2.6191929315446845
21.794447537529855 -2.6706266165030206
22.432475028984193 -2.7227963649447253
23.089180630041927 -2.77574416805069
23.765111138110754 -2.8295162220671823
24.46082935796799 -2.88416292454546
25.17691457037277 -2.9397388402593787
25.913963014396586 -2.9963026378597895
26.672588383874054 -3.0539169988483166
27.453422338387142 -3.112648500927708
28.257115029208283 -3.17256747819776
29.08433564064048 -3.2337478610049537
29.935772947204903 -3.2962669985118214
30.812135887140037 -3.360205467225068
31.714154152689986 -3.4256468688074913
32.642578797673224 -3.4926776205002352
33.59818286283781 -3.561386741402673
34.58176201952381 -3.6318656377050025
35.594135232168604 -3.704207889751445
36.63614544020716 -3.778509043540931
37.708660259934554 -3.8548664089576077
38.81257270691538 -3.9333788666776672
39.9488019395417 -4.014146685332679
41.118294024358306 -4.097271350133845
42.322022723792756 -4.182855403786137
43.56099030694608 -4.271002300154767
44.83622838411908 -4.361816270796309
46.148798765769385 -4.4554022041389665
47.499794346614124 -4.551865536794672
48.890340015614456 -4.651312156214146
50.32159359259993 -4.753848313655151
51.7947467923121 -4.85958054622499
53.31102621667033 -4.9686156065802445
54.87169437608604 -5.0810603987183836
56.47805074067555 -5.19702191817494
58.131432822247135 -5.316607194844166
59.83321728796288 -5.439923236567699
61.58482110660264 -5.567076971581045
63.38770272838487 -5.698175187870016
65.24336329932625 -5.833324467463984
67.15334791115141 -5.972631113678646
69.11924688779365 -6.1162010693147115
71.14269710955735 -6.264139823818414
73.22538337604533 -6.416552307413417
75.36903980898542 -6.573542770219887
77.57545129612417 -6.735214644384314
79.84645497739086 -6.901670387252502
82.18394177456803 -7.07301130362735
84.58985796574301 -7.2493373451637
87.06620680585127 -7.4307468849639084
89.61505019466045 -7.617336465452081
92.23851039358476 -7.80920051762278
94.9387717927583 -8.006431049782947
97.71808272983904 -8.20911730393656
100.57875736205835 -8.417345378002032
103.52317759307378 -8.63119781210512
106.55379505623053 -8.850753137259009
109.67313315588179 -9.07608538483051
112.88378916846884 -9.307263555301851
116.18843640511002 -9.544351044974205
119.58982643749793 -9.787405029426147
123.09079138896018 -10.036475802743729
126.69424629259063 -10.29160607177956
130.40319151841317 -10.552830204985089
134.2207152716012 -10.820173435694398
138.14999616383224 -11.09365102012508
142.19430585991677 -11.373267350805385
146.357011801908 -11.659015026642534
150.64158001295928 -11.950873881414147
155.05157798326255 -12.248809973099924
159.5906776404731 -12.552774537172152
164.26265840709303 -12.862702907732249
169.071410347358 -13.178513411216272
174.0209374062485 -13.500106238289625
179.115360743323 -13.82736230050775
184.3589221641488 -14.160142079325075
189.75598765218504 -14.498284476081432
195.3110510040631 -14.841605672669644
201.02873757128856 -15.18989801367412
206.913808111479 -15.542928921850873
212.97116275234782 -15.900439859871284
219.20584507173257 -16.26214535225175
225.62304629706352 -16.62773208231073
232.22810962777245 -16.996858079805765
239.02653468423918 -17.3691520155721
246.02398208697775 -17.74421261998038
253.22627816987946 -18.12160824232107
260.63941983143474 -18.500876568273416
268.26957952797244 -18.88152451239839
276.1231104130753 -19.26302830208014
284.2065516274511 -19.644833768505833
292.5266337436645 -20.026356859103004
301.09028437025927 -20.406984384334784
309.9046339199427 -20.786075009889192
318.97702154663216 -21.162960503090904
328.3150012563047 -21.536947239835985
337.9263481967431 -21.90731797552733
347.819065131413 -22.273333880410433
358.00138910285807 -22.63423683642554
368.48179829116765 -22.989251989260907
379.26901907322497 -23.33759054577884
390.37203328860926 -23.678452803462953
401.8000857182091 -24.01103139507851
413.5626917817706 -24.33451472842167
425.66964546078714 -24.648090597935493
438.13102745333055 -24.950949942158488
450.9572135676145 -25.242290718509324
464.15888336127773 -25.521321864851952
477.7470290335773 -25.787267315669784
491.73296457790156 -26.039370039534703
506.1283352022219 -26.276896063899798
520.9451270253212 -26.4991384530742
536.1956770568817 -26.705421205540993
551.892683469738 -26.89510303752697
568.0492161728429 -27.067581020890888
584.6787276937589 -27.222294044918854
601.7950643797334 -27.3587260734503
619.412477926676 -27.476409170851294
637.5456372456507 -27.574926272651457
656.2096406767555 -27.653913679112417
675.4200285605586 -27.713063252553663
695.1927961775606 -27.752124301886013
715.5444070664574 -27.770905140459416
736.4918067322965 -27.769274305997254
758.0524367559261 -27.747161434046657
780.2442493165045 -27.70455777901621
803.0857221391512 -27.641516379494764
826.5958738801812 -27.558151867152592
850.7942799627444 -27.454639921122396
875.7010888760508 -27.331216372348507
901.3370389517438 -27.18817596498425
927.7234756314059 -27.025870784505184
954.8823692395666 -26.844708364790854
982.8363332770031 -26.645149488990928
1011.6086432495807 -26.427705701517553
1041.2232560483055 -26.1929365509638
1071.7048298967104 -25.941446586103325
1103.078744882215 -25.6738821293351
1135.3711240885177 -25.390927853954206
1168.608855346651 -25.09330319340219
1202.8196136227775 -24.781758612130798
1238.0318840613968 -24.45707176885119
1274.2749857031336 -24.120043603696015
1311.5790958968503 -23.77149438115954
1349.9752754264298 -23.41225972057629
1389.4954943731375 -23.04318664534227
1430.172658735088 -22.66512968107539
1472.0406378260013 -22.278947031470107
1515.134292476053 -21.885496858757307
1559.4895040582815 -21.485633693477368
1605.1432043647615 -21.080204995768295
1652.1334063573702 -20.67004788762826
1700.4992358187922 -20.255986072703273
1750.2809639301013 -19.838826957154485
1801.520040802024 -19.419358982151365
1854.2591299878522 -18.998349175589823
1908.542144006686 -18.576540927820442
1964.4142809066266 -18.15465199354677
2021.9220618983536 -17.73337271967083
2081.1133700903947 -17.313364496758552
2142.037490358383 -16.895258429994705
2204.7451503814746 -16.479654224008712
2269.288562880081 -16.06711927477437
2335.7214690901214 -15.658187960903346
2404.0991835099717 -15.253361126040856
2474.47863995735 -14.853105743694186
2546.91843897454 -14.457854755642757
2621.478896621356 -14.068007075045651
2698.222094696536 -13.683927745432785
2777.211932429355 -13.305948246895488
2858.5141796844714 -12.934366940938576
2942.196531724374 -12.569449645583775
3028.3286655749457 -12.211430332396978
3116.9822980411436 -11.860511937126626
3208.2312454210773 -11.516867275580482
3302.1514849681753 -11.180640056228237
3398.8212181526674 -10.85194598080714
3498.320935775036 -10.530873923940499
3600.73348498562 -10.2174871824748
3706.144138266228 -9.91182478492614
3814.640664431178 -9.613902851126749
3926.3134017068355 -9.32371599190681
4041.2553329506004 -9.04123873846011
4159.562163071847 -8.766426990950508
4281.332398719392 -8.499219475935607
4406.667430301786 -8.239539202331633
4535.671616408702 -7.987294905923596
4668.45237070379 -7.742382472842058
4805.1202513612425 -7.504686332975332
4945.789053120639 -7.274080814954841
5090.575902036681 -7.050431455126851
5239.601353002645 -6.833596253786576
5392.98949012887 -6.623426872879777
5550.868030059805 -6.419769770350116
5713.36842831558 -6.222467267303722
5880.625988746757 -6.031358545152702
6052.779976193349 -5.846280570867418
6229.973732441841 -5.667068949391807
6412.354795576917 -5.493558703142219
6600.075022827095 -5.3255849793050976
6793.290717006696 -5.16298368636126
6992.162756659375 -5.00559206188914
7196.856730011514 -4.853249174231841
7407.543072847163 -4.705796361052241
7624.397210419138 -4.563077608149296
7847.5997035146065 -4.424939872169569
8077.3363987967105 -4.291233351027706
8313.798583547334 -4.16181170595385
8557.183144940002 -4.036532239122759
8807.692733975462 -3.915256030797357
9065.53593421636 -3.7978480398459378
9330.927435461663 -3.684177171376641
9604.08821250538 -3.5741163150823505
9885.24570912827 -3.4675423577119875
10174.634027476064 -3.364336172886389
10472.494122981476 -3.2643825912662408
10779.074004992735 -3.167570353859763
11094.628943275218 -3.073792051035274
11419.421680558647 -2.982944049581598
11753.722651306367 -2.894926409941459
12097.810206889013 -2.80964279553171
12451.97084735032 -2.7270003758622217
12816.499459957597 -2.646909724973734
13191.699564735716 -2.5692847165350887
13577.883567189278 -2.49404241677278
13975.373018422924 -2.4211029762512837
14384.498882876629 -2.3503895213806536
14805.6018138991 -2.2818280463989264
15239.032437388305 -2.2153473064599725
15685.151643735446 -2.150878712352658
16144.330888316019 -2.088356227283182
16616.952500776908 -2.027716266069772
17103.41000337838 -1.9688975970249964
17604.108438655527 -1.91184124673717
18119.46470667122 -1.8564904079062188
18649.907912142942 -1.802790350340901
19195.87972173111 -1.7506883351830442
19757.834731786996 -1.700133532388923
20336.2408468667 -1.6510769414682576
20931.579669325736 -1.6034713154563613
21544.346900318822 -1.5572710880745062
22175.052752539294 -1.5124323040167738
22824.222375040976 -1.4689125522883781
23492.396290496577 -1.4266709025100197
24180.13084525718 -1.3856678440946957
24887.998672586673 -1.3458652281979175
25616.589169457267 -1.3072262123380742
26366.508987303554 -1.2697152075814242
27138.3825371428 -1.2332978281851894
27932.85250948253 -1.1979408435921495
28750.580409448772 -1.163612132671114
29592.247107579577 -1.1302806400993697
30458.55340674284 -1.0979163347853917
31350.220625651124 -1.0664901702328444
32267.991199458116 -1.0359740467499936
33212.62929793748 -1.0063407754120157
34184.92146175927 -0.9775640436871138
35185.677257392665 -0.9496183826411263
36215.72995118075 -0.9224791356389416
37275.93720314938 -0.8961224284647366
38367.18178112649 -0.8705251407868644
39490.37229576694 -0.8456648788967623
40646.44395709628 -0.8215199496548751
41836.359353200234 -0.7980693355801336
43061.10925171165 -0.7752926710227698
44321.713424760856 -0.7531702193636551
45619.221498074585 -0.731682851186401
46954.71382493421 -0.7108120233714458
48329.30238571752 -0.6905397590642771
49744.13171377451 -0.6708486284726323
51200.37984840882 -0.6517217304500714
52699.259315756564 -0.6331426748258825
54242.01813838024 -0.6150955654434833
55829.94087441914 -0.5975649838717643
57464.34968715974 -0.5805359737558698
59146.605445917456 -0.5639940257758634
60878.108859147556 -0.5479250631835583
62660.30164072656 -0.532315427889565
64494.667710376205 -0.5171518670741945
66382.73442923075 -0.5024215202973857
68326.07387157406 -0.4881119070843023
70326.30413380644 -0.4742109149645506
72385.09068173247 -0.46070678794422665
74504.14773728917 -0.4475881153912281
76685.2397058701 -0.4348438213153316
78930.18264543568 -0.42246315402558265
81240.84577862974 -0.4104356761485357
83619.15304916317 -0.3987512549917763
86067.08472376158 -0.38740005323799875
88586.67904100832 -0.37637251995574894
91180.03390845681 -0.36565938191364566
93849.3086494272 -0.3552516351856112
96596.72580093842 -0.34514053703531467
99424.57296427398 -0.3353175980686233
102335.20470972576 -0.32577457464342097
105331.04453709359 -0.3165034615267513
108414.5868935835 -0.3074964847896627
111588.3992507748 -0.2987460949306956
114855.12424239368 -0.2902449602193217
118217.48186466724 -0.2819859602511204
121678.27174109229 -0.27396217970684306
125240.3754535072 -0.26616690230787865
128906.75894140244 -0.2585936049610102
132680.47497147243 -0.2512359520856513
136564.66567946097 -0.24408779011707227
140562.56518642136 -0.2371431421794134
144677.5022915648 -0.23039620292255622
148912.90324394088 -0.22384133351718435
153272.2945952612 -0.21747305680259793
157759.30613623615 -0.2112860525820922
162377.67391887208 -0.20527515306091798
167131.2433672486 -0.19943533842203917
172023.97247935992 -0.1937617325351226
177059.9351226898 -0.1882495987943521
182243.32442626648 -0.18289433608084474
187578.45627201613 -0.17769147484562234
193069.77288832495 -0.17263667330923219
198721.84654880533 -0.16772571377426604
204539.38337933904 -0.1629544990471757
210527.22727657072 -0.15831904896591292
216690.3639411181 -0.15381549703004155
223033.9250288494 -0.1494400871301093
229563.19242369095 -0.14518917037317547
236283.6026355175 -0.14105920200149222
243200.7513267945 -0.13704673840146242
250320.39797173254 -0.13314843420008496
257648.47065183744 -0.12936103944620014
265191.0709918535 -0.12568139687394006
272954.4792402007 -0.12210643924587718
280945.1594981406 -0.11863318677345357
289169.76510202966 -0.11525874461234552
297635.14416313195 -0.11198030043050755
306348.3452696084 -0.10879512204670844
315316.62335543614 -0.1057005551374413
324547.44574113254 -0.10269402101016899
334048.4983513244 -0.09977301444092107
343827.6921143307 -0.09693510157433116
353893.1695490984 -0.0941779178842572
364253.3115449638 -0.09149916619319502
374916.74433988857 -0.08889661474874674
385892.3467029899 -0.08636809535545746
397189.25732733024 -0.08391150156039683
408816.88243912894 -0.08152478689090294
420784.9036297398 -0.0792059631429579
433103.2859169001 -0.07695309871871611
445782.28604197066 -0.07476431701174657
458832.461010084 -0.0726377948385949
472264.67688029545 -0.07057176091531805
486090.117813063 -0.06856449437768194
500320.2953825999 -0.06661432334374943
514967.0581618343 -0.06471962351763293
530042.6015879672 -0.06287881683321411
545559.4781168514 -0.06109037013667345
561530.6076746266 -0.05935279390670691
577969.2884153313 -0.05766464101134016
594889.2077934331 -0.05602450550028239
612304.4539605178 -0.054431021431794
630229.5274956024 -0.0528828617330732
648679.3534788508 -0.051378737093195515
667669.2939187557 -0.049917394887667825
687215.1605431122 -0.04849761813368854
707333.2279644439 -0.04711822447523026
728040.2472308562 -0.04577806519708659
749353.4597735757 -0.0444760242670533
771290.6117627992 -0.04321101740543471
793869.9688838223 -0.04198199118109111
817110.3315457187 -0.0407879221332668
841031.0505352605 -0.039627815918459326
865652.0431290936 -0.03850070648161226
890993.8096776098 -0.03740565525093501
917077.4506742931 -0.03634175035567254
943924.6843247664 -0.035308105866170246
971557.8646301847 -0.03430386105559278
1000000.0 -0.033328179682680314
