10.0 -12.041199826462405
10.53310445370937 -12.04119982643636
11.094628943275218 -12.041199826463867
11.686088553466515 -12.041199826526423
12.309079138896024 -12.041199826691646
12.965281629896682 -12.041199826563885
13.65646656794611 -12.041199826589736
14.38449888287663 -12.04119982650636
15.15134292476053 -12.041199826461085
15.95906776404731 -12.041199826821842
16.80985277425364 -12.04119982661824
17.70599351226899 -12.041199826634932
18.64990791214297 -12.04119982648625
19.644142809066278 -12.041199826629672
20.6913808111479 -12.0411998266047
21.794447537529855 -12.041199826712834
22.956319242369098 -12.041199826657943
24.180130845257207 -12.041199826553107
25.4691843897454 -12.04119982652031
26.826957952797258 -12.041199826682199
28.257115029208283 -12.041199826590468
29.76351441631318 -12.041199826555623
31.350220625651154 -12.04119982645787
33.02151484968176 -12.04119982663023
34.7819065131413 -12.041199826745522
36.63614544020716 -12.041199826500206
38.58923467029903 -12.041199826582007
40.646443957096295 -12.041199826664442
42.81332398719393 -12.041199826608322
45.095721356761466 -12.04119982653988
47.499794346614124 -12.04119982667903
50.03202953826004 -12.041199826683401
52.699259315756564 -12.041199826603874
55.50868030059805 -12.04119982662091
58.467872769375894 -12.041199826616634
61.58482110660264 -12.041199826650832
64.86793534788511 -12.041199826603304
68.32607387157402 -12.041199826539932
71.96856730011521 -12.041199826619312
75.8052436755926 -12.041199826596712
79.84645497739086 -12.041199826513695
84.10310505352605 -12.041199826612452
88.58667904100822 -12.041199826560355
93.30927435461668 -12.041199826553031
98.28363332770026 -12.04119982658013
103.52317759307378 -12.041199826567619
109.04204429677526 -12.041199826564641
114.8551242423938 -12.041199826555218
120.97810206889012 -12.04119982652131
127.42749857031335 -12.041199826585622
134.2207152716012 -12.041199826548066
141.37608138073614 -12.041199826538492
148.91290324394086 -12.04119982656705
156.85151643735477 -12.041199826563533
165.213340635737 -12.041199826555042
174.0209374062485 -12.041199826593036
183.29807108324357 -12.041199826576353
193.06977288832496 -12.041199826574188
203.36240846866724 -12.041199826578843
214.2037490358383 -12.041199826562547
225.62304629706352 -12.041199826564743
237.65111138110728 -12.041199826583608
250.32039797173255 -12.041199826536463
263.6650898730358 -12.041199826587253
277.7211932429355 -12.041199826560758
292.5266337436645 -12.04119982656755
308.1213588714002 -12.041199826561948
324.54744574113323 -12.041199826534436
341.84921461759274 -12.041199826555761
360.073348498562 -12.041199826551805
379.26901907322497 -12.041199826557147
399.48801939541704 -12.041199826561808
420.78490362974026 -12.041199826556479
443.21713424760856 -12.04119982656152
466.84523707037897 -12.041199826563691
491.73296457790156 -12.041199826565176
517.9474679231213 -12.041199826557712
545.5594781168514 -12.041199826560048
574.6434968715973 -12.041199826543522
605.2779976193349 -12.041199826571134
637.5456372456507 -12.041199826564611
671.5334791115142 -12.041199826569686
707.3332279644438 -12.04119982656141
745.0414773728917 -12.041199826565114
784.7599703514607 -12.041199826561165
826.5958738801812 -12.041199826561602
870.6620680585127 -12.041199826557376
917.0774506742931 -12.041199826555939
965.9672580093833 -12.041199826563888
1017.4634027476063 -12.041199826570415
1071.7048298967104 -12.041199826554276
1128.8378916846884 -12.04119982656324
1189.01674244199 -12.041199826559987
1252.4037545350732 -12.041199826556372
1319.1699564735716 -12.041199826564231
1389.4954943731375 -12.04119982655541
1463.5701180190797 -12.041199826556248
1541.5936928422718 -12.041199826557973
1623.776739188721 -12.041199826558682
1710.3410003378397 -12.041199826560383
1801.520040802024 -12.041199826559435
1897.5598765218504 -12.041199826562174
1998.7196386572507 -12.041199826559305
2105.272272765707 -12.041199826560282
2217.505275253932 -12.041199826557103
2335.7214690901214 -12.041199826558316
2460.239820869775 -12.041199826557898
2591.3963014396572 -12.041199826559478
2729.5447924020073 -12.04119982655923
2875.0580409448803 -12.04119982655957
3028.3286655749457 -12.041199826558866
3189.7702154663216 -12.04119982655902
3359.818286283781 -12.04119982656007
3538.9316954909877 -12.041199826560458
3727.593720314938 -12.04119982655994
3926.3134017068355 -12.041199826559792
4135.626917817706 -12.041199826558213
4356.099030694608 -12.041199826558987
4588.324610100844 -12.041199826558389
4832.930238571752 -12.041199826559662
5090.575902036681 -12.041199826559323
5361.956770568817 -12.041199826561932
5647.805074067552 -12.041199826559437
5948.892077934331 -12.041199826559886
6266.030164072656 -12.041199826559346
6600.075022827095 -12.041199826558913
6951.927961775606 -12.041199826560975
7322.538337604534 -12.041199826558081
7712.906117627992 -12.041199826559005
8124.0845778629655 -12.041199826559408
8557.183144940002 -12.041199826557811
9013.37038951743 -12.041199826559426
9493.87717927582 -12.041199826557797
10000.0 -12.041199826558575
10533.104453709382 -12.041199826558827
11094.628943275218 -12.04119982655849
11686.088553466498 -12.041199826559048
12309.079138896019 -12.04119982656085
12965.281629896688 -12.04119982655908
13656.466567946096 -12.041199826560607
14384.498882876629 -12.04119982655903
15151.342924760515 -12.041199826560193
15959.06776404731 -12.04119982655943
16809.852774253653 -12.041199826561124
17705.99351226898 -12.041199826558595
18649.907912142942 -12.041199826558458
19644.142809066267 -12.0411998265611
20691.3808111479 -12.0411998265591
21794.447537529835 -12.041199826558733
22956.319242369096 -12.041199826559525
24180.13084525718 -12.041199826559975
25469.184389745402 -12.0411998265594
26826.957952797275 -12.04119982655799
28257.115029208268 -12.041199826559264
29763.51441631313 -12.041199826559799
31350.220625651124 -12.041199826560069
33021.51484968176 -12.041199826558932
34781.90651314134 -12.04119982655902
36636.14544020716 -12.041199826558458
38589.23467029899 -12.04119982655909
40646.44395709628 -12.041199826558946
42813.32398719396 -12.041199826558914
45095.721356761445 -12.04119982655956
47499.79434661403 -12.041199826558683
50032.029538259994 -12.041199826558703
52699.259315756564 -12.041199826558355
55508.680300598106 -12.041199826559225
58467.87276937589 -12.041199826560053
61584.82110660255 -12.041199826559819
64867.935347885075 -12.04119982655914
68326.07387157406 -12.04119982655969
71968.56730011514 -12.041199826559257
75805.24367559262 -12.041199826559126
79846.45497739078 -12.04119982655946
84103.10505352604 -12.041199826558667
88586.67904100832 -12.041199826559357
93309.27435461663 -12.041199826559456
98283.63332770011 -12.041199826559097
103523.17759307378 -12.041199826559163
109042.04429677526 -12.041199826559122
114855.12424239368 -12.041199826559275
120978.10206889013 -12.041199826559122
127427.49857031321 -12.04119982655924
134220.7152716012 -12.041199826559208
141376.08138073614 -12.041199826559296
148912.90324394088 -12.04119982655917
156851.5164373548 -12.041199826559453
165213.34063573685 -12.041199826559225
174020.9374062485 -12.041199826559213
183298.07108324338 -12.041199826559264
193069.77288832495 -12.041199826559254
203362.40846866704 -12.041199826559225
214203.74903583832 -12.041199826559293
225623.04629706353 -12.041199826559211
237651.11138110727 -12.04119982655924
250320.39797173254 -12.041199826559211
263665.08987303555 -12.041199826559215
277721.1932429355 -12.041199826559236
292526.6337436642 -12.041199826559252
308121.35887140024 -12.041199826559225
324547.44574113254 -12.041199826559275
341849.21461759275 -12.041199826559271
360073.348498562 -12.041199826559266
379269.0190732246 -12.041199826559247
399488.019395417 -12.041199826559296
420784.9036297398 -12.04119982655926
443217.13424760854 -12.041199826559234
466845.2370703785 -12.041199826559264
491732.9645779016 -12.041199826559252
517947.46792312124 -12.041199826559234
545559.4781168514 -12.041199826559225
574643.4968715974 -12.041199826559275
605277.9976193343 -12.041199826559229
637545.6372456506 -12.04119982655924
671533.4791115135 -12.04119982655924
707333.2279644439 -12.041199826559234
745041.4773728917 -12.04119982655924
784759.9703514606 -12.04119982655924
826595.8738801812 -12.041199826559241
870662.0680585118 -12.041199826559243
917077.4506742931 -12.041199826559236
965967.2580093823 -12.041199826559259
1017463.4027476063 -12.041199826559248
1071704.8298967092 -12.04119982655923
1128837.8916846884 -12.04119982655925
1189016.74244199 -12.041199826559254
1252403.7545350718 -12.041199826559254
1319169.9564735717 -12.041199826559232
1389495.494373136 -12.041199826559257
1463570.1180190798 -12.041199826559229
1541593.6928422702 -12.041199826559248
1623776.739188721 -12.041199826559241
1710341.0003378377 -12.04119982655925
1801520.0408020238 -12.04119982655925
1897559.8765218505 -12.04119982655924
1998719.6386572486 -12.04119982655925
2105272.272765707 -12.041199826559232
2217505.2752539297 -12.041199826559264
2335721.4690901213 -12.041199826559247
2460239.8208697727 -12.041199826559243
2591396.3014396573 -12.041199826559248
2729544.792402007 -12.04119982655924
2875058.040944877 -12.041199826559254
3028328.6655749455 -12.04119982655924
3189770.215466318 -12.041199826559225
3359818.286283781 -12.041199826559243
3538931.6954909842 -12.041199826559236
3727593.720314938 -12.04119982655926
3926313.4017068394 -12.041199826559277
4135626.917817706 -12.04119982655924
4356099.030694608 -12.041199826559254
4588324.61010084 -12.041199826559234
4832930.238571752 -12.041199826559236
5090575.902036676 -12.041199826559229
5361956.770568817 -12.04119982655925
5647805.074067546 -12.041199826559259
5948892.077934331 -12.04119982655926
6266030.164072656 -12.041199826559247
6600075.022827089 -12.041199826559264
6951927.961775606 -12.041199826559264
7322538.337604526 -12.041199826559264
7712906.117627992 -12.041199826559257
8124084.5778629575 -12.041199826559223
8557183.144940002 -12.041199826559268
9013370.38951742 -12.041199826559252
9493877.17927582 -12.041199826559234
10000000.0 -12.041199826559229
10533104.45370936 -12.041199826559236
11094628.943275219 -12.041199826559259
11686088.553466497 -12.041199826559257
12309079.138896018 -12.041199826559257
12965281.629896663 -12.04119982655923
13656466.567946097 -12.041199826559247
14384498.882876629 -12.041199826559158
15151342.924760515 -12.041199826559225
15959067.76404731 -12.04119982655924
16809852.774253618 -12.04119982655923
17705993.51226898 -12.04119982655925
18649907.912142944 -12.041199826559117
19644142.809066266 -12.041199826559236
20691380.811147902 -12.041199826559243
21794447.537529834 -12.041199826559254
22956319.242369097 -12.041199826559236
24180130.84525718 -12.041199826559236
25469184.3897454 -12.041199826559252
26826957.95279722 -12.041199826559266
28257115.02920827 -12.04119982655924
29763514.41631313 -12.04119982655925
31350220.62565112 -12.04119982655923
33021514.849681754 -12.041199826559243
34781906.51314127 -12.04119982655924
36636145.44020716 -12.041199826559247
38589234.67029899 -12.041199826559248
40646443.95709628 -12.041199826559257
42813323.98719387 -12.041199826559252
45095721.35676145 -12.041199826559248
47499794.346614026 -12.041199826559252
50032029.53825999 -12.041199826559247
52699259.31575657 -12.041199826559241
55508680.300597996 -12.041199826559232
58467872.7693759 -12.041199826559213
61584821.10660254 -12.041199826559252
64867935.34788508 -12.041199826559252
68326073.87157391 -12.041199826559248
71968567.30011514 -12.04119982655925
75805243.67559262 -12.04119982655924
79846454.97739078 -12.04119982655924
84103105.05352604 -12.04119982655925
88586679.04100814 -12.041199826559241
93309274.35461664 -12.041199826559254
98283633.32770011 -12.041199826559247
103523177.59307377 -12.04119982655924
109042044.29677527 -12.04119982655924
114855124.24239345 -12.041199826559254
120978102.06889038 -12.041199826559268
127427498.57031322 -12.04119982655925
134220715.2716012 -12.041199826559243
141376081.38073614 -12.04119982655926
148912903.24394056 -12.041199826559243
156851516.43735445 -12.041199826559241
165213340.63573685 -12.041199826559254
174020937.40624848 -12.041199826559264
183298071.08324376 -12.041199826559257
193069772.88832456 -12.041199826559332
203362408.46866703 -12.041199826559257
214203749.0358383 -12.041199826559248
225623046.2970626 -12.041199826559234
237651111.38110778 -12.04119982655924
250320397.97173202 -12.041199826559197
263665089.87303555 -12.041199826559222
277721193.2429355 -12.041199826559259
292526633.74366355 -12.041199826559248
308121358.87140083 -12.041199826559236
324547445.74113256 -12.041199826559232
341849214.6175927 -12.041199826559248
360073348.49856204 -12.041199826559254
379269019.0732238 -12.041199826559241
399488019.39541787 -12.04119982655924
420784903.6297398 -12.041199826559241
443217134.24760854 -12.041199826559254
466845237.07037944 -12.04119982655924
491732964.5779006 -12.041199826559268
517947467.9231202 -12.041199826559243
545559478.1168514 -12.041199826559247
574643496.8715974 -12.041199826559197
605277997.6193355 -12.041199826559216
637545637.2456493 -12.041199826559234
671533479.1115135 -12.041199826559247
707333227.9644439 -12.04119982655924
745041477.3728887 -12.041199826559248
784759970.3514622 -12.041199826559264
826595873.8801795 -12.04119982655924
870662068.0585117 -12.041199826559247
917077450.674293 -12.041199826559254
965967258.0093802 -12.041199826559248
1017463402.7476043 -12.041199826559252
1071704829.8967092 -12.041199826559232
1128837891.6846883 -12.04119982655924
1189016742.44199 -12.041199826559252
1252403754.5350692 -12.04119982655924
1319169956.473569 -12.04119982655924
1389495494.373136 -12.04119982655924
1463570118.0190797 -12.041199826559257
1541593692.8422735 -12.041199826559248
1623776739.1887176 -12.041199826559266
1710341000.337838 -12.04119982655925
1801520040.802024 -12.04119982655925
1897559876.5218503 -12.04119982655927
1998719638.6572526 -12.041199826559236
2105272272.7657027 -12.041199826559257
2217505275.2539296 -12.041199826559248
2335721469.0901213 -12.041199826559257
2460239820.8697777 -12.041199826559257
2591396301.439652 -12.041199826559252
2729544792.402002 -12.041199826559254
2875058040.944877 -12.04119982655926
3028328665.5749454 -12.041199826559284
3189770215.466325 -12.041199826559247
3359818286.2837744 -12.041199826559257
3538931695.4909844 -12.041199826559229
3727593720.314938 -12.041199826559243
3926313401.7068396 -12.041199826559266
4135626917.8176975 -12.041199826559247
4356099030.694599 -12.041199826559232
4588324610.100841 -12.041199826559268
4832930238.571753 -12.041199826559268
5090575902.036687 -12.041199826559234
5361956770.568806 -12.041199826559243
5647805074.067546 -12.041199826559264
5948892077.934331 -12.04119982655927
6266030164.072656 -12.041199826559248
6600075022.827075 -12.041199826559216
6951927961.775591 -12.041199826559268
7322538337.6045265 -12.041199826559225
7712906117.627993 -12.04119982655923
8124084577.862974 -12.04119982655926
8557183144.939984 -12.041199826559204
9013370389.51742 -12.041199826559277
9493877179.27582 -12.041199826559328
10000000000.0 -12.041199826559307
10.0 -304.4862924121567
10.53310445370937 -311.1093574369977
11.094628943275218 -317.30013180220107
11.686088553466515 -309.06163970779414
12.309079138896024 -311.5385310659112
12.965281629896682 -302.6647459762466
13.65646656794611 -298.9743746869303
14.38449888287663 -311.91113906325734
15.15134292476053 -310.73097944483186
15.95906776404731 -303.931249399843
16.80985277425364 -299.61325381539433
17.70599351226899 -302.8848626736597
18.64990791214297 -312.6946998942566
19.644142809066278 -322.0875992534445
20.6913808111479 -316.02893194117166
21.794447537529855 -309.36327073875725
22.956319242369098 -319.1740600212713
24.180130845257207 -312.3237996243394
25.4691843897454 -301.6399291833201
26.826957952797258 -302.09554215224836
28.257115029208283 -308.62385087514906
29.76351441631318 -303.0817923484838
31.350220625651154 -305.06921635169294
33.02151484968176 -295.83878172199195
34.7819065131413 -297.76175572111833
36.63614544020716 -319.60670866958026
38.58923467029903 -304.6511104040108
40.646443957096295 -334.7196149791416
42.81332398719393 -328.9047603758619
45.095721356761466 -304.22295120886963
47.499794346614124 -313.77178656469175
50.03202953826004 -315.770011960047
52.699259315756564 -317.45991095633525
55.50868030059805 -312.0517247771873
58.467872769375894 -300.9414560723172
61.58482110660264 -312.6847631847297
64.86793534788511 -360.5516958990895
68.32607387157402 -301.1773061717572
71.96856730011521 -318.0922679904898
75.8052436755926 -318.70448728715974
79.84645497739086 -313.6988649578843
84.10310505352605 -326.6610097253212
88.58667904100822 -309.57237700195986
93.30927435461668 -306.69791634410376
98.28363332770026 -297.2954649761249
103.52317759307378 -312.13273677515787
109.04204429677526 -309.02555198267953
114.8551242423938 -308.3742952947852
120.97810206889012 -306.23388429815685
127.42749857031335 -313.84653175992656
134.2207152716012 -314.5042064518013
141.37608138073614 -326.7048898676128
148.91290324394086 -302.4643316397135
156.85151643735477 -305.033589941312
165.213340635737 -324.6918805237974
174.0209374062485 -311.0444603955743
183.29807108324357 -302.242808678475
193.06977288832496 -308.5501461901367
203.36240846866724 -307.20815175025723
214.2037490358383 -300.58407752724986
225.62304629706352 -316.7546615783729
237.65111138110728 -301.15620959657485
250.32039797173255 -297.83677679421646
263.6650898730358 -300.26979121233484
277.7211932429355 -307.1937630170685
292.5266337436645 -301.53654432785055
308.1213588714002 -305.85533349644555
324.54744574113323 -303.1497317431615
341.84921461759274 -312.0449402550793
360.073348498562 -307.4034369075274
379.26901907322497 -317.61527970437055
399.48801939541704 -306.41988591405755
420.78490362974026 -313.1971453211173
443.21713424760856 -305.9852308308499
466.84523707037897 -306.84586202164337
491.73296457790156 -304.695342125603
517.9474679231213 -307.77159909128284
545.5594781168514 -298.9181891218867
574.6434968715973 -307.4873392949027
605.2779976193349 -306.28708220438716
637.5456372456507 -304.73481156230145
671.5334791115142 -321.398810805702
707.3332279644438 -309.638057799168
745.0414773728917 -302.5287234463496
784.7599703514607 -299.7171815901719
826.5958738801812 -299.4889229156328
870.6620680585127 -304.49448027828197
917.0774506742931 -298.7635844410821
965.9672580093833 -303.75783492244506
1017.4634027476063 -306.2402952524822
1071.7048298967104 -300.5081481879396
1128.8378916846884 -308.18633087667143
1189.01674244199 -304.5407774086401
1252.4037545350732 -307.67872328907805
1319.1699564735716 -309.769027170801
1389.4954943731375 -304.25477846724186
1463.5701180190797 -301.3192682951933
1541.5936928422718 -308.40926701215625
1623.776739188721 -297.9731900854307
1710.3410003378397 -309.3908793690515
1801.520040802024 -332.11025323199493
1897.5598765218504 -308.69321397326195
1998.7196386572507 -303.1137955746589
2105.272272765707 -300.7602803483129
2217.505275253932 -306.4332056005388
2335.7214690901214 -306.592979840226
2460.239820869775 -306.18747653058017
2591.3963014396572 -296.0331007661976
2729.5447924020073 -310.12884461597
2875.0580409448803 -314.98580026238335
3028.3286655749457 -309.03968068548005
3189.7702154663216 -301.99000971956616
3359.818286283781 -305.7896348974357
3538.9316954909877 -321.76528938139717
3727.593720314938 -304.3725527161289
3926.3134017068355 -324.9727300792736
4135.626917817706 -308.89331126868706
4356.099030694608 -297.7502979525134
4588.324610100844 -298.0910877249135
4832.930238571752 -321.416139813605
5090.575902036681 -296.7931581198975
5361.956770568817 -335.5004962698364
5647.805074067552 -302.4030031091279
5948.892077934331 -312.0197666507704
6266.030164072656 -316.21404594115313
6600.075022827095 -311.34006647311696
6951.927961775606 -306.1807275510532
7322.538337604534 -306.81363520756247
7712.906117627992 -302.8368428118389
8124.0845778629655 -305.82666367145737
8557.183144940002 -321.8408714070623
9013.37038951743 -305.6844521764645
9493.87717927582 -303.5726504720792
10000.0 -314.4197993697916
10533.104453709382 -313.13983843648094
11094.628943275218 -304.9628763734829
11686.088553466498 -307.76681901226294
12309.079138896019 -307.19647173093927
12965.281629896688 -313.2360230673568
13656.466567946096 -294.229375776516
14384.498882876629 -314.4513995399427
15151.342924760515 -300.985091630533
15959.06776404731 -322.6364785576453
16809.852774253653 -316.665116465191
17705.99351226898 -301.8605683555598
18649.907912142942 -307.0139321334178
19644.142809066267 -299.22754769364786
20691.3808111479 -319.6655095354117
21794.447537529835 -310.10565070979845
22956.319242369096 -311.78307370466825
24180.13084525718 -313.0401420104921
25469.184389745402 -305.51100655547907
26826.957952797275 -301.43562122547377
28257.115029208268 -312.5781421183698
29763.51441631313 -313.82810044574694
31350.220625651124 -300.74874574628564
33021.51484968176 -303.2009021192568
34781.90651314134 -317.2573509405329
36636.14544020716 -304.07343143344997
38589.23467029899 -309.8105048174956
40646.44395709628 -313.43248845636987
42813.32398719396 -294.2584366520365
45095.721356761445 -312.1577321043598
47499.79434661403 -312.448942102869
50032.029538259994 -321.9316052052775
52699.259315756564 -316.8321681136643
55508.680300598106 -297.993476675826
58467.87276937589 -318.2130689759987
61584.82110660255 -298.4720695543613
64867.935347885075 -314.25360926026156
68326.07387157406 -324.05099581541697
71968.56730011514 -301.1802861542686
75805.24367559262 -313.8165473336709
79846.45497739078 -318.80627911762633
84103.10505352604 -298.2086511362571
88586.67904100832 -317.7153565089469
93309.27435461663 -305.6796952971308
98283.63332770011 -310.8449973193243
103523.17759307378 -300.499468925367
109042.04429677526 -310.19193750901223
114855.12424239368 -301.320558547174
120978.10206889013 -299.0890943947484
127427.49857031321 -311.16344776527575
134220.7152716012 -326.87550201521475
141376.08138073614 -304.1907074532168
148912.90324394088 -298.7242147407971
156851.5164373548 -318.51631641599533
165213.34063573685 -300.61150031063727
174020.9374062485 -306.0478295002955
183298.07108324338 -315.8930677934659
193069.77288832495 -299.3189948699615
203362.40846866704 -311.6147528650658
214203.74903583832 -311.6290314336043
225623.04629706353 -312.26211784268014
237651.11138110727 -313.2936608777563
250320.39797173254 -309.32459927675615
263665.08987303555 -298.2698829034948
277721.1932429355 -305.2808065145219
292526.6337436642 -306.6643209923628
308121.35887140024 -310.34621594953074
324547.44574113254 -312.1599657384515
341849.21461759275 -312.14274184162286
360073.348498562 -310.09697706300693
379269.0190732246 -300.8078090138041
399488.019395417 -303.107204828581
420784.9036297398 -304.26494680277784
443217.13424760854 -312.2058066947009
466845.2370703785 -309.56378333015584
491732.9645779016 -306.92170046198885
517947.46792312124 -307.26719239959834
545559.4781168514 -301.24132538732147
574643.4968715974 -313.3408171705919
605277.9976193343 -302.90211544438256
637545.6372456506 -316.60888383736835
671533.4791115135 -301.8334542458808
707333.2279644439 -304.00729529678904
745041.4773728917 -307.65575559938907
784759.9703514606 -315.4162144349663
826595.8738801812 -313.512445865724
870662.0680585118 -299.74945134959177
917077.4506742931 -300.84757491802316
965967.2580093823 -320.1901786002568
1017463.4027476063 -313.16095679747104
1071704.8298967092 -298.3654696935759
1128837.8916846884 -301.54385242413446
1189016.74244199 -320.60249236476375
1252403.7545350718 -316.315412708521
1319169.9564735717 -308.1291334787726
1389495.494373136 -306.1094286797711
1463570.1180190798 -301.67180788782144
1541593.6928422702 -317.6765370505007
1623776.739188721 -306.44552755283377
1710341.0003378377 -322.6530977541431
1801520.0408020238 -299.2579484629995
1897559.8765218505 -305.9009973753392
1998719.6386572486 -300.95893576757277
2105272.272765707 -299.9505940341562
2217505.2752539297 -313.8167642375435
2335721.4690901213 -305.5261716372182
2460239.8208697727 -325.5533377120057
2591396.3014396573 -318.96609492610327
2729544.792402007 -304.9966511608871
2875058.040944877 -298.49085902243485
3028328.6655749455 -308.689175263823
3189770.215466318 -305.46279835203813
3359818.286283781 -320.64110089471745
3538931.6954909842 -294.53602025322306
3727593.720314938 -302.1752488553474
3926313.4017068394 -314.21619327312544
4135626.917817706 -296.9086212410569
4356099.030694608 -296.1969901855549
4588324.61010084 -311.0229760569883
4832930.238571752 -302.9550400145715
5090575.902036676 -306.47054338347357
5361956.770568817 -304.58564027640824
5647805.074067546 -300.7977059390931
5948892.077934331 -299.8400374137135
6266030.164072656 -301.5627700659508
6600075.022827089 -302.6948445698241
6951927.961775606 -301.2400011455305
7322538.337604526 -299.6294663746904
7712906.117627992 -299.83050605890287
8124084.5778629575 -307.195097227773
8557183.144940002 -296.96482357357945
9013370.38951742 -308.2020056026697
9493877.17927582 -299.344392488616
10000000.0 -328.678027155589
10533104.45370936 -302.980383883754
11094628.943275219 -322.49688509233584
11686088.553466497 -310.4576566160262
12309079.138896018 -310.8923615280066
12965281.629896663 -310.08891619254285
13656466.567946097 -320.99400596495354
14384498.882876629 -316.30277139900414
15151342.924760515 -302.31936666277466
15959067.76404731 -329.7093264819086
16809852.774253618 -299.59480462324007
17705993.51226898 -300.9426788895158
18649907.912142944 -299.4501437329794
19644142.809066266 -316.76906660321765
20691380.811147902 -300.7971750845672
21794447.537529834 -303.4568712565793
22956319.242369097 -320.94282620770196
24180130.84525718 -319.17509424373134
25469184.3897454 -300.1682506858182
26826957.95279722 -298.36598980630714
28257115.02920827 -312.99847030942993
29763514.41631313 -309.6382665540749
31350220.62565112 -302.49893399604593
33021514.849681754 -323.3497701728054
34781906.51314127 -304.7733657998069
36636145.44020716 -305.0131474100291
38589234.67029899 -293.80272023886204
40646443.95709628 -320.1285372154864
42813323.98719387 -300.95915890063003
45095721.35676145 -303.9714681722254
47499794.346614026 -312.915942400264
50032029.53825999 -305.1367759176046
52699259.31575657 -304.06444112847123
55508680.300597996 -309.1336406037879
58467872.7693759 -300.20408851105606
61584821.10660254 -315.06896791944996
64867935.34788508 -297.31667809632535
68326073.87157391 -308.8136543215419
71968567.30011514 -349.12136225578604
75805243.67559262 -294.8387731962
79846454.97739078 -302.89401247498455
84103105.05352604 -308.4364928263167
88586679.04100814 -314.56720593485306
93309274.35461664 -309.23730081771583
98283633.32770011 -306.82382252950094
103523177.59307377 -303.6238940279577
109042044.29677527 -299.06321361851496
114855124.24239345 -319.4802405153087
120978102.06889038 -302.6634684307651
127427498.57031322 -305.83614417172345
134220715.2716012 -325.16890015274447
141376081.38073614 -309.36656136943424
148912903.24394056 -307.78789033225866
156851516.43735445 -303.37262214187865
165213340.63573685 -302.71914854711775
174020937.40624848 -304.2371603131325
183298071.08324376 -306.9173418018753
193069772.88832456 -329.3618118833917
203362408.46866703 -304.11866921027496
214203749.0358383 -308.7267604539061
225623046.2970626 -304.66743504999465
237651111.38110778 -301.44602184113904
250320397.97173202 -296.8979537136762
263665089.87303555 -319.92126642667495
277721193.2429355 -296.43026730701825
292526633.74366355 -316.2229053183635
308121358.87140083 -305.9340080385617
324547445.74113256 -303.132189623052
341849214.6175927 -305.60810338761235
360073348.49856204 -293.0849559206057
379269019.0732238 -301.90074264920815
399488019.39541787 -301.2698504700768
420784903.6297398 -302.41839318208883
443217134.24760854 -328.50348705401296
466845237.07037944 -302.08011551812643
491732964.5779006 -307.14340469778574
517947467.9231202 -342.91439504583985
545559478.1168514 -316.13171320877933
574643496.8715974 -309.81862995055275
605277997.6193355 -302.4043610324061
637545637.2456493 -305.81267536357717
671533479.1115135 -324.496872950599
707333227.9644439 -308.57688937530634
745041477.3728887 -303.64238016780985
784759970.3514622 -303.5605557445727
826595873.8801795 -316.0379015398328
870662068.0585117 -305.0721145658074
917077450.674293 -307.5317133062778
965967258.0093802 -321.09809092869216
1017463402.7476043 -301.35469528891053
1071704829.8967092 -298.05381882736253
1128837891.6846883 -296.77119313873686
1189016742.44199 -314.1098968876472
1252403754.5350692 -305.4384311340352
1319169956.473569 -307.38654449171776
1389495494.373136 -305.6775070957966
1463570118.0190797 -308.75748292715457
1541593692.8422735 -303.77639749681435
1623776739.1887176 -304.03751774097424
1710341000.337838 -306.61386208552926
1801520040.802024 -315.96357375139337
1897559876.5218503 -303.9820164975474
1998719638.6572526 -301.32876051773434
2105272272.7657027 -297.00177575019785
2217505275.2539296 -306.35487845863963
2335721469.0901213 -299.1804389021486
2460239820.8697777 -311.0314133426589
2591396301.439652 -300.4302721602166
2729544792.402002 -296.78378518913854
2875058040.944877 -301.4700920297974
3028328665.5749454 -297.7043520983732
3189770215.466325 -297.2434388147699
3359818286.2837744 -305.2022546573965
3538931695.4909844 -305.8241434021015
3727593720.314938 -298.39602448475654
3926313401.7068396 -311.89037481785664
4135626917.8176975 -309.6067027176544
4356099030.694599 -293.13493870455244
4588324610.100841 -294.270095761019
4832930238.571753 -299.6913852559456
5090575902.036687 -314.56172614801426
5361956770.568806 -313.14196715876557
5647805074.067546 -300.3291318074303
5948892077.934331 -300.0393469455049
6266030164.072656 -335.00688334307847
6600075022.827075 -313.814173632679
6951927961.775591 -301.6347000864398
7322538337.6045265 -301.0192548039247
7712906117.627993 -303.5381089373295
8124084577.862974 -301.18549856483713
8557183144.939984 -314.3817547503145
9013370389.51742 -304.3811484733539
9493877179.27582 -304.35181632392374
10000000000.0 -303.31222977358385
