10.0 -3.0529480688192496
10.53310445370937 -3.3556154822094433
11.094628943275218 -3.6476124854708303
11.686088553466515 -3.928650952447618
12.309079138896024 -4.199132599987905
12.965281629896682 -4.457953470950694
13.65646656794611 -4.705124594199541
14.38449888287663 -4.940609644333943
15.15134292476053 -5.164722045749399
15.95906776404731 -5.376663583410579
16.80985277425364 -5.576949336829202
17.70599351226899 -5.765775891512998
18.64990791214297 -5.943463546521044
19.644142809066278 -6.109890851565291
20.6913808111479 -6.265392784785128
21.794447537529855 -6.410908644883739
22.956319242369098 -6.546095361494308
24.180130845257207 -6.6715588613920405
25.4691843897454 -6.787531358926357
26.826957952797258 -6.8950933626780255
28.257115029208283 -6.9939917884312734
29.76351441631318 -7.085168899180062
31.350220625651154 -7.1687275466966325
33.02151484968176 -7.245392331506099
34.7819065131413 -7.315535512014032
36.63614544020716 -7.379516001353585
38.58923467029903 -7.437710366112617
40.646443957096295 -7.490701235790427
42.81332398719393 -7.538747284231303
45.095721356761466 -7.582285046173288
47.499794346614124 -7.621498044670371
50.03202953826004 -7.656829088510983
52.699259315756564 -7.688482553500235
55.50868030059805 -7.7167372191311685
58.467872769375894 -7.741894988569689
61.58482110660264 -7.7641369820819115
64.86793534788511 -7.783626459361383
68.32607387157402 -7.80056325147998
71.96856730011521 -7.815116723459685
75.8052436755926 -7.827384358640979
79.84645497739086 -7.837505905522612
84.10310505352605 -7.845589204202729
88.58667904100822 -7.851672323911645
93.30927435461668 -7.855847253629882
98.28363332770026 -7.858119415942183
103.52317759307378 -7.858549104414969
109.04204429677526 -7.857099864759728
114.8551242423938 -7.853795226052326
120.97810206889012 -7.8485741063858905
127.42749857031335 -7.841414094226032
134.2207152716012 -7.832216700415944
141.37608138073614 -7.820918655218079
148.91290324394086 -7.807411086811147
156.85151643735477 -7.7915688666111595
165.213340635737 -7.773246889191327
174.0209374062485 -7.752279663852873
183.29807108324357 -7.728479450462888
193.06977288832496 -7.701645330921191
203.36240846866724 -7.671539518321486
214.2037490358383 -7.637909141159657
225.62304629706352 -7.600487358824419
237.65111138110728 -7.558965772181087
250.32039797173255 -7.513030667480933
263.6650898730358 -7.462334148741729
277.7211932429355 -7.406512945409674
292.5266337436645 -7.345175801724251
308.1213588714002 -7.277920672091742
324.54744574113323 -7.204322715052827
341.84921461759274 -7.123943538141209
360.073348498562 -7.0363398250284455
379.26901907322497 -6.9410501211758655
399.48801939541704 -6.837622787367087
420.78490362974026 -6.725599400910053
443.21713424760856 -6.604535476917931
466.84523707037897 -6.473999506997479
491.73296457790156 -6.333581777890245
517.9474679231213 -6.1829000432469705
545.5594781168514 -6.02160814822234
574.6434968715973 -5.849401011739995
605.2779976193349 -5.666020145509211
637.5456372456507 -5.471260105885062
671.5334791115142 -5.264973411670827
707.3332279644438 -5.047072985210827
745.0414773728917 -4.817533769443557
784.7599703514607 -4.576395177719233
826.5958738801812 -4.323759642387722
870.6620680585127 -4.059791323420676
917.0774506742931 -3.784711931031758
965.9672580093833 -3.4987984434398944
1017.4634027476063 -3.2023768464077156
1071.7048298967104 -2.895816461939918
1128.8378916846884 -2.5795243428656827
1189.01674244199 -2.253938067154688
1252.4037545350732 -1.9195201923023237
1319.1699564735716 -1.5767510281970445
1389.4954943731375 -1.2261232663289754
1463.5701180190797 -0.8681363273432736
1541.5936928422718 -0.5032910105174491
1623.776739188721 -0.13208575061816716
1710.3410003378397 0.24498755110399822
1801.520040802024 0.6274463090505122
1897.5598765218504 1.0148201014321219
1998.7196386572507 1.4066519347175663
2105.272272765707 1.8025002747880434
2217.505275253932 2.2019392401671083
2335.7214690901214 2.6045596706839955
2460.239820869775 3.009968918991739
2591.3963014396572 3.417790945039791
2729.5447924020073 3.8276661200152917
2875.0580409448803 4.239250770770411
3028.3286655749457 4.652216992216226
3189.7702154663216 5.066252131403733
3359.818286283781 5.481058789861159
3538.9316954909877 5.896354603282438
3727.593720314938 6.3118723722676275
3926.3134017068355 6.727360521526206
4135.626917817706 7.142583629649515
4356.099030694608 7.557323373959239
4588.324610100844 7.971379721108134
4832.930238571752 8.384572383693161
5090.575902036681 8.796742525319244
5361.956770568817 9.207754662467538
5647.805074067552 9.61749866399731
5948.892077934331 10.025891782850929
6266.030164072656 10.432880583498411
6600.075022827095 10.838442641379007
6951.927961775606 11.242587858237794
7322.538337604534 11.645359251629806
7712.906117627992 12.046833082414894
8124.0845778629655 12.447118190135685
8557.183144940002 12.846354450973443
9013.37038951743 13.244710305841057
9493.87717927582 13.64237937188748
10000.0 14.039576196578716
10533.104453709382 14.436531255883091
11094.628943275218 14.833485400130748
11686.088553466498 15.230683933709555
12309.079138896019 15.628370580431517
12965.281629896688 16.026781590859642
13656.466567946096 16.42614021927157
14384.498882876629 16.826651810109237
15151.342924760515 17.228499633636922
15959.06776404731 17.631841631722285
16809.852774253653 18.036808095751972
17705.99351226898 18.44350033348016
18649.907912142942 18.851990225557884
19644.142809066267 19.262320637193547
20691.3808111479 19.674506528171566
21794.447537529835 20.088536648680705
22956.319242369096 20.504375660286062
24180.13084525718 20.921966550965948
25469.184389745402 21.341233208205207
26826.957952797275 21.762083036987736
28257.115029208268 22.184409529091727
29763.51441631313 22.608094716623995
31350.220625651124 23.033011454753908
33021.51484968176 23.459025507442828
34781.90651314134 23.885997427365556
36636.14544020716 24.313784226529634
38589.23467029899 24.74224086105024
40646.44395709628 25.171221549665212
42813.32398719396 25.600580954046322
45095.721356761445 26.03017526209789
47499.79434661403 26.459863199080228
50032.029538259994 26.88950700386322
52699.259315756564 27.31897339872657
55508.680300598106 27.748134572749635
58467.87276937589 28.1768691957882
61584.82110660255 28.605063465167074
64867.935347885075 29.0326121830065
68326.07387157406 29.459419839439253
71968.56730011514 29.885401674452503
75805.24367559262 30.310484668585985
79846.45497739078 30.73460840576321
84103.10505352604 31.157725739935962
88586.67904100832 31.57980318843891
93309.27435461663 32.00082097645649
98283.63332770011 32.42077265705528
103523.17759307378 32.83966424477949
109042.04429677526 33.25751281620517
114855.12424239368 33.674344555326414
120978.10206889013 34.09019224910685
127427.49857031321 34.50509227049868
134220.7152716012 34.9190811153797
141376.08138073614 35.33219158937932
148912.90324394088 35.74444876004779
156851.5164373548 36.15586580358473
165213.34063573685 36.566439877795446
174020.9374062485 36.976148146176214
183298.07108324338 37.38494406017076
193069.77288832495 37.79275398392405
203362.40846866704 38.199474215534735
214203.74903583832 38.60496843040668
225623.04629706353 39.009065542398474
237651.11138110727 39.41155795407815
250320.39797173254 39.81220014993586
263665.08987303555 40.21070757427868
277721.1932429355 40.60675573148448
292526.6337436642 40.99997945097606
308121.35887140024 41.38997226697121
324547.44574113254 41.776285878675814
341849.21461759275 42.15842967451159
360073.348498562 42.535870323428654
379269.0190732246 42.90803145937691
399488.019395417 43.274293505948265
420784.9036297398 43.63399370897091
443217.13424760854 43.98642646488707
466845.2370703785 44.33084404928208
491732.9645779016 44.666457863641895
517947.46792312124 44.99244032839039
545559.4781168514 45.30792755437025
574643.4968715974 45.61202292332829
605277.9976193343 45.903801698062594
637545.6372456506 46.182316765799754
671533.4791115135 46.446605589628724
707333.2279644439 46.69569840524705
745041.4773728917 46.92862765226227
784759.9703514606 47.144438571430356
826595.8738801812 47.34220083304071
870662.0680585118 47.521020993520054
917077.4506742931 47.68005550441556
965967.2580093823 47.81852393424121
1017463.4027476063 47.935722006833316
1071704.8298967092 48.03103402087913
1128837.8916846884 48.10394419948744
1189016.74244199 48.154046524649836
1252403.7545350718 48.181052651596225
1319169.9564735717 48.184797559455134
1389495.494373136 48.16524268576566
1463570.1180190798 48.1224764009947
1541593.6928422702 48.05671179531332
1623776.739188721 47.96828187642363
1710341.0003378377 47.857632385599906
1801520.0408020238 47.72531254197788
1897559.8765218505 47.5719640977021
1998719.6386572486 47.39830913812043
2105272.272765707 47.20513707966023
2217505.2752539297 46.99329131381787
2335721.4690901213 46.763655914767625
2460239.8208697727 46.517142780267406
2591396.3014396573 46.25467951472473
2729544.792402007 45.977198291724044
2875058.040944877 45.68562587010174
3028328.6655749455 45.380874863532114
3189770.215466318 45.063836309289414
3359818.286283781 44.73537352797094
3538931.6954909842 44.3963172239831
3727593.720314938 44.047461747700524
3926313.4017068394 43.68956241658124
4135626.917817706 43.32333377893591
4356099.030694608 42.94944870118283
4588324.61010084 42.568538155423155
4832930.238571752 42.181191591568265
5090575.902036676 41.78795778345325
5361956.770568817 41.38934605254086
5647805.074067546 40.98582777514483
5948892.077934331 40.57783810050735
6266030.164072656 40.16577781039926
6600075.022827089 39.75001526470238
6951927.961775606 39.330888386384515
7322538.337604526 38.90870664849953
7712906.117627992 38.483753033873136
8124084.5778629575 38.056285942792854
8557183.144940002 37.62654103248108
9013370.38951742 37.194732976477624
9493877.17927582 36.76105713363011
10000000.0 36.32569112222117
10533104.45370936 35.88879630054368
11094628.943275219 35.450519146372656
11686088.553466497 35.010992537230095
12309079.138896018 34.57033695228594
12965281.629896663 34.12866156563573
13656466.567946097 33.68606526362928
14384498.882876629 33.24263758196195
15151342.924760515 32.798459552725
15959067.76404731 32.353604507892086
16809852.774253618 31.90813878934126
17705993.51226898 31.462122402717824
18649907.912142944 31.015609612584335
19644142.809066266 30.56864950737564
20691380.811147902 30.121286479254827
21794447.537529834 29.673560692031483
22956319.242369097 29.225508474196687
24180130.84525718 28.777162703023777
25469184.3897454 28.32855316793621
26826957.95279722 27.879706839731277
28257115.02920827 27.43064818497104
29763514.41631313 26.98139939716706
31350220.62565112 26.531980642456794
33021514.849681754 26.082410313817594
34781906.51314127 25.632705140477164
36636145.44020716 25.182880389656184
38589234.67029899 24.732950126543653
40646443.95709628 24.28292724722461
42813323.98719387 23.832823599181985
45095721.35676145 23.38265024802796
47499794.346614026 22.93241744811716
50032029.53825999 22.48213494539947
52699259.31575657 22.03181169579638
55508680.300597996 21.581456475383636
58467872.7693759 21.131077562337858
61584821.10660254 20.680683111898137
64867935.34788508 20.230280953788334
68326073.87157391 19.779878957642115
71968567.30011514 19.32948492744684
75805243.67559262 18.879106640456943
79846454.97739078 18.42875251399454
84103105.05352604 17.978430572632348
88586679.04100814 17.52814963925477
93309274.35461664 17.077918623905845
98283633.32770011 16.627747372760403
103523177.59307377 16.177646254997942
109042044.29677527 15.727626219255429
114855124.24239345 15.277699070026324
120978102.06889038 14.827877549066146
127427498.57031322 14.378175771144381
134220715.2716012 13.928609655103333
141376081.38073614 13.479194751804952
148912903.24394056 13.02995012712011
156851516.43735445 12.580895666067196
165213340.63573685 12.132054033014281
174020937.40624848 11.683448392690579
183298071.08324376 11.235106401649224
193069772.88832456 10.787057866311029
203362408.46866703 10.33933407060929
214203749.0358383 9.891972940537855
225623046.2970626 9.445011663855311
237651111.38110778 8.998496211317844
250320397.97173202 8.552474263607571
263665089.87303555 8.106998103290126
277721193.2429355 7.6621276395388165
292526633.74366355 7.2179284471868
308121358.87140083 6.774469541771263
324547445.74113256 6.331831233962047
341849214.6175927 5.89010026719433
360073348.49856204 5.449369712816877
379269019.0732238 5.009747385921745
399488019.39541787 4.5713454550565
420784903.6297398 4.134293086123655
443217134.24760854 3.698722401360377
466845237.07037944 3.2647950718810477
491732964.5779006 2.832664487243605
517947467.9231202 2.402516427805823
545559478.1168514 1.9745438334500163
574643496.8715974 1.5489602298490581
605277997.6193355 1.1260071511343486
637545637.2456493 0.7059141837973262
671533479.1115135 0.28895422754460226
707333227.9644439 -0.12456417863413452
745041477.3728887 -0.5343426174700989
784759970.3514622 -0.9400547568161353
826595873.8801795 -1.3413578792457241
870662068.0585117 -1.7378554068217753
917077450.674293 -2.12916255323319
965967258.0093802 -2.5148904635333746
1017463402.7476043 -2.8945782912503586
1071704829.8967092 -3.267807931170521
1128837891.6846883 -3.6341040384016576
1189016742.44199 -3.993009985100949
1252403754.5350692 -4.344092257178808
1319169956.473569 -4.686820500182442
1389495494.373136 -5.020790606684189
1463570118.0190797 -5.3455154769869075
1541593692.8422735 -5.660610101923575
1623776739.1887176 -5.965595161481847
1710341000.337838 -6.26014564852508
1801520040.802024 -6.543949608133138
1897559876.5218503 -6.816649965107048
1998719638.6572526 -7.0780325978881296
2105272272.7657027 -7.327955874895586
2217505275.2539296 -7.566216065151556
2335721469.0901213 -7.79276781868977
2460239820.8697777 -8.007616850583691
2591396301.439652 -8.210895704778396
2729544792.402002 -8.402565889767201
2875058040.944877 -8.582858078051846
3028328665.5749454 -8.752096117244385
3189770215.466325 -8.910458850838609
3359818286.2837744 -9.058379960752106
3538931695.4909844 -9.196129234892062
3727593720.314938 -9.324131863108562
3926313401.7068396 -9.442834882554612
4135626917.8176975 -9.552657702912239
4356099030.694599 -9.654163761410908
4588324610.100841 -9.747677876282072
4832930238.571753 -9.833761532862699
5090575902.036687 -9.912757527777975
5361956770.568806 -9.985323263374099
5647805074.067546 -10.051742552512362
5948892077.934331 -10.112408502238193
6266030164.072656 -10.167973597965677
6600075022.827075 -10.218525029561999
6951927961.775591 -10.264661686102052
7322538337.6045265 -10.306727708135902
7712906117.627993 -10.344928614557018
8124084577.862974 -10.379662800970177
8557183144.939984 -10.411255462504187
9013370389.51742 -10.439878743640751
9493877179.27582 -10.46585326933271
10000000000.0 -10.489308918324255
10.0 -29.950338399574427
10.53310445370937 -35.91197082026293
11.094628943275218 -39.871174481033876
11.686088553466515 -30.341912787817616
12.309079138896024 -36.82747676923229
12.965281629896682 -29.96961593291577
13.65646656794611 -35.79799545813233
14.38449888287663 -34.01783526319883
15.15134292476053 -46.16326828904654
15.95906776404731 -50.20675854838763
16.80985277425364 -36.901566606278166
17.70599351226899 -7.825870071097335
18.64990791214297 -39.16176819526329
19.644142809066278 -37.96515688532171
20.6913808111479 -45.37001430529529
21.794447537529855 -33.44102930100706
22.956319242369098 -40.01109989138038
24.180130845257207 -39.23512167749771
25.4691843897454 -32.30639826613613
26.826957952797258 -39.18069233057656
28.257115029208283 -23.886518581023655
29.76351441631318 -39.33719526199998
31.350220625651154 -30.972756467675428
33.02151484968176 -32.97683409891149
34.7819065131413 -33.14223829550065
36.63614544020716 -30.293335299404355
38.58923467029903 -38.063400602868185
40.646443957096295 -43.235170205193036
42.81332398719393 -36.43689027845534
45.095721356761466 -35.9684577884565
47.499794346614124 -46.776615876178525
50.03202953826004 -28.489758792530825
52.699259315756564 -28.01499499792891
55.50868030059805 -45.30945710689589
58.467872769375894 -47.91875080750426
61.58482110660264 -28.05057118799941
64.86793534788511 -24.941429844075913
68.32607387157402 -44.15830483645959
71.96856730011521 -24.51474929167132
75.8052436755926 -38.18134284927497
79.84645497739086 -37.804316612365774
84.10310505352605 -37.753732226637105
88.58667904100822 -34.27348666905331
93.30927435461668 -41.82177757704302
98.28363332770026 -35.04224586710099
103.52317759307378 -37.27103126921207
109.04204429677526 -36.42769124618554
114.8551242423938 -35.36160203033256
120.97810206889012 -49.9241764532528
127.42749857031335 -35.758753490975195
134.2207152716012 -30.443715476031855
141.37608138073614 -34.256295126305616
148.91290324394086 -37.06097532455888
156.85151643735477 -40.34143092274434
165.213340635737 -33.67784590765704
174.0209374062485 -32.71350974832994
183.29807108324357 -37.639983981539594
193.06977288832496 -40.503981797986924
203.36240846866724 -31.57673490580859
214.2037490358383 -27.121210381626515
225.62304629706352 -37.53732589970917
237.65111138110728 -27.1015672396074
250.32039797173255 -33.92800953491377
263.6650898730358 -24.48029145750539
277.7211932429355 -39.4026169447454
292.5266337436645 -30.068889649640553
308.1213588714002 -46.86550086961377
324.54744574113323 -40.071252096239206
341.84921461759274 -29.385679967962464
360.073348498562 -32.2488062719317
379.26901907322497 -31.309877440252507
399.48801939541704 -29.728267089704737
420.78490362974026 -24.8805693519172
443.21713424760856 -53.683976384386334
466.84523707037897 -53.72875028708445
491.73296457790156 -33.274855121329956
517.9474679231213 -30.768002560604884
545.5594781168514 -40.03693824391111
574.6434968715973 -26.78669386127076
605.2779976193349 -34.46951496350973
637.5456372456507 -28.927300115217843
671.5334791115142 -44.94679477691604
707.3332279644438 -62.21368614331446
745.0414773728917 -37.844536462731355
784.7599703514607 -31.59580358125604
826.5958738801812 -35.61320716359877
870.6620680585127 -44.71425914081748
917.0774506742931 -36.85813372461277
965.9672580093833 -46.139209193224566
1017.4634027476063 -36.72415044418674
1071.7048298967104 -43.66729322811121
1128.8378916846884 -47.19079407022302
1189.01674244199 -47.33221333566324
1252.4037545350732 -41.636061546818524
1319.1699564735716 -48.64754720672878
1389.4954943731375 -39.67099759994751
1463.5701180190797 -46.253279648799335
1541.5936928422718 -45.003398495426985
1623.776739188721 -50.132562622725885
1710.3410003378397 -41.51648461208164
1801.520040802024 -40.97502129431063
1897.5598765218504 -43.24964060309179
1998.7196386572507 -44.25017964868076
2105.272272765707 -43.88055688535195
2217.505275253932 -33.011334814564975
2335.7214690901214 -39.03353421822478
2460.239820869775 -60.91047595882789
2591.3963014396572 -43.87377856792419
2729.5447924020073 -68.42830225258979
2875.0580409448803 -51.308538906733865
3028.3286655749457 -35.09662787605176
3189.7702154663216 -33.513283354051076
3359.818286283781 -60.44374250896855
3538.9316954909877 -39.9987184845146
3727.593720314938 -45.036762843220856
3926.3134017068355 -43.90414901796347
4135.626917817706 -35.824460819707745
4356.099030694608 -41.67003878294825
4588.324610100844 -62.24358467904149
4832.930238571752 -31.24660300951841
5090.575902036681 -35.5009631624995
5361.956770568817 -52.91127328825514
5647.805074067552 -61.227768621418264
5948.892077934331 -52.20253029216572
6266.030164072656 -26.91505881751781
6600.075022827095 -59.994497977431536
6951.927961775606 -57.29342059845139
7322.538337604534 -58.15660094132915
7712.906117627992 -48.86012319634187
8124.0845778629655 -62.48540189365703
8557.183144940002 -46.57762634360175
9013.37038951743 -44.951647368497305
9493.87717927582 -41.93381857747024
10000.0 -49.91783822283744
10533.104453709382 -39.94578268741452
11094.628943275218 -64.71783342331196
11686.088553466498 -40.146934810457296
12309.079138896019 -58.687573053944355
12965.281629896688 -57.2628159800065
13656.466567946096 -16.011276172533687
14384.498882876629 -46.24426682475821
15151.342924760515 -54.032214974167616
15959.06776404731 -45.529207955128314
16809.852774253653 -50.16961902005167
17705.99351226898 -58.528658002504685
18649.907912142942 -62.97194400664226
19644.142809066267 -59.32280382819734
20691.3808111479 -60.73005677529952
21794.447537529835 -59.87609651507349
22956.319242369096 -51.45038812690678
24180.13084525718 -53.53655637035091
25469.184389745402 -63.06464818096546
26826.957952797275 -63.848179461504635
28257.115029208268 -39.582008689698974
29763.51441631313 -49.84656919524554
31350.220625651124 -54.54961520238366
33021.51484968176 -63.77859718368602
34781.90651314134 -74.21685762591524
36636.14544020716 -65.3457174782825
38589.23467029899 -48.70896016568828
40646.44395709628 -49.059494192517796
42813.32398719396 -72.40356891286409
45095.721356761445 -63.60640161793094
47499.79434661403 -41.098763593549
50032.029538259994 -56.239184943080375
52699.259315756564 -70.45476860052345
55508.680300598106 -55.41903903146128
58467.87276937589 -56.12126424346508
61584.82110660255 -62.6872670327301
64867.935347885075 -54.92139159175156
68326.07387157406 -89.16769128116908
71968.56730011514 -60.92902815332121
75805.24367559262 -60.804781841658226
79846.45497739078 -63.590437667832276
84103.10505352604 -58.290550922786935
88586.67904100832 -45.310864160437745
93309.27435461663 -56.37287206161734
98283.63332770011 -53.97596810179099
103523.17759307378 -47.56466261290086
109042.04429677526 -63.506438591497805
114855.12424239368 -63.71288416735244
120978.10206889013 -58.41774337976426
127427.49857031321 -67.6131917734673
134220.7152716012 -55.02008781539253
141376.08138073614 -67.80335321054628
148912.90324394088 -48.402943235218515
156851.5164373548 -71.80179498435098
165213.34063573685 -52.28923196077147
174020.9374062485 -33.947216981554995
183298.07108324338 -71.21491669403996
193069.77288832495 -69.09068732576782
203362.40846866704 -74.4804453707765
214203.74903583832 -91.40654713896252
225623.04629706353 -58.87889884503033
237651.11138110727 -58.94471548588393
250320.39797173254 -67.43054661040941
263665.08987303555 -77.69383794125784
277721.1932429355 -91.60385436851108
292526.6337436642 -84.23925227148925
308121.35887140024 -81.95696887581894
324547.44574113254 -62.83000916052334
341849.21461759275 -78.20045213155676
360073.348498562 -70.2602805665602
379269.0190732246 -71.81339905731627
399488.019395417 -72.3725985217276
420784.9036297398 -77.59191904176384
443217.13424760854 -75.95421613688922
466845.2370703785 -76.59941598325987
491732.9645779016 -87.56780508990963
517947.46792312124 -71.13200807223433
545559.4781168514 -77.63932646844498
574643.4968715974 -81.94205537003684
605277.9976193343 -79.83930837091962
637545.6372456506 -78.66524815895866
671533.4791115135 -83.88256395405352
707333.2279644439 -83.28153882783106
745041.4773728917 -102.6038975968103
784759.9703514606 -88.65421217679548
826595.8738801812 -106.17053707273013
870662.0680585118 -72.31199752394542
917077.4506742931 -79.9619417741881
965967.2580093823 -82.56934015869491
1017463.4027476063 -90.28571408565395
1071704.8298967092 -84.93321134449461
1128837.8916846884 -80.71315528271604
1189016.74244199 -87.18576785202822
1252403.7545350718 -84.9820544910281
1319169.9564735717 -118.22616928555719
1389495.494373136 -86.50246185412738
1463570.1180190798 -84.62058268218173
1541593.6928422702 -79.20001391645185
1623776.739188721 -80.11381252208659
1710341.0003378377 -101.55608013331099
1801520.0408020238 -97.50508199739998
1897559.8765218505 -105.59292483315703
1998719.6386572486 -84.41644551562113
2105272.272765707 -98.08241130477201
2217505.2752539297 -94.27853149218998
2335721.4690901213 -88.69361568404445
2460239.8208697727 -89.64343976533578
2591396.3014396573 -28.51294303634953
2729544.792402007 -108.56618096835504
2875058.040944877 -95.41166757234544
3028328.6655749455 -85.37706342192897
3189770.215466318 -80.80826152733651
3359818.286283781 -89.11173260151622
3538931.6954909842 -97.17076797531233
3727593.720314938 -81.11632438562907
3926313.4017068394 -111.00964175629503
4135626.917817706 -114.94458041834855
4356099.030694608 -96.66531956533382
4588324.61010084 -89.38741989658566
4832930.238571752 -98.04726672670611
5090575.902036676 -99.03244728117411
5361956.770568817 -103.17865084141333
5647805.074067546 -99.18439142350884
5948892.077934331 -98.46913376670587
6266030.164072656 -111.42593758558952
6600075.022827089 -93.14963300717318
6951927.961775606 -106.08389717337522
7322538.337604526 -88.2929126103422
7712906.117627992 -133.68036728096158
8124084.5778629575 -94.95912074772536
8557183.144940002 -106.09230091729509
9013370.38951742 -99.4575101348062
9493877.17927582 -103.16038553026226
10000000.0 -107.38054925517238
10533104.45370936 -120.18157311090815
11094628.943275219 -92.15634829629906
11686088.553466497 -117.5447650590578
12309079.138896018 -131.8779184011135
12965281.629896663 -101.51111970481863
13656466.567946097 -112.87538348469985
14384498.882876629 -102.13485233134901
15151342.924760515 -106.5991964973442
15959067.76404731 -111.74528439687097
16809852.774253618 -95.33807498677425
17705993.51226898 -113.87541599428539
18649907.912142944 -116.73221917270446
19644142.809066266 -154.86354521398468
20691380.811147902 -86.5072807016893
21794447.537529834 -115.11004677623794
22956319.242369097 -103.504511159428
24180130.84525718 -103.91868885756061
25469184.3897454 -83.92645238031176
26826957.95279722 -111.92519975971064
28257115.02920827 -124.25830937921017
29763514.41631313 -117.65019567143875
31350220.62565112 -103.55646274426374
33021514.849681754 -129.56790797744392
34781906.51314127 -85.28459249552624
36636145.44020716 -106.94726933385512
38589234.67029899 -105.69526445082721
40646443.95709628 -108.22121246684546
42813323.98719387 -132.12524167154717
45095721.35676145 -121.92818482768219
47499794.346614026 -113.11966063410935
50032029.53825999 -141.63708102773333
52699259.31575657 -110.66457315988261
55508680.300597996 -106.88275363920846
58467872.7693759 -134.03451572062468
61584821.10660254 -143.27290562780743
64867935.34788508 -114.15906168855102
68326073.87157391 -118.55531994581739
71968567.30011514 -109.86891856130478
75805243.67559262 -125.36538561274457
79846454.97739078 -108.21166753116722
84103105.05352604 -122.01871107085948
88586679.04100814 -121.6851081700326
93309274.35461664 -140.54089411457608
98283633.32770011 -122.02116119869456
103523177.59307377 -140.62074786105433
109042044.29677527 -125.3185097142076
114855124.24239345 -127.48107097475324
120978102.06889038 -143.6583542275574
127427498.57031322 -115.25475562128632
134220715.2716012 -125.2052208608719
141376081.38073614 -112.06374232601854
148912903.24394056 -142.84957046272513
156851516.43735445 -128.21297633640816
165213340.63573685 -132.10142114023452
174020937.40624848 -141.98556443853897
183298071.08324376 -140.0015257732443
193069772.88832456 -144.8860324381003
203362408.46866703 -132.58899084702358
214203749.0358383 -133.43894704115772
225623046.2970626 -136.5571580826587
237651111.38110778 -130.9881255693602
250320397.97173202 -116.78195632032046
263665089.87303555 -127.21986640064424
277721193.2429355 -118.41906475398477
292526633.74366355 -138.10627488261215
308121358.87140083 -130.14409324386475
324547445.74113256 -123.51255986351796
341849214.6175927 -145.03710446697224
360073348.49856204 -134.9537857079881
379269019.0732238 -131.97155917444294
399488019.39541787 -150.6797084628972
420784903.6297398 -135.5130693233475
443217134.24760854 -156.97099594766564
466845237.07037944 -169.95254012110655
491732964.5779006 -139.56422521155972
517947467.9231202 -131.56010204323425
545559478.1168514 -152.90842526347095
574643496.8715974 -130.35234198170122
605277997.6193355 -144.8623297152127
637545637.2456493 -132.68855191734508
671533479.1115135 -117.34529097819672
707333227.9644439 -147.16127823595252
745041477.3728887 -139.94332604526505
784759970.3514622 -141.14634944761923
826595873.8801795 -126.18694255419652
870662068.0585117 -155.24838566306352
917077450.674293 -152.96978724578082
965967258.0093802 -155.80311747080015
1017463402.7476043 -160.67286759584388
1071704829.8967092 -159.33366925796992
1128837891.6846883 -163.62838992167224
1189016742.44199 -127.51536997590166
1252403754.5350692 -180.70673178186865
1319169956.473569 -150.8778128208203
1389495494.373136 -144.45250038382343
1463570118.0190797 -154.63515134994645
1541593692.8422735 -145.90884671380454
1623776739.1887176 -147.84990781410386
1710341000.337838 -147.59770553917468
1801520040.802024 -171.5263712171987
1897559876.5218503 -153.1940116317893
1998719638.6572526 -151.7396932171641
2105272272.7657027 -165.78657214008422
2217505275.2539296 -144.31931674123675
2335721469.0901213 -140.70762635786966
2460239820.8697777 -146.04511831084122
2591396301.439652 -148.91991641191257
2729544792.402002 -154.684816341689
2875058040.944877 -164.40194423322978
3028328665.5749454 -180.58820453765225
3189770215.466325 -157.42131010341092
3359818286.2837744 -158.6255741810948
3538931695.4909844 -145.66115484663018
3727593720.314938 -157.19608898215384
3926313401.7068396 -136.0869505832987
4135626917.8176975 -171.0045038603887
4356099030.694599 -137.9699387522472
4588324610.100841 -158.08410731851583
4832930238.571753 -140.37049351298333
5090575902.036687 -151.07313944633933
5361956770.568806 -155.26595756781475
5647805074.067546 -171.11265550444847
5948892077.934331 -152.1637554918598
6266030164.072656 -152.09251091977168
6600075022.827075 -158.85405845597117
6951927961.775591 -145.655755126271
7322538337.6045265 -145.91791533254028
7712906117.627993 -178.2223540470962
8124084577.862974 -163.86410663132253
8557183144.939984 -165.15987371002396
9013370389.51742 -141.83813706135922
9493877179.27582 -173.87153646356614
10000000000.0 -169.88907670703057
