10.0 5.754354063519094e-13
10.292747724096083 6.649627285381224e-13
10.59406557118851 -2.870611244537241e-13
10.904204429677526 1.3955434488733175e-13
11.223422532664179 6.499036816233777e-14
11.551985672964793 1.0148706376437349e-13
11.890167424419898 2.1192143682110259e-13
12.238249369681931 -5.368716125466816e-13
12.596521334671401 8.740492913657688e-13
12.965281629896682 4.037595348407508e-13
13.344837298838383 9.68691466933181e-13
13.735504373605137 3.703047750899969e-13
14.137608138073606 1.3889377671975848e-12
14.551483398731937 5.947514569124729e-13
14.977474763452017 -8.9274514548766e-14
15.415936928422726 -1.2692271387253903e-12
15.867234973483178 -6.30268276151207e-13
16.331744666101677 6.308027281723257e-13
16.80985277425364 9.220185249137086e-13
17.301957388458945 -4.833476616030362e-13
17.808468253246822 -2.5935949121486503e-13
18.329807108324356 3.3527784372692586e-13
18.866408039732583 5.249289140393527e-13
19.418717841282557 8.951758704543614e-13
19.987196386572506 2.105728054097775e-13
20.57231701189556 5.766128877589457e-13
21.174566910357118 -2.1744438449894755e-13
21.794447537529855 -5.005321255879308e-13
22.432475028984193 -1.0676831636178536e-12
23.089180630041927 -1.3860209740589938e-13
23.765111138110754 6.431476049670373e-13
24.46082935796799 1.7833173157066615e-13
25.17691457037277 1.711786894046296e-12
25.913963014396586 8.23960047962045e-13
26.672588383874054 -4.694202242019963e-13
27.453422338387142 1.3381466810537593e-12
28.257115029208283 9.084955239761132e-13
29.08433564064048 -3.2067208637054306e-13
29.935772947204903 -1.0963078684893191e-13
30.812135887140037 -2.0498028329701295e-13
31.714154152689986 1.409133685067537e-12
32.642578797673224 2.05280564004324e-13
33.59818286283781 2.2228670975990187e-12
34.58176201952381 1.7634645622310492e-12
35.594135232168604 -7.797817980632194e-13
36.63614544020716 -9.40673466746731e-13
37.708660259934554 2.0661063296413846e-12
38.81257270691538 1.6329774990038534e-12
39.9488019395417 -1.208773778087792e-12
41.118294024358306 1.0403686245810243e-12
42.322022723792756 -5.552745547649357e-13
43.56099030694608 -4.058730039831995e-13
44.83622838411908 1.0026808783944544e-12
46.148798765769385 -3.2360254141104994e-13
47.499794346614124 -9.923537415703709e-13
48.890340015614456 -6.901552026986976e-13
50.32159359259993 -8.28521220906742e-13
51.7947467923121 -1.1499831421277103e-12
53.31102621667033 -2.0128654466049194e-13
54.87169437608604 3.848650911359751e-13
56.47805074067555 5.133997186835019e-13
58.131432822247135 9.684013309657536e-13
59.83321728796288 -9.708882745431505e-13
61.58482110660264 -1.2268805916054696e-13
63.38770272838487 -8.898975137923575e-14
65.24336329932625 -6.790023431024204e-13
67.15334791115141 5.823766570402343e-13
69.11924688779365 6.226925095095271e-13
71.14269710955735 1.6781415624670018e-13
73.22538337604533 -6.43894987458651e-13
75.36903980898542 9.960330640417878e-13
77.57545129612417 1.1893550012216899e-12
79.84645497739086 -5.263399296264803e-13
82.18394177456803 -5.291478030420494e-13
84.58985796574301 -2.4283465511993885e-14
87.06620680585127 2.333431951673483e-13
89.61505019466045 2.7550604675097607e-13
92.23851039358476 -2.3253098052394684e-13
94.9387717927583 7.659602908161304e-13
97.71808272983904 -3.080846770807161e-13
100.57875736205835 2.3931210011257665e-13
103.52317759307378 7.340088684119095e-13
106.55379505623053 -5.326246155189134e-13
109.67313315588179 6.807478410746186e-13
112.88378916846884 -1.5641329726157367e-13
116.18843640511002 1.628877054740471e-13
119.58982643749793 1.6952503454521578e-13
123.09079138896018 7.921376640893863e-14
126.69424629259063 6.610204129265872e-14
130.40319151841317 1.4657242161857468e-13
134.2207152716012 -2.2124575475486677e-13
138.14999616383224 -1.9404595400606098e-13
142.19430585991677 3.2938022332803406e-13
146.357011801908 3.189096408050038e-14
150.64158001295928 1.5243196859429854e-13
155.05157798326255 2.7982448938579027e-13
159.5906776404731 -3.7012151611208716e-13
164.26265840709303 3.3913857928488494e-14
169.071410347358 -2.525995620225951e-13
174.0209374062485 -1.525031267217447e-14
179.115360743323 9.061281974223595e-14
184.3589221641488 2.307911763413469e-13
189.75598765218504 2.9387748017789296e-13
195.3110510040631 -1.2631887702344225e-13
201.02873757128856 3.452670954714381e-14
206.913808111479 -1.3908001045156262e-13
212.97116275234782 1.7506061422734834e-13
219.20584507173257 -1.0056817602862217e-13
225.62304629706352 2.8881432717644475e-13
232.22810962777245 -4.131034174079503e-16
239.02653468423918 7.524872036708343e-14
246.02398208697775 -1.1121260553448016e-13
253.22627816987946 -2.5955221296437756e-14
260.63941983143474 1.2699504959637703e-14
268.26957952797244 -6.354829388578821e-14
276.1231104130753 -3.766262554882911e-15
284.2065516274511 2.4017221362781624e-14
292.5266337436645 -6.146882444626128e-14
301.09028437025927 1.0049921539697653e-13
309.9046339199427 6.9844032295183845e-15
318.97702154663216 4.0135628556750674e-14
328.3150012563047 3.5980165626976894e-14
337.9263481967431 8.979187175490558e-14
347.819065131413 1.8111396723303935e-13
358.00138910285807 -9.351794907321455e-14
368.48179829116765 -1.1620774367304514e-15
379.26901907322497 5.81984398049526e-14
390.37203328860926 -3.929296214781778e-14
401.8000857182091 -1.000399232577304e-14
413.5626917817706 1.3321373098539245e-14
425.66964546078714 2.8247946379794372e-14
438.13102745333055 3.4067115109078595e-14
450.9572135676145 -2.076323628624157e-14
464.15888336127773 -4.1309249630168596e-14
477.7470290335773 -1.52189589663734e-14
491.73296457790156 3.1760669863532555e-14
506.1283352022219 -1.1590447405600565e-14
520.9451270253212 -1.5275738096638423e-14
536.1956770568817 5.921393514727587e-14
551.892683469738 -6.153408638779235e-14
568.0492161728429 8.221189935018024e-14
584.6787276937589 5.465344021308298e-15
601.7950643797334 -1.7458289753497815e-14
619.412477926676 2.9378756358302605e-14
637.5456372456507 -3.0146260087376646e-14
656.2096406767555 2.424262463741297e-14
675.4200285605586 -2.846245137639572e-14
695.1927961775606 5.925111801838356e-14
715.5444070664574 1.3231691950939643e-14
736.4918067322965 1.4699294595959177e-14
758.0524367559261 4.124474037379767e-14
780.2442493165045 3.564508931772305e-14
803.0857221391512 1.4025815188598573e-14
826.5958738801812 -3.094632354759661e-14
850.7942799627444 -2.0539215858305463e-14
875.7010888760508 5.234244725371358e-15
901.3370389517438 4.014300522383023e-14
927.7234756314059 -9.359788072331888e-15
954.8823692395666 2.875603521716304e-14
982.8363332770031 2.61193324305995e-14
1011.6086432495807 -3.703361291847098e-14
1041.2232560483055 -3.3801167992298765e-15
1071.7048298967104 -1.347709328702846e-14
1103.078744882215 1.6561544016796698e-14
1135.3711240885177 1.232536697640436e-14
1168.608855346651 -3.642221671421969e-15
1202.8196136227775 -1.6610302538253264e-14
1238.0318840613968 9.420246969690753e-15
1274.2749857031336 2.2415476236636462e-14
1311.5790958968503 -4.640896812063816e-15
1349.9752754264298 1.9646165982664172e-14
1389.4954943731375 5.415336611309421e-15
1430.172658735088 -1.5004399429218508e-14
1472.0406378260013 -2.024584531516847e-17
1515.134292476053 1.1438854302264491e-14
1559.4895040582815 1.6593052428102988e-14
1605.1432043647615 7.672305536919694e-15
1652.1334063573702 1.4618138879167922e-15
1700.4992358187922 1.5287952611307447e-14
1750.2809639301013 -6.1616898285592546e-15
1801.520040802024 2.531499442189766e-15
1854.2591299878522 -8.564072864402625e-15
1908.542144006686 6.317912938113595e-15
1964.4142809066266 3.345956932762453e-14
2021.9220618983536 -1.0439124923890396e-14
2081.1133700903947 -1.8533086073037675e-14
2142.037490358383 -9.486941237957045e-15
2204.7451503814746 7.08314073525186e-15
2269.288562880081 -2.0378540099389077e-15
2335.7214690901214 -9.951667151205904e-16
2404.0991835099717 -2.1597347663351045e-15
2474.47863995735 -3.16032817260786e-15
2546.91843897454 3.5152648171343107e-15
2621.478896621356 6.042441178041845e-15
2698.222094696536 -1.6361334979307638e-14
2777.211932429355 2.5506657013855652e-15
2858.5141796844714 -1.636666862704122e-15
2942.196531724374 4.226524261539287e-15
3028.3286655749457 -8.644330970589986e-15
3116.9822980411436 5.1573343347259684e-15
3208.2312454210773 6.910592613207963e-15
3302.1514849681753 9.481420928892407e-15
3398.8212181526674 -7.422111456461845e-15
3498.320935775036 4.061865394609244e-15
3600.73348498562 -3.585072145877578e-15
3706.144138266228 3.37401920379685e-13
3814.640664431178 -2.181201398181235e-13
3926.3134017068355 -2.879634390987085e-13
4041.2553329506004 -5.155416756063417e-13
4159.562163071847 -1.5479328731030528e-13
4281.332398719392 -1.1812333880931603e-13
4406.667430301786 -1.6134068122472483e-13
4535.671616408702 -1.380956174665695e-13
4668.45237070379 -4.0327326262926184e-14
4805.1202513612425 -4.406453862091169e-13
4945.789053120639 -1.2808265409586938e-13
5090.575902036681 -4.463481326496608e-14
5239.601353002645 -3.0863076599230293e-13
5392.98949012887 -1.1537722124114289e-13
5550.868030059805 -5.2394137493061706e-15
5713.36842831558 1.297753014003941e-13
5880.625988746757 -2.216949792599803e-14
6052.779976193349 -4.486366689191217e-14
6229.973732441841 -1.2731260590379548e-13
6412.354795576917 3.1259865147216286e-13
6600.075022827095 -1.8392818672935875e-13
6793.290717006696 3.4166194552518334e-14
6992.162756659375 9.520713780222785e-14
7196.856730011514 -2.3283690255656564e-13
7407.543072847163 9.971404642107262e-14
7624.397210419138 1.6052120053684155e-13
7847.5997035146065 4.473152488659569e-14
8077.3363987967105 3.0094318678473414e-13
8313.798583547334 1.58501121962506e-13
8557.183144940002 5.58264679011695e-13
8807.692733975462 2.8844046905388477e-13
9065.53593421636 1.8611536664617105e-13
9330.927435461663 7.728591902631564e-13
9604.08821250538 -4.692527994951427e-15
9885.24570912827 3.0489860174121145e-13
10174.634027476064 3.0363351191221547e-13
10472.494122981476 -7.780534293701985e-13
10779.074004992735 1.0963816755942046e-12
11094.628943275218 3.0658729965327023e-13
11419.421680558647 -5.71028905910478e-13
11753.722651306367 7.136845825655989e-13
12097.810206889013 -3.284954022994619e-14
12451.97084735032 2.9609897339030636e-13
12816.499459957597 3.8961184700828356e-13
13191.699564735716 -2.629132147291378e-13
13577.883567189278 -5.321887617740362e-13
13975.373018422924 1.1928258669457847e-12
14384.498882876629 5.925373364301018e-14
14805.6018138991 1.0595861722624561e-13
15239.032437388305 -7.369172226724735e-13
15685.151643735446 1.2835108860292617e-13
16144.330888316019 4.564285310631245e-14
16616.952500776908 -9.921906697767398e-14
17103.41000337838 3.6648497692757767e-13
17604.108438655527 3.118653657442457e-13
18119.46470667122 -1.465628466315388e-13
18649.907912142942 5.694001726870897e-14
19195.87972173111 4.38710718166235e-13
19757.834731786996 -7.828379555297097e-13
20336.2408468667 -6.370618454770497e-13
20931.579669325736 -1.3415341745843734e-13
21544.346900318822 3.2623717722454374e-13
22175.052752539294 2.4151045975957493e-13
22824.222375040976 2.138138422689182e-13
23492.396290496577 -5.5470111564199354e-14
24180.13084525718 5.342914680702125e-13
24887.998672586673 -3.120927661379639e-14
25616.589169457267 -1.4713189059262984e-14
26366.508987303554 1.9369933282157007e-14
27138.3825371428 -1.0437505331874457e-13
27932.85250948253 2.0726705867787007e-14
28750.580409448772 4.2354960556778495e-14
29592.247107579577 6.402411248793718e-14
30458.55340674284 4.1106686223036415e-14
31350.220625651124 5.336858349982476e-14
32267.991199458116 -6.645484554090661e-14
33212.62929793748 4.8982465311155816e-14
34184.92146175927 -1.1776783067197778e-14
35185.677257392665 -1.5059464421960533e-13
36215.72995118075 -2.6920263986303605e-14
37275.93720314938 -6.263182129222088e-14
38367.18178112649 -2.299339025440581e-13
39490.37229576694 1.501853530337515e-13
40646.44395709628 3.116823294366437e-13
41836.359353200234 2.279208852789692e-13
43061.10925171165 1.2512769771029652e-13
44321.713424760856 5.718731992904273e-14
45619.221498074585 1.3458133340904977e-13
46954.71382493421 3.4400548452276846e-14
48329.30238571752 2.424849849649618e-13
49744.13171377451 5.4289175125655544e-14
51200.37984840882 1.8865029606138389e-13
52699.259315756564 -4.3222894294769566e-14
54242.01813838024 -6.357261518590467e-14
55829.94087441914 1.5420390173609938e-14
57464.34968715974 -1.0500043721608206e-13
59146.605445917456 8.1860843543606e-14
60878.108859147556 -8.227524553033534e-14
62660.30164072656 1.1786601336263992e-13
64494.667710376205 -1.4256640565940277e-13
66382.73442923075 9.02326983248539e-14
68326.07387157406 1.4968246052084902e-13
70326.30413380644 -9.281946224373233e-14
72385.09068173247 -7.089436417413525e-14
74504.14773728917 -8.059854943148523e-14
76685.2397058701 -1.4547723921338478e-13
78930.18264543568 5.712589532202561e-14
81240.84577862974 3.5268071038495924e-14
83619.15304916317 -5.5584936582309835e-14
86067.08472376158 1.0219905263190985e-15
88586.67904100832 -1.4030009388855243e-15
91180.03390845681 -2.0790447546866154e-14
93849.3086494272 9.057280550396913e-14
96596.72580093842 7.353152994912142e-14
99424.57296427398 1.9161226179320536e-14
102335.20470972576 8.191207194156129e-14
105331.04453709359 -8.098408395035788e-14
108414.5868935835 8.117027261191687e-14
111588.3992507748 5.1874484901107284e-14
114855.12424239368 -8.743274369542021e-16
118217.48186466724 -2.4277690417261e-14
121678.27174109229 1.768295933003834e-14
125240.3754535072 -6.730062954544966e-14
128906.75894140244 -7.710982367509174e-14
132680.47497147243 2.4485836683738907e-14
136564.66567946097 -2.882036851877696e-14
140562.56518642136 1.2582546612742274e-14
144677.5022915648 -3.427302126765388e-15
148912.90324394088 6.37356788954748e-14
153272.2945952612 -4.9387181132122206e-15
157759.30613623615 -1.9801348482272937e-14
162377.67391887208 -2.3563132172937165e-14
167131.2433672486 5.376903011086438e-14
172023.97247935992 -2.1197130817633688e-14
177059.9351226898 -1.6138720585131106e-14
182243.32442626648 -1.7822682341218546e-15
187578.45627201613 2.1515824776339408e-14
193069.77288832495 2.397146678364995e-14
198721.84654880533 -3.0784028453463025e-14
204539.38337933904 -4.211055030690322e-14
210527.22727657072 -2.4818950029392698e-15
216690.3639411181 1.84821822937249e-14
223033.9250288494 -6.394163123407586e-15
229563.19242369095 -5.894100855458932e-16
236283.6026355175 -1.2471256246324997e-15
243200.7513267945 -6.140671364912025e-15
250320.39797173254 8.212893366053862e-15
257648.47065183744 1.140311584548772e-14
265191.0709918535 -3.861992775175469e-16
272954.4792402007 5.8798624097638904e-15
280945.1594981406 -2.1105269451763693e-14
289169.76510202966 2.4300451608470636e-14
297635.14416313195 -1.938824606643227e-15
306348.3452696084 2.5000469531174286e-14
315316.62335543614 1.0645161086937286e-14
324547.44574113254 2.8220544790685804e-14
334048.4983513244 3.976036546541114e-15
343827.6921143307 1.826792333548804e-14
353893.1695490984 4.13446511287722e-14
364253.3115449638 -7.942448795327476e-15
374916.74433988857 3.900562037054767e-15
385892.3467029899 -2.7728784948430228e-14
397189.25732733024 -9.63677658992764e-15
408816.88243912894 1.529834930417779e-15
420784.9036297398 2.339840054766777e-14
433103.2859169001 -1.4479222589416027e-14
445782.28604197066 -9.456288755953581e-15
458832.461010084 1.5035348930196516e-14
472264.67688029545 -1.5195482971129187e-14
486090.117813063 6.7565086247500306e-15
500320.2953825999 3.344323270663029e-15
514967.0581618343 2.864548631737249e-14
530042.6015879672 9.98950743885543e-15
545559.4781168514 3.9568414372464934e-14
561530.6076746266 -1.6002785494892727e-14
577969.2884153313 1.3739089561113221e-14
594889.2077934331 -4.458672424917014e-15
612304.4539605178 1.4751114271702131e-15
630229.5274956024 -5.577404885169834e-15
648679.3534788508 -5.4055613507295614e-15
667669.2939187557 4.009817402844407e-15
687215.1605431122 2.8588743850285744e-15
707333.2279644439 -8.032885172231376e-15
728040.2472308562 -7.787533262161047e-15
749353.4597735757 1.3528222500489756e-14
771290.6117627992 5.321703778694465e-15
793869.9688838223 1.0629150971596162e-14
817110.3315457187 -2.742757751710483e-16
841031.0505352605 1.7192780987428724e-15
865652.0431290936 -1.4099443000990078e-14
890993.8096776098 -1.2378686885307814e-16
917077.4506742931 1.2518186946778857e-14
943924.6843247664 -2.507588808379459e-15
971557.8646301847 1.2972953166777654e-15
1000000.0 9.78445900799329e-15
10.0 -0.831874002011449
10.292747724096083 -0.8528114407196352
10.59406557118851 -0.8741165953643744
10.904204429677526 -0.8957860063325136
11.223422532664179 -0.9178157135775565
11.551985672964793 -0.9402012858766017
11.890167424419898 -0.9629378588607956
12.238249369681931 -0.9860201824135473
12.596521334671401 -1.0094426779574186
12.965281629896682 -1.0331995060561827
13.344837298838383 -1.0572846446448112
13.735504373605137 -1.0816919780614227
14.137608138073606 -1.1064153968982877
14.551483398731937 -1.1314489085101003
14.977474763452017 -1.1567867578226667
15.415936928422726 -1.1824235578745492
15.867234973483178 -1.2083544293037645
16.331744666101677 -1.234575147766105
16.80985277425364 -1.2610822980460474
17.301957388458945 -1.2878734334021973
17.808468253246822 -1.3149472384865373
18.329807108324356 -1.3423036939925583
18.866408039732583 -1.369944241034187
19.418717841282557 -1.397871943140197
19.987196386572506 -1.4260916436724078
20.57231701189556 -1.4546101164482206
21.174566910357118 -1.4834362073740157
21.794447537529855 -1.5125809649715878
22.432475028984193 -1.5420577578151675
23.089180630041927 -1.5718823770820387
23.765111138110754 -1.6020731226567761
24.46082935796799 -1.6326508715095491
25.17691457037277 -1.6636391273875146
25.913963014396586 -1.6950640512041149
26.672588383874054 -1.7269544718749197
27.453422338387142 -1.7593418777217953
28.257115029208283 -1.7922603889317257
29.08433564064048 -1.8257467119115012
29.935772947204903 -1.8598400767039454
30.812135887140037 -1.8945821589240903
31.714154152689986 -1.9300169879219191
32.642578797673224 -1.9661908430789852
33.59818286283781 -2.0031521402923502
34.58176201952381 -2.040951310792096
35.594135232168604 -2.0796406744755265
36.63614544020716 -2.119274309925119
37.708660259934554 -2.159907923211028
38.81257270691538 -2.2015987174700737
39.9488019395417 -2.24440526510241
41.118294024358306 -2.288387384249017
42.322022723792756 -2.3336060210063483
43.56099030694608 -2.3801231386147377
44.83622838411908 -2.428001614624527
46.148798765769385 -2.4773051468106195
47.499794346614124 -2.5280981683738455
48.890340015614456 -2.580445772745221
50.32159359259993 -2.6344136480991827
51.7947467923121 -2.690068021485392
53.31102621667033 -2.747475612316121
54.87169437608604 -2.806703594786783
56.47805074067555 -2.867819568674888
58.131432822247135 -2.9308915378464806
59.83321728796288 -2.9959878957070347
61.58482110660264 -3.0631774167562127
63.38770272838487 -3.1325292533517883
65.24336329932625 -3.2041129367444454
67.15334791115141 -3.2779983814192
69.11924688779365 -3.3542558917638794
71.14269710955735 -3.4329561700798443
73.22538337604533 -3.5141703249542164
75.36903980898542 -3.597969879021681
77.57545129612417 -3.6844267751586943
79.84645497739086 -3.7736133801712595
82.18394177456803 -3.8656024850567956
84.58985796574301 -3.960467300942006
87.06620680585127 -4.058281449819777
89.61505019466045 -4.159118949229316
92.23851039358476 -4.263054190044292
94.9387717927583 -4.37016190655226
97.71808272983904 -4.480517138029451
100.57875736205835 -4.59419518103018
103.52317759307378 -4.711271531630394
106.55379505623053 -4.831821816881948
109.67313315588179 -4.955921714752656
112.88378916846884 -5.083646861849704
116.18843640511002 -5.215072748246026
119.58982643749793 -5.350274598758133
123.09079138896018 -5.489327240054937
126.69424629259063 -5.632304953018085
130.40319151841317 -5.779281309818984
134.2207152716012 -5.93032899523518
138.14999616383224 -6.08551961179358
142.19430585991677 -6.244923468408831
146.357011801908 -6.408609352274826
150.64158001295928 -6.576644283877048
155.05157798326255 -6.749093255114592
159.5906776404731 -6.926018950665535
164.26265840709303 -7.107481452884505
169.071410347358 -7.293537930704841
174.0209374062485 -7.484242313213062
179.115360743323 -7.679644948782838
184.3589221641488 -7.879792250892376
189.75598765218504 -8.084726332000992
195.3110510040631 -8.29448462713347
201.02873757128856 -8.509099509097945
206.913808111479 -8.72859789755413
212.97116275234782 -8.953000864442531
219.20584507173257 -9.182323238570334
225.62304629706352 -9.416573212432263
232.22810962777245 -9.655751954599936
239.02653468423918 -9.899853231246231
246.02398208697775 -10.148863040557421
253.22627816987946 -10.402759263926004
260.63941983143474 -10.661511337887879
268.26957952797244 -10.925079950764822
276.1231104130753 -11.193416767874972
284.2065516274511 -11.466464188980291
292.5266337436645 -11.744155141325283
301.09028437025927 -12.026412911188125
309.9046339199427 -12.313151016303172
318.97702154663216 -12.604273120816458
328.3150012563047 -12.899672993612473
337.9263481967431 -13.19923450989818
347.819065131413 -13.502831694873024
358.00138910285807 -13.810328807155592
368.48179829116765 -14.121580458424122
379.26901907322497 -14.436431764469143
390.37203328860926 -14.75471852161197
401.8000857182091 -15.076267401243658
413.5626917817706 -15.400896154147977
425.66964546078714 -15.728413815322408
438.13102745333055 -16.058620899292936
450.9572135676145 -16.391309575445113
464.15888336127773 -16.726263812750965
477.7470290335773 -17.063259483487613
491.73296457790156 -17.402064416159522
506.1283352022219 -17.742438388875854
520.9451270253212 -18.084133055915483
536.1956770568817 -18.426891802118654
551.892683469738 -18.770449522064666
568.0492161728429 -19.114532323681043
584.6787276937589 -19.458857158920264
601.7950643797334 -19.803131387377654
619.412477926676 -20.14705228207548
637.5456372456507 -20.49030649005599
656.2096406767555 -20.832569463737773
675.4200285605586 -21.173504882125286
695.1927961775606 -21.51276408376492
715.5444070664574 -21.849985535721434
736.4918067322965 -22.184794364696916
758.0524367559261 -22.516801977612158
780.2442493165045 -22.84560579949361
803.0857221391512 -23.170789156244588
826.5958738801812 -23.491921328841986
850.7942799627444 -23.808557803660943
875.7010888760508 -24.120240741008235
901.3370389517438 -24.42649968059045
927.7234756314059 -24.726852498621373
954.8823692395666 -25.020806626669735
982.8363332770031 -25.307860537263302
1011.6086432495807 -25.587505495842183
1041.2232560483055 -25.859227572992243
1071.7048298967104 -26.12250990515752
1103.078744882215 -26.376835186353333
1135.3711240885177 -26.62168836791608
1168.608855346651 -26.856559538182204
1202.8196136227775 -27.080946949283433
1238.0318840613968 -27.294360154112027
1274.2749857031336 -27.496323213031847
1311.5790958968503 -27.6863779271594
1349.9752754264298 -27.86408705308015
1389.4954943731375 -28.029037452732187
1430.172658735088 -28.180843131902183
1472.0406378260013 -28.319148121325945
1515.134292476053 -28.443629155770047
1559.4895040582815 -28.553998108634488
1605.1432043647615 -28.650004142533366
1652.1334063573702 -28.731435539899277
1700.4992358187922 -28.798121181882852
1750.2809639301013 -28.849931648557497
1801.520040802024 -28.886779918668935
1854.2591299878522 -28.908621652750167
1908.542144006686 -28.915455049314858
1964.4142809066266 -28.907320269915175
2021.9220618983536 -28.884298435063698
2081.1133700903947 -28.846510199228454
2142.037490358383 -28.794113919291114
2204.7451503814746 -28.72730343685562
2269.288562880081 -28.64630550059024
2335.7214690901214 -28.551376860240804
2404.0991835099717 -28.442801069024558
2474.47863995735 -28.320885035700652
2546.91843897454 -28.1859553716705
2621.478896621356 -28.038354581886978
2698.222094696536 -27.878437151137557
2777.211932429355 -27.70656557931143
2858.5141796844714 -27.52310642058127
2942.196531724374 -27.328426381956774
3028.3286655749457 -27.122888536418248
3116.9822980411436 -26.906848704797934
3208.2312454210773 -26.680652058763407
3302.1514849681753 -26.444629994697735
3398.8212181526674 -26.19909732500344
3498.320935775036 -25.94434982941924
3600.73348498562 -25.680662204409114
3706.144138266228 -25.4082864435967
3814.640664431178 -25.127450676673504
3926.3134017068355 -24.838358488256397
4041.2553329506004 -24.541188731900384
4159.562163071847 -24.236095847952917
4281.332398719392 -23.923210687246005
4406.667430301786 -23.602641835829
4535.671616408702 -23.274477429134723
4668.45237070379 -22.93878743718268
4805.1202513612425 -22.59562639575276
4945.789053120639 -22.24503655194356
5090.575902036681 -21.887051386233956
5239.601353002645 -21.521699467138948
5392.98949012887 -21.149008588851657
5550.868030059805 -20.769010136939226
5713.36842831558 -20.381743622263656
5880.625988746757 -19.987261318892855
6052.779976193349 -19.585632937909715
6229.973732441841 -19.176950265787625
6412.354795576917 -18.761331693461646
6600.075022827095 -18.338926560480658
6793.290717006696 -17.909919237766434
6992.162756659375 -17.474532872660085
7196.856730011514 -17.0330327212152
7407.543072847163 -16.58572899522834
7624.397210419138 -16.132979155406314
7847.5997035146065 -15.675189587465146
8077.3363987967105 -15.212816604927532
8313.798583547334 -14.746366730991323
8557.183144940002 -14.276396222086596
8807.692733975462 -13.803509807577772
9065.53593421636 -13.32835863337195
9330.927435461663 -12.851637411772643
9604.08821250538 -12.374080795481941
9885.24570912827 -11.89645900984254
10174.634027476064 -11.419572793784512
10472.494122981476 -10.944247716003735
10779.074004992735 -10.471327948108621
11094.628943275218 -10.001669590278206
11419.421680558647 -9.536133656832433
11753.722651306367 -9.075578838537385
12097.810206889013 -8.62085416502406
12451.97084735032 -8.172791694083523
12816.499459957597 -7.732199354604369
13191.699564735716 -7.29985406650552
13577.883567189278 -6.876495254259323
13975.373018422924 -6.462818860742459
14384.498882876629 -6.059471955553883
14805.6018138991 -5.667048017062455
15239.032437388305 -5.286082950862738
15685.151643735446 -4.917051889611369
16144.330888316019 -4.560366801031688
16616.952500776908 -4.216374912816599
17103.41000337838 -3.885357945802227
17604.108438655527 -3.5675321306415255
18119.46470667122 -3.2630489687019533
18649.907912142942 -2.9719966853679103
19195.87972173111 -2.6944023135890127
19757.834731786996 -2.4302343374899538
20336.2408468667 -2.179405820192673
20931.579669325736 -1.9417779366300458
21544.346900318822 -1.7171638309309556
22175.052752539294 -1.5053327187340795
22824.222375040976 -1.3060141573154866
23492.396290496577 -1.1189024104235525
24180.13084525718 -0.9436608399321328
24887.998672586673 -0.7799262625662982
25616.589169457267 -0.6273132167490346
26366.508987303554 -0.4854180918120118
27138.3825371428 -0.35382307917121475
27932.85250948253 -0.23209991238515368
28750.580409448772 -0.11981337011588597
29592.247107579577 -0.01652452275694225
30458.55340674284 0.07820629023478194
31350.220625651124 0.1648167595456234
32267.991199458116 0.24374018387837526
33212.62929793748 0.3154033241449078
34184.92146175927 0.3802245277996704
35185.677257392665 0.4386121139396398
36215.72995118075 0.49096300721138675
37275.93720314938 0.5376616065557205
38367.18178112649 0.5790788733377712
39490.37229576694 0.615571622408961
40646.44395709628 0.6474819990684729
41836.359353200234 0.6751371246845231
43061.10925171165 0.6988488938428036
44321.713424760856 0.718913906259049
45619.221498074585 0.7356135172756674
46954.71382493421 0.7492139915131238
48329.30238571752 0.7599667451207349
49744.13171377451 0.7681086630373114
51200.37984840882 0.7738624786912157
52699.259315756564 0.777437204618497
54242.01813838024 0.7790286035305977
55829.94087441914 0.7788196904025505
57464.34968715974 0.7769812571617336
59146.605445917456 0.7736724125237191
60878.108859147556 0.7690411304386099
62660.30164072656 0.7632248014693138
64494.667710376205 0.7563507822214857
66382.73442923075 0.7485369386777645
68326.07387157406 0.7398921799594106
70326.30413380644 0.7305169796448516
72385.09068173247 0.7205038823190124
74504.14773728917 0.7099379935139427
76685.2397058701 0.6988974516306456
78930.18264543568 0.6874538808098243
81240.84577862974 0.675672824047931
83619.15304916317 0.6636141561392699
86067.08472376158 0.6513324762675781
88586.67904100832 0.6388774802769325
91180.03390845681 0.6262943128243222
93849.3086494272 0.6136238997585763
96596.72580093842 0.6009032611873769
99424.57296427398 0.5881658057859857
102335.20470972576 0.5754416069743762
105331.04453709359 0.5627576616432499
108414.5868935835 0.5501381321491191
111588.3992507748 0.5376045723238242
114855.12424239368 0.5251761382587109
118217.48186466724 0.5128697846287298
121678.27174109229 0.5007004473185912
125240.3754535072 0.4886812131039351
128906.75894140244 0.476823477125652
132680.47497147243 0.4651370888763076
136564.66567946097 0.4536304873956124
140562.56518642136 0.4423108263467394
144677.5022915648 0.43118408961868554
148912.90324394088 0.42025519807189554
153272.2945952612 0.4095281080156759
157759.30613623615 0.3990059019767186
162377.67391887208 0.3886908722889681
167131.2433672486 0.3785845980062942
172023.97247935992 0.3686880156110758
177059.9351226898 0.3590014839639587
182243.32442626648 0.3495248439135197
187578.45627201613 0.34025747295841197
193069.77288832495 0.33119833532966375
198721.84654880533 0.32234602783726335
204539.38337933904 0.31369882180204106
210527.22727657072 0.3052547013725396
216690.3639411181 0.29701139850593966
223033.9250288494 0.2889664248727951
229563.19242369095 0.2811171009269579
236283.6026355175 0.2734605823650363
243200.7513267945 0.2659938841833035
250320.39797173254 0.2587139025250861
257648.47065183744 0.2516174344971437
265191.0709918535 0.24470119612060953
272954.4792402007 0.23796183856922637
280945.1594981406 0.23139596283648362
289169.76510202966 0.22500013296211643
297635.14416313195 0.21877088793858587
306348.3452696084 0.21270475240873996
315316.62335543614 0.20679824625723767
324547.44574113254 0.20104789319022703
334048.4983513244 0.1954502283903578
343827.6921143307 0.1900018053272396
353893.1695490984 0.18469920179709226
364253.3115449638 0.179539025259444
374916.74433988857 0.17451791753316248
385892.3467029899 0.16963255890916346
397189.25732733024 0.1648796717323458
408816.88243912894 0.16025602350113333
420784.9036297398 0.15575842952885113
433103.2859169001 0.1513837552076475
445782.28604197066 0.14712891791221286
458832.461010084 0.1429908885774339
472264.67688029545 0.13896669298126307
486090.117813063 0.13505341276146324
500320.2953825999 0.13124818619239934
514967.0581618343 0.12754820874587125
530042.6015879672 0.1239507334579009
545559.4781168514 0.1204530711214743
561530.6076746266 0.11705259032354443
577969.2884153313 0.11374671734299131
594889.2077934331 0.11053293592474073
612304.4539605178 0.10740878694395084
630229.5274956024 0.10437186797287767
648679.3534788508 0.10141983276198989
667669.2939187557 0.09855039064575188
687215.1605431122 0.09576130588264337
707333.2279644439 0.09305039693803797
728040.2472308562 0.09041553571783563
749353.4597735757 0.08785464675992535
771290.6117627992 0.0853657063899729
793869.9688838223 0.08294674184734639
817110.3315457187 0.0805958303864738
841031.0505352605 0.07831109835840026
865652.0431290936 0.07609072027682735
890993.8096776098 0.07393291787253674
917077.4506742931 0.07183595913963156
943924.6843247664 0.0697981573767647
971557.8646301847 0.06781787022610711
1000000.0 0.06589349871258857
