10.0 -10.933635315535287
10.53310445370937 -10.934428885051295
11.094628943275218 -10.935309242766248
11.686088553466515 -10.936285870749135
12.309079138896024 -10.937369284827238
12.965281629896682 -10.938571146817564
13.65646656794611 -10.939904388732506
14.38449888287663 -10.941383350476128
15.15134292476053 -10.943023932086193
15.95906776404731 -10.944843762360534
16.80985277425364 -10.946862385380484
17.70599351226899 -10.949101466846862
18.64990791214297 -10.951585022311862
19.644142809066278 -10.954339669326355
20.6913808111479 -10.957394906113148
21.794447537529855 -10.96078341943503
22.956319242369098 -10.9645414242482
24.180130845257207 -10.968709038589848
25.4691843897454 -10.973330696828278
26.826957952797258 -10.978455604980347
28.257115029208283 -10.98413824201452
29.76351441631318 -10.990438911226603
31.350220625651154 -10.997424346166614
33.02151484968176 -11.005168375725184
34.7819065131413 -11.013752653381614
36.63614544020716 -11.02326745560297
38.58923467029903 -11.033812554657107
40.646443957096295 -11.045498171132417
42.81332398719393 -11.058446011576953
45.095721356761466 -11.072790396125132
47.499794346614124 -11.088679481317783
50.03202953826004 -11.106276582258374
52.699259315756564 -11.125761597659649
55.50868030059805 -11.147332540593544
58.467872769375894 -11.171207175946211
61.58482110660264 -11.19762476412591
64.86793534788511 -11.226847907618929
68.32607387157402 -11.259164494975185
71.96856730011521 -11.294889732248434
75.8052436755926 -11.334368247938578
79.84645497739086 -11.377976252337978
84.10310505352605 -11.426123725502348
88.58667904100822 -11.479256601440962
93.30927435461668 -11.537858907406754
98.28363332770026 -11.602454808633846
103.52317759307378 -11.673610498414108
109.04204429677526 -11.751935863313923
114.8551242423938 -11.838085842518094
120.97810206889012 -11.932761389720305
127.42749857031335 -12.036709936622191
134.2207152716012 -12.150725249508412
141.37608138073614 -12.275646565363962
148.91290324394086 -12.41235689376376
156.85151643735477 -12.561780375167919
165.213340635737 -12.724878598778206
174.0209374062485 -12.90264580290875
183.29807108324357 -13.096102910756475
193.06977288832496 -13.30629039493398
203.36240846866724 -13.5342600141524
214.2037490358383 -13.781065526287604
225.62304629706352 -14.047752550055492
237.65111138110728 -14.335347820906147
250.32039797173255 -14.644848161132064
263.6650898730358 -14.97720955449995
277.7211932429355 -15.333336776381895
292.5266337436645 -15.714074076104625
308.1213588714002 -16.120197433872285
324.54744574113323 -16.55240891644581
341.84921461759274 -17.011333633776992
360.073348498562 -17.497519752723154
379.26901907322497 -18.01144196067444
399.48801939541704 -18.553508696902153
420.78490362974026 -19.12407339510763
443.21713424760856 -19.72344991800466
466.84523707037897 -20.351932328480547
491.73296457790156 -21.009819146467414
517.9474679231213 -21.69744230131822
545.5594781168514 -22.415201123759925
574.6434968715973 -23.163601948171866
605.2779976193349 -23.943304241954493
637.5456372456507 -24.755174680412733
671.5334791115142 -25.60035129938955
707.3332279644438 -26.48032087285475
745.0414773728917 -27.39701412112109
784.7599703514607 -28.352925489396164
826.5958738801812 -29.35126743213941
870.6620680585127 -30.39617404649455
917.0774506742931 -31.492976644776547
965.9672580093833 -32.64858644627407
1017.4634027476063 -33.87204067871628
1071.7048298967104 -35.17530498564626
1128.8378916846884 -36.57449086069483
1189.01674244199 -38.09176981540847
1252.4037545350732 -39.75850464938416
1319.1699564735716 -41.620594868592484
1389.4954943731375 -43.747974721802564
1463.5701180190797 -46.25170113814639
1541.5936928422718 -49.31014984383323
1623.776739188721 -53.143163292928165
1710.3410003378397 -57.115079808479614
1801.520040802024 -56.84636663786981
1897.5598765218504 -53.5047292582115
1998.7196386572507 -50.69778255737063
2105.272272765707 -48.62041406181519
2217.505275253932 -47.04557596749575
2335.7214690901214 -45.812511304331764
2460.239820869775 -44.82131717231021
2591.3963014396572 -44.00822139472397
2729.5447924020073 -43.33067431179568
2875.0580409448803 -42.75908531417603
3028.3286655749457 -42.27213183306815
3189.7702154663216 -41.85398308954733
3359.818286283781 -41.49258668834955
3538.9316954909877 -41.17857000487441
3727.593720314938 -40.904511541524556
3926.3134017068355 -40.664443061451024
4135.626917817706 -40.45350035430988
4356.099030694608 -40.26767247782011
4588.324610100844 -40.103617899701256
4832.930238571752 -39.9585271020798
5090.575902036681 -39.83001808788172
5361.956770568817 -39.71605558188904
5647.805074067552 -39.61488754036412
5948.892077934331 -39.52499445302425
6266.030164072656 -39.445048180727504
6600.075022827095 -39.37387793242013
6951.927961775606 -39.31044159078718
7322.538337604534 -39.25380101447357
7712.906117627992 -39.203100252569996
8124.0845778629655 -39.157545826392344
8557.183144940002 -39.11638840123973
9013.37038951743 -39.07890530231934
9493.87717927582 -39.04438344461965
10000.0 -39.01210235314772
10533.104453709382 -38.98131707079539
11094.628943275218 -38.95124088805694
11686.088553466498 -38.92102800875811
12309.079138896019 -38.889756483994574
12965.281629896688 -38.85641203224886
13656.466567946096 -38.81987370609497
14384.498882876629 -38.778902763391606
15151.342924760515 -38.73213653288219
15959.06776404731 -38.67808947182119
16809.852774253653 -38.61516391023281
17705.99351226898 -38.54167305018456
18649.907912142942 -38.45587847844163
19644.142809066267 -38.35604359672265
20691.3808111479 -38.24050290478315
21794.447537529835 -38.10774494024117
22956.319242369096 -37.956504143847326
24180.13084525718 -37.78585432369215
25469.184389745402 -37.59529439793483
26826.957952797275 -37.38481628679554
28257.115029208268 -37.15494574553835
29763.51441631313 -36.90674962291094
31350.220625651124 -36.64180715183571
33021.51484968176 -36.36214757373986
34781.90651314134 -36.07016063374321
36636.14544020716 -35.76848941279074
38589.23467029899 -35.45991610216241
40646.44395709628 -35.147250683656466
42813.32398719396 -34.833230551011475
45095.721356761445 -34.520436468275534
47499.79434661403 -34.211227577934686
50032.029538259994 -33.90769584903901
52699.259315756564 -33.611638655280814
55508.680300598106 -33.32454711282206
58467.87276937589 -33.04760730387648
61584.82110660255 -32.781711436179314
64867.935347885075 -32.527476184057726
68326.07387157406 -32.285265787853774
71968.56730011514 -32.05521789561314
75805.24367559262 -31.837270525691608
79846.45497739078 -31.631188899674857
84103.10505352604 -31.43659121493128
88586.67904100832 -31.25297270181099
93309.27435461663 -31.079727531192432
98283.63332770011 -30.916168322595915
103523.17759307378 -30.76154314413877
109042.04429677526 -30.61505000996735
114855.12424239368 -30.475848960495867
120978.10206889013 -30.34307187233701
127427.49857031321 -30.21583019231592
134220.7152716012 -30.093220806193823
141376.08138073614 -29.97433028300943
148912.90324394088 -29.85823772523451
156851.5164373548 -29.744016477010085
165213.34063573685 -29.630734917632964
174020.9374062485 -29.517456580477322
183298.07108324338 -29.403239817993896
193069.77288832495 -29.287137240011198
203362.40846866704 -29.16819512805358
214203.74903583832 -29.045453043970568
225623.04629706353 -28.917943829045612
237651.11138110727 -28.784694185240454
250320.39797173254 -28.644726032573267
263665.08987303555 -28.497058810074694
277721.1932429355 -28.340712882525207
292526.6337436642 -28.17471417950702
308121.35887140024 -27.998100195358774
324547.44574113254 -27.809927379785684
341849.21461759275 -27.609279981034472
360073.348498562 -27.3952802729194
379269.0190732246 -27.167100077825403
399488.019395417 -26.92397341115442
420784.9036297398 -26.66520999844295
443217.13424760854 -26.390209344785887
466845.2370703785 -26.098474975474737
491732.9645779016 -25.78962840809023
517947.46792312124 -25.463422387336777
545559.4781168514 -25.11975288716055
574643.4968715974 -24.758669426681585
605277.9976193343 -24.380383251286165
637545.6372456506 -23.985273032713046
671533.4791115135 -23.573887790885415
707333.2279644439 -23.146946884158154
745041.4773728917 -22.70533698257891
784759.9703514606 -22.25010606773069
826595.8738801812 -21.782454620938122
870662.0680585118 -21.303724182378033
917077.4506742931 -20.81538358131034
965967.2580093823 -20.31901317322675
1017463.4027476063 -19.816287384611872
1071704.8298967092 -19.308955920656132
1128837.8916846884 -18.798823960337966
1189016.74244199 -18.28773165260936
1252403.7545350718 -17.777533157412986
1319169.9564735717 -17.270075554318144
1389495.494373136 -16.76717786117472
1463570.1180190798 -16.27061043153823
1541593.6928422702 -15.782075010807077
1623776.739188721 -15.30318579352089
1710341.0003378377 -14.835451740227597
1801520.0408020238 -14.380260573906355
1897559.8765218505 -13.938864736200976
1998719.6386572486 -13.512369672112378
2105272.272765707 -13.10172470351196
2217505.2752539297 -12.70771681343321
2335721.4690901213 -12.330967350548958
2460239.8208697727 -11.97193193880166
2591396.3014396573 -11.630903271897326
2729544.792402007 -11.308016946141153
2875058.040944877 -11.00325977023465
3028328.6655749455 -10.716480444243075
3189770.215466318 -10.44740205464466
3359818.286283781 -10.195635940936478
3538931.6954909842 -9.960696464410656
3727593.720314938 -9.742016165849565
3926313.4017068394 -9.538960997906383
4135626.917817706 -9.350844954245956
4356099.030694608 -9.17694409922406
4588324.61010084 -9.01650946187181
4832930.238571752 -8.868778815993018
5090575.902036676 -8.732987025538835
5361956.770568817 -8.608375100561268
5647805.074067546 -8.494197781385967
5948892.077934331 -8.389729832312046
6266030.164072656 -8.294271073263534
6600075.022827089 -8.207150194302402
6951927.961775606 -8.127727564152995
7322538.337604526 -8.055397154119122
7712906.117627992 -7.9895875693073375
8124084.5778629575 -7.929762497093067
8557183.144940002 -7.875420574579557
9013370.38951742 -7.826094754531397
9493877.17927582 -7.781351424591421
10000000.0 -7.740789129683385
10533104.45370936 -7.7040371995375185
11094628.943275219 -7.670754194275577
11686088.553466497 -7.640626257995853
12309079.138896018 -7.613365441338167
12965281.629896663 -7.588708054475934
13656466.567946097 -7.566412971871514
14384498.882876629 -7.546260011295102
15151342.924760515 -7.528048391023365
15959067.76404731 -7.511595210949077
16809852.774253618 -7.496734057400031
17705993.51226898 -7.483313623535171
18649907.912142944 -7.471196471890403
19644142.809066266 -7.46025788956397
20691380.811147902 -7.450384724670428
21794447.537529834 -7.441474425610741
22956319.242369097 -7.433434083363054
24180130.84525718 -7.426179582982364
25469184.3897454 -7.419634739452543
26826957.95279722 -7.4137307072894645
28257115.02920827 -7.4084051639876485
29763514.41631313 -7.4036017899211535
31350220.62565112 -7.399269659936486
33021514.849681754 -7.395362789869042
34781906.51314127 -7.391839629548738
36636145.44020716 -7.388662642203652
38589234.67029899 -7.385797934546355
40646443.95709628 -7.3832149531001825
42813323.98719387 -7.380886017238781
45095721.35676145 -7.378786248290611
47499794.346614026 -7.376893144365486
50032029.53825999 -7.375186406135113
52699259.31575657 -7.373647726258294
55508680.300597996 -7.372260584542182
58467872.7693759 -7.371010076527943
61584821.10660254 -7.369882760469259
64867935.34788508 -7.368866540255468
68326073.87157391 -7.367950444468816
71968567.30011514 -7.367124629113134
75805243.67559262 -7.366380247405323
79846454.97739078 -7.365709219854638
84103105.05352604 -7.36510433932481
88586679.04100814 -7.3645591333668134
93309274.35461664 -7.364067654346776
98283633.32770011 -7.363624606337405
103523177.59307377 -7.363225318711012
109042044.29677527 -7.362865359521171
114855124.24239345 -7.36254089477172
120978102.06889038 -7.362248468776395
127427498.57031322 -7.361984819248256
134220715.2716012 -7.361747246932024
141376081.38073614 -7.361533065395051
148912903.24394056 -7.361340024906856
156851516.43735445 -7.361166008981507
165213340.63573685 -7.361009191714203
174020937.40624848 -7.360867797320624
183298071.08324376 -7.36074039031166
193069772.88832456 -7.360625533147594
203362408.46866703 -7.3605219866132945
214203749.0358383 -7.360428680896258
225623046.2970626 -7.360344582774961
237651111.38110778 -7.360268735368621
250320397.97173202 -7.360200435753869
263665089.87303555 -7.360138826595181
277721193.2429355 -7.360083276026536
292526633.74366355 -7.360033229481341
308121358.87140083 -7.359988098493355
324547445.74113256 -7.3599474431487755
341849214.6175927 -7.359910735605143
360073348.49856204 -7.359877713661906
379269019.0732238 -7.359847932243763
399488019.39541787 -7.359821093138091
420784903.6297398 -7.359796860516735
443217134.24760854 -7.359775011367136
466845237.07037944 -7.359755329983837
491732964.5779006 -7.35973758986015
517947467.9231202 -7.359721530316784
545559478.1168514 -7.359707065411916
574643496.8715974 -7.359694063592162
605277997.6193355 -7.359682294203969
637545637.2456493 -7.35967169303321
671533479.1115135 -7.3596620966525315
707333227.9644439 -7.35965341650024
745041477.3728887 -7.35964561044435
784759970.3514622 -7.35963851404083
826595873.8801795 -7.359632100681756
870662068.0585117 -7.3596262834798765
917077450.674293 -7.359621038422199
965967258.0093802 -7.359616281979688
1017463402.7476043 -7.3596119154329624
1071704829.8967092 -7.359607879676341
1128837891.6846883 -7.359604294797787
1189016742.44199 -7.359600946620686
1252403754.5350692 -7.3595979003203595
1319169956.473569 -7.359595106044488
1389495494.373136 -7.359592438533235
1463570118.0190797 -7.359590002599035
1541593692.8422735 -7.359587699678208
1623776739.1887176 -7.359585526280075
1710341000.337838 -7.359583440569592
1801520040.802024 -7.3595814268713875
1897559876.5218503 -7.35957948115065
1998719638.6572526 -7.359577573260449
2105272272.7657027 -7.359575670077492
2217505275.2539296 -7.35957378405625
2335721469.0901213 -7.359571838912126
2460239820.8697777 -7.3595698853189395
2591396301.439652 -7.359567807062655
2729544792.402002 -7.359565666173812
2875058040.944877 -7.3595634148189735
3028328665.5749454 -7.359560991577096
3189770215.466325 -7.359558469451482
3359818286.2837744 -7.359555696469194
3538931695.4909844 -7.3595526857911375
3727593720.314938 -7.359549483229423
3926313401.7068396 -7.359545973523618
4135626917.8176975 -7.359542073376191
4356099030.694599 -7.359537876229041
4588324610.100841 -7.359533272164991
4832930238.571753 -7.3595281499829515
5090575902.036687 -7.359522563956913
5361956770.568806 -7.359516327157015
5647805074.067546 -7.3595094714689235
5948892077.934331 -7.359501896116697
6266030164.072656 -7.359493535968044
6600075022.827075 -7.359484261970959
6951927961.775591 -7.359474015250939
7322538337.6045265 -7.359462623139543
7712906117.627993 -7.359450075555827
8124084577.862974 -7.359436088935042
8557183144.939984 -7.359420621101249
9013370389.51742 -7.359403482514516
9493877179.27582 -7.359384444490181
10000000000.0 -7.359363350885014
10.0 -10.933635315535287
10.53310445370937 -10.934428885051295
11.094628943275218 -10.935309242766248
11.686088553466515 -10.936285870749135
12.309079138896024 -10.937369284827238
12.965281629896682 -10.938571146817564
13.65646656794611 -10.939904388732506
14.38449888287663 -10.941383350476128
15.15134292476053 -10.943023932086193
15.95906776404731 -10.944843762360534
16.80985277425364 -10.946862385380484
17.70599351226899 -10.949101466846862
18.64990791214297 -10.951585022311862
19.644142809066278 -10.954339669326355
20.6913808111479 -10.957394906113148
21.794447537529855 -10.96078341943503
22.956319242369098 -10.9645414242482
24.180130845257207 -10.968709038589848
25.4691843897454 -10.973330696828278
26.826957952797258 -10.978455604980347
28.257115029208283 -10.98413824201452
29.76351441631318 -10.990438911226603
31.350220625651154 -10.997424346166614
33.02151484968176 -11.005168375725184
34.7819065131413 -11.013752653381614
36.63614544020716 -11.02326745560297
38.58923467029903 -11.033812554657107
40.646443957096295 -11.045498171132417
42.81332398719393 -11.058446011576953
45.095721356761466 -11.072790396125132
47.499794346614124 -11.088679481317783
50.03202953826004 -11.106276582258374
52.699259315756564 -11.125761597659649
55.50868030059805 -11.147332540593544
58.467872769375894 -11.171207175946211
61.58482110660264 -11.19762476412591
64.86793534788511 -11.226847907618929
68.32607387157402 -11.259164494975185
71.96856730011521 -11.294889732248434
75.8052436755926 -11.334368247938578
79.84645497739086 -11.377976252337978
84.10310505352605 -11.426123725502348
88.58667904100822 -11.479256601440962
93.30927435461668 -11.537858907406754
98.28363332770026 -11.602454808633846
103.52317759307378 -11.673610498414108
109.04204429677526 -11.751935863313923
114.8551242423938 -11.838085842518094
120.97810206889012 -11.932761389720305
127.42749857031335 -12.036709936622191
134.2207152716012 -12.150725249508412
141.37608138073614 -12.275646565363962
148.91290324394086 -12.41235689376376
156.85151643735477 -12.561780375167919
165.213340635737 -12.724878598778206
174.0209374062485 -12.90264580290875
183.29807108324357 -13.096102910756475
193.06977288832496 -13.30629039493398
203.36240846866724 -13.5342600141524
214.2037490358383 -13.781065526287604
225.62304629706352 -14.047752550055492
237.65111138110728 -14.335347820906147
250.32039797173255 -14.644848161132064
263.6650898730358 -14.97720955449995
277.7211932429355 -15.333336776381895
292.5266337436645 -15.714074076104625
308.1213588714002 -16.120197433872285
324.54744574113323 -16.55240891644581
341.84921461759274 -17.011333633776992
360.073348498562 -17.497519752723154
379.26901907322497 -18.01144196067444
399.48801939541704 -18.553508696902153
420.78490362974026 -19.12407339510763
443.21713424760856 -19.72344991800466
466.84523707037897 -20.351932328480547
491.73296457790156 -21.009819146467414
517.9474679231213 -21.69744230131822
545.5594781168514 -22.415201123759925
574.6434968715973 -23.163601948171866
605.2779976193349 -23.943304241954493
637.5456372456507 -24.755174680412733
671.5334791115142 -25.60035129938955
707.3332279644438 -26.48032087285475
745.0414773728917 -27.39701412112109
784.7599703514607 -28.352925489396164
826.5958738801812 -29.35126743213941
870.6620680585127 -30.39617404649455
917.0774506742931 -31.492976644776547
965.9672580093833 -32.64858644627407
1017.4634027476063 -33.87204067871628
1071.7048298967104 -35.17530498564626
1128.8378916846884 -36.57449086069483
1189.01674244199 -38.09176981540847
1252.4037545350732 -39.75850464938416
1319.1699564735716 -41.620594868592484
1389.4954943731375 -43.747974721802564
1463.5701180190797 -46.25170113814639
1541.5936928422718 -49.31014984383323
1623.776739188721 -53.143163292928165
1710.3410003378397 -57.115079808479614
1801.520040802024 -56.84636663786981
1897.5598765218504 -53.5047292582115
1998.7196386572507 -50.69778255737063
2105.272272765707 -48.62041406181519
2217.505275253932 -47.04557596749575
2335.7214690901214 -45.812511304331764
2460.239820869775 -44.82131717231021
2591.3963014396572 -44.00822139472397
2729.5447924020073 -43.33067431179568
2875.0580409448803 -42.75908531417603
3028.3286655749457 -42.27213183306815
3189.7702154663216 -41.85398308954733
3359.818286283781 -41.49258668834955
3538.9316954909877 -41.17857000487441
3727.593720314938 -40.904511541524556
3926.3134017068355 -40.664443061451024
4135.626917817706 -40.45350035430988
4356.099030694608 -40.26767247782011
4588.324610100844 -40.103617899701256
4832.930238571752 -39.9585271020798
5090.575902036681 -39.83001808788172
5361.956770568817 -39.71605558188904
5647.805074067552 -39.61488754036412
5948.892077934331 -39.52499445302425
6266.030164072656 -39.445048180727504
6600.075022827095 -39.37387793242013
6951.927961775606 -39.31044159078718
7322.538337604534 -39.25380101447357
7712.906117627992 -39.203100252569996
8124.0845778629655 -39.157545826392344
8557.183144940002 -39.11638840123973
9013.37038951743 -39.07890530231934
9493.87717927582 -39.04438344461965
10000.0 -39.01210235314772
10533.104453709382 -38.98131707079539
11094.628943275218 -38.95124088805694
11686.088553466498 -38.92102800875811
12309.079138896019 -38.889756483994574
12965.281629896688 -38.85641203224886
13656.466567946096 -38.81987370609497
14384.498882876629 -38.778902763391606
15151.342924760515 -38.73213653288219
15959.06776404731 -38.67808947182119
16809.852774253653 -38.61516391023281
17705.99351226898 -38.54167305018456
18649.907912142942 -38.45587847844163
19644.142809066267 -38.35604359672265
20691.3808111479 -38.24050290478315
21794.447537529835 -38.10774494024117
22956.319242369096 -37.956504143847326
24180.13084525718 -37.78585432369215
25469.184389745402 -37.59529439793483
26826.957952797275 -37.38481628679554
28257.115029208268 -37.15494574553835
29763.51441631313 -36.90674962291094
31350.220625651124 -36.64180715183571
33021.51484968176 -36.36214757373986
34781.90651314134 -36.07016063374321
36636.14544020716 -35.76848941279074
38589.23467029899 -35.45991610216241
40646.44395709628 -35.147250683656466
42813.32398719396 -34.833230551011475
45095.721356761445 -34.520436468275534
47499.79434661403 -34.211227577934686
50032.029538259994 -33.90769584903901
52699.259315756564 -33.611638655280814
55508.680300598106 -33.32454711282206
58467.87276937589 -33.04760730387648
61584.82110660255 -32.781711436179314
64867.935347885075 -32.527476184057726
68326.07387157406 -32.285265787853774
71968.56730011514 -32.05521789561314
75805.24367559262 -31.837270525691608
79846.45497739078 -31.631188899674857
84103.10505352604 -31.43659121493128
88586.67904100832 -31.25297270181099
93309.27435461663 -31.079727531192432
98283.63332770011 -30.916168322595915
103523.17759307378 -30.76154314413877
109042.04429677526 -30.61505000996735
114855.12424239368 -30.475848960495867
120978.10206889013 -30.34307187233701
127427.49857031321 -30.21583019231592
134220.7152716012 -30.093220806193823
141376.08138073614 -29.97433028300943
148912.90324394088 -29.85823772523451
156851.5164373548 -29.744016477010085
165213.34063573685 -29.630734917632964
174020.9374062485 -29.517456580477322
183298.07108324338 -29.403239817993896
193069.77288832495 -29.287137240011198
203362.40846866704 -29.16819512805358
214203.74903583832 -29.045453043970568
225623.04629706353 -28.917943829045612
237651.11138110727 -28.784694185240454
250320.39797173254 -28.644726032573267
263665.08987303555 -28.497058810074694
277721.1932429355 -28.340712882525207
292526.6337436642 -28.17471417950702
308121.35887140024 -27.998100195358774
324547.44574113254 -27.809927379785684
341849.21461759275 -27.609279981034472
360073.348498562 -27.3952802729194
379269.0190732246 -27.167100077825403
399488.019395417 -26.92397341115442
420784.9036297398 -26.66520999844295
443217.13424760854 -26.390209344785887
466845.2370703785 -26.098474975474737
491732.9645779016 -25.78962840809023
517947.46792312124 -25.463422387336777
545559.4781168514 -25.11975288716055
574643.4968715974 -24.758669426681585
605277.9976193343 -24.380383251286165
637545.6372456506 -23.985273032713046
671533.4791115135 -23.573887790885415
707333.2279644439 -23.146946884158154
745041.4773728917 -22.70533698257891
784759.9703514606 -22.25010606773069
826595.8738801812 -21.782454620938122
870662.0680585118 -21.303724182378033
917077.4506742931 -20.81538358131034
965967.2580093823 -20.31901317322675
1017463.4027476063 -19.816287384611872
1071704.8298967092 -19.308955920656132
1128837.8916846884 -18.798823960337966
1189016.74244199 -18.28773165260936
1252403.7545350718 -17.777533157412986
1319169.9564735717 -17.270075554318144
1389495.494373136 -16.76717786117472
1463570.1180190798 -16.27061043153823
1541593.6928422702 -15.782075010807077
1623776.739188721 -15.30318579352089
1710341.0003378377 -14.835451740227597
1801520.0408020238 -14.380260573906355
1897559.8765218505 -13.938864736200976
1998719.6386572486 -13.512369672112378
2105272.272765707 -13.10172470351196
2217505.2752539297 -12.70771681343321
2335721.4690901213 -12.330967350548958
2460239.8208697727 -11.97193193880166
2591396.3014396573 -11.630903271897326
2729544.792402007 -11.308016946141153
2875058.040944877 -11.00325977023465
3028328.6655749455 -10.716480444243075
3189770.215466318 -10.44740205464466
3359818.286283781 -10.195635940936478
3538931.6954909842 -9.960696464410656
3727593.720314938 -9.742016165849565
3926313.4017068394 -9.538960997906383
4135626.917817706 -9.350844954245956
4356099.030694608 -9.17694409922406
4588324.61010084 -9.01650946187181
4832930.238571752 -8.868778815993018
5090575.902036676 -8.732987025538835
5361956.770568817 -8.608375100561268
5647805.074067546 -8.494197781385967
5948892.077934331 -8.389729832312046
6266030.164072656 -8.294271073263534
6600075.022827089 -8.207150194302402
6951927.961775606 -8.127727564152995
7322538.337604526 -8.055397154119122
7712906.117627992 -7.9895875693073375
8124084.5778629575 -7.929762497093067
8557183.144940002 -7.875420574579557
9013370.38951742 -7.826094754531397
9493877.17927582 -7.781351424591421
10000000.0 -7.740789129683385
10533104.45370936 -7.7040371995375185
11094628.943275219 -7.670754194275577
11686088.553466497 -7.640626257995853
12309079.138896018 -7.613365441338167
12965281.629896663 -7.588708054475934
13656466.567946097 -7.566412971871514
14384498.882876629 -7.546260011295102
15151342.924760515 -7.528048391023365
15959067.76404731 -7.511595210949077
16809852.774253618 -7.496734057400031
17705993.51226898 -7.483313623535171
18649907.912142944 -7.471196471890403
19644142.809066266 -7.46025788956397
20691380.811147902 -7.450384724670428
21794447.537529834 -7.441474425610741
22956319.242369097 -7.433434083363054
24180130.84525718 -7.426179582982364
25469184.3897454 -7.419634739452543
26826957.95279722 -7.4137307072894645
28257115.02920827 -7.4084051639876485
29763514.41631313 -7.4036017899211535
31350220.62565112 -7.399269659936486
33021514.849681754 -7.395362789869042
34781906.51314127 -7.391839629548738
36636145.44020716 -7.388662642203652
38589234.67029899 -7.385797934546355
40646443.95709628 -7.3832149531001825
42813323.98719387 -7.380886017238781
45095721.35676145 -7.378786248290611
47499794.346614026 -7.376893144365486
50032029.53825999 -7.375186406135113
52699259.31575657 -7.373647726258294
55508680.300597996 -7.372260584542182
58467872.7693759 -7.371010076527943
61584821.10660254 -7.369882760469259
64867935.34788508 -7.368866540255468
68326073.87157391 -7.367950444468816
71968567.30011514 -7.367124629113134
75805243.67559262 -7.366380247405323
79846454.97739078 -7.365709219854638
84103105.05352604 -7.36510433932481
88586679.04100814 -7.3645591333668134
93309274.35461664 -7.364067654346776
98283633.32770011 -7.363624606337405
103523177.59307377 -7.363225318711012
109042044.29677527 -7.362865359521171
114855124.24239345 -7.36254089477172
120978102.06889038 -7.362248468776395
127427498.57031322 -7.361984819248256
134220715.2716012 -7.361747246932024
141376081.38073614 -7.361533065395051
148912903.24394056 -7.361340024906856
156851516.43735445 -7.361166008981507
165213340.63573685 -7.361009191714203
174020937.40624848 -7.360867797320624
183298071.08324376 -7.36074039031166
193069772.88832456 -7.360625533147594
203362408.46866703 -7.3605219866132945
214203749.0358383 -7.360428680896258
225623046.2970626 -7.360344582774961
237651111.38110778 -7.360268735368621
250320397.97173202 -7.360200435753869
263665089.87303555 -7.360138826595181
277721193.2429355 -7.360083276026536
292526633.74366355 -7.360033229481341
308121358.87140083 -7.359988098493355
324547445.74113256 -7.3599474431487755
341849214.6175927 -7.359910735605143
360073348.49856204 -7.359877713661906
379269019.0732238 -7.359847932243763
399488019.39541787 -7.359821093138091
420784903.6297398 -7.359796860516735
443217134.24760854 -7.359775011367136
466845237.07037944 -7.359755329983837
491732964.5779006 -7.35973758986015
517947467.9231202 -7.359721530316784
545559478.1168514 -7.359707065411916
574643496.8715974 -7.359694063592162
605277997.6193355 -7.359682294203969
637545637.2456493 -7.35967169303321
671533479.1115135 -7.3596620966525315
707333227.9644439 -7.35965341650024
745041477.3728887 -7.35964561044435
784759970.3514622 -7.35963851404083
826595873.8801795 -7.359632100681756
870662068.0585117 -7.3596262834798765
917077450.674293 -7.359621038422199
965967258.0093802 -7.359616281979688
1017463402.7476043 -7.3596119154329624
1071704829.8967092 -7.359607879676341
1128837891.6846883 -7.359604294797787
1189016742.44199 -7.359600946620686
1252403754.5350692 -7.3595979003203595
1319169956.473569 -7.359595106044488
1389495494.373136 -7.359592438533235
1463570118.0190797 -7.359590002599035
1541593692.8422735 -7.359587699678208
1623776739.1887176 -7.359585526280075
1710341000.337838 -7.359583440569592
1801520040.802024 -7.3595814268713875
1897559876.5218503 -7.35957948115065
1998719638.6572526 -7.359577573260449
2105272272.7657027 -7.359575670077492
2217505275.2539296 -7.35957378405625
2335721469.0901213 -7.359571838912126
2460239820.8697777 -7.3595698853189395
2591396301.439652 -7.359567807062655
2729544792.402002 -7.359565666173812
2875058040.944877 -7.3595634148189735
3028328665.5749454 -7.359560991577096
3189770215.466325 -7.359558469451482
3359818286.2837744 -7.359555696469194
3538931695.4909844 -7.3595526857911375
3727593720.314938 -7.359549483229423
3926313401.7068396 -7.359545973523618
4135626917.8176975 -7.359542073376191
4356099030.694599 -7.359537876229041
4588324610.100841 -7.359533272164991
4832930238.571753 -7.3595281499829515
5090575902.036687 -7.359522563956913
5361956770.568806 -7.359516327157015
5647805074.067546 -7.3595094714689235
5948892077.934331 -7.359501896116697
6266030164.072656 -7.359493535968044
6600075022.827075 -7.359484261970959
6951927961.775591 -7.359474015250939
7322538337.6045265 -7.359462623139543
7712906117.627993 -7.359450075555827
8124084577.862974 -7.359436088935042
8557183144.939984 -7.359420621101249
9013370389.51742 -7.359403482514516
9493877179.27582 -7.359384444490181
10000000000.0 -7.359363350885014
10.0 -19.791572042725885
10.53310445370937 -15.492313229863273
11.094628943275218 -29.246128298799977
11.686088553466515 -23.729221894497595
12.309079138896024 -8.540902797831473
12.965281629896682 -28.573051967639188
13.65646656794611 -20.6647336313724
14.38449888287663 -28.20011202092448
15.15134292476053 -1.5943078896119358
15.95906776404731 -28.810123814487433
16.80985277425364 -22.469884638324118
17.70599351226899 12.177393766277183
18.64990791214297 -17.28515146636685
19.644142809066278 -22.680332836455538
20.6913808111479 -12.823964076423673
21.794447537529855 -22.697491515616232
22.956319242369098 -21.71520110936357
24.180130845257207 -26.762558586778113
25.4691843897454 -27.153740527444498
26.826957952797258 0.05504814967845929
28.257115029208283 -12.905071815545451
29.76351441631318 -34.931381688015804
31.350220625651154 -31.214005582784324
33.02151484968176 -7.429745060730568
34.7819065131413 -24.43814762770744
36.63614544020716 -25.412100837731103
38.58923467029903 -33.278244836396475
40.646443957096295 -23.4063593221611
42.81332398719393 -17.985517841146276
45.095721356761466 -5.483558018286178
47.499794346614124 -24.061304962702735
50.03202953826004 -13.481288449803053
52.699259315756564 -11.152948732536442
55.50868030059805 -12.91481099931467
58.467872769375894 -14.372172473902573
61.58482110660264 -26.467201853986747
64.86793534788511 -4.9776040942040565
68.32607387157402 -4.683642318372784
71.96856730011521 0.1134122022372368
75.8052436755926 -30.227302168691775
79.84645497739086 -9.534028960888968
84.10310505352605 -8.984770709845064
88.58667904100822 -6.370276429853322
93.30927435461668 -8.793865520094005
98.28363332770026 -13.368333199115812
103.52317759307378 0.7164062874806802
109.04204429677526 -11.448970187400125
114.8551242423938 5.365813659187959
120.97810206889012 -19.49844435750502
127.42749857031335 -26.236049979027342
134.2207152716012 -14.184976731654078
141.37608138073614 2.114781817502302
148.91290324394086 -18.229887278804583
156.85151643735477 1.5839318828197735
165.213340635737 -3.7335824303850167
174.0209374062485 -7.503663906278541
183.29807108324357 -9.909768290263631
193.06977288832496 -9.217379954126514
203.36240846866724 0.40583437098169706
214.2037490358383 -24.81810672220458
225.62304629706352 6.966648341772079
237.65111138110728 -22.68748038364739
250.32039797173255 -6.961776439594707
263.6650898730358 -5.123722988950305
277.7211932429355 -7.411547933768046
292.5266337436645 -2.092145695290512
308.1213588714002 -7.210269847526179
324.54744574113323 -17.39281441338909
341.84921461759274 1.9607713429084928
360.073348498562 -7.238889740034783
379.26901907322497 8.78953273787915
399.48801939541704 -27.507208330264298
420.78490362974026 -26.596159334542705
443.21713424760856 -11.32177341913168
466.84523707037897 -9.385073764437292
491.73296457790156 -14.056691215917755
517.9474679231213 -7.570854116660874
545.5594781168514 2.408305442902087
574.6434968715973 -10.800122005613101
605.2779976193349 -12.75366223978219
637.5456372456507 -24.31309082377767
671.5334791115142 -12.800703630665788
707.3332279644438 4.277773092743338
745.0414773728917 -22.422035548616357
784.7599703514607 -20.981840971570634
826.5958738801812 5.172744216380769
870.6620680585127 -3.784986633772948
917.0774506742931 -6.863078891408784
965.9672580093833 0.8416884615990217
1017.4634027476063 -8.841931181468244
1071.7048298967104 -6.204369462492658
1128.8378916846884 -28.090926989881325
1189.01674244199 -15.98720072704823
1252.4037545350732 -23.855691385563944
1319.1699564735716 -38.23836416802291
1389.4954943731375 -30.694824698994413
1463.5701180190797 -16.908056382702178
1541.5936928422718 -18.173601793918696
1623.776739188721 -5.6440151350287575
1710.3410003378397 -6.174135805024648
1801.520040802024 -6.442394392559193
1897.5598765218504 -17.614712181908192
1998.7196386572507 16.479459995895457
2105.272272765707 -3.6415804819796445
2217.505275253932 -39.177286664384546
2335.7214690901214 -8.460824959270695
2460.239820869775 14.66556042790419
2591.3963014396572 -2.797259030836141
2729.5447924020073 3.0336576720041037
2875.0580409448803 -12.357050789297386
3028.3286655749457 -27.430727687311286
3189.7702154663216 5.395335088094953
3359.818286283781 -16.16324991963385
3538.9316954909877 -20.246629838499288
3727.593720314938 -24.910847898280846
3926.3134017068355 -17.545180609902783
4135.626917817706 -27.441457568650183
4356.099030694608 -34.43312395388523
4588.324610100844 -17.59532276939026
4832.930238571752 6.576082143304744
5090.575902036681 -5.810607331064684
5361.956770568817 -24.70677534837462
5647.805074067552 -6.213031953031566
5948.892077934331 -7.40005717391448
6266.030164072656 -23.560192763942137
6600.075022827095 10.31418577649325
6951.927961775606 -18.330156431377922
7322.538337604534 11.233323282254425
7712.906117627992 -2.893581550442612
8124.0845778629655 -0.6158006142143381
8557.183144940002 6.92342999141362
9013.37038951743 4.700720605915966
9493.87717927582 0.8511385513547338
10000.0 -19.407338225962544
10533.104453709382 -11.398402844553619
11094.628943275218 15.140685199053811
11686.088553466498 8.690317933218466
12309.079138896019 -16.604402349651167
12965.281629896688 -1.6976652988978034
13656.466567946096 13.642922146291294
14384.498882876629 -20.436902829978393
15151.342924760515 -21.573111890634525
15959.06776404731 -19.560007319764026
16809.852774253653 -15.875751641718661
17705.99351226898 -21.950889725455873
18649.907912142942 -2.9066441751865857
19644.142809066267 -9.565520814491798
20691.3808111479 -21.400867952316123
21794.447537529835 -25.651308565324026
22956.319242369096 -22.08597835964262
24180.13084525718 8.794821320090852
25469.184389745402 -20.905732524447053
26826.957952797275 -8.01518170553771
28257.115029208268 -8.633299898089849
29763.51441631313 -19.680821730995167
31350.220625651124 -20.251212682885864
33021.51484968176 3.2235673206212443
34781.90651314134 -9.202987335459019
36636.14544020716 17.038187036151065
38589.23467029899 -1.1159267898102738
40646.44395709628 -19.739739045039276
42813.32398719396 -13.980726041730394
45095.721356761445 -2.2701710567690983
47499.79434661403 -19.640741892847306
50032.029538259994 -19.527126803694983
52699.259315756564 -0.23271832651948168
55508.680300598106 -5.003298092235259
58467.87276937589 -19.0898872298201
61584.82110660255 5.8156481254317445
64867.935347885075 -8.862199237249605
68326.07387157406 5.67834520734717
71968.56730011514 -20.107370848515778
75805.24367559262 16.13573155728605
79846.45497739078 -19.99398274876077
84103.10505352604 30.01228362376478
88586.67904100832 -18.530913140313398
93309.27435461663 -20.302247709447705
98283.63332770011 -35.22641739444075
103523.17759307378 7.251708779119951
109042.04429677526 -20.212541050372785
114855.12424239368 -5.068215622523474
120978.10206889013 -19.83779441832653
127427.49857031321 -2.5704137077061517
134220.7152716012 2.1367688726561376
141376.08138073614 6.216821878227168
148912.90324394088 -19.676113949671134
156851.5164373548 -16.33730781056479
165213.34063573685 -19.154380923041444
174020.9374062485 -19.79333597774633
183298.07108324338 -19.46314520861766
193069.77288832495 -20.096682867271443
203362.40846866704 -19.637831085329726
214203.74903583832 -19.273606598117215
225623.04629706353 -18.301103114167496
237651.11138110727 -19.927547872582977
250320.39797173254 -19.676332872894953
263665.08987303555 -19.769683815418453
277721.1932429355 -19.4756606845664
292526.6337436642 -19.671998515769992
308121.35887140024 -19.610523712901493
324547.44574113254 -19.68552201362696
341849.21461759275 -20.014979778090773
360073.348498562 -19.54854374646564
379269.0190732246 -19.908216693019604
399488.019395417 -20.57288010533645
420784.9036297398 -19.56547127910372
443217.13424760854 -20.099861588272905
466845.2370703785 -19.718452324053196
491732.9645779016 -19.434871601215505
517947.46792312124 -19.308382709851315
545559.4781168514 -19.83497496158367
574643.4968715974 -19.82988017725438
605277.9976193343 -19.57850462983657
637545.6372456506 -19.722700708611686
671533.4791115135 -19.454141597768427
707333.2279644439 -19.559162129809057
745041.4773728917 -19.783961412078163
784759.9703514606 -19.665056042579415
826595.8738801812 -20.166190245515505
870662.0680585118 -19.63894322747337
917077.4506742931 -20.14666998979724
965967.2580093823 -21.36923401331776
1017463.4027476063 -18.864059281180527
1071704.8298967092 -19.011870071821846
1128837.8916846884 -19.55623254666898
1189016.74244199 -19.556151939980385
1252403.7545350718 -19.760074646018882
1319169.9564735717 -19.764005452913935
1389495.494373136 -19.555589743023415
1463570.1180190798 -19.641959842985717
1541593.6928422702 -19.715507241736432
1623776.739188721 -19.244311318369906
1710341.0003378377 -19.551335123441646
1801520.0408020238 -19.456169035139336
1897559.8765218505 -19.502006648086446
1998719.6386572486 -19.55493337435075
2105272.272765707 -19.715840664855527
2217505.2752539297 -19.624117138615034
2335721.4690901213 -20.32397545325354
2460239.8208697727 -19.334608554145593
2591396.3014396573 -19.578419269659015
2729544.792402007 -19.596855365692715
2875058.040944877 -20.156206709820516
3028328.6655749455 -3.0811570093963985
3189770.215466318 -19.554403823967284
3359818.286283781 -19.33268462212695
3538931.6954909842 -19.80992723415092
3727593.720314938 -19.465997269059688
3926313.4017068394 -19.453774496018923
4135626.917817706 -19.55439601061981
4356099.030694608 -19.611794218008484
4588324.61010084 -18.4949665723663
4832930.238571752 -19.335514098570805
5090575.902036676 -19.58160273907143
5361956.770568817 -19.79834206965248
5647805.074067546 -19.76311478125964
5948892.077934331 -19.08818661792019
6266030.164072656 -19.64968129500094
6600075.022827089 -19.55430017132814
6951927.961775606 -19.631872685757713
7322538.337604526 -24.313736686809513
7712906.117627992 -19.383828835519104
8124084.5778629575 -19.29811733041239
8557183.144940002 -19.13604826041895
9013370.38951742 -19.38738234373198
9493877.17927582 -19.58037087673291
10000000.0 -19.5542711644047
10533104.45370936 -19.484206642591367
11094628.943275219 -21.011354931977166
11686088.553466497 -19.4467242603529
12309079.138896018 -19.8344654519591
12965281.629896663 -19.55425773821952
13656466.567946097 -21.113764323224203
14384498.882876629 -19.5045204794619
15151342.924760515 -18.69837371120353
15959067.76404731 -19.487596014484037
16809852.774253618 -19.69406003186497
17705993.51226898 -19.33487424597977
18649907.912142944 -21.98081164073949
19644142.809066266 -19.554240161630183
20691380.811147902 -18.969778989326848
21794447.537529834 -19.638593990896222
22956319.242369097 -19.491646699872646
24180130.84525718 -19.3593633909615
25469184.3897454 -19.73956735142731
26826957.95279722 -19.589487619351665
28257115.02920827 -19.459751148327722
29763514.41631313 -19.554247072192858
31350220.62565112 -19.962640365134515
33021514.849681754 -19.62338138574599
34781906.51314127 -19.554247481204367
36636145.44020716 -19.44959824997572
38589234.67029899 -19.55424732864069
40646443.95709628 -19.795034926725535
42813323.98719387 -19.554244183284485
45095721.35676145 -19.185917025725626
47499794.346614026 -19.04519375118214
50032029.53825999 -20.070821588415342
52699259.31575657 -19.717774171770262
55508680.300597996 -14.041182856802052
58467872.7693759 -19.554245412004775
61584821.10660254 -19.510588937622273
64867935.34788508 -19.81490283780527
68326073.87157391 -19.64234654853852
71968567.30011514 -19.55424524701779
75805243.67559262 -19.443260037474083
79846454.97739078 -19.429878342994225
84103105.05352604 -19.554245282940876
88586679.04100814 -19.51348767974093
93309274.35461664 -19.651809343066265
98283633.32770011 -19.554244415334257
103523177.59307377 -19.64437289105798
109042044.29677527 -19.420513585152214
114855124.24239345 -19.55424507597896
120978102.06889038 -19.75892980107484
127427498.57031322 -20.14065236443308
134220715.2716012 -19.42795562696866
141376081.38073614 -19.554245146144716
148912903.24394056 -19.554245102757875
156851516.43735445 -19.554245013567616
165213340.63573685 -19.546074085577633
174020937.40624848 -18.98137570144901
183298071.08324376 -19.075026526147994
193069772.88832456 -19.81716122548033
203362408.46866703 -21.668898937066285
214203749.0358383 -19.696703960349787
225623046.2970626 -19.60832845356785
237651111.38110778 -18.876392738542606
250320397.97173202 -19.26828826149604
263665089.87303555 -19.576234500170397
277721193.2429355 -20.018179021332067
292526633.74366355 -19.639581573396026
308121358.87140083 -19.59667271483845
324547445.74113256 -19.569944628174113
341849214.6175927 -19.66435442686126
360073348.49856204 -61.08022573920857
379269019.0732238 -19.50502587732084
399488019.39541787 -19.512101395370557
420784903.6297398 -19.473361938779433
443217134.24760854 -19.649394241334385
466845237.07037944 -19.56883462190396
491732964.5779006 -19.62359005003065
517947467.9231202 -19.78772624068031
545559478.1168514 -19.44793328356517
574643496.8715974 -19.559442202919946
605277997.6193355 -19.685888639580135
637545637.2456493 -19.14844143062873
671533479.1115135 -19.720413568391685
707333227.9644439 -19.519027588352223
745041477.3728887 -19.170441071382314
784759970.3514622 -19.53548432691044
826595873.8801795 -19.547765078486567
870662068.0585117 -19.48056021100704
917077450.674293 -19.544492441609954
965967258.0093802 -19.35535846069332
1017463402.7476043 -19.60950140190678
1071704829.8967092 -19.439976648388328
1128837891.6846883 -19.448538411252954
1189016742.44199 -19.74319756494459
1252403754.5350692 -19.553226603593423
1319169956.473569 -19.421973003848997
1389495494.373136 -19.5973941501657
1463570118.0190797 -22.57188742496771
1541593692.8422735 -19.485834966004422
1623776739.1887176 -19.28207645360129
1710341000.337838 -19.544981553041993
1801520040.802024 -19.470617947904458
1897559876.5218503 -19.513666344759237
1998719638.6572526 -19.52467590949872
2105272272.7657027 -19.688276469655854
2217505275.2539296 -19.469618314299982
2335721469.0901213 -19.528250191324112
2460239820.8697777 -19.897910551796983
2591396301.439652 -18.91619687624895
2729544792.402002 -19.492715369174253
2875058040.944877 -20.640865878698268
3028328665.5749454 -19.628149142310022
3189770215.466325 -19.395285953264793
3359818286.2837744 -19.772672090336137
3538931695.4909844 -19.56055557059773
3727593720.314938 -19.571024023158255
3926313401.7068396 -19.71268961710913
4135626917.8176975 -19.66271830578452
4356099030.694599 -19.539402591840492
4588324610.100841 -19.22422544270681
4832930238.571753 -19.093432347900496
5090575902.036687 -19.605752949849627
5361956770.568806 -19.49605608018686
5647805074.067546 -20.777665751879898
5948892077.934331 -19.272008583714218
6266030164.072656 -19.584501680566625
6600075022.827075 -19.623908791074513
6951927961.775591 -19.068174449801983
7322538337.6045265 -19.456996703943833
7712906117.627993 -19.22361931073877
8124084577.862974 -19.474363071144836
8557183144.939984 -19.518380582223326
9013370389.51742 -19.623505888394742
9493877179.27582 -19.448989450660285
10000000000.0 -19.448490947824958
