10.0 50.86548664891131
10.292747724096083 50.24436599270573
10.59406557118851 49.62392888044935
10.904204429677526 49.00505806684773
11.223422532664179 48.38864684437649
11.551985672964793 47.77559648786559
11.890167424419898 47.16681366933609
12.238249369681931 46.563207870118994
12.596521334671401 45.96568881698467
12.965281629896682 45.37516396810883
13.344837298838383 44.79253607325839
13.735504373605137 44.21870083059763
14.137608138073606 43.654544660047854
14.551483398731937 43.100942610251956
14.977474763452017 42.558756412944824
15.415936928422726 42.02883269501757
15.867234973483178 41.51200135485097
16.331744666101677 41.009074105678415
16.80985277425364 40.520843184902304
17.301957388458945 40.048080224524796
17.808468253246822 39.5915352742255
18.329807108324356 39.15193596522663
18.866408039732583 38.72998679996718
19.418717841282557 38.32636854984863
19.987196386572506 37.94173774095209
20.57231701189556 37.57672620570046
21.174566910357118 37.23194067700768
21.794447537529855 36.90796240051305
22.432475028984193 36.605346740100586
23.089180630041927 36.32462275203824
23.765111138110754 36.066292703763274
24.46082935796799 35.83083151458602
25.17691457037277 35.61868609738366
25.913963014396586 35.430274582699916
26.672588383874054 35.26598540953175
27.453422338387142 35.126176270464356
28.257115029208283 35.01117290265292
29.08433564064048 34.92126772042476
29.935772947204903 34.85671828991544
30.812135887140037 34.81774565110405
31.714154152689986 34.80453249778361
32.642578797673224 34.81722123130837
33.59818286283781 34.85591190928843
34.58176201952381 34.920660115629225
35.594135232168604 35.011474783319656
36.63614544020716 35.12831600600384
37.708660259934554 35.27109287849205
38.81257270691538 35.43966140983055
39.9488019395417 35.63382255521018
41.118294024358306 35.85332041472575
42.322022723792756 36.09784064768331
43.56099030694608 36.367009150697356
44.83622838411908 36.66039104616278
46.148798765769385 36.9774900247906
47.499794346614124 37.3177480817723
48.890340015614456 37.68054568082814
50.32159359259993 38.06520237398982
51.7947467923121 38.47097789759469
53.31102621667033 38.8970737567993
54.87169437608604 39.34263530214889
56.47805074067555 39.8067542926074
58.131432822247135 40.288471930199584
59.83321728796288 40.78678234230902
61.58482110660264 41.30063647897374
63.38770272838487 41.82894638447343
65.24336329932625 42.37058979534152
67.15334791115141 42.92441501086148
69.11924688779365 43.48924597728341
71.14269710955735 44.063887523544054
73.22538337604533 44.647130684259594
75.36903980898542 45.23775804521232
77.57545129612417 45.83454904743516
79.84645497739086 46.436285188246316
82.18394177456803 47.041755061074106
84.58985796574301 47.649759180501455
87.06620680585127 48.25911454446071
89.61505019466045 48.86865889173557
92.23851039358476 49.47725461966905
94.9387717927583 50.08379233402597
97.71808272983904 50.687194010118375
100.57875736205835 51.28641575138551
103.52317759307378 51.88045013845639
106.55379505623053 52.46832816817132
109.67313315588179 53.049120787981344
112.88378916846884 53.62194003648775
116.18843640511002 54.185939805568864
119.58982643749793 54.74031624352599
123.09079138896018 55.28430782196083
126.69424629259063 55.817195091669916
130.40319151841317 56.33830015474809
134.2207152716012 56.84698588136413
138.14999616383224 57.342654900369034
142.19430585991677 57.82474839307487
146.357011801908 58.29274471927521
150.64158001295928 58.74615790392564
155.05157798326255 59.18453601193747
159.5906776404731 59.607459437324906
164.26265840709303 60.01453913154304
169.071410347358 60.40541479431709
174.0209374062485 60.77975304864484
179.115360743323 61.13724561999107
184.3589221641488 61.47760753802246
189.75598765218504 61.800575377584096
195.3110510040631 62.10590555401228
201.02873757128856 62.39337268633141
206.913808111479 62.66276804040203
212.97116275234782 62.913898062681135
219.20584507173257 63.146583013922054
225.62304629706352 63.36065571087628
232.22810962777245 63.555960382862104
239.02653468423918 63.73235164891926
246.02398208697775 63.88969362017617
253.22627816987946 64.02785913099586
260.63941983143474 64.14672910143982
268.26957952797244 64.24619203257956
276.1231104130753 64.32614363519208
284.2065516274511 64.38648659138995
292.5266337436645 64.42713044775837
301.09028437025927 64.4479916376008
309.9046339199427 64.44899362893561
318.97702154663216 64.4300671939413
328.3150012563047 64.39115079463055
337.9263481967431 64.33219107865146
347.819065131413 64.25314347827823
358.00138910285807 64.15397290488202
368.48179829116765 64.03465453047322
379.26901907322497 63.8951746472919
390.37203328860926 63.73553159590989
401.8000857182091 63.55573675189271
413.5626917817706 63.355815560768626
425.66964546078714 63.135808610855605
438.13102745333055 62.895772733405586
450.9572135676145 62.63578211953158
464.15888336127773 62.35592944346577
477.7470290335773 62.05632698185154
491.73296457790156 61.73710771896441
506.1283352022219 61.398426427979736
520.9451270253212 61.04046071862439
536.1956770568817 60.66341204175184
551.892683469738 60.267506641546866
568.0492161728429 59.852996446181905
584.6787276937589 59.420159887803024
601.7950643797334 58.9693026427249
619.412477926676 58.50075828265972
637.5456372456507 58.0148888277131
656.2096406767555 57.512085191774
675.4200285605586 56.99276751082837
695.1927961775606 56.457385344680404
715.5444070664574 55.90641774260004
736.4918067322965 55.34037316358105
758.0524367559261 54.75978924222409
780.2442493165045 54.165232391795925
803.0857221391512 53.55729723679309
826.5958738801812 52.93660586837981
850.7942799627444 52.30380691739712
875.7010888760508 51.6595744412556
901.3370389517438 51.00460662292547
927.7234756314059 50.339624282403825
954.8823692395666 49.66536920343743
982.8363332770031 48.98260228086871
1011.6086432495807 48.29210149669297
1041.2232560483055 47.5946597357005
1071.7048298967104 46.89108245435761
1103.078744882215 46.182185219270345
1135.3711240885177 45.468791134105174
1168.608855346651 44.75172817611687
1202.8196136227775 44.031826465400634
1238.0318840613968 43.309915491561924
1274.2749857031336 42.58682132363902
1311.5790958968503 41.86336382977396
1349.9752754264298 41.14035393328277
1389.4954943731375 40.418590931421434
1430.172658735088 39.6988599022703
1472.0406378260013 38.98192922381595
1515.134292476053 38.26854822750771
1559.4895040582815 37.559445006374204
1605.1432043647615 36.85532439525907
1652.1334063573702 36.15686613794614
1700.4992358187922 35.46472325296753
1750.2809639301013 34.77952060680368
1801.520040802024 34.10185370006313
1854.2591299878522 33.432287669155265
1908.542144006686 32.77135650299804
1964.4142809066266 32.119562471505326
2021.9220618983536 31.477375760013906
2081.1133700903947 30.84523430149712
2142.037490358383 30.223543796375925
2204.7451503814746 29.612677908025383
2269.288562880081 29.012978620671763
2335.7214690901214 28.424756745299412
2404.0991835099717 27.848292558417636
2474.47863995735 27.2838365580709
2546.91843897454 26.73161032127766
2621.478896621356 26.19180744714652
2698.222094696536 25.664594570189053
2777.211932429355 25.15011242882869
2858.5141796844714 24.64847697473512
2942.196531724374 24.159780509376215
3028.3286655749457 23.684092835052766
3116.9822980411436 23.22146240861999
3208.2312454210773 22.77191748709104
3302.1514849681753 22.335467255345286
3398.8212181526674 21.912102927186048
3498.320935775036 21.50179881202204
3600.73348498562 21.104513340442026
3706.144138266228 20.72019004293197
3814.640664431178 20.348758476903335
3926.3134017068355 19.990135098105256
4041.2553329506004 19.644224073322704
4159.562163071847 19.310918032061647
4281.332398719392 18.990098755672296
4406.667430301786 18.68163780305547
4535.671616408702 18.385397072768633
4668.45237070379 18.101229301963684
4805.1202513612425 17.828978503177982
4945.789053120639 17.568480340566886
5090.575902036681 17.31956244770397
5239.601353002645 17.08204468958925
5392.98949012887 16.855739372017158
5550.868030059805 16.640451401952493
5713.36842831558 16.435978403042856
5880.625988746757 16.242110790885718
6052.779976193349 16.05863181313758
6229.973732441841 15.885317560023699
6412.354795576917 15.721936951270253
6600.075022827095 15.56825170591909
6793.290717006696 15.424016301913559
6992.162756659375 15.288977932745327
7196.856730011514 15.162876468799892
7407.543072847163 15.045444431354971
7624.397210419138 14.936406987414902
7847.5997035146065 14.835481973737947
8077.3363987967105 14.742379958453377
8313.798583547334 14.656804348630994
8557.183144940002 14.57845155195651
8807.692733975462 14.50701120032386
9065.53593421636 14.442166442649743
9330.927435461663 14.383594313500192
9604.08821250538 14.330966183233217
9885.24570912827 14.283948294245354
10174.634027476064 14.242202386616814
10472.494122981476 14.205386414928874
10779.074004992735 14.173155356327522
11094.628943275218 14.145162108025554
11419.421680558647 14.121058470459733
11753.722651306367 14.10049621014144
12097.810206889013 14.083128194132176
12451.97084735032 14.06860958585538
12816.499459957597 14.056599089874954
13191.699564735716 14.046760231271193
13577.883567189278 14.03876265349829
13975.373018422924 14.03228341707011
14384.498882876629 14.027008280305248
14805.6018138991 14.022632942598642
15239.032437388305 14.018864230434431
15685.151643735446 14.015421206572157
16144.330888316019 14.01203618365722
16616.952500776908 14.008455624803343
17103.41000337838 14.004440915610836
17604.108438655527 13.999768994455238
18119.46470667122 13.994232830744021
18649.907912142942 13.987641744089219
19195.87972173111 13.979821560882856
19757.834731786996 13.970614608521085
20336.2408468667 13.959879551320867
20931.579669325736 13.947491075965475
21544.346900318822 13.933339437910229
22175.052752539294 13.917329883497752
22824.222375040976 13.899381965384098
23492.396290496577 13.879428771339835
24180.13084525718 13.857416088169165
24887.998672586673 13.8333015236967
25616.589169457267 13.807053610134087
26366.508987303554 13.778650911844741
27138.3825371428 13.748081159521162
27932.85250948253 13.71534043106692
28750.580409448772 13.680432397185147
29592.247107579577 13.643367646823705
30458.55340674284 13.60416310430296
31350.220625651124 13.562841546349713
32267.991199458116 13.519431223431807
33212.62929793748 13.473965585839057
34184.92146175927 13.426483111118719
35185.677257392665 13.377027225772158
36215.72995118075 13.325646310684112
37275.93720314938 13.272393776822224
38367.18178112649 13.217328195186708
39490.37229576694 13.160513463059528
40646.44395709628 13.102018987287517
41836.359353200234 13.041919864691744
43061.10925171165 12.980297039626912
44321.713424760856 12.9172374194414
45619.221498074585 12.852833929733409
46954.71382493421 12.787185493197656
48329.30238571752 12.720396918054666
49744.13171377451 12.652578684744038
51200.37984840882 12.58384662253249
52699.259315756564 12.51432147077592
54242.01813838024 12.444128322834855
55829.94087441914 12.373395953755125
57464.34968715974 12.30225603594775
59146.605445917456 12.230842249916678
60878.108859147556 12.159289299649537
62660.30164072656 12.08773184448289
64494.667710376205 12.016303361164908
66382.73442923075 11.945134951200338
68326.07387157406 11.874354109642303
70326.30413380644 11.804083472163354
72385.09068173247 11.734439557397346
74504.14773728917 11.665531521586024
76685.2397058701 11.597459942130623
78930.18264543568 11.530315645994829
81240.84577862974 11.464178598125569
83619.15304916317 11.39911686416097
86067.08472376158 11.335185660361763
88586.67904100832 11.272426502888697
91180.03390845681 11.210866467076208
93849.3086494272 11.150517566410475
96596.72580093842 11.091376259611406
99424.57296427398 11.033423093100895
102335.20470972576 10.976622485053756
105331.04453709359 10.920922656199235
108414.5868935835 10.86625571125013
111588.3992507748 10.812537873905656
114855.12424239368 10.75966987725153
118217.48186466724 10.707537509939817
121678.27174109229 10.656012317625878
125240.3754535072 10.604952457484142
128906.75894140244 10.55420370217364
132680.47497147243 10.503600588241483
136564.66567946097 10.452967701972907
140562.56518642136 10.402121094062428
144677.5022915648 10.350869812369194
148912.90324394088 10.299017540408222
153272.2945952612 10.246364326684974
157759.30613623615 10.192708388587894
162377.67391887208 10.13784797223595
167131.2433672486 10.081583248209776
172023.97247935992 10.023718221389368
177059.9351226898 9.964062632008892
182243.32442626648 9.902433824135183
187578.45627201613 9.83865855717275
193069.77288832495 9.772574736125557
198721.84654880533 9.704033036762741
204539.38337933904 9.632898402806996
210527.22727657072 9.559051393841036
216690.3639411181 9.48238936459257
223033.9250288494 9.402827458949067
229563.19242369095 9.320299404839835
236283.6026355175 9.234758099461692
243200.7513267945 9.146175978246177
250320.39797173254 9.054545164132378
257648.47065183744 8.959877398390137
265191.0709918535 8.86220375725117
272954.4792402007 8.761574163003239
280945.1594981406 8.658056701234448
289169.76510202966 8.551736759213831
297635.14416313195 8.44271600298871
306348.3452696084 8.331111213267992
315316.62335543614 8.217053001495414
324547.44574113254 8.100684428947886
334048.4983513244 7.982159552287396
343827.6921143307 7.861641918820639
353893.1695490984 7.739303034532415
364253.3115449638 7.615320826906088
374916.74433988857 7.489878123181887
385892.3467029899 7.363161163116394
397189.25732733024 7.235358163240241
408816.88243912894 7.106657947596096
420784.9036297398 6.977248657482001
433103.2859169001 6.847316550651107
445782.28604197066 6.717044897717588
458832.461010084 6.586612981616805
472264.67688029545 6.456195203713511
486090.117813063 6.325960297919572
500320.2953825999 6.196070652795403
514967.0581618343 6.066681739616366
530042.6015879672 5.937941643259294
545559.4781168514 5.809990691402849
561530.6076746266 5.682961176800611
577969.2884153313 5.556977166425178
594889.2077934331 5.432154390932082
612304.4539605178 5.308600207393713
630229.5274956024 5.186413628227143
648679.3534788508 5.06568540908065
667669.2939187557 4.946498188480528
687215.1605431122 4.828926672503289
707333.2279644439 4.713037857627165
728040.2472308562 4.598891285632573
749353.4597735757 4.486539324578166
771290.6117627992 4.376027470331733
793869.9688838223 4.267394663806923
817110.3315457187 4.16067361917492
841031.0505352605 4.055891159053427
865652.0431290936 3.953068553112701
890993.8096776098 3.8522218567077453
917077.4506742931 3.7533622469444197
943924.6843247664 3.6564963537377695
971557.8646301847 3.561626583821758
1000000.0 3.4687514361001552
10.0 0.016483993173097518
10.292747724096083 0.01549780437271277
10.59406557118851 0.014336597236323818
10.904204429677526 0.012983363660337296
11.223422532664179 0.01142003763065344
11.551985672964793 0.009627498184785595
11.890167424419898 0.00758558345848411
12.238249369681931 0.005273117183452833
12.596521334671401 0.0026679490200280593
12.965281629896682 -0.0002529898888903412
13.344837298838383 -0.0035136147738993122
13.735504373605137 -0.007138597176726951
14.137608138073606 -0.011153255702636705
14.551483398731937 -0.015583426407065261
14.977474763452017 -0.020455311750305523
15.415936928422726 -0.025795307192043274
15.867234973483178 -0.03162980466625646
16.331744666101677 -0.037984972368646494
16.80985277425364 -0.0448865105108085
17.301957388458945 -0.052359382936309234
17.808468253246822 -0.06042752476117372
18.329807108324356 -0.06911352648080224
18.866408039732583 -0.07843829528041105
19.418717841282557 -0.08842069458748474
19.987196386572506 -0.09907716320102741
20.57231701189556 -0.11042131562767465
21.174566910357118 -0.12246352552758294
21.794447537529855 -0.13521049442345354
22.432475028984193 -0.14866480804447355
23.089180630041927 -0.1628244828534137
23.765111138110754 -0.1776825054369088
24.46082935796799 -0.19322636751702965
25.17691457037277 -0.2094375993689203
25.913963014396586 -0.22629130439720824
26.672588383874054 -0.24375569754587637
27.453422338387142 -0.261791650082331
28.257115029208283 -0.280352243132727
29.08433564064048 -0.29938233214485566
29.935772947204903 -0.3188181242470003
30.812135887140037 -0.33858677025667433
31.714154152689986 -0.3586059729028085
32.642578797673224 -0.37878361266439686
33.59818286283781 -0.3990173925272302
34.58176201952381 -0.41919450292343086
35.594135232168604 -0.4391913081749922
36.63614544020716 -0.45887305591275135
37.708660259934554 -0.478093611209049
38.81257270691538 -0.4966952175406757
39.9488019395417 -0.5145082872010479
41.118294024358306 -0.531351224401686
42.322022723792756 -0.5470302850296712
43.56099030694608 -0.5613394778652364
44.83622838411908 -0.5740605129734372
46.148798765769385 -0.5849628039667895
47.499794346614124 -0.5938035318501286
48.890340015614456 -0.6003277791859846
50.32159359259993 -0.6042687443168813
51.7947467923121 -0.6053480463215855
53.31102621667033 -0.6032761322195757
54.87169437608604 -0.5977527986315759
56.47805074067555 -0.588467840612677
58.131432822247135 -0.575101840654595
59.83321728796288 -0.5573271108501952
61.58482110660264 -0.5348088009048698
63.38770272838487 -0.507206183998765
65.24336329932625 -0.4741741314362588
67.15334791115141 -0.4353647855172015
69.11924688779365 -0.3904294381155187
71.14269710955735 -0.3390206200218487
73.22538337604533 -0.28079440321357746
75.36903980898542 -0.21541291484246802
77.57545129612417 -0.14254705791105945
79.84645497739086 -0.06187942937308997
82.18394177456803 0.02689257820484368
84.58985796574301 0.12405351018152265
87.06620680585127 0.2298664424390515
89.61505019466045 0.34456946211624406
92.23851039358476 0.4683720707490339
94.9387717927583 0.6014515491450324
97.71808272983904 0.7439493280894671
100.57875736205835 0.8959674133074436
103.52317759307378 1.0575649168528316
106.55379505623053 1.2287547500889442
109.67313315588179 1.4095005355376087
112.88378916846884 1.5997137959677628
116.18843640511002 1.7992514790501866
119.58982643749793 2.0079138746375684
123.09079138896018 2.2254429791818424
126.69424629259063 2.451521357925815
130.40319151841317 2.6857715503345863
134.2207152716012 2.9277560577930477
138.14999616383224 3.176977944972675
142.19430585991677 3.432882077607237
146.357011801908 3.6948570098450246
150.64158001295928 3.9622375240828616
155.05157798326255 4.234307815438503
159.5906776404731 4.510305302043166
164.26265840709303 4.789425031375822
169.071410347358 5.070824642190412
174.0209374062485 5.353629831468444
179.115360743323 5.636940266508506
184.3589221641488 5.919835873970732
189.75598765218504 6.201383430643761
195.3110510040631 6.480643375048915
201.02873757128856 6.756676754881694
206.913808111479 7.02855222280036
212.97116275234782 7.295352992247822
219.20584507173257 7.556183665828107
225.62304629706352 7.810176851220563
232.22810962777245 8.056499483597863
239.02653468423918 8.294358778913423
246.02398208697775 8.523007749073475
253.22627816987946 8.74175021774187
260.63941983143474 8.949945284132193
268.26957952797244 9.147011191438327
276.1231104130753 9.332428566303431
284.2065516274511 9.50574300574105
292.5266337436645 9.666566997986305
301.09028437025927 9.814581173677146
309.9046339199427 9.949534893371345
318.97702154663216 10.071246186529466
328.3150012563047 10.179601065594742
337.9263481967431 10.274552246554721
347.819065131413 10.356117314274845
358.00138910285807 10.424376376871427
368.48179829116765 10.479469258373348
379.26901907322497 10.521592282886479
390.37203328860926 10.550994706380129
401.8000857182091 10.567974854083854
413.5626917817706 10.572876022331418
425.66964546078714 10.566082203539768
438.13102745333055 10.548013691953399
450.9572135676145 10.519122625851471
464.15888336127773 10.47988851922713
477.7470290335773 10.430813832573392
491.73296457790156 10.372419628473084
506.1283352022219 10.305241353289064
520.9451270253212 10.229824781507157
536.1956770568817 10.146722154310575
551.892683469738 10.056488538866397
568.0492161728429 9.959678429706058
584.6787276937589 9.856842608553853
601.7950643797334 9.748525274118771
619.412477926676 9.635261448772857
637.5456372456507 9.517574664764263
656.2096406767555 9.395974928712462
675.4200285605586 9.270956959635985
695.1927961775606 9.142998692700644
715.5444070664574 9.012560038260196
736.4918067322965 8.88008188358805
758.0524367559261 8.745985322966568
780.2442493165045 8.610671100482223
803.0857221391512 8.474519248954074
826.5958738801812 8.337888907861537
850.7942799627444 8.201118302902215
875.7010888760508 8.064524869869118
901.3370389517438 7.928405505839564
927.7234756314059 7.7930369311857595
954.8823692395666 7.658676146611671
982.8363332770031 7.525560970243846
1011.6086432495807 7.393910640738186
1041.2232560483055 7.26392647337449
1071.7048298967104 7.135792557150974
1103.078744882215 7.009676481974475
1135.3711240885177 6.885730086104366
1168.608855346651 6.764090215068747
1202.8196136227775 6.644879484290751
1238.0318840613968 6.528207038644962
1274.2749857031336 6.41416930308509
1311.5790958968503 6.3028507193591565
1349.9752754264298 6.194324464625131
1389.4954943731375 6.088653148521078
1430.172658735088 5.985889485913345
1472.0406378260013 5.886076943147546
1515.134292476053 5.789250356164568
1559.4895040582815 5.6954365193124
1605.1432043647615 5.604654744096374
1652.1334063573702 5.516917387457825
1700.4992358187922 5.4322303494678446
1750.2809639301013 5.350593540562461
1801.520040802024 5.272001318641364
1854.2591299878522 5.196442896502568
1908.542144006686 5.12390272019449
1964.4142809066266 5.054360818945711
2021.9220618983536 4.987793127376272
2081.1133700903947 4.924171780712648
2142.037490358383 4.8634653837356545
2204.7451503814746 4.805639254165476
2269.288562880081 4.750655641175494
2335.7214690901214 4.698473919684934
2404.0991835099717 4.649050761069524
2474.47863995735 4.602340280892259
2546.91843897454 4.558294164268548
2621.478896621356 4.516861769473862
2698.222094696536 4.477990210450098
2777.211932429355 4.441624418916768
2858.5141796844714 4.4077071868909945
2942.196531724374 4.376179190540232
3028.3286655749457 4.3469789964478505
3116.9822980411436 4.320043051564551
3208.2312454210773 4.29530565834214
3302.1514849681753 4.272698936796681
3398.8212181526674 4.252152775530636
3498.320935775036 4.233594774041017
3600.73348498562 4.2169501789544634
3706.144138266228 4.202141817142581
3814.640664431178 4.189090028991188
3926.3134017068355 4.177712605386
4041.2553329506004 4.167924732251579
4159.562163071847 4.159638946712119
4281.332398719392 4.152765109119576
4406.667430301786 4.147210395319807
4535.671616408702 4.142879313565041
4668.45237070379 4.139673750441351
4805.1202513612425 4.13749305004488
4945.789053120639 4.136234130396504
5090.575902036681 4.1357916407340385
5239.601353002645 4.136058162852899
5392.98949012887 4.136924459085417
5550.868030059805 4.138279768797793
5713.36842831558 4.140012154484437
5880.625988746757 4.142008897612311
6052.779976193349 4.144156943361823
6229.973732441841 4.1463433923351785
6412.354795576917 4.148456036157359
6600.075022827095 4.1503839327359175
6793.290717006696 4.152018015777399
6992.162756659375 4.153251732019945
7196.856730011514 4.153981698581578
7407.543072847163 4.154108371841387
7624.397210419138 4.153536718448769
7847.5997035146065 4.152176878384103
8077.3363987967105 4.14994480954471
8313.798583547334 4.146762903070892
8557.183144940002 4.142560558675533
8807.692733975462 4.137274709478481
9065.53593421636 4.1308502864151455
9330.927435461663 4.123240613076934
9604.08821250538 4.114407722894805
9885.24570912827 4.1043225918471355
10174.634027476064 4.092965281345264
10472.494122981476 4.080324987553513
10779.074004992735 4.066399995132555
11094.628943275218 4.051197535162553
11419.421680558647 4.03473354878865
11753.722651306367 4.017032359841817
12097.810206889013 3.9981262613345994
12451.97084735032 3.978055022195265
12816.499459957597 3.956865321910598
13191.699564735716 3.9346101218166085
13577.883567189278 3.9113479826344832
13975.373018422924 3.887142338423806
14384.498882876629 3.8620607374770537
14805.6018138991 3.8361740607726467
15239.032437388305 3.8095557284512225
15685.151643735446 3.78228090445391
16144.330888316019 3.7544257088990878
16616.952500776908 3.7260664471271454
17103.41000337838 3.6972788635005847
17604.108438655527 3.668137427200737
18119.46470667122 3.6387146562952406
18649.907912142942 3.609080485427159
19195.87972173111 3.5793016815122547
19757.834731786996 3.5494413109382075
20336.2408468667 3.519558260919358
20931.579669325736 3.4897068168552114
21544.346900318822 3.4599362968816556
22175.052752539294 3.430290744173415
22824.222375040976 3.4008086770452244
23492.396290496577 3.3715228964732256
24180.13084525718 3.342460350309045
24887.998672586673 3.3136420531682984
25616.589169457267 3.2850830607826347
26366.508987303554 3.2567924974052858
27138.3825371428 3.228773634746063
27932.85250948253 3.201024020782776
28750.580409448772 3.173535656686629
29592.247107579577 3.1462952199748435
30458.55340674284 3.119284331879804
31350.220625651124 3.092479866721485
32267.991199458116 3.0658543009146033
33212.62929793748 3.0393760989568515
34184.92146175927 3.01301013347232
35185.677257392665 2.986718136063891
36215.72995118075 2.9604591753723692
37275.93720314938 2.93419015832695
38367.18178112649 2.907866350212353
39490.37229576694 2.8814419087409173
40646.44395709628 2.8548704269574903
41836.359353200234 2.8281054794511955
43061.10925171165 2.801101166035348
44321.713424760856 2.7738126468732758
45619.221498074585 2.746196662847874
46954.71382493421 2.718212034983343
48329.30238571752 2.689820136811825
49744.13171377451 2.6609853337840925
51200.37984840882 2.631675384209986
52699.259315756564 2.601861796679058
54242.01813838024 2.5715201395407905
55829.94087441914 2.5406302987594103
57464.34968715974 2.5091766812861245
59146.605445917456 2.477148362014112
60878.108859147556 2.444539173354492
62660.30164072656 2.4113477374513534
64494.667710376205 2.3775774420778624
66382.73442923075 2.343236362207284
68326.07387157406 2.3083371301678333
70326.30413380644 2.2728967581073416
72385.09068173247 2.2369364172490487
74504.14773728917 2.2004811789648264
76685.2397058701 2.1635597231965726
78930.18264543568 2.126204020056721
81240.84577862974 2.0884489905991668
83619.15304916317 2.05033215278879
86067.08472376158 2.011893258564146
88586.67904100832 1.9731739276876266
91180.03390845681 1.9342172836661569
93849.3086494272 1.895067596641569
96596.72580093842 1.855769937602354
99424.57296427398 1.8163698476917738
102335.20470972576 1.776913025811376
105331.04453709359 1.7374450370630106
108414.5868935835 1.6980110439889131
111588.3992507748 1.6586555619341394
114855.12424239368 1.6194222393238324
118217.48186466724 1.5803536630909896
121678.27174109229 1.5414911890327194
125240.3754535072 1.502874796444847
128906.75894140244 1.464542966034312
132680.47497147243 1.4265325798096724
136564.66567946097 1.3888788414153186
140562.56518642136 1.351615215206243
144677.5022915648 1.314773382247319
148912.90324394088 1.2783832113599691
153272.2945952612 1.2424727433242622
157759.30613623615 1.2070681863899426
162377.67391887208 1.1721939213174375
167131.2433672486 1.1378725142680868
172023.97247935992 1.1041247360167952
177059.9351226898 1.0709695860931425
182243.32442626648 1.0384243206450183
187578.45627201613 1.0065044829981982
193069.77288832495 0.975223936057568
198721.84654880533 0.9445948958989953
204539.38337933904 0.9146279660804765
210527.22727657072 0.885332172349039
216690.3639411181 0.8567149976252372
223033.9250288494 0.8287824172278085
229563.19242369095 0.801538934482889
236283.6026355175 0.7749876169060945
243200.7513267945 0.7491301332718041
250320.39797173254 0.7239667918876247
257648.47065183744 0.699496580452829
265191.0709918535 0.6757172078586883
272954.4792402007 0.6526251482781815
280945.1594981406 0.6302156878439916
289169.76510202966 0.6084829741548667
297635.14416313195 0.5874200687760952
306348.3452696084 0.5670190028169472
315316.62335543614 0.5472708355614349
324547.44574113254 0.5281657160548652
334048.4983513244 0.5096929474346993
343827.6921143307 0.4918410537142253
353893.1695490984 0.47459784864468685
364253.3115449638 0.4579505062113112
374916.74433988857 0.441885632258716
385892.3467029899 0.42638933670155804
397189.25732733024 0.41144730575303157
408816.88243912894 0.39704487358310936
420784.9036297398 0.383167092837202
433103.2859169001 0.36979880345047905
445782.28604197066 0.3569246992407017
458832.461010084 0.3445293917911937
472264.67688029545 0.33259747120216826
486090.117813063 0.321113563338209
500320.2953825999 0.3100623832688642
514967.0581618343 0.2994287846658877
530042.6015879672 0.2891978049892175
545559.4781168514 0.27935470635361404
561530.6076746266 0.2698850120408814
577969.2884153313 0.26077453867159217
594889.2077934331 0.2520094241098485
612304.4539605178 0.24357615121663045
630229.5274956024 0.2354615676147155
648679.3534788508 0.22765290165407226
667669.2939187557 0.22013777479667845
687215.1605431122 0.21290421066687237
707333.2279644439 0.20594064101202045
728040.2472308562 0.19923590884573616
749353.4597735757 0.19277926903280704
771290.6117627992 0.1865603865867728
793869.9688838223 0.18056933293425578
817110.3315457187 0.1747965804055772
841031.0505352605 0.16923299518446594
865652.0431290936 0.16386982895316116
890993.8096776098 0.15869870944066752
917077.4506742931 0.15371163007625077
943924.6843247664 0.14890093892881615
971557.8646301847 0.14425932709841852
1000000.0 0.13977981671151174
