10.0 -16.654509609788605
10.53310445370937 -13.156080774664114
11.094628943275218 -4.1203262237050415
11.686088553466515 -19.336602749426845
12.309079138896024 -23.150097454652588
12.965281629896682 -8.133825196407606
13.65646656794611 -11.766254347828975
14.38449888287663 -8.226129824622703
15.15134292476053 -3.630483369500687
15.95906776404731 -19.01930128740869
16.80985277425364 -12.501076065131445
17.70599351226899 -8.432870728111835
18.64990791214297 -16.974011878562962
19.644142809066278 -6.283208466643602
20.6913808111479 -37.16181763226456
21.794447537529855 -18.1114614689492
22.956319242369098 -20.70163235117719
24.180130845257207 -21.966004372796256
25.4691843897454 -16.078086562829455
26.826957952797258 -18.98313661307738
28.257115029208283 -24.360207865026794
29.76351441631318 -34.729457663493186
31.350220625651154 -4.7174834787332625
33.02151484968176 -12.772870630626258
34.7819065131413 -13.200122427878991
36.63614544020716 -19.691589501855567
38.58923467029903 0.9369795864148958
40.646443957096295 -16.266159508313237
42.81332398719393 -5.014664914962916
45.095721356761466 -39.22963385173568
47.499794346614124 -31.535686150591435
50.03202953826004 -12.664553922066013
52.699259315756564 -9.658035869098944
55.50868030059805 -44.660156085433556
58.467872769375894 -15.435867376393475
61.58482110660264 -18.348261779776532
64.86793534788511 -19.326788897775828
68.32607387157402 -9.935903774745602
71.96856730011521 -31.808793876383902
75.8052436755926 -17.483237798719053
79.84645497739086 -10.998620802663904
84.10310505352605 -25.25967980165108
88.58667904100822 -10.96963290061434
93.30927435461668 -22.36011550191339
98.28363332770026 -18.818621719893102
103.52317759307378 -20.99187457441808
109.04204429677526 -10.250377836198767
114.8551242423938 -28.444246339471675
120.97810206889012 -7.310246270002891
127.42749857031335 -25.61485302060038
134.2207152716012 -16.3836832596552
141.37608138073614 -20.87428764416241
148.91290324394086 -21.803065042261608
156.85151643735477 -21.212011524183247
165.213340635737 -22.171665794411265
174.0209374062485 -21.447922999960536
183.29807108324357 -22.41220493166707
193.06977288832496 -19.14098055697454
203.36240846866724 -17.047792392901474
214.2037490358383 -25.153641342255177
225.62304629706352 -28.689902907078924
237.65111138110728 -20.840921980460514
250.32039797173255 -24.31740380414867
263.6650898730358 -24.211313393255395
277.7211932429355 -21.59979145023668
292.5266337436645 -25.245412861590424
308.1213588714002 -22.804314486287595
324.54744574113323 -19.213750785788303
341.84921461759274 -19.230788071758727
360.073348498562 -27.668283749357162
379.26901907322497 -21.000335832266998
399.48801939541704 -4.625766462593392
420.78490362974026 -26.575301747223484
443.21713424760856 -18.85560222231813
466.84523707037897 -23.02453766588133
491.73296457790156 -4.638590405353728
517.9474679231213 -32.287492139466075
545.5594781168514 -22.604203238021555
574.6434968715973 -8.90502132318415
605.2779976193349 -25.91838274195672
637.5456372456507 -30.636768705737406
671.5334791115142 -24.43450843332595
707.3332279644438 -22.654159597547817
745.0414773728917 -15.593228877883586
784.7599703514607 -25.1010877339024
826.5958738801812 -20.39106123356766
870.6620680585127 -29.494177771924907
917.0774506742931 -29.539738279679568
965.9672580093833 -22.748333907043666
1017.4634027476063 -30.556469162568163
1071.7048298967104 -31.4825096829711
1128.8378916846884 -27.70145065270786
1189.01674244199 -31.208792940836638
1252.4037545350732 -28.164777217159095
1319.1699564735716 -33.18333640658099
1389.4954943731375 -32.21406157540927
1463.5701180190797 -26.935057520332634
1541.5936928422718 -46.11730084678661
1623.776739188721 -18.561968602409042
1710.3410003378397 -35.70482227014287
1801.520040802024 -24.038446991676135
1897.5598765218504 -31.76378083628243
1998.7196386572507 -33.65806587167982
2105.272272765707 -37.24170564971628
2217.505275253932 -33.35817722279447
2335.7214690901214 -37.75103970656586
2460.239820869775 -50.817867639959495
2591.3963014396572 -32.78959191926689
2729.5447924020073 -32.97212311686975
2875.0580409448803 -9.965563488878473
3028.3286655749457 -37.38689548198518
3189.7702154663216 -45.730682850305044
3359.818286283781 -46.80242754504764
3538.9316954909877 -40.63937041291047
3727.593720314938 -43.79107395035899
3926.3134017068355 -41.94743311361718
4135.626917817706 -37.104511697901444
4356.099030694608 -44.61896500006589
4588.324610100844 -40.809755434465906
4832.930238571752 -39.82510488221776
5090.575902036681 -48.20968405852984
5361.956770568817 -49.478468495257
5647.805074067552 -44.14253013054913
5948.892077934331 -26.2944304953512
6266.030164072656 -47.33913837980112
6600.075022827095 -35.07965090391679
6951.927961775606 -46.80343442833164
7322.538337604534 -45.2144617236373
7712.906117627992 -45.03447608615143
8124.0845778629655 -45.22783963040371
8557.183144940002 -40.45881147104117
9013.37038951743 -44.32056252248142
9493.87717927582 -44.193089810063604
10000.0 -48.20614150112327
10533.104453709382 -36.22788845124116
11094.628943275218 -43.08856100253933
11686.088553466498 -47.37018807495642
12309.079138896019 -40.06492453514173
12965.281629896688 -46.959462945601835
13656.466567946096 -45.90753753837306
14384.498882876629 -35.23606276402667
15151.342924760515 -38.939620189101184
15959.06776404731 -47.06771336027525
16809.852774253653 -52.90933303876202
17705.99351226898 -41.89713024958051
18649.907912142942 -49.27581657624327
19644.142809066267 -45.76462909055895
20691.3808111479 -40.152283373969354
21794.447537529835 -36.48590550134597
22956.319242369096 -42.481997676501805
24180.13084525718 -47.37065347778479
25469.184389745402 -43.97935088651029
26826.957952797275 -52.34794060749063
28257.115029208268 -33.349678091111535
29763.51441631313 -50.12065194515358
31350.220625651124 -21.616435958518995
33021.51484968176 -27.761734866956495
34781.90651314134 -45.901476099152696
36636.14544020716 -39.35572838992486
38589.23467029899 -34.79775038916908
40646.44395709628 -36.92563923769712
42813.32398719396 -36.13148765339544
45095.721356761445 -52.221531536943445
47499.79434661403 -53.4116486503341
50032.029538259994 -69.2889132075205
52699.259315756564 -53.61973895185657
55508.680300598106 -51.06229682299298
58467.87276937589 -50.32125459840916
61584.82110660255 -53.8886594961155
64867.935347885075 -53.618668088532274
68326.07387157406 -50.92892488762427
71968.56730011514 -44.52467238785468
75805.24367559262 -52.95822052798183
79846.45497739078 -62.202548373242735
84103.10505352604 -59.11300317951934
88586.67904100832 -58.20944212357048
93309.27435461663 -45.22102255278601
98283.63332770011 -55.92754739162434
103523.17759307378 -46.67016681608199
109042.04429677526 -57.61236493716362
114855.12424239368 -47.78026964148273
120978.10206889013 -57.78883151143613
127427.49857031321 -66.79104005925993
134220.7152716012 -65.38247333850677
141376.08138073614 -17.062321807263217
148912.90324394088 -65.84555734527147
156851.5164373548 -71.60409490085621
165213.34063573685 -61.82006204101139
174020.9374062485 -69.22504355765817
183298.07108324338 -70.14005091925124
193069.77288832495 -64.61895571293861
203362.40846866704 -62.2204979303111
214203.74903583832 -64.28826895417457
225623.04629706353 -65.62897826667304
237651.11138110727 -68.76800968589936
250320.39797173254 -65.72391194185852
263665.08987303555 -67.04016039433273
277721.1932429355 -63.330285086257085
292526.6337436642 -64.18529781206998
308121.35887140024 -57.29593486356979
324547.44574113254 -79.410929854611
341849.21461759275 -63.91410992607796
360073.348498562 -72.52149789773149
379269.0190732246 -67.22633948461001
399488.019395417 -70.13724258355398
420784.9036297398 -72.88486460832813
443217.13424760854 -71.09139562710668
466845.2370703785 -73.1579829908039
491732.9645779016 -65.70196829387459
517947.46792312124 -76.13824731400734
545559.4781168514 -72.66247988707897
574643.4968715974 -71.3515748475216
605277.9976193343 -72.89615783608599
637545.6372456506 -91.03996973427374
671533.4791115135 -68.40382288581209
707333.2279644439 -68.63893594824209
745041.4773728917 -73.51329239320962
784759.9703514606 -67.49736296923041
826595.8738801812 -77.63192177560748
870662.0680585118 -74.89951474967559
917077.4506742931 -75.14377028487529
965967.2580093823 -71.91083415354117
1017463.4027476063 -76.316050032835
1071704.8298967092 -74.37860059679335
1128837.8916846884 -61.85111174369786
1189016.74244199 -80.06917652252699
1252403.7545350718 -83.00722949011802
1319169.9564735717 -82.18346063921854
1389495.494373136 -79.88772317698734
1463570.1180190798 -81.01783420652261
1541593.6928422702 -82.22950523516806
1623776.739188721 -83.52961409814762
1710341.0003378377 -84.38584482735563
1801520.0408020238 -85.37511125235669
1897559.8765218505 -87.57572264913826
1998719.6386572486 -92.06723280430299
2105272.272765707 -78.03521089327566
2217505.2752539297 -82.24015147189427
2335721.4690901213 -86.05599617290083
2460239.8208697727 -85.19970064175858
2591396.3014396573 -84.51479490674585
2729544.792402007 -81.4052386153408
2875058.040944877 -87.43680050534954
3028328.6655749455 -88.45842416643501
3189770.215466318 -91.33660271816042
3359818.286283781 -90.98276382653849
3538931.6954909842 -96.5335654349664
3727593.720314938 -86.39796516467922
3926313.4017068394 -88.88970673116725
4135626.917817706 -90.00986324079265
4356099.030694608 -93.38527530150225
4588324.61010084 -59.62136607778129
4832930.238571752 -91.32798341398342
5090575.902036676 -94.27822888612849
5361956.770568817 -91.96961702556595
5647805.074067546 -97.62851174253674
5948892.077934331 -84.93848432597842
6266030.164072656 -92.73190699591851
6600075.022827089 -86.9572896962141
6951927.961775606 -97.24498556156603
7322538.337604526 -111.5668510482922
7712906.117627992 -125.64225534092674
8124084.5778629575 -92.01472663805085
8557183.144940002 -102.05686026176937
9013370.38951742 -86.58046593619304
9493877.17927582 -95.42118115847035
10000000.0 -95.9236305170461
10533104.45370936 -97.92540809961093
11094628.943275219 -89.64793276331906
11686088.553466497 -114.84523873939969
12309079.138896018 -97.13574198549581
12965281.629896663 -103.08070639126345
13656466.567946097 -96.29623434643405
14384498.882876629 -98.71057385607156
15151342.924760515 -99.97065402483042
15959067.76404731 -98.35689005857661
16809852.774253618 -97.76420735808404
17705993.51226898 -112.32770669149943
18649907.912142944 -102.42069814883124
19644142.809066266 -103.88843438132358
20691380.811147902 -100.01090632695075
21794447.537529834 -107.79809997948516
22956319.242369097 -106.7880143798436
24180130.84525718 -108.78379189388488
25469184.3897454 -119.57322910080649
26826957.95279722 -109.22159799436507
28257115.02920827 -104.33541779760247
29763514.41631313 -98.83710676417277
31350220.62565112 -104.45627003848487
33021514.849681754 -107.42035123929796
34781906.51314127 -106.42911897918586
36636145.44020716 -112.64021238676267
38589234.67029899 -104.58911840425748
40646443.95709628 -108.96407355946809
42813323.98719387 -117.28653800592106
45095721.35676145 -110.48727287450808
47499794.346614026 -128.57736519205585
50032029.53825999 -111.68114139425931
52699259.31575657 -107.28542954720113
55508680.300597996 -127.11321654401192
58467872.7693759 -116.09654267169259
61584821.10660254 -101.64624889141349
64867935.34788508 -115.4637746754686
68326073.87157391 -115.1733540058697
71968567.30011514 -133.6546969328881
75805243.67559262 -102.43586366716787
79846454.97739078 -119.47208206494514
84103105.05352604 -118.86644286040344
88586679.04100814 -119.15602302277892
93309274.35461664 -127.06067884168134
98283633.32770011 -117.93324913498122
103523177.59307377 -119.51941625653234
109042044.29677527 -123.25853422547871
114855124.24239345 -117.81643489748447
120978102.06889038 -115.56619056995247
127427498.57031322 -121.67268595907531
134220715.2716012 -127.2820878946402
141376081.38073614 -118.7468658376926
148912903.24394056 -119.6932767828439
156851516.43735445 -116.41802293768245
165213340.63573685 -121.34120725781901
174020937.40624848 -119.37147358286424
183298071.08324376 -126.13610710524918
193069772.88832456 -124.33826879696946
203362408.46866703 -120.72864454309197
214203749.0358383 -123.47917909474461
225623046.2970626 -112.25387718910395
237651111.38110778 -127.40532634171016
250320397.97173202 -124.91323261822949
263665089.87303555 -120.2877198322389
277721193.2429355 -143.91472050624506
292526633.74366355 -129.01225871988584
308121358.87140083 -123.26658348594444
324547445.74113256 -120.66549009477251
341849214.6175927 -130.95157886849643
360073348.49856204 -124.13671780191115
379269019.0732238 -122.91033587150591
399488019.39541787 -147.07362383876426
420784903.6297398 -132.70684937507787
443217134.24760854 -119.69300514299496
466845237.07037944 -136.9565426487787
491732964.5779006 -128.53032716428376
517947467.9231202 -136.66852691053936
545559478.1168514 -131.18134265896506
574643496.8715974 -132.5924310096393
605277997.6193355 -106.74985705703541
637545637.2456493 -131.02257289856183
671533479.1115135 -134.16936997753805
707333227.9644439 -133.2858752543965
745041477.3728887 -134.93344253837083
784759970.3514622 -139.04736041108234
826595873.8801795 -139.18544841525548
870662068.0585117 -136.7866168914257
917077450.674293 -135.98496306866434
965967258.0093802 -133.67625702720636
1017463402.7476043 -141.13300144794167
1071704829.8967092 -137.13984542415272
1128837891.6846883 -136.82322708708838
1189016742.44199 -138.17732370703038
1252403754.5350692 -145.45993660231187
1319169956.473569 -137.6305159334296
1389495494.373136 -146.13515169745253
1463570118.0190797 -133.57481703536521
1541593692.8422735 -139.07744519796333
1623776739.1887176 -139.25856014519707
1710341000.337838 -141.2116601723394
1801520040.802024 -143.8458547190626
1897559876.5218503 -140.4437006695103
1998719638.6572526 -140.90528204103086
2105272272.7657027 -144.5227523310872
2217505275.2539296 -144.11988425058323
2335721469.0901213 -162.41195902160115
2460239820.8697777 -87.01120498131951
2591396301.439652 -146.90378980673302
2729544792.402002 -151.62276545186987
2875058040.944877 -148.7568159939043
3028328665.5749454 -157.4214211189112
3189770215.466325 -149.66498901977667
3359818286.2837744 -150.0678027627574
3538931695.4909844 -153.0291817070457
3727593720.314938 -155.50821437768042
3926313401.7068396 -147.86080267276486
4135626917.8176975 -138.4031135649524
4356099030.694599 -149.84256833477173
4588324610.100841 -157.53147223755371
4832930238.571753 -168.72774776547385
5090575902.036687 -153.3859545675718
5361956770.568806 -159.240634986338
5647805074.067546 -150.73912271024545
5948892077.934331 -149.7613417567845
6266030164.072656 -148.42011293611395
6600075022.827075 -161.28486814381776
6951927961.775591 -155.3462656338809
7322538337.6045265 -156.10471434855714
7712906117.627993 -157.8740048590961
8124084577.862974 -156.30858268398202
8557183144.939984 -173.69016711752113
9013370389.51742 -159.7020903663459
9493877179.27582 -160.35874008163313
10000000000.0 -160.56766532066686
