10.0 2.033307808281715e-15
10.292747724096083 1.4386673618160634e-15
10.59406557118851 -4.689957357389614e-15
10.904204429677526 -3.734980800000249e-15
11.223422532664179 -3.905532580147819e-15
11.551985672964793 -2.4990085895076248e-15
11.890167424419898 5.855977485028128e-15
12.238249369681931 -2.617310698412962e-15
12.596521334671401 -1.4103806916235607e-15
12.965281629896682 -4.9859377684136555e-15
13.344837298838383 2.4616207825793253e-15
13.735504373605137 3.886275684973505e-15
14.137608138073606 -4.286837676137012e-15
14.551483398731937 2.9106445036595745e-15
14.977474763452017 2.5463850147835216e-17
15.415936928422726 -5.0563490284753776e-15
15.867234973483178 6.598415673486388e-15
16.331744666101677 -3.0482498504447115e-15
16.80985277425364 3.082229129587767e-15
17.301957388458945 1.4565374447749465e-15
17.808468253246822 -9.531070337896996e-15
18.329807108324356 -3.598844404249453e-15
18.866408039732583 1.796777061082138e-15
19.418717841282557 -3.800474434113225e-16
19.987196386572506 -4.688849705400647e-15
20.57231701189556 5.12354129858406e-15
21.174566910357118 6.987359031437168e-15
21.794447537529855 -7.443064251648271e-15
22.432475028984193 -5.005240853799637e-15
23.089180630041927 -6.938410702697252e-16
23.765111138110754 -3.883603683620677e-15
24.46082935796799 1.6958642295206224e-15
25.17691457037277 -1.0137994199399822e-14
25.913963014396586 -2.5112006879332445e-15
26.672588383874054 -9.769597833176038e-15
27.453422338387142 4.097881867390241e-15
28.257115029208283 -2.3287328783188393e-15
29.08433564064048 3.786845742175826e-15
29.935772947204903 1.822519114826345e-15
30.812135887140037 4.229031597392923e-16
31.714154152689986 3.3627508815554234e-15
32.642578797673224 4.4078150821156803e-16
33.59818286283781 -1.178167293536103e-15
34.58176201952381 3.73383354511779e-15
35.594135232168604 4.6049275922639055e-15
36.63614544020716 -3.750168702247537e-15
37.708660259934554 8.572995683082955e-15
38.81257270691538 2.244803431334766e-15
39.9488019395417 -7.082000483789057e-15
41.118294024358306 -7.140810440248115e-16
42.322022723792756 -7.059688254717712e-15
43.56099030694608 2.516768268485096e-15
44.83622838411908 -1.5477860084138697e-15
46.148798765769385 3.2080657258675533e-16
47.499794346614124 4.774382861986085e-15
48.890340015614456 3.903402580261345e-15
50.32159359259993 8.579143702143745e-15
51.7947467923121 -8.750110729362153e-16
53.31102621667033 -5.401285654998839e-15
54.87169437608604 -1.0118799443679942e-14
56.47805074067555 2.1510105389334767e-15
58.131432822247135 -7.433911244288445e-16
59.83321728796288 4.614895798546315e-15
61.58482110660264 1.3670869647158015e-15
63.38770272838487 2.7491262599217947e-15
65.24336329932625 -1.3471216660253628e-15
67.15334791115141 -5.870255554926014e-16
69.11924688779365 -3.232367430069728e-15
71.14269710955735 9.993766399816677e-15
73.22538337604533 -2.273993189169445e-15
75.36903980898542 -1.6604150830071699e-15
77.57545129612417 -1.830880436994059e-15
79.84645497739086 -9.850550869521126e-15
82.18394177456803 -4.681290777001842e-15
84.58985796574301 -6.07270599403524e-15
87.06620680585127 1.289937008174399e-15
89.61505019466045 -8.401431847907551e-15
92.23851039358476 1.1016201806738926e-16
94.9387717927583 3.5237098154163153e-15
97.71808272983904 2.9980414012179668e-15
100.57875736205835 8.850254938141874e-15
103.52317759307378 -2.543634725235744e-15
106.55379505623053 -4.2445690812334176e-15
109.67313315588179 3.4208305740743505e-15
112.88378916846884 -8.316107163168736e-16
116.18843640511002 3.7633525570145064e-15
119.58982643749793 1.138627055249682e-14
123.09079138896018 2.4218405283260398e-15
126.69424629259063 -3.210613610792108e-15
130.40319151841317 -3.53501499917521e-15
134.2207152716012 1.5476193077943055e-15
138.14999616383224 1.037038229067895e-15
142.19430585991677 1.6529220031300584e-15
146.357011801908 7.863361663440813e-16
150.64158001295928 -3.464171572492868e-15
155.05157798326255 -3.369093294698011e-15
159.5906776404731 -1.2964208924986924e-15
164.26265840709303 -6.204339863805648e-15
169.071410347358 -1.1465911583014952e-14
174.0209374062485 -7.769465296935225e-15
179.115360743323 7.402253826761918e-15
184.3589221641488 6.09104741543784e-15
189.75598765218504 -9.834404170222367e-15
195.3110510040631 -1.9316727398487458e-15
201.02873757128856 8.203678057281557e-15
206.913808111479 8.495699571181955e-15
212.97116275234782 -3.5104095419887742e-15
219.20584507173257 -1.4608383560458808e-15
225.62304629706352 -8.671734716981065e-15
232.22810962777245 7.696150914725444e-15
239.02653468423918 -1.8867250651609212e-15
246.02398208697775 1.3029344408744255e-14
253.22627816987946 -2.6958512155950315e-15
260.63941983143474 6.354644878460442e-15
268.26957952797244 1.2889036355456604e-15
276.1231104130753 -5.0159538409677965e-15
284.2065516274511 -1.113976144729597e-14
292.5266337436645 -1.7030670120397447e-15
301.09028437025927 -9.38743955435928e-17
309.9046339199427 -3.4084064146627024e-15
318.97702154663216 1.9635397156152042e-15
328.3150012563047 -7.928218717997596e-15
337.9263481967431 -5.477168692002638e-15
347.819065131413 8.109915591934076e-15
358.00138910285807 -1.6952730984467304e-15
368.48179829116765 8.446897673271999e-16
379.26901907322497 -9.66392725570931e-15
390.37203328860926 5.349688032764688e-15
401.8000857182091 -7.122270940621003e-15
413.5626917817706 1.7532211449969908e-15
425.66964546078714 4.175994988654004e-15
438.13102745333055 -2.19783211555692e-15
450.9572135676145 -1.5819110710889325e-15
464.15888336127773 -7.053760561168502e-16
477.7470290335773 1.8027422679817686e-15
491.73296457790156 -8.452482565072537e-15
506.1283352022219 4.592897193096887e-15
520.9451270253212 -6.382081825092816e-16
536.1956770568817 1.1206916681362046e-14
551.892683469738 2.918360822973504e-15
568.0492161728429 -3.3499510696372184e-15
584.6787276937589 -8.527226552931248e-15
601.7950643797334 -9.073279105042515e-15
619.412477926676 -1.097863749684745e-14
637.5456372456507 6.89989561917634e-15
656.2096406767555 -4.100939285457947e-15
675.4200285605586 3.47115920339635e-15
695.1927961775606 -4.458987952392396e-15
715.5444070664574 1.5950173873525821e-15
736.4918067322965 -2.6846817147444155e-15
758.0524367559261 -6.062484570246172e-15
780.2442493165045 7.56797552825621e-15
803.0857221391512 -8.094473657350755e-16
826.5958738801812 -3.447092786086737e-15
850.7942799627444 7.581356858035102e-16
875.7010888760508 3.661444491079081e-15
901.3370389517438 -8.310128460186153e-16
927.7234756314059 7.088430496597563e-15
954.8823692395666 -2.4802145868241234e-15
982.8363332770031 -6.747896382497633e-16
1011.6086432495807 2.6637805358725334e-15
1041.2232560483055 -8.152486278119599e-16
1071.7048298967104 -4.307570082480973e-15
1103.078744882215 3.629055004433972e-15
1135.3711240885177 -1.2617598967814879e-16
1168.608855346651 -2.217845532316142e-15
1202.8196136227775 -1.425962560550133e-16
1238.0318840613968 -2.9275061079771282e-16
1274.2749857031336 2.7572507205446846e-16
1311.5790958968503 -9.129279796666236e-16
1349.9752754264298 8.993783187783356e-16
1389.4954943731375 3.579338593218198e-15
1430.172658735088 -1.507242990035492e-16
1472.0406378260013 3.41961059223901e-15
1515.134292476053 7.247605503146453e-15
1559.4895040582815 -2.4966809486660734e-16
1605.1432043647615 -8.255458277831135e-16
1652.1334063573702 3.416722608898582e-16
1700.4992358187922 5.569907454404468e-16
1750.2809639301013 -1.4859819640031176e-15
1801.520040802024 -6.867291387678813e-16
1854.2591299878522 -3.30898247895745e-15
1908.542144006686 8.079841027767352e-16
1964.4142809066266 -1.1321814230238763e-15
2021.9220618983536 4.738144578551709e-15
2081.1133700903947 -2.9782420789196325e-16
2142.037490358383 1.7354145105702647e-15
2204.7451503814746 -4.321198702251311e-15
2269.288562880081 6.836760197872402e-17
2335.7214690901214 2.304592596953103e-15
2404.0991835099717 -3.765564156841004e-15
2474.47863995735 -2.281685215083082e-15
2546.91843897454 -6.064839756858334e-15
2621.478896621356 -6.160980924809858e-15
2698.222094696536 -5.06398148018946e-16
2777.211932429355 7.8091229708754e-16
2858.5141796844714 -1.8246282017695157e-15
2942.196531724374 5.077745868701539e-15
3028.3286655749457 2.6345483456533252e-15
3116.9822980411436 -3.927149502882828e-15
3208.2312454210773 -1.2859444490811176e-15
3302.1514849681753 -3.0936890696607975e-15
3398.8212181526674 -6.364502251000628e-16
3498.320935775036 3.529138206282616e-16
3600.73348498562 7.334910080175381e-15
3706.144138266228 4.46066398681287e-15
3814.640664431178 4.783525466085091e-15
3926.3134017068355 2.804570429198536e-15
4041.2553329506004 1.8474184148884892e-15
4159.562163071847 -4.536133513901447e-15
4281.332398719392 -5.182152372162345e-15
4406.667430301786 -3.646707142750736e-15
4535.671616408702 8.344419362088467e-15
4668.45237070379 1.4614202512989884e-15
4805.1202513612425 7.225868415115544e-16
4945.789053120639 -2.3541919688025255e-15
5090.575902036681 -2.4634561882879773e-15
5239.601353002645 1.7701381037347317e-15
5392.98949012887 -5.942775562695682e-15
5550.868030059805 -7.487313672632295e-15
5713.36842831558 2.538066056037068e-15
5880.625988746757 -5.029053308262495e-16
6052.779976193349 -3.47280492873128e-15
6229.973732441841 1.3441657756240036e-15
6412.354795576917 1.163482912462718e-14
6600.075022827095 6.678256113815687e-16
6793.290717006696 1.949844704620917e-15
6992.162756659375 -5.2629358202759375e-15
7196.856730011514 2.6188051623169308e-15
7407.543072847163 1.822784913758907e-15
7624.397210419138 8.677300096952186e-15
7847.5997035146065 4.093991539847252e-17
8077.3363987967105 -5.6707416363494594e-15
8313.798583547334 -8.736127388380476e-15
8557.183144940002 4.924884815205741e-16
8807.692733975462 -1.9790406384724996e-16
9065.53593421636 -2.6005450518109353e-15
9330.927435461663 -1.1742690634603504e-15
9604.08821250538 -4.980428222841588e-16
9885.24570912827 4.5563037261602594e-15
10174.634027476064 4.3612020081174674e-15
10472.494122981476 -7.396950396101188e-15
10779.074004992735 -8.187151221524536e-15
11094.628943275218 2.2345419861151983e-15
11419.421680558647 6.050965563832095e-15
11753.722651306367 -7.31636295916758e-15
12097.810206889013 2.209081783656008e-15
12451.97084735032 -4.734527871297986e-15
12816.499459957597 5.417081257845557e-15
13191.699564735716 -8.8214242949905e-17
13577.883567189278 -4.869334948663037e-16
13975.373018422924 5.106898606360668e-15
14384.498882876629 -1.184290902452077e-14
14805.6018138991 -2.7148676589342835e-15
15239.032437388305 -4.6067372034101945e-15
15685.151643735446 6.608896605148581e-15
16144.330888316019 -5.182718651848396e-15
16616.952500776908 3.4289741559297623e-15
17103.41000337838 -1.9291986197621274e-15
17604.108438655527 -1.4442033600601973e-15
18119.46470667122 -1.0092362863019125e-15
18649.907912142942 -7.878735099434858e-15
19195.87972173111 -5.849360590687242e-15
19757.834731786996 5.526069260259406e-15
20336.2408468667 -4.1810129762071204e-15
20931.579669325736 7.79228040921037e-15
21544.346900318822 -4.975800572733382e-16
22175.052752539294 -1.3970956189813117e-15
22824.222375040976 -5.307908362459126e-15
23492.396290496577 -3.5167805710409314e-15
24180.13084525718 -8.2254531059467745e-16
24887.998672586673 1.954913173553814e-15
25616.589169457267 -6.096357927564014e-16
26366.508987303554 2.6263976125330476e-15
27138.3825371428 9.549605747591343e-16
27932.85250948253 1.5838825397543228e-15
28750.580409448772 -3.8031451505313116e-15
29592.247107579577 -1.514738241587996e-15
30458.55340674284 -1.360630153003246e-15
31350.220625651124 4.52859264091252e-15
32267.991199458116 -7.391310565258173e-15
33212.62929793748 4.487772469968845e-16
34184.92146175927 1.2132093798299923e-15
35185.677257392665 1.7685208382089748e-15
36215.72995118075 4.989027073585213e-15
37275.93720314938 -7.738639652539761e-16
38367.18178112649 -1.4246998163921856e-15
39490.37229576694 1.0425098959793703e-15
40646.44395709628 7.022244715343386e-17
41836.359353200234 -2.2545448346216537e-15
43061.10925171165 -1.954278007737186e-15
44321.713424760856 -3.0811084235970736e-15
45619.221498074585 -2.9998584955181736e-15
46954.71382493421 1.2855601004476957e-16
48329.30238571752 -3.5762162667419346e-17
49744.13171377451 2.0363126988672266e-15
51200.37984840882 -1.4183875643762357e-15
52699.259315756564 1.4963632755702397e-15
54242.01813838024 -1.0626095770950108e-15
55829.94087441914 -1.798965358247157e-15
57464.34968715974 -2.129642355290639e-15
59146.605445917456 1.602227498348728e-15
60878.108859147556 -2.4141575313395188e-15
62660.30164072656 -2.106082590948097e-16
64494.667710376205 3.0147401851371266e-15
66382.73442923075 -7.25577903709535e-17
68326.07387157406 2.573998375788863e-15
70326.30413380644 1.4269272667516228e-15
72385.09068173247 2.0402341670598146e-16
74504.14773728917 1.1394285604181157e-15
76685.2397058701 -2.288871602023822e-15
78930.18264543568 7.282555797787134e-16
81240.84577862974 4.748335225354003e-17
83619.15304916317 -2.5340136395925254e-15
86067.08472376158 1.392610050149631e-15
88586.67904100832 -8.786621990172721e-17
91180.03390845681 5.35702366276085e-16
93849.3086494272 -1.444337220872216e-16
96596.72580093842 1.9713440803111318e-16
99424.57296427398 6.681203176716613e-16
102335.20470972576 6.799362860524063e-16
105331.04453709359 -7.758251079138975e-16
108414.5868935835 -8.71824885320022e-16
111588.3992507748 -3.4328341331250603e-16
114855.12424239368 -2.8366821035182103e-16
118217.48186466724 -1.532552580607148e-15
121678.27174109229 1.9999222773038758e-16
125240.3754535072 7.167600761729387e-16
128906.75894140244 9.945891762600998e-17
132680.47497147243 -9.366990061324946e-16
136564.66567946097 -2.0435280187760814e-16
140562.56518642136 2.2565729579415125e-16
144677.5022915648 1.4753356965685785e-15
148912.90324394088 -7.206552803128405e-17
153272.2945952612 9.056655408209624e-16
157759.30613623615 7.771975221703718e-16
162377.67391887208 -6.991489862144205e-16
167131.2433672486 -1.5806531283683646e-16
172023.97247935992 -2.1574871947846743e-16
177059.9351226898 -9.766127852625686e-16
182243.32442626648 -5.988229997276561e-16
187578.45627201613 1.238784111925007e-16
193069.77288832495 -4.0703990250334257e-16
198721.84654880533 -7.553244915817042e-16
204539.38337933904 -1.392634199708556e-16
210527.22727657072 1.5667443332774285e-16
216690.3639411181 7.284282662362497e-16
223033.9250288494 6.498241594876036e-16
229563.19242369095 3.267124455733343e-17
236283.6026355175 -8.995042121095779e-16
243200.7513267945 6.16890383995994e-16
250320.39797173254 -5.7929023621527025e-16
257648.47065183744 -4.09378628448877e-17
265191.0709918535 -4.0172547578135134e-16
272954.4792402007 -5.434423842581772e-17
280945.1594981406 -5.633939482299166e-16
289169.76510202966 7.17539413821511e-16
297635.14416313195 -1.9391655831548137e-16
306348.3452696084 -1.5807332378268748e-16
315316.62335543614 2.3909876339437293e-16
324547.44574113254 -1.338923326215304e-16
334048.4983513244 4.911112552198691e-17
343827.6921143307 -4.2148393010868845e-16
353893.1695490984 2.2035252859152458e-16
364253.3115449638 2.6328887148443713e-16
374916.74433988857 2.4111537450679707e-16
385892.3467029899 3.1500792639854615e-16
397189.25732733024 2.2051971375948283e-16
408816.88243912894 4.591948488658976e-16
420784.9036297398 3.5996328277107024e-16
433103.2859169001 3.1587912776445997e-16
445782.28604197066 -3.1911215032533593e-16
458832.461010084 -3.8951938755040326e-16
472264.67688029545 4.097315395286356e-16
486090.117813063 -3.290763336653137e-16
500320.2953825999 -1.906313087283229e-16
514967.0581618343 4.1644097256790213e-16
530042.6015879672 2.298430403164715e-16
545559.4781168514 -1.0874136479700877e-17
561530.6076746266 -2.0203164407784246e-17
577969.2884153313 8.14435254782827e-17
594889.2077934331 -9.12564013393835e-17
612304.4539605178 1.1117658416053257e-16
630229.5274956024 -3.4517087384794056e-17
648679.3534788508 -3.1341232588907787e-17
667669.2939187557 -2.7722181765693383e-17
687215.1605431122 1.0743122424922471e-16
707333.2279644439 5.537463441167942e-17
728040.2472308562 1.36167925702043e-16
749353.4597735757 -2.7882652843703873e-16
771290.6117627992 1.5595596943965027e-16
793869.9688838223 -3.2133453310629247e-16
817110.3315457187 -2.6294749519748297e-16
841031.0505352605 2.195425182956997e-16
865652.0431290936 -2.0894443040553477e-16
890993.8096776098 1.779126942296333e-16
917077.4506742931 -3.422850424681096e-17
943924.6843247664 5.1734028474863836e-17
971557.8646301847 1.5363512440457686e-17
1000000.0 -2.7383634288100335e-16
