10.0 -11.44013643642728
10.292747724096083 -11.762614600532038
10.59406557118851 -12.093462233162581
10.904204429677526 -12.432835288175918
11.223422532664179 -12.780887350411085
11.551985672964793 -13.137769094385504
11.890167424419898 -13.50362770479921
12.238249369681931 -13.878606258134532
12.596521334671401 -14.262843064895833
12.965281629896682 -14.656470972338214
13.344837298838383 -15.059616627889664
13.735504373605137 -15.472399703879752
14.137608138073606 -15.894932084654723
14.551483398731937 -16.327317017685523
14.977474763452017 -16.769648230861517
15.415936928422726 -17.22200901881326
15.867234973483178 -17.684471301817528
16.331744666101677 -18.157094661608358
16.80985277425364 -18.63992535924304
17.301957388458945 -19.132995341047398
17.808468253246822 -19.636321239580717
18.329807108324356 -20.149903377509133
18.866408039732583 -20.673724783239877
19.418717841282557 -21.207750228135428
19.987196386572506 -21.75192529607334
20.57231701189556 -22.30617549702467
21.174566910357118 -22.87040543716312
21.794447537529855 -23.444498058764033
22.432475028984193 -24.028313963771268
23.089180630041927 -24.62169083537531
23.765111138110754 -25.22444297221596
24.46082935796799 -25.836360949871718
25.17691457037277 -26.457211424086907
25.913963014396586 -27.086737089687414
26.672588383874054 -27.724656808320283
27.453422338387142 -28.370665916996465
28.257115029208283 -29.02443672790384
29.08433564064048 -29.685619228082714
29.935772947204903 -30.35384198531481
30.812135887140037 -31.028713263985534
31.714154152689986 -31.709822351757403
32.642578797673224 -32.39674109467656
33.59818286283781 -33.08902563487115
34.58176201952381 -33.7862183413525
35.594135232168604 -34.487849920663926
36.63614544020716 -35.19344169032686
37.708660259934554 -35.90250799429241
38.81257270691538 -36.614558736022275
39.9488019395417 -37.329102001490725
41.118294024358306 -38.04564674142325
42.322022723792756 -38.76370547956227
43.56099030694608 -39.482797011769925
44.83622838411908 -40.202449059420644
46.148798765769385 -40.922200839871785
47.499794346614124 -41.64160551688266
48.890340015614456 -42.360232494712065
50.32159359259993 -43.077669521280185
51.7947467923121 -43.793524568222104
53.31102621667033 -44.50742745886113
54.87169437608604 -45.21903121904003
56.47805074067555 -45.928013130296094
58.131432822247135 -46.634075469962795
59.83321728796288 -47.33694592831838
61.58482110660264 -48.0363776987605
63.38770272838487 -48.732149243030435
65.24336329932625 -49.42406373960138
67.15334791115141 -50.111948229333926
69.11924688779365 -50.7956524782449
71.14269710955735 -51.47504758258538
73.22538337604533 -52.15002434624878
75.36903980898542 -52.82049146469969
77.57545129612417 -53.48637355302578
79.84645497739086 -54.14760905827239
82.18394177456803 -54.80414809785892
84.58985796574301 -55.45595026655112
87.06620680585127 -56.102982454159516
89.61505019466045 -56.745216714864924
92.23851039358476 -57.382628226872264
94.9387717927583 -58.01519337803852
97.71808272983904 -58.642888009297714
100.57875736205835 -59.265685843233115
103.52317759307378 -59.88355712015924
106.55379505623053 -60.49646745872374
109.67313315588179 -61.104376952475064
112.88378916846884 -61.70723950823127
116.18843640511002 -62.30500242658255
119.58982643749793 -62.89760621961147
123.09079138896018 -63.48498465606155
126.69424629259063 -64.06706501983363
130.40319151841317 -64.64376856394126
134.2207152716012 -65.21501113898385
138.14999616383224 -65.78070397280567
142.19430585991677 -66.3407545764247
146.357011801908 -66.89506775034192
150.64158001295928 -67.44354666516263
155.05157798326255 -67.98609399089658
159.5906776404731 -68.52261305024307
164.26265840709303 -69.05300897276184
169.071410347358 -69.5771898286364
174.0209374062485 -70.09506772304863
179.115360743323 -70.60655983459075
184.3589221641488 -71.11158938373637
189.75598765218504 -71.61008652006257
195.3110510040631 -72.10198911949037
201.02873757128856 -72.58724348539536
206.913808111479 -73.06580494979451
212.97116275234782 -73.53763837302608
219.20584507173257 -74.00271854234977
225.62304629706352 -74.46103047159451
232.22810962777245 -74.91256960552415
239.02653468423918 -75.35734193378879
246.02398208697775 -75.79536402034591
253.22627816987946 -76.22666295497243
260.63941983143474 -76.65127623401632
268.26957952797244 -77.0692515778722
276.1231104130753 -77.48064669278618
284.2065516274511 -77.88552898460495
292.5266337436645 -78.28397523191352
301.09028437025927 -78.67607122575933
309.9046339199427 -79.06191138279524
318.97702154663216 -79.44159833827256
328.3150012563047 -79.81524252483595
337.9263481967431 -80.1829617425665
347.819065131413 -80.5448807252204
358.00138910285807 -80.90113070706613
368.48179829116765 -81.25184899421541
379.26901907322497 -81.59717854384597
390.37203328860926 -81.93726755422323
401.8000857182091 -82.2722690679551
413.5626917817706 -82.60234059054643
425.66964546078714 -82.92764372583903
438.13102745333055 -83.24834382964723
450.9572135676145 -83.56460968251426
464.15888336127773 -83.87661318225412
477.7470290335773 -84.18452905666388
491.73296457790156 -84.48853459658774
506.1283352022219 -84.78880940928245
520.9451270253212 -85.0855351918956
536.1956770568817 -85.37889552470385
551.892683469738 -85.66907568363621
568.0492161728429 -85.95626247152437
584.6787276937589 -86.24064406741054
601.7950643797334 -86.52240989320805
619.412477926676 -86.80175049694436
637.5456372456507 -87.07885745177889
656.2096406767555 -87.35392326995733
675.4200285605586 -87.62714133087258
695.1927961775606 -87.89870582235359
715.5444070664574 -88.16881169433007
736.4918067322965 -88.43765462401335
758.0524367559261 -88.70543099174434
780.2442493165045 -88.97233786665136
803.0857221391512 -89.2385730013031
826.5958738801812 -89.50433483451967
850.7942799627444 -89.76982250154244
875.7010888760508 -90.03523585076319
901.3370389517438 -90.3007754662325
927.7234756314059 -90.56664269516767
954.8823692395666 -90.83303967969802
982.8363332770031 -91.10016939208872
1011.6086432495807 -91.36823567269393
1041.2232560483055 -91.63744326987099
1071.7048298967104 -91.9079978811233
1103.078744882215 -92.18010619469408
1135.3711240885177 -92.45397593085359
1168.608855346651 -92.72981588210271
1202.8196136227775 -93.00783595149579
1238.0318840613968 -93.2882471882697
1274.2749857031336 -93.5712618199542
1311.5790958968503 -93.85709328009192
1349.9752754264298 -94.14595623068624
1389.4954943731375 -94.4380665784473
1430.172658735088 -94.73364148387387
1472.0406378260013 -95.03289936217597
1515.134292476053 -95.33605987497666
1559.4895040582815 -95.64334391170567
1605.1432043647615 -95.95497355952818
1652.1334063573702 -96.2711720606212
1700.4992358187922 -96.59216375551645
1750.2809639301013 -96.91817401119823
1801.520040802024 -97.24942913259453
1854.2591299878522 -97.58615625598746
1908.542144006686 -97.92858322286999
1964.4142809066266 -98.27693843266613
2021.9220618983536 -98.63145067270709
2081.1133700903947 -98.99234892377557
2142.037490358383 -99.35986213949815
2204.7451503814746 -99.73421899781127
2269.288562880081 -100.11564762269059
2335.7214690901214 -100.50437527430772
2404.0991835099717 -100.90062800577583
2474.47863995735 -101.30463028462184
2546.91843897454 -101.71660457716477
2621.478896621356 -102.13677089402648
2698.222094696536 -102.56534629500797
2777.211932429355 -103.0025443517665
2858.5141796844714 -103.44857456671157
2942.196531724374 -103.90364174682863
3028.3286655749457 -104.36794533125375
3116.9822980411436 -104.84167867170127
3208.2312454210773 -105.3250282651134
3302.1514849681753 -105.81817293828135
3398.8212181526674 -106.32128298454873
3498.320935775036 -106.83451925316731
3600.73348498562 -107.35803219242236
3706.144138266228 -107.89196084821499
3814.640664431178 -108.43643182042207
3926.3134017068355 -108.99155818005896
4041.2553329506004 -109.55743835113714
4159.562163071847 -110.13415496178698
4281.332398719392 -110.72177367027726
4406.667430301786 -111.32034197238953
4535.671616408702 -111.92988799763408
4668.45237070379 -112.55041930279369
4805.1202513612425 -113.18192167229724
4945.789053120639 -113.82435793595253
5090.575902036681 -114.47766681548755
5239.601353002645 -115.14176181239225
5392.98949012887 -115.81653015027636
5550.868030059805 -116.50183178580386
5713.36842831558 -117.19749850284244
5880.625988746757 -117.90333310481525
6052.779976193349 -118.61910872068327
6229.973732441841 -119.34456823973667
6412.354795576917 -120.07942389033778
6600.075022827095 -120.82335697707663
6793.290717006696 -121.5760177900042
6992.162756659375 -122.33702569843626
7196.856730011514 -123.10596944032054
7407.543072847163 -123.88240761627227
7624.397210419138 -124.66586939536397
7847.5997035146065 -125.45585543715556
8077.3363987967105 -126.25183903182082
8313.798583547334 -127.05326745732792
8557.183144940002 -127.85956354943674
8807.692733975462 -128.67012747705124
9065.53593421636 -129.48433871238123
9330.927435461663 -130.3015581819139
9604.08821250538 -131.12113058122387
9885.24570912827 -131.9423868337385
10174.634027476064 -132.76464667093055
10472.494122981476 -133.58722130902333
10779.074004992735 -134.40941619558015
11094.628943275218 -135.23053379774416
11419.421680558647 -136.0498764031552
11753.722651306367 -136.86674890395534
12097.810206889013 -137.68046153472886
12451.97084735032 -138.49033253558574
12816.499459957597 -139.29569071301722
13191.699564735716 -140.09587787266537
13577.883567189278 -140.89025110032466
13975.373018422924 -141.67818486978732
14384.498882876629 -142.45907295889825
14805.6018138991 -143.2323301582229
15239.032437388305 -143.99739375942968
15685.151643735446 -144.75372481387043
16144.330888316019 -145.5008091547283
16616.952500776908 -146.23815817886174
17103.41000337838 -146.96530938735768
17604.108438655527 -147.68182668635617
18119.46470667122 -148.38730045135605
18649.907912142942 -149.08134736068567
19195.87972173111 -149.76361000480892
19757.834731786996 -150.4337562792886
20336.2408468667 -151.09147856979448
20931.579669325736 -151.73649273786307
21544.346900318822 -152.36853691592987
22175.052752539294 -152.9873701188465
22824.222375040976 -153.59277067896667
23492.396290496577 -154.18453450950537
24180.13084525718 -154.76247319913674
24887.998672586673 -155.32641193830943
25616.589169457267 -155.87618727463658
26366.508987303554 -156.4116446911205
27138.3825371428 -156.93263599697718
27932.85250948253 -157.4390165154474
28750.580409448772 -157.93064204758286
29592.247107579577 -158.40736558411638
30458.55340674284 -158.86903372929558
31350.220625651124 -159.31548279125718
32267.991199458116 -159.7465344816195
33212.62929793748 -160.16199115379106
34184.92146175927 -160.56163049181265
35185.677257392665 -160.9451995413485
36215.72995118075 -161.31240794868572
37275.93720314938 -161.6629202407735
38367.18178112649 -161.9963469408649
39490.37229576694 -162.3122342600859
40646.44395709628 -162.6100520437662
41836.359353200234 -162.88917956351935
43061.10925171165 -163.14888863912972
44321.713424760856 -163.38832343060335
45619.221498074585 -163.60647605178488
46954.71382493421 -163.80215690544196
48329.30238571752 -163.9739583018476
49744.13171377451 -164.12020946274967
51200.37984840882 -164.23892038265254
52699.259315756564 -164.32771114283446
54242.01813838024 -164.38372204352015
55829.94087441914 -164.4034981663029
57464.34968715974 -164.38283945069279
59146.605445917456 -164.31660366070616
60878.108859147556 -164.19844409690631
62660.30164072656 -164.0204555417326
64494.667710376205 -163.7726890028938
66382.73442923075 -163.44247544286452
68326.07387157406 -163.0134658416772
70326.30413380644 -162.46424070454785
72385.09068173247 -161.76625023078398
74504.14773728917 -160.88068626561835
76685.2397058701 -159.75360005653621
78930.18264543568 -158.30804980460485
81240.84577862974 -156.43105727746476
83619.15304916317 -153.95121635066243
86067.08472376158 -150.59910911187288
88586.67904100832 -145.93636891263554
91180.03390845681 -139.23351938039212
93849.3086494272 -129.30677429005058
96596.72580093842 -114.58059136141651
99424.57296427398 -94.4969595022777
102335.20470972576 -72.53847873177651
105331.04453709359 -54.297587685192305
108414.5868935835 -41.516998313971435
111588.3992507748 -32.942450510201205
114855.12424239368 -27.088528661633852
118217.48186466724 -22.956571964808475
121678.27174109229 -19.942940702791056
125240.3754535072 -17.682869195266655
128906.75894140244 -15.949405432122825
132680.47497147243 -14.596225199578297
136564.66567946097 -13.52566481779628
140562.56518642136 -12.670457507613019
144677.5022915648 -11.982965116982744
148912.90324394088 -11.428616299045737
153272.2945952612 -10.981779974514582
157759.30613623615 -10.623093743972765
162377.67391887208 -10.337687950468274
167131.2433672486 -10.113976588819378
172023.97247935992 -9.94281619012054
177059.9351226898 -9.816909173911863
182243.32442626648 -9.730373074422474
187578.45627201613 -9.678424498256042
193069.77288832495 -9.657143840893387
198721.84654880533 -9.66329777018704
204539.38337933904 -9.694203641557817
210527.22727657072 -9.747624765277275
216690.3639411181 -9.821688658380149
223033.9250288494 -9.914822617396233
229563.19242369095 -10.025702484433141
236283.6026355175 -10.153211560691425
243200.7513267945 -10.2964073981557
250320.39797173254 -10.454494757950258
257648.47065183744 -10.626803435118292
265191.0709918535 -10.81276995181531
272954.4792402007 -11.011922344834526
280945.1594981406 -11.223867446689376
289169.76510202966 -11.448280184580637
297635.14416313195 -11.684894523000164
306348.3452696084 -11.933495750628511
315316.62335543614 -12.193913871403693
324547.44574113254 -12.466017906008052
334048.4983513244 -12.749710946296178
343827.6921143307 -13.044925833990963
353893.1695490984 -13.351621357938695
364253.3115449638 -13.669778882424872
374916.74433988857 -13.99939933436848
385892.3467029899 -14.340500488547763
397189.25732733024 -14.693114500482345
408816.88243912894 -15.057285644008585
420784.9036297398 -15.433068217763045
433103.2859169001 -15.820524590045704
445782.28604197066 -16.21972335619506
458832.461010084 -16.63073758656167
472264.67688029545 -17.05364314644854
486090.117813063 -17.488517072446033
500320.2953825999 -17.93543599201538
514967.0581618343 -18.394474575336215
530042.6015879672 -18.86570401063241
545559.4781168514 -19.349190495958112
561530.6076746266 -19.844993742326174
577969.2884153313 -20.353165484125253
594889.2077934331 -20.87374799532852
612304.4539605178 -21.406772610386092
630229.5274956024 -21.952258250926775
648679.3534788508 -22.5102099607031
667669.2939187557 -23.080617452111373
687215.1605431122 -23.66345366991787
707333.2279644439 -24.258673378108387
728040.2472308562 -24.86621177805134
749353.4597735757 -25.485983166875684
771290.6117627992 -26.117879646067188
793869.9688838223 -26.761769891957446
817110.3315457187 -27.41749800013781
841031.0505352605 -28.084882416935205
865652.0431290936 -28.763714971965854
890993.8096776098 -29.453760025755205
917077.4506742931 -30.15475374715252
943924.6843247664 -30.866403535024126
971557.8646301847 -31.588387598229335
1000000.0 -32.320354707846846
