10.0 -1.3576809267722303
10.292747724096083 -1.3769466219896667
10.59406557118851 -1.3963430774313712
10.904204429677526 -1.415846134069091
11.223422532664179 -1.4354304822770716
11.551985672964793 -1.455069823503082
11.890167424419898 -1.4747370476951598
12.238249369681931 -1.494404425508652
12.596521334671401 -1.5140438139845909
12.965281629896682 -1.5336268740661674
13.344837298838383 -1.5531252979650716
13.735504373605137 -1.5725110440636791
14.137608138073606 -1.5917565767261421
14.551483398731937 -1.6108351081078063
14.977474763452017 -1.6297208388145108
15.415936928422726 -1.6483891940869642
15.867234973483178 -1.666817052071631
16.331744666101677 -1.6849829607029405
16.80985277425364 -1.702867339777203
17.301957388458945 -1.7204526649394716
17.808468253246822 -1.7377236305365436
18.329807108324356 -1.7546672886194599
18.866408039732583 -1.7712731617910036
19.418717841282557 -1.78753332808241
19.987196386572506 -1.8034424766018362
20.57231701189556 -1.8189979333095043
21.174566910357118 -1.834199656909465
21.794447537529855 -1.8490502055157698
22.432475028984193 -1.8635546753964791
23.089180630041927 -1.8777206137287208
23.765111138110754 -1.8915579078855702
24.46082935796799 -1.905078654283648
25.17691457037277 -1.9182970102731696
25.913963014396586 -1.9312290328885238
26.672588383874054 -1.9438925085246328
27.453422338387142 -1.9563067777401584
28.257115029208283 -1.9684925594046856
29.08433564064048 -1.9804717783236314
29.935772947204903 -1.9922674002683212
30.812135887140037 -2.003903278050499
31.714154152689986 -2.015404011883893
32.642578797673224 -2.026794826818475
33.59818286283781 -2.0381014695049324
34.58176201952381 -2.049350125971201
35.594135232168604 -2.0605673614976525
36.63614544020716 -2.0717800830557365
37.708660259934554 -2.0830155241725694
38.81257270691538 -2.0943012514898642
39.9488019395417 -2.105665191735866
41.118294024358306 -2.1171356773293093
42.322022723792756 -2.1287415083919945
43.56099030694608 -2.140512028586148
44.83622838411908 -2.152477211905971
46.148798765769385 -2.1646677573609483
47.499794346614124 -2.177115188379952
48.890340015614456 -2.1898519537572634
50.32159359259993 -2.2029115270305453
51.7947467923121 -2.216328501349168
53.31102621667033 -2.2301386771218357
54.87169437608604 -2.2443791400401882
56.47805074067555 -2.2590883274358875
58.131432822247135 -2.2743060813305838
59.83321728796288 -2.2900736869697567
61.58482110660264 -2.3064338960798105
63.38770272838487 -2.323430934531643
65.24336329932625 -2.3411104945251906
67.15334791115141 -2.3595197118164255
69.11924688779365 -2.3787071288727377
71.14269710955735 -2.398722645164393
73.22538337604533 -2.4196174560611077
75.36903980898542 -2.441443982014418
77.57545129612417 -2.4642557898464776
79.84645497739086 -2.488107508052905
82.18394177456803 -2.513054738050169
84.58985796574301 -2.5391539632693343
87.06620680585127 -2.5664624579166
89.61505019466045 -2.595038197097682
92.23851039358476 -2.624939769847751
94.9387717927583 -2.656226296418099
97.71808272983904 -2.688957350970002
100.57875736205835 -2.723192890603179
103.52317759307378 -2.758993191428277
106.55379505623053 -2.79641879216787
109.67313315588179 -2.835530445557653
112.88378916846884 -2.8763890776141734
116.18843640511002 -2.91905575465107
119.58982643749793 -2.963591657748398
123.09079138896018 -3.010058064234875
126.69424629259063 -3.0585163356033647
130.40319151841317 -3.1090279111734405
134.2207152716012 -3.1616543067182077
138.14999616383224 -3.216457117196335
142.19430585991677 -3.273498022675777
146.357011801908 -3.332838796485959
150.64158001295928 -3.3945413146080528
155.05157798326255 -3.458667565291472
159.5906776404731 -3.5252796578697105
164.26265840709303 -3.5944398297493607
169.071410347358 -3.6662104505403095
174.0209374062485 -3.740654022301115
179.115360743323 -3.817833174878241
184.3589221641488 -3.8978106553214014
189.75598765218504 -3.9806493103633787
195.3110510040631 -4.066412060954512
201.02873757128856 -4.155161867842254
206.913808111479 -4.246961687185966
212.97116275234782 -4.341874415189417
219.20584507173257 -4.439962820726223
225.62304629706352 -4.541289464923375
232.22810962777245 -4.64591660665119
239.02653468423918 -4.753906092854445
246.02398208697775 -4.865319232639554
253.22627816987946 -4.980216654014729
260.63941983143474 -5.098658142161411
268.26957952797244 -5.220702458096362
276.1231104130753 -5.34640713657179
284.2065516274511 -5.475828262044538
292.5266337436645 -5.609020221547437
301.09028437025927 -5.746035433291059
309.9046339199427 -5.886924049839878
318.97702154663216 -6.031733634730329
328.3150012563047 -6.180508811435373
337.9263481967431 -6.333290883635463
347.819065131413 -6.490117425831337
358.00138910285807 -6.651021843432922
368.48179829116765 -6.816032901582796
379.26901907322497 -6.985174222126056
390.37203328860926 -7.158463748327647
401.8000857182091 -7.335913177164711
413.5626917817706 -7.517527359281713
425.66964546078714 -7.703303667012724
438.13102745333055 -7.893231331228025
450.9572135676145 -8.08729074817179
464.15888336127773 -8.28545275792102
477.7470290335773 -8.487677896610581
491.73296457790156 -8.69391562514705
506.1283352022219 -8.904103537762465
520.9451270253212 -9.118166554450806
536.1956770568817 -9.33601610207016
551.892683469738 -9.557549289687632
568.0492161728429 -9.782648084581849
584.6787276937589 -10.01117849618929
601.7950643797334 -10.242989776182842
619.412477926676 -10.477913643777523
637.5456372456507 -10.715763546272036
656.2096406767555 -10.956333965710336
675.4200285605586 -11.199399783394972
695.1927961775606 -11.444715714745827
715.5444070664574 -11.692015827675357
736.4918067322965 -11.941013158185667
758.0524367559261 -12.191399437290258
780.2442493165045 -12.442844943538594
803.0857221391512 -12.694998495403938
826.5958738801812 -12.94748759749083
850.7942799627444 -13.199918753948884
875.7010888760508 -13.4518779615811
901.3370389517438 -13.702931393907605
927.7234756314059 -13.952626285865597
954.8823692395666 -14.200492026886227
982.8363332770031 -14.446041467798882
1011.6086432495807 -14.688772444366194
1041.2232560483055 -14.92816951731376
1071.7048298967104 -15.16370592546579
1103.078744882215 -15.394845745150997
1135.3711240885177 -15.621046245403514
1168.608855346651 -15.841760424765852
1202.8196136227775 -16.056439711776594
1238.0318840613968 -16.264536807586975
1274.2749857031336 -16.465508645699988
1311.5790958968503 -16.658819440665066
1349.9752754264298 -16.843943794788075
1389.4954943731375 -17.020369829634646
1430.172658735088 -17.187602307379212
1472.0406378260013 -17.34516570599507
1515.134292476053 -17.492607211897916
1559.4895040582815 -17.629499594037608
1605.1432043647615 -17.755443924548267
1652.1334063573702 -17.870072112941383
1700.4992358187922 -17.9730492234066
1750.2809639301013 -18.06407554801798
1801.520040802024 -18.142888412463826
1854.2591299878522 -18.20926369519224
1908.542144006686 -18.263017045516634
1964.4142809066266 -18.304004791092886
2021.9220618983536 -18.332124530148953
2081.1133700903947 -18.347315408759222
2142.037490358383 -18.349558088200787
2204.7451503814746 -18.338874411851066
2269.288562880081 -18.31532678510477
2335.7214690901214 -18.279017285286685
2404.0991835099717 -18.230086521452623
2474.47863995735 -18.16871226626449
2546.91843897454 -18.095107883769227
2621.478896621356 -18.009520577904652
2698.222094696536 -17.912229486942802
2777.211932429355 -17.803543648911145
2858.5141796844714 -17.68379986235718
2942.196531724374 -17.55336046574353
3028.3286655749457 -17.412611057382584
3116.9822980411436 -17.261958176187548
3208.2312454210773 -17.101826961789726
3302.1514849681753 -16.932658810788336
3398.8212181526674 -16.754909044154402
3498.320935775036 -16.569044599162996
3600.73348498562 -16.37554175773764
3706.144138266228 -16.17488392175684
3814.640664431178 -15.967559444741363
3926.3134017068355 -15.754059528394688
4041.2553329506004 -15.534876191676059
4159.562163071847 -15.310500319462435
4281.332398719392 -15.0814197973105
4406.667430301786 -14.848117738386286
4535.671616408702 -14.611070808186687
4668.45237070379 -14.37074765226354
4805.1202513612425 -14.127607431681342
4945.789053120639 -13.882098470422537
5090.575902036681 -13.634657018344848
5239.601353002645 -13.385706132616402
5392.98949012887 -13.135654679773864
5550.868030059805 -12.88489645970576
5713.36842831558 -12.633809451950214
5880.625988746757 -12.382755183740551
6052.779976193349 -12.132078218259357
6229.973732441841 -11.882105760590214
6412.354795576917 -11.633147377909948
6600.075022827095 -11.385494829583433
6793.290717006696 -11.139422001997488
6992.162756659375 -10.895184942250678
7196.856730011514 -10.653021984199201
7407.543072847163 -10.413153959848335
7624.397210419138 -10.175784488705702
7847.5997035146065 -9.941100337445626
8077.3363987967105 -9.709271842098348
8313.798583547334 -9.480453384954245
8557.183144940002 -9.254783918453597
8807.692733975462 -9.032387528512302
9065.53593421636 -8.813374029998204
9330.927435461663 -8.597839587408357
9604.08821250538 -8.385867354189845
9885.24570912827 -8.177528124589447
10174.634027476064 -7.972880992390557
10472.494122981476 -7.771974011387535
10779.074004992735 -7.574844852959809
11094.628943275218 -7.3815214566055
11419.421680558647 -7.192022669804891
11753.722651306367 -7.00635887405872
12097.810206889013 -6.824532594420027
12451.97084735032 -6.646539090273956
12816.499459957597 -6.472366925535161
13191.699564735716 -6.3019985168130574
13577.883567189278 -6.13541065844916
13975.373018422924 -5.972575023644359
14384.498882876629 -5.813458641184399
14805.6018138991 -5.658024347523529
15239.032437388305 -5.506231214210263
15685.151643735446 -5.358034950833129
16144.330888316019 -5.213388283833733
16616.952500776908 -5.072241311669894
17103.41000337838 -4.934541836935508
17604.108438655527 -4.800235676134213
18119.46470667122 -4.6692669478836795
18649.907912142942 -4.541578340382336
19195.87972173111 -4.417111359017668
19757.834731786996 -4.295806555019202
20336.2408468667 -4.177603736080041
20931.579669325736 -4.062442159876344
21544.346900318822 -3.950260711409682
22175.052752539294 -3.8409980650916533
22824.222375040976 -3.7345928324686417
23492.396290496577 -3.6309836964681366
24180.13084525718 -3.53010953301885
24887.998672586673 -3.431909520869982
25616.589169457267 -3.3363232404033085
26366.508987303554 -3.2432907621984866
27138.3825371428 -3.1527527260774986
27932.85250948253 -3.0646504113199544
28750.580409448772 -2.978925798704593
29592.247107579577 -2.89552162499799
30458.55340674284 -2.814381430476836
31350.220625651124 -2.735449600034902
32267.991199458116 -2.658671398393823
33212.62929793748 -2.5839929999040105
34184.92146175927 -2.5113615133908107
35185.677257392665 -2.440725002471057
36215.72995118075 -2.37203250173711
37275.93720314938 -2.305234029177357
38367.18178112649 -2.2402805951767366
39490.37229576694 -2.177124208416412
40646.44395709628 -2.1157178789675646
41836.359353200234 -2.0560156188532406
43061.10925171165 -1.9979724403314343
44321.713424760856 -1.9415443521323665
45619.221498074585 -1.8866883538658248
46954.71382493421 -1.8333624287965313
48329.30238571752 -1.7815255351702248
49744.13171377451 -1.7311375962577986
51200.37984840882 -1.6821594892712555
52699.259315756564 -1.6345530332927334
54242.01813838024 -1.5882809763448094
55829.94087441914 -1.543306981720579
57464.34968715974 -1.4995956136806894
59146.605445917456 -1.4571123226155747
60878.108859147556 -1.4158234297617476
62660.30164072656 -1.3756961115537496
64494.667710376205 -1.3366983836849164
66382.73442923075 -1.2987990849437223
68326.07387157406 -1.2619678608859735
70326.30413380644 -1.2261751473974098
72385.09068173247 -1.1913921541952777
74504.14773728917 -1.1575908483133246
76685.2397058701 -1.1247439376094586
78930.18264543568 -1.092824854331326
81240.84577862974 -1.061807738771387
83619.15304916317 -1.031667423039386
86067.08472376158 -1.0023794149768372
88586.67904100832 -0.9739198822354358
91180.03390845681 -0.9462656365386627
93849.3086494272 -0.9193941181428205
96596.72580093842 -0.8932833805124234
99424.57296427398 -0.867912075222227
102335.20470972576 -0.843259437096285
105331.04453709359 -0.8193052695932778
108414.5868935835 -0.796029930445221
111588.3992507748 -0.773414317555839
114855.12424239368 -0.7514398551631916
118217.48186466724 -0.7300884802703459
121678.27174109229 -0.7093426293466888
125240.3754535072 -0.6891852253016321
128906.75894140244 -0.6695996647316412
132680.47497147243 -0.650569805440849
136564.66567946097 -0.6320799542346737
140562.56518642136 -0.6141148549854437
144677.5022915648 -0.5966596769685908
148912.90324394088 -0.5797000034671509
153272.2945952612 -0.5632218206424097
157759.30613623615 -0.5472115066676387
162377.67391887208 -0.5316558211220945
167131.2433672486 -0.5165418946416629
172023.97247935992 -0.5018572188227491
177059.9351226898 -0.4875896363754742
182243.32442626648 -0.47372733152225716
187578.45627201613 -0.4602588206376577
193069.77288832495 -0.4471729431252596
198721.84654880533 -0.4344588525271956
204539.38337933904 -0.4221060078620109
210527.22727657072 -0.41010416518634446
216690.3639411181 -0.3984433693758516
223033.9250288494 -0.3871139461210427
229563.19242369095 -0.3761064941332456
236283.6026355175 -0.36541187755634175
243200.7513267945 -0.35502121857965735
250320.39797173254 -0.3449258902475677
257648.47065183744 -0.3351175094611716
265191.0709918535 -0.3255879301678298
272954.4792402007 -0.3163292367339398
280945.1594981406 -0.3073337374967542
289169.76510202966 -0.29859395849080994
297635.14416313195 -0.2901026373448534
306348.3452696084 -0.2818527173449373
315316.62335543614 -0.2738373416596832
324547.44574113254 -0.266049847723608
334048.4983513244 -0.25848376177451055
343827.6921143307 -0.25113279354107126
353893.1695490984 -0.24399083107671815
364253.3115449638 -0.23705193573611677
374916.74433988857 -0.2303103372905044
385892.3467029899 -0.22376042917826275
397189.25732733024 -0.2173967638872244
408816.88243912894 -0.2112140484652151
420784.9036297398 -0.20520714015542363
433103.2859169001 -0.19937104215335966
445782.28604197066 -0.19370089948205263
458832.461010084 -0.1881919949824104
472264.67688029545 -0.18283974541560385
486090.117813063 -0.1776396976744651
500320.2953825999 -0.1725875251009592
514967.0581618343 -0.16767902390682934
530042.6015879672 -0.16291010969465158
545559.4781168514 -0.15827681407650987
561530.6076746266 -0.15377528138766322
577969.2884153313 -0.14940176549258458
594889.2077934331 -0.1451526266808341
612304.4539605178 -0.14102432865030004
630229.5274956024 -0.13701343557539622
648679.3534788508 -0.13311660925788238
667669.2939187557 -0.12933060635798646
687215.1605431122 -0.12565227570365103
707333.2279644439 -0.1220785556757004
728040.2472308562 -0.11860647166683312
749353.4597735757 -0.11523313361237741
771290.6117627992 -0.11195573359083126
793869.9688838223 -0.10877154349221209
817110.3315457187 -0.1056779127523315
841031.0505352605 -0.1026722661511742
865652.0431290936 -0.09975210167355471
890993.8096776098 -0.09691498843031979
917077.4506742931 -0.09415856463842266
943924.6843247664 -0.09148053565816375
971557.8646301847 -0.08887867208606243
1000000.0 -0.08635080790172897
10.0 -13.462887562899292
10.292747724096083 -13.803835335329802
10.59406557118851 -14.150520452175062
10.904204429677526 -14.502803569796571
11.223422532664179 -14.860523187984231
11.551985672964793 -15.223494478931874
11.890167424419898 -15.591508140075934
12.238249369681931 -15.96432928274554
12.596521334671401 -16.341696369796264
12.965281629896682 -16.723320216204797
13.344837298838383 -17.108883067555258
13.735504373605137 -17.498037772235257
14.137608138073606 -17.890407063511503
14.551483398731937 -18.285582968411457
14.977474763452017 -18.68312636024689
15.415936928422726 -19.082566671841388
15.867234973483178 -19.483401786089832
16.331744666101677 -19.885098119910094
16.80985277425364 -20.287090916619086
17.301957388458945 -20.688784760815384
17.808468253246822 -21.08955432779811
18.329807108324356 -21.48874537800199
18.866408039732583 -21.88567600444537
19.418717841282557 -22.279638138644913
19.987196386572506 -22.669899317690557
20.57231701189556 -23.055704711950423
21.174566910357118 -23.436279409789403
21.794447537529855 -23.810830952038312
22.432475028984193 -24.178552106013605
23.089180630041927 -24.538623864777104
23.765111138110754 -24.89021865485834
24.46082935796799 -25.23250373187553
25.17691457037277 -25.564644740908427
25.913963014396586 -25.885809415974126
26.672588383874054 -26.19517139067741
27.453422338387142 -26.49191409031065
28.257115029208283 -26.775234674481844
29.08433564064048 -27.04434799852686
29.935772947204903 -27.298490561450905
30.812135887140037 -27.53692440838464
31.714154152689986 -27.758940956178712
32.642578797673224 -27.96386471151959
33.59818286283781 -28.15105685239931
34.58176201952381 -28.31991864553529
35.594135232168604 -28.46989467394381
36.63614544020716 -28.600475851175197
37.708660259934554 -28.711202200879665
38.81257270691538 -28.801665382625437
39.9488019395417 -28.87151094720402
41.118294024358306 -28.92044030686993
42.322022723792756 -28.94821240854308
43.56099030694608 -28.954645099589605
44.83622838411908 -28.93961617854259
46.148798765769385 -28.903064124604334
47.499794346614124 -28.844988502182535
48.890340015614456 -28.765450038194242
50.32159359259993 -28.664570372084157
51.7947467923121 -28.542531480179633
53.31102621667033 -28.39957477788124
54.87169437608604 -28.235999905329862
56.47805074067555 -28.052163203622232
58.131432822247135 -27.84847589147733
59.83321728796288 -27.62540195348316
61.58482110660264 -27.383455753857685
63.38770272838487 -27.123199391398305
65.24336329932625 -26.84523981373704
67.15334791115141 -26.550225710962962
69.11924688779365 -26.238844210757982
71.14269710955735 -25.91181739928465
73.22538337604533 -25.56989869346288
75.36903980898542 -25.21386909193632
77.57545129612417 -24.844533333332507
79.84645497739086 -24.46271599086875
82.18394177456803 -24.069257533201377
84.58985796574301 -23.665010381157256
87.06620680585127 -23.250834989793585
89.61505019466045 -22.827595984231927
92.23851039358476 -22.396158376663788
94.9387717927583 -21.95738389017898
97.71808272983904 -21.51212741318697
100.57875736205835 -21.061233605858078
103.52317759307378 -20.60553367771908
106.55379505623053 -20.145842352713284
109.67313315588179 -19.68295503536961
112.88378916846884 -19.217645189139223
116.18843640511002 -18.75066193491437
119.58982643749793 -18.282727875564998
123.09079138896018 -17.81453714956335
126.69424629259063 -17.346753714748846
130.40319151841317 -16.88000986118103
134.2207152716012 -16.414904950342056
138.14999616383224 -15.95200437643041
142.19430585991677 -15.491838744226673
146.357011801908 -15.034903257088695
150.64158001295928 -14.581657307711572
155.05157798326255 -14.132524263763708
159.5906776404731 -13.687891439977315
164.26265840709303 -13.248110247920549
169.071410347358 -12.813496514384031
174.0209374062485 -12.38433095900665
179.115360743323 -11.960859821665384
184.3589221641488 -11.54329562973061
189.75598765218504 -11.13181809518932
195.3110510040631 -10.72657513129977
201.02873757128856 -10.32768397818591
206.913808111479 -9.93523242648298
212.97116275234782 -9.54928012784867
219.20584507173257 -9.169859980985521
225.62304629706352 -8.796979581534872
232.22810962777245 -8.430622724109718
239.02653468423918 -8.070750944757389
246.02398208697775 -7.717305092130441
253.22627816987946 -7.370206915876664
260.63941983143474 -7.029360661140149
268.26957952797244 -6.69465465842359
276.1231104130753 -6.3659628987493075
284.2065516274511 -6.043146584716157
292.5266337436645 -5.72605564887227
301.09028437025927 -5.414530231759922
309.9046339199427 -5.108402112963738
318.97702154663216 -4.807496089508805
328.3150012563047 -4.511631297043675
337.9263481967431 -4.220622470260514
347.819065131413 -3.9342811400849667
358.00138910285807 -3.6524167661132063
368.48179829116765 -3.37483780374448
379.26901907322497 -3.1013527062781336
390.37203328860926 -2.8317708630115597
401.8000857182091 -2.5659034750361522
413.5626917817706 -2.303564370970325
425.66964546078714 -2.044570765321309
438.13102745333055 -1.7887439624348358
450.9572135676145 -1.5359100092870812
464.15888336127773 -1.2859003004061067
477.7470290335773 -1.0385521382124623
491.73296457790156 -0.7937092520154679
506.1283352022219 -0.5512222786502841
520.9451270253212 -0.31094920751913974
536.1956770568817 -0.07275579241179843
551.892683469738 0.1634840678891205
568.0492161728429 0.39788797870414566
584.6787276937589 0.6305647272275618
601.7950643797334 0.8616139884989512
619.412477926676 1.091126059649553
637.5456372456507 1.3191816230936038
656.2096406767555 1.5458515398776222
675.4200285605586 1.771196675010793
695.1927961775606 1.9952677570842912
715.5444070664574 2.2181052750364785
736.4918067322965 2.43973941535891
758.0524367559261 2.6601900434133667
780.2442493165045 2.879466732854977
803.0857221391512 3.097568847369681
826.5958738801812 3.314485679035937
850.7942799627444 3.530196647606493
875.7010888760508 3.74467156485941
901.3370389517438 3.9578709678765898
927.7234756314059 4.169746524655345
954.8823692395666 4.380241514854692
982.8363332770031 4.589291387713201
1011.6086432495807 4.7968243982710534
1041.2232560483055 5.002762321928404
1071.7048298967104 5.207021246215918
1103.078744882215 5.4095124373045795
1135.3711240885177 5.610143277418067
1168.608855346651 5.808818267833267
1202.8196136227775 6.00544009070942
1238.0318840613968 6.1999107215351446
1274.2749857031336 6.392132582611279
1311.5790958968503 6.582009726733778
1349.9752754264298 6.7694490391372035
1389.4954943731375 6.954361444871762
1430.172658735088 7.136663108123113
1472.0406378260013 7.3162766095988285
1515.134292476053 7.493132088014756
1559.4895040582815 7.667168331916657
1605.1432043647615 7.838333808585336
1652.1334063573702 8.006587617578939
1700.4992358187922 8.171900357522091
1750.2809639301013 8.334254896070235
1801.520040802024 8.493647034440219
1854.2591299878522 8.65008605954012
1908.542144006686 8.803595178415001
1964.4142809066266 8.954211831452639
2021.9220618983536 9.10198788246423
2081.1133700903947 9.246989685357013
2142.037490358383 9.38929802854747
2204.7451503814746 9.52900795957179
2269.288562880081 9.666228493401325
2335.7214690901214 9.801082208866053
2404.0991835099717 9.933704738235704
2474.47863995735 10.064244155463602
2546.91843897454 10.192860268879793
2621.478896621356 10.31972382422782
2698.222094696536 10.445015623948617
2777.211932429355 10.568925568513322
2858.5141796844714 10.691651625469897
2942.196531724374 10.81339873170775
3028.3286655749457 10.934377634291613
3116.9822980411436 11.054803675092977
3208.2312454210773 11.174895524381677
3302.1514849681753 11.294873868513871
3398.8212181526674 11.414960056893905
3498.320935775036 11.53537471348271
3600.73348498562 11.656336318248435
3706.144138266228 11.77805976412828
3814.640664431178 11.900754895245457
3926.3134017068355 12.0246250323099
4041.2553329506004 12.149865491307057
4159.562163071847 12.276662101738943
4281.332398719392 12.40518973081277
4406.667430301786 12.535610820092293
4535.671616408702 12.668073941208318
4668.45237070379 12.802712377313494
4805.1202513612425 12.939642737030985
4945.789053120639 13.078963607735922
5090.575902036681 13.2207542551046
5239.601353002645 13.36507337600884
5392.98949012887 13.511957912008379
5550.868030059805 13.661421930935077
5713.36842831558 13.81345558435123
5880.625988746757 13.968024149019731
6052.779976193349 14.125067160930895
6229.973732441841 14.284497650881773
6412.354795576917 14.44620149108217
6600.075022827095 14.610036862748961
6793.290717006696 14.775833855111758
6992.162756659375 14.943394206665523
7196.856730011514 15.112491199824381
7407.543072847163 15.282869720322008
7624.397210419138 15.454246492724602
7847.5997035146065 15.626310503228465
8077.3363987967105 15.798723620469408
8313.798583547334 15.971121424332514
8557.183144940002 16.143114251689415
8807.692733975462 16.314288466577313
9065.53593421636 16.48420796054788
9330.927435461663 16.652415886754707
9604.08821250538 16.818436628803575
9885.24570912827 16.98177800249327
10174.634027476064 17.141933685337758
10472.494122981476 17.298385865238362
10779.074004992735 17.450608095919584
11094.628943275218 17.59806834282179
11419.421680558647 17.740232199150938
11753.722651306367 17.8765662478002
12097.810206889013 18.006541540995126
12451.97084735032 18.129637165874183
12816.499459957597 18.24534386090817
13191.699564735716 18.353167645200806
13577.883567189278 18.452633420393735
13975.373018422924 18.543288503223067
14384.498882876629 18.624706045814932
14805.6018138991 18.696488300641562
15239.032437388305 18.758269687717124
15685.151643735446 18.809719623133546
16144.330888316019 18.85054507041051
16616.952500776908 18.88049277934565
17103.41000337838 18.89935118104877
17604.108438655527 18.906951912557947
18119.46470667122 18.903170949781202
18649.907912142942 18.887929333357945
19195.87972173111 18.861193478283116
19757.834731786996 18.82297506462547
20336.2408468667 18.77333051326504
20931.579669325736 18.71236005711401
21544.346900318822 18.640206424621784
22175.052752539294 18.55705315835196
22824.222375040976 18.463122596918684
23492.396290496577 18.35867355345882
24180.13084525718 18.24399872798844
24887.998672586673 18.119421894359085
25616.589169457267 17.985294905029157
26366.508987303554 17.841994558454005
27138.3825371428 17.689919374562397
27932.85250948253 17.529486323534755
28750.580409448772 17.361127551960056
29592.247107579577 17.185287148481006
30458.55340674284 17.002417988314335
31350.220625651124 16.812978692645846
32267.991199458116 16.61743073495469
33212.62929793748 16.416235721934157
34184.92146175927 16.209852871968135
35185.677257392665 15.998736709220548
36215.72995118075 15.783334986422703
37275.93720314938 15.564086844519995
38367.18178112649 15.341421212580103
39490.37229576694 15.115755446869994
40646.44395709628 14.88749420386835
41836.359353200234 14.657028538273263
43061.10925171165 14.424735213845343
44321.713424760856 14.190976212245499
45619.221498074585 13.956098422904077
46954.71382493421 13.720433495407967
48329.30238571752 13.484297834907608
49744.13171377451 13.247992720604696
51200.37984840882 13.011804527448911
52699.259315756564 12.776005031702876
54242.01813838024 12.540851781970542
55829.94087441914 12.306588518562226
57464.34968715974 12.0734456256213
59146.605445917456 11.84164060219103
60878.108859147556 11.611378540283642
62660.30164072656 11.382852599961401
64494.667710376205 11.156244473383119
66382.73442923075 10.93172483165504
68326.07387157406 10.709453750100872
70326.30413380644 10.489581109192189
72385.09068173247 10.27224696982399
74504.14773728917 10.057581922864724
76685.2397058701 9.845707413935997
78930.18264543568 9.636736045189316
81240.84577862974 9.430771856445443
83619.15304916317 9.227910588458904
86067.08472376158 9.028239931285505
88586.67904100832 8.831839760782923
91180.03390845681 8.638782366188776
93849.3086494272 8.449132671522317
96596.72580093842 8.262948453271175
99424.57296427398 8.080280556477014
102335.20470972576 7.901173110946938
105331.04453709359 7.725663748913512
108414.5868935835 7.553783825058859
111588.3992507748 7.3855586394293065
114855.12424239368 7.221007663400048
118217.48186466724 7.0601447685223135
121678.27174109229 6.902978457795745
125240.3754535072 6.749512098667123
128906.75894140244 6.599744156860686
132680.47497147243 6.453668429994787
136564.66567946097 6.311274279834962
140562.56518642136 6.172546861968566
144677.5022915648 6.037467351660695
148912.90324394088 5.906013164656602
153272.2945952612 5.778158171732323
157759.30613623615 5.653872905855026
162377.67391887208 5.5331247608939425
167131.2433672486 5.415878180919173
172023.97247935992 5.302094839233745
177059.9351226898 5.191733806401259
182243.32442626648 5.084751706655355
187578.45627201613 4.981102862205336
193069.77288832495 4.880739425081982
198721.84654880533 4.783611496299524
204539.38337933904 4.689667232241195
210527.22727657072 4.598852938307127
216690.3639411181 4.511113149993671
223033.9250288494 4.426390701704221
229563.19242369095 4.344626783720102
236283.6026355175 4.265760987890545
243200.7513267945 4.189731342729156
250320.39797173254 4.116474338735013
257648.47065183744 4.045924944885638
265191.0709918535 3.9780166173803106
272954.4792402007 3.9126813018420603
280945.1594981406 3.849849430317414
289169.76510202966 3.789449914540779
297635.14416313195 3.731410137057168
306348.3452696084 3.6756559419175647
315316.62335543614 3.6221116267761793
324547.44574113254 3.5706999383239317
334048.4983513244 3.521342073084367
343827.6921143307 3.4739576856739247
353893.1695490984 3.42846490668297
364253.3115449638 3.384780372363134
374916.74433988857 3.3428192683047366
385892.3467029899 3.302495389251525
397189.25732733024 3.263721217121662
408816.88243912894 3.2264080191809104
420784.9036297398 3.190465968140665
433103.2859169001 3.155804285726201
445782.28604197066 3.12233141097756
458832.461010084 3.089955194204
472264.67688029545 3.0585831171148805
486090.117813063 3.0281225391958997
500320.2953825999 2.9984809698953265
514967.0581618343 2.969566365636395
530042.6015879672 2.9412874500889576
545559.4781168514 2.913554055527331
561530.6076746266 2.8862774824865323
577969.2884153313 2.8593708743217086
594889.2077934331 2.8327496026939523
612304.4539605178 2.8063316594686736
630229.5274956024 2.7800380500405857
648679.3534788508 2.753793182711206
667669.2939187557 2.727525248459012
687215.1605431122 2.701166585275669
707333.2279644439 2.6746540212068037
728040.2472308562 2.647929190342618
749353.4597735757 2.6209388162567615
771290.6117627992 2.5936349577914126
793869.9688838223 2.565975212626818
817110.3315457187 2.5379228747434013
841031.0505352605 2.509447042668045
865652.0431290936 2.480522676271987
890993.8096776098 2.4511306008313074
917077.4506742931 2.421257458044374
943924.6843247664 2.390895604694102
971557.8646301847 2.3600429606168873
1000000.0 2.328702808565296
