10.0 -0.004275634467643419
10.292747724096083 -0.004410904857757521
10.59406557118851 -0.004550950132235408
10.904204429677526 -0.004695976560065545
11.223422532664179 -0.004846201950333365
11.551985672964793 -0.005001856426055024
11.890167424419898 -0.005163183248778836
12.238249369681931 -0.0053304396962621375
12.596521334671401 -0.005503897995498688
12.965281629896682 -0.0056838463132842
13.344837298838383 -0.005870589806426984
13.735504373605137 -0.006064451733549441
14.137608138073606 -0.006265774630252122
14.551483398731937 -0.00647492154916657
14.977474763452017 -0.006692277366132094
15.415936928422726 -0.006918250153348684
15.867234973483178 -0.007153272619933634
16.331744666101677 -0.0073978036197664765
16.80985277425364 -0.0076523297258964985
17.301957388458945 -0.007917366870045784
17.808468253246822 -0.008193462044932922
18.329807108324356 -0.008481195066162643
18.866408039732583 -0.008781180389373122
19.418717841282557 -0.009094068977118543
19.987196386572506 -0.009420550208628971
20.57231701189556 -0.00976135382413375
21.174566910357118 -0.010117251893813904
21.794447537529855 -0.01048906079976613
22.432475028984193 -0.010877643217493085
23.089180630041927 -0.011283910081524172
23.765111138110754 -0.011708822517773616
24.46082935796799 -0.012153393723179659
25.17691457037277 -0.01261869077111032
25.913963014396586 -0.013105836319002908
26.672588383874054 -0.013616010192739093
27.453422338387142 -0.014150450820480146
28.257115029208283 -0.014710456487066393
29.08433564064048 -0.015297386378802133
29.935772947204903 -0.015912661387500165
30.812135887140037 -0.0165577646421857
31.714154152689986 -0.01723424173692153
32.642578797673224 -0.017943700623949954
33.59818286283781 -0.018687811142772997
34.58176201952381 -0.01946830415806566
35.594135232168604 -0.020286970282490466
36.63614544020716 -0.021145658164567857
37.708660259934554 -0.02204627232689366
38.81257270691538 -0.022990770546076237
39.9488019395417 -0.023981160772903323
41.118294024358306 -0.02501949759926874
42.322022723792756 -0.02610787828726307
43.56099030694608 -0.027248438385479374
44.83622838411908 -0.028443346967658076
46.148798765769385 -0.029694801539260837
47.499794346614124 -0.031005022668083318
48.890340015614456 -0.03237624840519214
50.32159359259993 -0.03381072857221961
51.7947467923121 -0.03531071899976466
53.31102621667033 -0.036878475809175214
54.87169437608604 -0.03851624983593774
56.47805074067555 -0.0402262812968809
58.131432822247135 -0.04201079480536192
59.83321728796288 -0.043871994838051195
61.58482110660264 -0.0458120617540118
63.38770272838487 -0.04783314846125244
65.24336329932625 -0.04993737781789256
67.15334791115141 -0.05212684084475916
69.11924688779365 -0.05440359581364741
71.14269710955735 -0.0567696682612265
73.22538337604533 -0.059227051962749695
75.36903980898542 -0.061777710883050244
77.57545129612417 -0.06442358210507372
79.84645497739086 -0.06716657971906807
82.18394177456803 -0.07000859963890976
84.58985796574301 -0.0729515252965505
87.06620680585127 -0.0759972341514447
89.61505019466045 -0.0791476049396648
92.23851039358476 -0.08240452557735681
94.9387717927583 -0.0857699016255754
97.71808272983904 -0.08924566521834396
100.57875736205835 -0.09283378435319432
103.52317759307378 -0.09653627244325386
106.55379505623053 -0.10035519803201974
109.67313315588179 -0.10429269457626944
112.88378916846884 -0.10835097020849045
116.18843640511002 -0.11253231739777142
119.58982643749793 -0.11683912243678872
123.09079138896018 -0.1212738746920598
126.69424629259063 -0.12583917556463475
130.40319151841317 -0.13053774711857322
134.2207152716012 -0.1353724403447333
138.14999616383224 -0.14034624303706755
142.19430585991677 -0.14546228726789956
146.357011801908 -0.15072385645708503
150.64158001295928 -0.15613439203776788
155.05157798326255 -0.16169749972810762
159.5906776404731 -0.16741695542439236
164.26265840709303 -0.1732967107358949
169.071410347358 -0.1793408981860057
174.0209374062485 -0.18555383610756435
179.115360743323 -0.19194003326304535
184.3589221641488 -0.19850419322232657
189.75598765218504 -0.20525121853240563
195.3110510040631 -0.21218621471483656
201.02873757128856 -0.21931449412759615
206.913808111479 -0.22664157972909255
212.97116275234782 -0.23417320878300193
219.20584507173257 -0.2419153365435274
225.62304629706352 -0.2498741399618306
232.22810962777245 -0.2580560214557415
239.02653468423918 -0.2664676127863571
246.02398208697775 -0.27511577908687046
253.22627816987946 -0.28400762309104416
260.63941983143474 -0.29315048961085244
268.26957952797244 -0.30255197031510206
276.1231104130753 -0.31221990886327206
284.2065516274511 -0.3221624064510282
292.5266337436645 -0.33238782782619547
301.09028437025927 -0.3429048078357218
309.9046339199427 -0.35372225856601
318.97702154663216 -0.36484937713997573
328.3150012563047 -0.3762956542348557
337.9263481967431 -0.3880708833848576
347.819065131413 -0.40018517113206975
358.00138910285807 -0.412648948087772
368.48179829116765 -0.42547298096440844
379.26901907322497 -0.43866838563593197
390.37203328860926 -0.4522466412812667
401.8000857182091 -0.4662196056624897
413.5626917817706 -0.4805995315856344
425.66964546078714 -0.495399084588855
438.13102745333055 -0.5106313618993676
450.9572135676145 -0.526309912698122
464.15888336127773 -0.5424487597290345
477.7470290335773 -0.559062422288963
491.73296457790156 -0.5761659406344939
506.1283352022219 -0.5937749018434209
520.9451270253212 -0.6119054671715507
536.1956770568817 -0.6305744009502757
551.892683469738 -0.6497991010760155
568.0492161728429 -0.669597631150527
584.6787276937589 -0.6899887543399065
601.7950643797334 -0.7109919690305553
619.412477926676 -0.7326275463712993
637.5456372456507 -0.7549165698039182
656.2096406767555 -0.7778809766961804
675.4200285605586 -0.8015436022057334
695.1927961775606 -0.8259282255154169
715.5444070664574 -0.8510596185946301
736.4918067322965 -0.8769635976529125
758.0524367559261 -0.9036670774642763
780.2442493165045 -0.9311981287508392
803.0857221391512 -0.9595860388239281
826.5958738801812 -0.9888613756879439
850.7942799627444 -1.0190560558182178
875.7010888760508 -1.0502034158272753
901.3370389517438 -1.082338288235195
927.7234756314059 -1.1154970815574614
954.8823692395666 -1.149717864919756
982.8363332770031 -1.1850404573996598
1011.6086432495807 -1.2215065222843882
1041.2232560483055 -1.2591596664162177
1071.7048298967104 -1.2980455447766037
1103.078744882215 -1.338211970433246
1135.3711240885177 -1.3797090299416421
1168.608855346651 -1.4225892042534694
1202.8196136227775 -1.4669074951367191
1238.0318840613968 -1.512721557058204
1274.2749857031336 -1.5600918344135297
1311.5790958968503 -1.6090817039157537
1349.9752754264298 -1.659757621867888
1389.4954943731375 -1.7121892759469333
1430.172658735088 -1.7664497410158229
1472.0406378260013 -1.8226156383561725
1515.134292476053 -1.8807672975739598
1559.4895040582815 -1.940988920277871
1605.1432043647615 -2.00336874445785
1652.1334063573702 -2.0679992083070786
1700.4992358187922 -2.1349771120276553
1750.2809639301013 -2.2044037759436
1801.520040802024 -2.276385193013473
1854.2591299878522 -2.3510321735900033
1908.542144006686 -2.4284604800191603
1964.4142809066266 -2.508790948408744
2021.9220618983536 -2.5921495946273656
2081.1133700903947 -2.678667701329299
2142.037490358383 -2.7684818825367827
2204.7451503814746 -2.861734122062101
2269.288562880081 -2.9585717818194954
2335.7214690901214 -3.059147575871931
2404.0991835099717 -3.1636195058888767
2474.47863995735 -3.2721507535676397
2546.91843897454 -3.3849095255008708
2621.478896621356 -3.5020688459718197
2698.222094696536 -3.6238062932298862
2777.211932429355 -3.7503036749595093
2858.5141796844714 -3.8817466389061015
2942.196531724374 -4.018324214982367
3028.3286655749457 -4.160228285635317
3116.9822980411436 -4.307652981835019
3208.2312454210773 -4.46079400272617
3302.1514849681753 -4.6198478577792885
3398.8212181526674 -4.785011031170205
3498.320935775036 -4.956479069099301
3600.73348498562 -5.134445591816362
3706.144138266228 -5.319101233223815
3814.640664431178 -5.51063251206629
3926.3134017068355 -5.709220639849658
4041.2553329506004 -5.915040271734214
4159.562163071847 -6.1282582076881225
4281.332398719392 -6.349032052127467
4406.667430301786 -6.577508841084067
4535.671616408702 -6.813823646592722
4668.45237070379 -7.058098168462583
4805.1202513612425 -7.3104393238599785
4945.789053120639 -7.57093784518041
5090.575902036681 -7.83966689651917
5239.601353002645 -8.116680718662773
5392.98949012887 -8.40201331194531
5550.868030059805 -8.69567716555585
5713.36842831558 -8.997662040991491
5880.625988746757 -9.307933816353069
6052.779976193349 -9.626433397147272
6229.973732441841 -9.95307569820987
6412.354795576917 -10.287748700382249
6600.075022827095 -10.630312584691133
6793.290717006696 -10.980598946052105
6992.162756659375 -11.338410087978005
7196.856730011514 -11.70351839946818
7407.543072847163 -12.07566581517877
7624.397210419138 -12.454563360170162
7847.5997035146065 -12.839890780961055
8077.3363987967105 -13.231296265285874
8313.798583547334 -13.628396253833417
8557.183144940002 -14.030775348267918
8807.692733975462 -14.437986320985537
9065.53593421636 -14.849550233245576
9330.927435461663 -15.264956669496144
9604.08821250538 -15.683664096809729
9885.24570912827 -16.105100359280517
10174.634027476064 -16.528663317965297
10472.494122981476 -16.953721647391415
10779.074004992735 -17.379615799770697
11094.628943275218 -17.805659147802285
11419.421680558647 -18.231139316274
11753.722651306367 -18.655319711595975
12097.810206889013 -19.07744125687826
12451.97084735032 -19.496724338245205
12816.499459957597 -19.912370965763703
13191.699564735716 -20.323567149703322
13577.883567189278 -20.729485489906278
13975.373018422924 -21.129287972861302
14384.498882876629 -21.5221289677607
14805.6018138991 -21.907158409430217
15239.032437388305 -22.2835251526414
15685.151643735446 -22.6503804790602
16144.330888316019 -23.00688173499306
16616.952500776908 -23.352196075288443
17103.41000337838 -23.685504286264813
17604.108438655527 -24.006004658454454
18119.46470667122 -24.312916878302975
18649.907912142942 -24.605485906788047
19195.87972173111 -24.88298581223168
19757.834731786996 -25.144723524371706
20336.2408468667 -25.390042477032956
20931.579669325736 -25.61832610746318
21544.346900318822 -25.829001181528245
22175.052752539294 -26.02154091548195
22824.222375040976 -26.19546786685069
23492.396290496577 -26.35035656909047
24180.13084525718 -26.485835887001635
24887.998672586673 -26.601591072400165
25616.589169457267 -26.697365502185953
26366.508987303554 -26.772962083691034
27138.3825371428 -26.82824431499956
27932.85250948253 -26.863136990783588
28750.580409448772 -26.877626547082716
29592.247107579577 -26.87176104135666
30458.55340674284 -26.845649767053445
31350.220625651124 -26.799462504864138
32267.991199458116 -26.733428415759374
33212.62929793748 -26.647834583850173
34184.92146175927 -26.543024220031526
35185.677257392665 -26.419394540290174
36215.72995118075 -26.277394335431136
37275.93720314938 -26.11752125178687
38367.18178112649 -25.94031880519464
39490.37229576694 -25.746373153103896
40646.44395709628 -25.53630965207161
41836.359353200234 -25.31078923006987
43061.10925171165 -25.070504604904126
44321.713424760856 -24.816176381585137
45619.221498074585 -24.54854906265563
46954.71382493421 -24.268387006199617
48329.30238571752 -23.976470366531597
49744.13171377451 -23.673591052351714
51200.37984840882 -23.36054873643707
52699.259315756564 -23.038146949734042
54242.01813838024 -22.707189291047086
55829.94087441914 -22.368475781378592
57464.34968715974 -22.022799389458008
59146.605445917456 -21.67094275211314
60878.108859147556 -21.313675109981638
62660.30164072656 -20.951749475683528
64494.667710376205 -20.585900048066577
66382.73442923075 -20.21683988256331
68326.07387157406 -19.845258824144107
70326.30413380644 -19.471821705881002
72385.09068173247 -19.0971668128208
74504.14773728917 -18.72190460776081
76685.2397058701 -18.346616712677804
78930.18264543568 -17.97185513701188
81240.84577862974 -17.598141741789245
83619.15304916317 -17.22596792668975
86067.08472376158 -16.855794525643187
88586.67904100832 -16.488051895361387
91180.03390845681 -16.123140180375596
93849.3086494272 -15.761429737635037
96596.72580093842 -15.403261703503862
99424.57296427398 -15.04894868604902
102335.20470972576 -14.698775565797241
105331.04453709359 -14.35300038864964
108414.5868935835 -14.011855335304853
111588.3992507748 -13.675547752364656
114855.12424239368 -13.344261231214055
118217.48186466724 -13.018156721775018
121678.27174109229 -12.697373669290407
125240.3754535072 -12.382031163372814
128906.75894140244 -12.072229089652051
132680.47497147243 -11.768049275424728
136564.66567946097 -11.46955662176627
140562.56518642136 -11.176800215568496
144677.5022915648 -10.889814415930319
148912.90324394088 -10.608619910223503
153272.2945952612 -10.333224735997474
157759.30613623615 -10.063625265651853
162377.67391887208 -9.799807151511802
167131.2433672486 -9.541746229571206
172023.97247935992 -9.289409380737329
177059.9351226898 -9.042755348911573
182243.32442626648 -8.801735515680319
187578.45627201613 -8.566294631771333
193069.77288832495 -8.336371505757707
198721.84654880533 -8.111899650766931
204539.38337933904 -7.8928078901834695
210527.22727657072 -7.679020923518342
216690.3639411181 -7.4704598537726845
223033.9250288494 -7.267042677733671
229563.19242369095 -7.068684740730974
236283.6026355175 -6.875299157439084
243200.7513267945 -6.686797200347738
250320.39797173254 -6.503088657540823
257648.47065183744 -6.324082161421756
265191.0709918535 -6.14968549001173
272954.4792402007 -5.979805842418215
280945.1594981406 -5.814350090037807
289169.76510202966 -5.6532250050114605
297635.14416313195 -5.496337467402074
306348.3452696084 -5.3435946525078934
315316.62335543614 -5.194904199669009
324547.44574113254 -5.050174363861666
334048.4983513244 -4.909314151315681
343827.6921143307 -4.772233440325025
353893.1695490984 -4.638843088362107
364253.3115449638 -4.509055026542227
374916.74433988857 -4.382782342425919
385892.3467029899 -4.2599393520857625
397189.25732733024 -4.140441662309502
408816.88243912894 -4.024206223753035
420784.9036297398 -3.9111513758057854
433103.2859169001 -3.801196883878825
445782.28604197066 -3.694263969778242
458832.461010084 -3.5902753357791095
472264.67688029545 -3.4891551829724228
486090.117813063 -3.390829224415589
500320.2953825999 -3.2952246935777434
514967.0581618343 -3.2022703485345847
530042.6015879672 -3.111896472332867
545559.4781168514 -3.0240348699118087
561530.6076746266 -2.9386188619391773
577969.2884153313 -2.8555832758903517
594889.2077934331 -2.7748644346729727
612304.4539605178 -2.696400143074934
630229.5274956024 -2.6201296722903678
648679.3534788508 -2.545993742756914
667669.2939187557 -2.4739345055179727
687215.1605431122 -2.4038955223052505
707333.2279644439 -2.3358217445195293
728040.2472308562 -2.269659491272381
749353.4597735757 -2.205356426636689
771290.6117627992 -2.1428615362402184
793869.9688838223 -2.082125103324795
817110.3315457187 -2.0230986843812824
841031.0505352605 -1.9657350844607426
865652.0431290936 -1.9099883322522317
890993.8096776098 -1.8558136550086437
917077.4506742931 -1.8031674533942152
943924.6843247664 -1.7520072763192074
971557.8646301847 -1.7022917958211925
1000000.0 -1.6539807820451624
