10.0 -1.5645709047678416
10.53310445370937 -1.7721756815212373
11.094628943275218 -1.9997748468308794
11.686088553466515 -2.2490790443493918
12.309079138896024 -2.5219200819493928
12.965281629896682 -2.820260654673707
13.65646656794611 -3.146207026942805
14.38449888287663 -3.5020259609281195
15.15134292476053 -3.890167633392896
15.95906776404731 -4.313296900910594
16.80985277425364 -4.774336118008477
17.70599351226899 -5.276523902769829
18.64990791214297 -5.823495963379649
19.644142809066278 -6.419396652966593
20.6913808111479 -7.069033835614479
21.794447537529855 -7.778095830354004
22.956319242369098 -8.553459292364705
24.180130845257207 -9.403633929856207
25.4691843897454 -10.339419847560148
26.826957952797258 -11.37490807763867
28.257115029208283 -12.529060454508194
29.76351441631318 -13.82832137914688
31.350220625651154 -15.31119174098947
33.02151484968176 -17.03685311528105
34.7819065131413 -19.103097231865316
36.63614544020716 -21.68902407434298
38.58923467029903 -25.179841510932587
40.646443957096295 -30.689207669140778
42.81332398719393 -45.72854026256556
45.095721356761466 -34.546486452180176
47.499794346614124 -27.87063816419371
50.03202953826004 -24.327125003427753
52.699259315756564 -21.961867619701614
55.50868030059805 -20.22051535415248
58.467872769375894 -18.866548379435628
61.58482110660264 -17.776725319103925
64.86793534788511 -16.87847803346409
68.32607387157402 -16.125358861624136
71.96856730011521 -15.48577451251304
75.8052436755926 -14.937215827894084
79.84645497739086 -14.46305017562381
84.10310505352605 -14.050621143165515
88.58667904100822 -13.690063679345755
93.30927435461668 -13.373533578587564
98.28363332770026 -13.09468839047614
103.52317759307378 -12.848326998467158
109.04204429677526 -12.630132742608701
114.8551242423938 -12.436486100924055
120.97810206889012 -12.264325301653319
127.42749857031335 -12.11104071474605
134.2207152716012 -11.974393533042441
141.37608138073614 -11.852452238890148
148.91290324394086 -11.743542309782457
156.85151643735477 -11.646205928071518
165.213340635737 -11.559169355402442
174.0209374062485 -11.481316254921637
183.29807108324357 -11.411665683801445
193.06977288832496 -11.34935379349672
203.36240846866724 -11.293618503908508
214.2037490358383 -11.243786585866886
225.62304629706352 -11.199262711534708
237.65111138110728 -11.159520126542567
250.32039797173255 -11.124092669307075
263.6650898730358 -11.092567917934996
277.7211932429355 -11.06458128772774
292.5266337436645 -11.039810935596863
308.1213588714002 -11.017973353917146
324.54744574113323 -10.998819557157013
341.84921461759274 -10.982131781310398
360.073348498562 -10.967720629511806
379.26901907322497 -10.955422608072066
399.48801939541704 -10.945098005976329
420.78490362974026 -10.93662907805063
443.21713424760856 -10.929918497845087
466.84523707037897 -10.924888051043913
491.73296457790156 -10.92147754401568
517.9474679231213 -10.919643905173578
545.5594781168514 -10.919360459151424
574.6434968715973 -10.920616355511845
605.2779976193349 -10.92341613486042
637.5456372456507 -10.927779415802663
671.5334791115142 -10.933740686249818
707.3332279644438 -10.941349182070208
745.0414773728917 -10.950668835069164
784.7599703514607 -10.961778270681231
826.5958738801812 -10.97477083365332
870.6620680585127 -10.989754617275436
917.0774506742931 -11.006852468539153
965.9672580093833 -11.02620193787104
1017.4634027476063 -11.047955138000257
1071.7048298967104 -11.072278472095016
1128.8378916846884 -11.099352186848945
1189.01674244199 -11.129369701823354
1252.4037545350732 -11.16253666255841
1319.1699564735716 -11.199069662082506
1389.4954943731375 -11.239194574052116
1463.5701180190797 -11.283144441491906
1541.5936928422718 -11.331156868685028
1623.776739188721 -11.383470870860346
1710.3410003378397 -11.440323147819381
1801.520040802024 -11.501943764003313
1897.5598765218504 -11.568551239283245
1998.7196386572507 -11.640347082058028
2105.272272765707 -11.717509828700027
2217.505275253932 -11.800188690231296
2335.7214690901214 -11.888496946722988
2460.239820869775 -11.982505270201315
2591.3963014396572 -12.082235194899962
2729.5447924020073 -12.187652986307423
2875.0580409448803 -12.298664183978937
3028.3286655749457 -12.415109104078235
3189.7702154663216 -12.536759583112929
3359.818286283781 -12.66331722219056
3538.9316954909877 -12.794413350577546
3727.593720314938 -12.929610869028384
3926.3134017068355 -13.06840805963769
4135.626917817706 -13.210244363655153
4356.099030694608 -13.354508036901304
4588.324610100844 -13.500545500092503
4832.930238571752 -13.647672114750733
5090.575902036681 -13.795184040456688
5361.956770568817 -13.942370771317869
5647.805074067552 -14.088527912757867
5948.892077934331 -14.23296974665795
6266.030164072656 -14.375041144535793
6600.075022827095 -14.514128423882797
6951.927961775606 -14.649668799564907
7322.538337604534 -14.781158156250623
7712.906117627992 -14.908156953962536
8124.0845778629655 -15.03029417104911
8557.183144940002 -15.147269280907143
9013.37038951743 -15.25885234463994
9493.87717927582 -15.364882376431805
10000.0 -15.465264197713015
10533.104453709382 -15.55996403789061
11094.628943275218 -15.649004162655233
11686.088553466498 -15.732456816422072
12309.079138896019 -15.81043775536857
12965.281629896688 -15.883099624676957
13656.466567946096 -15.950625401534763
14384.498882876629 -16.01322208762197
15151.342924760515 -16.07111479469406
15959.06776404731 -16.124541327211123
16809.852774253653 -16.17374732901389
17705.99351226898 -16.21898202839627
18649.907912142942 -16.26049458843146
19644.142809066267 -16.29853104742384
20691.3808111479 -16.3333318178245
21794.447537529835 -16.365129700368502
22956.319242369096 -16.39414836300508
24180.13084525718 -16.42060123064067
25469.184389745402 -16.444690731061232
26826.957952797275 -16.466607843934547
28257.115029208268 -16.486531902873928
29763.51441631313 -16.504630604669906
31350.220625651124 -16.521060184435065
33021.51484968176 -16.53596572034403
34781.90651314134 -16.549481536491665
36636.14544020716 -16.561731677068487
38589.23467029899 -16.57283042936744
40646.44395709628 -16.582882877066304
42813.32398719396 -16.591985468719866
45095.721356761445 -16.60022658944887
47499.79434661403 -16.607687126448873
50032.029538259994 -16.614441021175605
52699.259315756564 -16.62055580294225
55508.680300598106 -16.62609310022972
58467.87276937589 -16.631109127276165
61584.82110660255 -16.63565514455727
64867.935347885075 -16.639777892583517
68326.07387157406 -16.643519999104186
71968.56730011514 -16.64692036030693
75805.24367559262 -16.650014496975345
79846.45497739078 -16.65283488688251
84103.10505352604 -16.655411274861653
88586.67904100832 -16.65777096216673
93309.27435461663 -16.659939076800374
98283.63332770011 -16.66193882652507
103523.17759307378 -16.663791736268852
109042.04429677526 -16.665517871598034
114855.12424239368 -16.6671360498353
120978.10206889013 -16.668664040281907
127427.49857031321 -16.670118754833876
134220.7152716012 -16.67151643003211
141376.08138073614 -16.67287280130689
148912.90324394088 -16.67420326975671
156851.5164373548 -16.675523061350624
165213.34063573685 -16.676847377803913
174020.9374062485 -16.678191537664823
183298.07108324338 -16.679571105274672
193069.77288832495 -16.681002004261366
203362.40846866704 -16.68250061111404
214203.74903583832 -16.684083823197845
225623.04629706353 -16.685769094387954
237651.11138110727 -16.687574430422835
250320.39797173254 -16.689518335254967
263665.08987303555 -16.69161969929914
277721.1932429355 -16.693897620773555
292526.6337436642 -16.69637115251127
308121.35887140024 -16.699058968941472
324547.44574113254 -16.701978951557642
341849.21461759275 -16.705147696175224
360073.348498562 -16.708579951548128
379269.0190732246 -16.712288006160435
399488.019395417 -16.716281047709217
420784.9036297398 -16.720564527168357
443217.13424760854 -16.725139565441363
466845.2370703785 -16.73000244442793
491732.9645779016 -16.735144224910613
517947.46792312124 -16.74055053032142
545559.4781168514 -16.74620152787548
574643.4968715974 -16.75207212709412
605277.9976193343 -16.758132401193727
637545.6372456506 -16.76434822064602
671533.4791115135 -16.77068207212296
707333.2279644439 -16.777094021876415
745041.4773728917 -16.783542771982304
784759.9703514606 -16.78998675197881
826595.8738801812 -16.79638518774658
870662.0680585118 -16.802699093856596
917077.4506742931 -16.80889214423593
965967.2580093823 -16.81493138762196
1017463.4027476063 -16.820787787394867
1071704.8298967092 -16.826436578551938
1128837.8916846884 -16.831857446527863
1189016.74244199 -16.837034542383222
1252403.7545350718 -16.841956356055107
1319169.9564735717 -16.846615473739302
1389495.494373136 -16.851008247270503
1463570.1180190798 -16.85513440293379
1541593.6928422702 -16.858996615047793
1623776.739188721 -16.86260006642012
1710341.0003378377 -16.86595201391839
1801520.0408020238 -16.869061373360648
1897559.8765218505 -16.87193833402479
1998719.6386572486 -16.874594009550563
2105272.272765707 -16.877040128983463
2217505.2752539297 -16.879288769244404
2335721.4690901213 -16.881352128405315
2460239.8208697727 -16.88324233775997
2591396.3014396573 -16.884971309742603
2729544.792402007 -16.886550618183307
2875058.040944877 -16.88799140712558
3028328.6655749455 -16.889304324396395
3189770.215466318 -16.89049947624236
3359818.286283781 -16.89158639958653
3538931.6954909842 -16.89257404876203
3727593.720314938 -16.89347079391683
3926313.4017068394 -16.894284428634847
4135626.917817706 -16.89502218465346
4356099.030694608 -16.895690751883468
4588324.61010084 -16.896296302225114
4832930.238571752 -16.896844515942053
5090575.902036676 -16.8973406095834
5361956.770568817 -16.897789364646762
5647805.074067546 -16.89819515634682
5948892.077934331 -16.898561981997346
6266030.164072656 -16.898893488637842
6600075.022827089 -16.899192999634685
6951927.961775606 -16.899463540067078
7322538.337604526 -16.89970786077599
7712906.117627992 -16.89992846100416
8124084.5778629575 -16.90012760959768
8557183.144940002 -16.90030736476994
9013370.38951742 -16.900469592454794
9493877.17927582 -16.900615983290656
10000000.0 -16.900748068291566
10533104.45370936 -16.90086723327001
11094628.943275219 -16.900974732079593
11686088.553466497 -16.901071698750762
12309079.138896018 -16.901159158591923
12965281.629896663 -16.90123803832866
13656466.567946097 -16.901309175350832
14384498.882876629 -16.90137332613641
15151342.924760515 -16.901431173916702
15959067.76404731 -16.901483335643746
16809852.774253618 -16.90153036831913
17705993.51226898 -16.901572774737016
18649907.912142944 -16.901611008692864
19644142.809066266 -16.90164547970419
20691380.811147902 -16.901676557286557
21794447.537529834 -16.901704574825146
22956319.242369097 -16.901729833078363
24180130.84525718 -16.901752603347134
25469184.3897454 -16.90177313034071
26826957.95279722 -16.901791634767452
28257115.02920827 -16.901808315676156
29763514.41631313 -16.901823352571196
31350220.62565112 -16.90183690732324
33021514.849681754 -16.901849125894607
34781906.51314127 -16.901860139897288
36636145.44020716 -16.901870067999095
38589234.67029899 -16.90187901719327
40646443.95709628 -16.90188708394392
42813323.98719387 -16.90189435521981
45095721.35676145 -16.90190090942692
47499794.346614026 -16.901906817250538
50032029.53825999 -16.90191214241306
52699259.31575657 -16.901916942360085
55508680.300597996 -16.901921268876897
58467872.7693759 -16.901925168646056
61584821.10660254 -16.901928683749322
64867935.34788508 -16.901931852120818
68326073.87157391 -16.901934707955412
71968567.30011514 -16.90193728207676
75805243.67559262 -16.90193960226994
79846454.97739078 -16.901941693580408
84103105.05352604 -16.901943578583737
88586679.04100814 -16.901945277629792
93309274.35461664 -16.90194680906136
98283633.32770011 -16.901948189412174
103523177.59307377 -16.90194943358562
109042044.29677527 -16.901950555015127
114855124.24239345 -16.90195156580902
120978102.06889038 -16.90195247688155
127427498.57031322 -16.90195329807046
134220715.2716012 -16.901954038242707
141376081.38073614 -16.901954705390395
148912903.24394056 -16.901955306718698
156851516.43735445 -16.90195584872012
165213340.63573685 -16.901956337247977
174020937.40624848 -16.901956777577972
183298071.08324376 -16.90195717446471
193069772.88832456 -16.9019575321942
203362408.46866703 -16.90195785463085
214203749.0358383 -16.901958145254817
225623046.2970626 -16.901958407206166
237651111.38110778 -16.901958643312163
250320397.97173202 -16.901958856123894
263665089.87303555 -16.90195904793949
277721193.2429355 -16.90195922083051
292526633.74366355 -16.9019593766635
308121358.87140083 -16.90195951712109
324547445.74113256 -16.901959643721298
341849214.6175927 -16.90195975783109
360073348.49856204 -16.90195986068098
379269019.0732238 -16.901959953385802
399488019.39541787 -16.901960036942697
420784903.6297398 -16.901960112255434
443217134.24760854 -16.901960180139916
466845237.07037944 -16.901960241325146
491732964.5779006 -16.901960296472
517947467.9231202 -16.90196034618112
545559478.1168514 -16.901960390988965
574643496.8715974 -16.901960431368643
605277997.6193355 -16.901960467760908
637545637.2456493 -16.901960500569615
671533479.1115135 -16.901960530142468
707333227.9644439 -16.901960556794585
745041477.3728887 -16.901960580825467
784759970.3514622 -16.901960602475718
826595873.8801795 -16.901960621990725
870662068.0585117 -16.901960639575798
917077450.674293 -16.901960655446228
965967258.0093802 -16.901960669726176
1017463402.7476043 -16.90196068261844
1071704829.8967092 -16.90196069421207
1128837891.6846883 -16.90196070468122
1189016742.44199 -16.90196071414319
1252403754.5350692 -16.90196072261373
1319169956.473569 -16.901960730285648
1389495494.373136 -16.90196073720697
1463570118.0190797 -16.901960743414637
1541593692.8422735 -16.901960748996526
1623776739.1887176 -16.901960754043056
1710341000.337838 -16.901960758626206
1801520040.802024 -16.901960762786196
1897559876.5218503 -16.901960766476904
1998719638.6572526 -16.901960769784953
2105272272.7657027 -16.901960772786758
2217505275.2539296 -16.90196077545245
2335721469.0901213 -16.901960777968952
2460239820.8697777 -16.901960780173
2591396301.439652 -16.901960782147402
2729544792.402002 -16.90196078405017
2875058040.944877 -16.90196078552647
3028328665.5749454 -16.901960787055636
3189770215.466325 -16.901960788178027
3359818286.2837744 -16.90196078951201
3538931695.4909844 -16.90196079068077
3727593720.314938 -16.901960791539853
3926313401.7068396 -16.901960792405756
4135626917.8176975 -16.90196079309598
4356099030.694599 -16.901960794067186
4588324610.100841 -16.901960794420845
4832930238.571753 -16.901960794903726
5090575902.036687 -16.901960795270366
5361956770.568806 -16.901960795990774
5647805074.067546 -16.901960796461395
5948892077.934331 -16.9019607970051
6266030164.072656 -16.90196079685871
6600075022.827075 -16.90196079739751
6951927961.775591 -16.901960797086893
7322538337.6045265 -16.901960798239198
7712906117.627993 -16.901960798944643
8124084577.862974 -16.90196079855381
8557183144.939984 -16.901960798305065
9013370389.51742 -16.901960798481014
9493877179.27582 -16.901960798341438
10000000000.0 -16.901960799949066
10.0 -41.265883821668865
10.53310445370937 -40.8280253591671
11.094628943275218 -40.391572111295524
11.686088553466515 -39.95666737115539
12.309079138896024 -39.523467824731846
12.965281629896682 -39.09214453525371
13.65646656794611 -38.662883940148845
14.38449888287663 -38.23588884521469
15.15134292476053 -37.81137939669391
15.95906776404731 -37.389594007487446
16.80985277425364 -36.97079020883969
17.70599351226899 -36.55524539353667
18.64990791214297 -36.14325741112114
19.644142809066278 -35.735144970055956
20.6913808111479 -35.331247796429174
21.794447537529855 -34.931926494085715
22.956319242369098 -34.53756204744929
24.180130845257207 -34.14855490634642
25.4691843897454 -33.765323592495356
26.826957952797258 -33.38830277069327
28.257115029208283 -33.01794073481655
29.76351441631318 -32.65469627018617
31.350220625651154 -32.29903487012716
33.02151484968176 -31.951424305889336
34.7819065131413 -31.612329575348213
36.63614544020716 -31.28220728643205
38.58923467029903 -30.96149956483414
40.646443957096295 -30.650627610470288
42.81332398719393 -30.349985060988804
45.095721356761466 -30.05993135065655
47.499794346614124 -29.780785276153203
50.03202953826004 -29.512818994331724
52.699259315756564 -29.256252678442905
55.50868030059805 -29.011250047099768
58.467872769375894 -28.7779149539535
61.58482110660264 -28.556289186578102
64.86793534788511 -28.346351572698488
68.32607387157402 -28.148018434116743
71.96856730011521 -27.961145367814044
75.8052436755926 -27.785530274408266
79.84645497739086 -27.62091750092094
84.10310505352605 -27.467002921451474
88.58667904100822 -27.32343974856893
93.30927435461668 -27.189844851379203
98.28363332770026 -27.06580535331277
103.52317759307378 -26.95088529247505
109.04204429677526 -26.84463214773995
114.8551242423938 -26.746583061882994
120.97810206889012 -26.65627062596294
127.42749857031335 -26.573228124001215
134.2207152716012 -26.49699417126833
141.37608138073614 -26.427116711186795
148.91290324394086 -26.363156363608663
156.85151643735477 -26.304689140212027
165.213340635737 -26.25130856068899
174.0209374062485 -26.20262721637662
183.29807108324357 -26.158277836429562
193.06977288832496 -26.117913916140687
203.36240846866724 -26.081209968282355
214.2037490358383 -26.047861457067086
225.62304629706352 -26.01758447118889
237.65111138110728 -25.990115187996
250.32039797173255 -25.965209175671543
263.6650898730358 -25.942640574767953
277.7211932429355 -25.9222011948668
292.5266337436645 -25.903699556749192
308.1213588714002 -25.886959905420902
324.54744574113323 -25.87182121473582
341.84921461759274 -25.858136200254975
360.073348498562 -25.845770353378313
379.26901907322497 -25.834601006686242
399.48801939541704 -25.8245164377964
420.78490362974026 -25.815415016842884
443.21713424760856 -25.807204400876333
466.84523707037897 -25.799800777016642
491.73296457790156 -25.793128155021847
517.9474679231213 -25.78711770902426
545.5594781168514 -25.781707167487053
574.6434968715973 -25.776840249918447
605.2779976193349 -25.77246614851123
637.5456372456507 -25.768539052630075
671.5334791115142 -25.76501771391863
707.3332279644438 -25.76186504972888
745.0414773728917 -25.759047782564775
784.7599703514607 -25.756536113270126
826.5958738801812 -25.75430342576521
870.6620680585127 -25.75232602123577
917.0774506742931 -25.75058287979964
965.9672580093833 -25.749055447808228
1017.4634027476063 -25.747727449083385
1071.7048298967104 -25.746584718537207
1128.8378916846884 -25.74561505677255
1189.01674244199 -25.74480810441382
1252.4037545350732 -25.744155235067524
1319.1699564735716 -25.743649465961255
1389.4954943731375 -25.74328538545751
1463.5701180190797 -25.743059096784208
1541.5936928422718 -25.742968177465414
1623.776739188721 -25.743011654080206
1710.3410003378397 -25.74318999211545
1801.520040802024 -25.743505100818226
1897.5598765218504 -25.743960353094167
1998.7196386572507 -25.744560620633592
2105.272272765707 -25.74531232459222
2217.505275253932 -25.746223502289304
2335.7214690901214 -25.747303890532123
2460.239820869775 -25.74856502631866
2591.3963014396572 -25.750020365817686
2729.5447924020073 -25.75168542267354
2875.0580409448803 -25.753577926833803
3028.3286655749457 -25.755718005247623
3189.7702154663216 -25.75812838593475
3359.818286283781 -25.76083462707379
3538.9316954909877 -25.76386537290213
3727.593720314938 -25.767252638356638
3926.3134017068355 -25.77103212451236
4135.626917817706 -25.775243566979743
4356.099030694608 -25.77993111950908
4588.324610100844 -25.78514377510305
4832.930238571752 -25.790935826941382
5090.575902036681 -25.79736737138072
5361.956770568817 -25.804504855169963
5647.805074067552 -25.81242166881195
5948.892077934331 -25.821198787680473
6266.030164072656 -25.830925462039467
6600.075022827095 -25.841699956484284
6951.927961775606 -25.85363033848654
7322.538337604534 -25.866835314660488
7712.906117627992 -25.88144511200037
8124.0845778629655 -25.897602399665427
8557.183144940002 -25.915463244828892
9013.37038951743 -25.93519809363391
9493.87717927582 -25.956992765367094
10000.0 -25.98104944454453
10533.104453709382 -26.007587651669
11094.628943275218 -26.036845168985764
11686.088553466498 -26.069078892693824
12309.079138896019 -26.104565577746822
12965.281629896688 -26.143602435891935
13656.466567946096 -26.18650754199428
14384.498882876629 -26.233619998341542
15151.342924760515 -26.285299801939654
15959.06776404731 -26.34192735608488
16809.852774253653 -26.40390256557451
17705.99351226898 -26.47164345513797
18649.907912142942 -26.54558425400851
19644.142809066267 -26.626172896498975
20691.3808111479 -26.713867899787548
21794.447537529835 -26.80913459627331
22956.319242369096 -26.912440719045332
24180.13084525718 -27.02425136519771
25469.184389745402 -27.145023392084305
26826.957952797275 -27.275199335225196
28257.115029208268 -27.415200971448574
29763.51441631313 -27.56542268472893
31350.220625651124 -27.72622482240227
33021.51484968176 -27.897927252766618
34781.90651314134 -28.080803348970854
36636.14544020716 -28.275074625751678
38589.23467029899 -28.480906243849144
40646.44395709628 -28.698403570823892
42813.32398719396 -28.92760994794555
45095.721356761445 -29.168505762675938
47499.79434661403 -29.421008868529235
50032.029538259994 -29.684976333419847
52699.259315756564 -29.960207437990043
55508.680300598106 -30.24644779222212
58467.87276937589 -30.54339439473727
61584.82110660255 -30.850701428330694
64867.935347885075 -31.167986567830518
68326.07387157406 -31.494837573313482
71968.56730011514 -31.830818951098443
75805.24367559262 -32.17547848506183
79846.45497739078 -32.528353468822786
84103.10505352604 -32.88897650215432
88586.67904100832 -33.25688074969743
93309.27435461663 -33.63160459461226
98283.63332770011 -34.0126956512104
103523.17759307378 -34.399714128864204
109042.04429677526 -34.79223556233069
114855.12424239368 -35.18985294179743
120978.10206889013 -35.592178288907974
127427.49857031321 -35.99884373398392
134220.7152716012 -36.40950215360916
141376.08138073614 -36.82382742968897
148912.90324394088 -37.24151438955292
156851.5164373548 -37.66227848371202
165213.34063573685 -38.085855253220544
174020.9374062485 -38.511999633988324
183298.07108324338 -38.9404851390578
193069.77288832495 -39.37110295528583
203362.40846866704 -39.803660984420674
214203.74903583832 -40.23798285417695
225623.04629706353 -40.673906920684004
237651.11138110727 -41.11128527780021
250320.39797173254 -41.54998278764849
263665.08987303555 -41.98987614123887
277721.1932429355 -42.43085295821061
292526.6337436642 -42.872810928048295
308121.35887140024 -43.315656999270125
324547.44574113254 -43.75930661581772
341849.21461759275 -44.203683002483146
360073.348498562 -44.64871649897134
379269.0190732246 -45.094343941959565
399488.019395417 -45.54050809230851
420784.9036297398 -45.98715710635947
443217.13424760854 -46.434244050852904
466845.2370703785 -46.881726456121704
491732.9645779016 -47.32956590436794
517947.46792312124 -47.77772765804136
545559.4781168514 -48.226180315876036
574643.4968715974 -48.67489550036602
605277.9976193343 -49.12384757345146
637545.6372456506 -49.57301337713901
671533.4791115135 -50.022372000084474
707333.2279644439 -50.471904558911724
745041.4773728917 -50.92159400884103
784759.9703514606 -51.37142496397499
826595.8738801812 -51.821383539474645
870662.0680585118 -52.2714572061701
917077.4506742931 -52.721634660768885
965967.2580093823 -53.171905701164306
1017463.4027476063 -53.62226112979501
1071704.8298967092 -54.072692648030255
1128837.8916846884 -54.52319276839991
1189016.74244199 -54.973754741269374
1252403.7545350718 -55.42437248110774
1319169.9564735717 -55.875040493801755
1389495.494373136 -56.32575383277363
1463570.1180190798 -56.77650803055482
1541593.6928422702 -57.22729906219598
1623776.739188721 -57.678123301861284
1710341.0003378377 -58.128977475075956
1801520.0408020238 -58.57985863398056
1897559.8765218505 -59.03076410841879
1998719.6386572486 -59.48169151966235
2105272.272765707 -59.93263869427577
2217505.2752539297 -60.3836036869403
2335721.4690901213 -60.83458473275471
2460239.8208697727 -61.28558025706222
2591396.3014396573 -61.736588838250114
2729544.792402007 -62.18760917397695
2875058.040944877 -62.638640117410496
3028328.6655749455 -63.08968061254443
3189770.215466318 -63.54072972551704
3359818.286283781 -63.99178660278693
3538931.6954909842 -64.44285046588875
3727593.720314938 -64.89392064189664
3926313.4017068394 -65.34499649340229
4135626.917817706 -65.79607750266779
4356099.030694608 -66.24716310937599
4588324.61010084 -66.69825288926953
4832930.238571752 -67.14934642955059
5090575.902036676 -67.60044334144393
5361956.770568817 -68.05154328018148
5647805.074067546 -68.50264600831952
5948892.077934331 -68.95375121232442
6266030.164072656 -69.40485861586433
6600075.022827089 -69.8559680601054
6951927.961775606 -70.30707931592278
7322538.337604526 -70.75819222554586
7712906.117627992 -71.20930665061056
8124084.5778629575 -71.66042219823835
8557183.144940002 -72.1115391058118
9013370.38951742 -72.56265716217561
9493877.17927582 -73.01377595529645
10000000.0 -73.46489583111125
10533104.45370936 -73.91601652255258
11094628.943275219 -74.36713772685434
11686088.553466497 -74.81825956005643
12309079.138896018 -75.26938235051618
12965281.629896663 -75.7205051525377
13656466.567946097 -76.17162886785813
14384498.882876629 -76.62275305069329
15151342.924760515 -77.07387725513716
15959067.76404731 -77.52500165507176
16809852.774253618 -77.97612639675177
17705993.51226898 -78.42725219044358
18649907.912142944 -78.87837771210228
19644142.809066266 -79.32950310014573
20691380.811147902 -79.78062924917515
21794447.537529834 -80.23175547812139
22956319.242369097 -80.68288156125483
24180130.84525718 -81.13400820685055
25469184.3897454 -81.58513485661567
26826957.95279722 -82.03626144206223
28257115.02920827 -82.48738801865147
29763514.41631313 -82.93851528792614
31350220.62565112 -83.38964248004152
33021514.849681754 -83.84076896404288
34781906.51314127 -84.29189555057113
36636145.44020716 -84.74302220038294
38589234.67029899 -85.19415317574953
40646443.95709628 -85.64527750450199
42813323.98719387 -86.09640566947249
45095721.35676145 -86.54753250698279
47499794.346614026 -86.99866285558974
50032029.53825999 -87.4497891118611
52699259.31575657 -87.9009153936569
55508680.300597996 -88.35204575370467
58467872.7693759 -88.80317038244392
61584821.10660254 -89.25429385205732
64867935.34788508 -89.70542278362458
68326073.87157391 -90.15655393154745
71968567.30011514 -90.60768298176706
75805243.67559262 -91.05881248479746
79846454.97739078 -91.50993289580553
84103105.05352604 -91.96105999915012
88586679.04100814 -92.4121952328732
93309274.35461664 -92.86332397120387
98283633.32770011 -93.31445281931147
103523177.59307377 -93.76557678030211
109042044.29677527 -94.2166986401084
114855124.24239345 -94.6678170557933
120978102.06889038 -95.11898150107388
127427498.57031322 -95.5700884896957
134220715.2716012 -96.02121942361977
141376081.38073614 -96.47236269392691
148912903.24394056 -96.92347228319318
156851516.43735445 -97.37459903529421
165213340.63573685 -97.8257265403122
174020937.40624848 -98.27685927108027
183298071.08324376 -98.72799062973469
193069772.88832456 -99.17910678270002
203362408.46866703 -99.63027194307378
214203749.0358383 -100.08138745928963
225623046.2970626 -100.53250659966412
237651111.38110778 -100.98362877166034
250320397.97173202 -101.43474497551644
263665089.87303555 -101.88584034747946
277721193.2429355 -102.33701886602671
292526633.74366355 -102.78819153676045
308121358.87140083 -103.23921868583068
324547445.74113256 -103.69047199469287
341849214.6175927 -104.14153177168717
360073348.49856204 -104.59274387773124
379269019.0732238 -105.04382131998511
399488019.39541787 -105.49507493370498
420784903.6297398 -105.94596895869488
443217134.24760854 -106.397148324808
466845237.07037944 -106.84832362128198
491732964.5779006 -107.29948333750947
517947467.9231202 -107.7505083025521
545559478.1168514 -108.20164491320993
574643496.8715974 -108.65294070849367
605277997.6193355 -109.10403235395869
637545637.2456493 -109.55503881208843
671533479.1115135 -110.00559362557306
707333227.9644439 -110.45743491130273
745041477.3728887 -110.90826377439475
784759970.3514622 -111.36010872923463
826595873.8801795 -111.8108085192692
870662068.0585117 -112.26175369651612
917077450.674293 -112.71228756721358
965967258.0093802 -113.1645654339733
1017463402.7476043 -113.61464264866805
1071704829.8967092 -114.06517726705259
1128837891.6846883 -114.51810469715434
1189016742.44199 -114.96903547107803
1252403754.5350692 -115.41828662927506
1319169956.473569 -115.87239047383085
1389495494.373136 -116.32163149352394
1463570118.0190797 -116.77327086870163
1541593692.8422735 -117.22393305809108
1623776739.1887176 -117.67456984087617
1710341000.337838 -118.12398948801476
1801520040.802024 -118.57499650498028
1897559876.5218503 -119.03039279047906
1998719638.6572526 -119.47650917766175
2105272272.7657027 -119.92910568933578
2217505275.2539296 -120.38067691727224
2335721469.0901213 -120.83250220852418
2460239820.8697777 -121.28830656475438
2591396301.439652 -121.73120870080716
2729544792.402002 -122.18339883719221
2875058040.944877 -122.6327120429363
3028328665.5749454 -123.08965465393317
3189770215.466325 -123.53538841941806
3359818286.2837744 -124.00007102371974
3538931695.4909844 -124.4401476482333
3727593720.314938 -124.90276638603488
3926313401.7068396 -125.35666295068843
4135626917.8176975 -125.79911722552296
4356099030.694599 -126.24064812745159
4588324610.100841 -126.70866674499295
4832930238.571753 -127.14534301657676
5090575902.036687 -127.60857020124072
5361956770.568806 -128.04860021975472
5647805074.067546 -128.50596952736305
5948892077.934331 -128.9842476528251
6266030164.072656 -129.43893115160955
6600075022.827075 -129.8861388684003
6951927961.775591 -130.29241583103587
7322538337.6045265 -130.69587470456167
7712906117.627993 -131.16847904729133
8124084577.862974 -131.70692133162188
8557183144.939984 -132.0515451826633
9013370389.51742 -132.54555835525014
9493877179.27582 -132.97978704560728
10000000000.0 -133.46167362821907
