10.0 -4.505317033019433
10.292747724096083 -4.47385750680307
10.59406557118851 -4.439178900221874
10.904204429677526 -4.401411722104685
11.223422532664179 -4.360695348300016
11.551985672964793 -4.317176838617477
11.890167424419898 -4.27100973024996
12.238249369681931 -4.222352824568439
12.596521334671401 -4.171368983300777
12.965281629896682 -4.118223948934811
13.344837298838383 -4.063085202780598
13.735504373605137 -4.006120872542493
14.137608138073606 -3.9474986995471535
14.551483398731937 -3.8873850740035576
14.977474763452017 -3.825944144887699
15.415936928422726 -3.763337009294681
15.867234973483178 -3.6997209844247525
16.331744666101677 -3.635248963800637
16.80985277425364 -3.570068857877781
17.301957388458945 -3.504323117925844
17.808468253246822 -3.438148340940117
18.329807108324356 -3.3716749523929415
18.866408039732583 -3.305026962856127
19.418717841282557 -3.238321793912114
19.987196386572506 -3.1716701683158086
20.57231701189556 -3.105176059059057
21.174566910357118 -3.0389366918116103
21.794447537529855 -2.973042595152048
22.432475028984193 -2.907577693043554
23.089180630041927 -2.8426194341362523
23.765111138110754 -2.7782389526759834
24.46082935796799 -2.7145012560535013
25.17691457037277 -2.6514654343243316
25.913963014396586 -2.5891848873570336
26.672588383874054 -2.5277075656136914
27.453422338387142 -2.4670762209231207
28.257115029208283 -2.407328663965523
29.08433564064048 -2.3484980255408745
29.935772947204903 -2.290613019036298
30.812135887140037 -2.2336982018365372
31.714154152689986 -2.1777742337320927
32.642578797673224 -2.1228581306704863
33.59818286283781 -2.0689635124649013
34.58176201952381 -2.0161008433213112
35.594135232168604 -1.9642776642692235
36.63614544020716 -1.9134988167828157
37.708660259934554 -1.8637666570593479
38.81257270691538 -1.815081260580858
39.9488019395417 -1.7674406167247587
41.118294024358306 -1.720840813309894
42.322022723792756 -1.6752762110688009
43.56099030694608 -1.6307396081251282
44.83622838411908 -1.5872223946293553
46.148798765769385 -1.5447146977670883
47.499794346614124 -1.503205517403915
48.890340015614456 -1.4626828526702345
50.32159359259993 -1.4231338198197614
51.7947467923121 -1.3845447617179734
53.31102621667033 -1.346901349332238
54.87169437608604 -1.3101886756049441
56.47805074067555 -1.2743913420957724
58.131432822247135 -1.2394935387792154
59.83321728796288 -1.205479117380432
61.58482110660264 -1.172331658626251
63.38770272838487 -1.1400345337794142
65.24336329932625 -1.1085709608137542
67.15334791115141 -1.077924055575938
69.11924688779365 -1.0480768782662826
71.14269710955735 -1.0190124755571812
73.22538337604533 -0.9907139186533382
75.36903980898542 -0.9631643375830665
77.57545129612417 -0.9363469519952426
79.84645497739086 -0.9102450987214958
82.18394177456803 -0.884842256348733
84.58985796574301 -0.8601220670326605
87.06620680585127 -0.8360683557690448
89.61505019466045 -0.8126651473259086
92.23851039358476 -0.789896681026827
94.9387717927583 -0.7677474235629959
97.71808272983904 -0.7462020799997653
100.57875736205835 -0.725245603131992
103.52317759307378 -0.7048632013317012
106.55379505623053 -0.6850403450213322
109.67313315588179 -0.6657627718962206
112.88378916846884 -0.647016491010748
116.18843640511002 -0.6287877858341492
119.58982643749793 -0.6110632163738369
123.09079138896018 -0.5938296204566015
126.69424629259063 -0.5770741142509995
130.40319151841317 -0.5607840921076681
134.2207152716012 -0.5449472257881669
138.14999616383224 -0.529551463147204
142.19430585991677 -0.5145850263278476
146.357011801908 -0.5000364095243583
150.64158001295928 -0.4858943763626592
155.05157798326255 -0.4721479569443168
159.5906776404731 -0.45878644459585194
164.26265840709303 -0.4457993923616714
169.071410347358 -0.43317660927546553
174.0209374062485 -0.4209081564418975
179.115360743323 -0.40898434295744357
184.3589221641488 -0.3973957216967148
189.75598765218504 -0.38613308498807125
195.3110510040631 -0.3751874602001599
201.02873757128856 -0.3645501052589036
206.913808111479 -0.3542125041126204
212.97116275234782 -0.3441663621611865
219.20584507173257 -0.33440360166356425
225.62304629706352 -0.32491635713657635
232.22810962777245 -0.3156969707564419
239.02653468423918 -0.3067379877733856
246.02398208697775 -0.2980321519484835
253.22627816987946 -0.2895724010209331
260.63941983143474 -0.28135186221291797
268.26957952797244 -0.27336384777848394
276.1231104130753 -0.2656018506019747
284.2065516274511 -0.25805953985090907
292.5266337436645 -0.25073075668754496
301.09028437025927 -0.24360951004274997
309.9046339199427 -0.23668997245530132
318.97702154663216 -0.2299664759792278
328.3150012563047 -0.2234335081613922
337.9263481967431 -0.21708570809108893
347.819065131413 -0.21091786252308672
358.00138910285807 -0.20492490207523678
368.48179829116765 -0.19910189750143367
379.26901907322497 -0.19344405604050582
390.37203328860926 -0.18794671784132985
401.8000857182091 -0.1826053524642817
413.5626917817706 -0.17741555545893944
425.66964546078714 -0.17237304501777806
438.13102745333055 -0.16747365870546038
450.9572135676145 -0.1627133502631807
464.15888336127773 -0.15808818648740935
477.7470290335773 -0.15359434418228696
491.73296457790156 -0.14922810718481402
506.1283352022219 -0.14498586346191575
520.9451270253212 -0.14086410227838597
536.1956770568817 -0.13685941143466188
551.892683469738 -0.13296847457332592
568.0492161728429 -0.1291880685531934
584.6787276937589 -0.12551506088980902
601.7950643797334 -0.12194640726114864
619.412477926676 -0.11847914907729613
637.5456372456507 -0.11511041111285512
656.2096406767555 -0.11183739920083685
675.4200285605586 -0.10865739798676254
695.1927961775606 -0.10556776874171071
715.5444070664574 -0.10256594723304192
736.4918067322965 -0.09964944165153394
758.0524367559261 -0.09681583059366657
780.2442493165045 -0.09406276109780404
803.0857221391512 -0.0913879467330284
826.5958738801812 -0.08878916573939227
850.7942799627444 -0.0862642592183747
875.7010888760508 -0.08381112937232921
901.3370389517438 -0.08142773779174238
927.7234756314059 -0.07911210378912419
954.8823692395666 -0.076862302778381
982.8363332770031 -0.07467646469853235
1011.6086432495807 -0.07255277248065757
1041.2232560483055 -0.0704894605569725
1071.7048298967104 -0.06848481341096357
1103.078744882215 -0.06653716416752047
1135.3711240885177 -0.06464489322203308
1168.608855346651 -0.0628064269074393
1202.8196136227775 -0.06102023619822977
1238.0318840613968 -0.059284835450437216
1274.2749857031336 -0.057598781176660854
1311.5790958968503 -0.05596067085519379
1349.9752754264298 -0.0543691417723475
1389.4954943731375 -0.05282286989708151
1430.172658735088 -0.05132056878707454
1472.0406378260013 -0.04986098852538669
1515.134292476053 -0.04844291468688794
1559.4895040582815 -0.047065167333645255
1605.1432043647615 -0.045726600038480586
1652.1334063573702 -0.044426098935933106
1700.4992358187922 -0.043162581799874776
1750.2809639301013 -0.04193499714705093
1801.520040802024 -0.040742323365833985
1854.2591299878522 -0.03958356786949616
1908.542144006686 -0.03845776627332535
1964.4142809066266 -0.037363981594926356
2021.9220618983536 -0.03630130347706681
2081.1133700903947 -0.035268847432440874
2142.037490358383 -0.034265754109746416
2204.7451503814746 -0.033291188580478866
2269.288562880081 -0.03234433964587
2335.7214690901214 -0.0314244191634071
2404.0991835099717 -0.03053066139238784
2474.47863995735 -0.029662322357979623
2546.91843897454 -0.028818679233265195
2621.478896621356 -0.027999029738772104
2698.222094696536 -0.027202691558996447
2777.211932429355 -0.026429001775443366
2858.5141796844714 -0.02567731631572308
2942.196531724374 -0.024947009418249674
3028.3286655749457 -0.024237473112104974
3116.9822980411436 -0.023548116711642017
3208.2312454210773 -0.022878366325411938
3302.1514849681753 -0.022227664379012278
3398.8212181526674 -0.02159546915146397
3498.320935775036 -0.020981254324735896
3600.73348498562 -0.020384508546046457
3706.144138266228 -0.019804735002581016
3814.640664431178 -0.019241451008276143
3926.3134017068355 -0.018694187602328473
4041.2553329506004 -0.018162489159097607
4159.562163071847 -0.01764591300908159
4281.332398719392 -0.017144029070651066
4406.667430301786 -0.01665641949223817
4535.671616408702 -0.01618267830468495
4668.45237070379 -0.015722411083462843
4805.1202513612425 -0.015275234620484877
4945.789053120639 -0.014840776605238058
5090.575902036681 -0.0144186753149725
5239.601353002645 -0.014008579313691179
5392.98949012887 -0.013610147159689555
5550.868030059805 -0.01322304712140434
5713.36842831558 -0.012846956901335105
5880.625988746757 -0.01248156336780979
6052.779976193349 -0.012126562294371878
6229.973732441841 -0.011781658106573327
6412.354795576917 -0.011446563635962644
6600.075022827095 -0.011120999881064334
6793.290717006696 -0.010804695775151626
6992.162756659375 -0.010497387960618812
7196.856730011514 -0.010198820569766958
7407.543072847163 -0.009908745011820035
7624.397210419138 -0.009626919765995496
7847.5997035146065 -0.009353110180456306
8077.3363987967105 -0.009087088276978706
8313.798583547334 -0.008828632561172126
8557.183144940002 -0.00857752783809476
8807.692733975462 -0.008333565033110512
9065.53593421636 -0.008096541017839295
9330.927435461663 -0.007866258441055329
9604.08821250538 -0.007642525564393394
9885.24570912827 -0.007425156102726144
10174.634027476064 -0.007213969069079786
10472.494122981476 -0.00700878862395933
10779.074004992735 -0.006809443928958057
11094.628943275218 -0.006615769004529241
11419.421680558647 -0.006427602591802297
11753.722651306367 -0.00624478801832785
12097.810206889013 -0.006067173067640657
12451.97084735032 -0.005894609852531328
12816.499459957597 -0.005726954691921847
13191.699564735716 -0.005564067991242239
13577.883567189278 -0.005405814126208819
13975.373018422924 -0.005252061329907629
14384.498882876629 -0.005102681583088735
14805.6018138991 -0.004957550507580287
15239.032437388305 -0.004816547262733761
15685.151643735446 -0.004679554444813985
16144.330888316019 -0.00454645798925029
16616.952500776908 -0.0044171470756677
17103.41000337838 -0.0042915140356186
17604.108438655527 -0.00416945426293864
18119.46470667122 -0.0040508661266519756
18649.907912142942 -0.003935650886353346
19195.87972173111 -0.0038237126099966573
19757.834731786996 -0.00371495809402173
20336.2408468667 -0.0036092967857524008
20931.579669325736 -0.003506640708001837
21544.346900318822 -0.0034069043858218845
22175.052752539294 -0.003310004775335782
22824.222375040976 -0.003215861194594816
23492.396290496577 -0.0031243952564015062
24180.13084525718 -0.003035530803043257
24887.998672586673 -0.002949193842882215
25616.589169457267 -0.0028653124887486445
26366.508987303554 -0.002783816898086275
27138.3825371428 -0.002704639214800108
27932.85250948253 -0.0026277135127580737
28750.580409448772 -0.002552975740899472
29592.247107579577 -0.002480363669904701
30458.55340674284 -0.002409816840381705
31350.220625651124 -0.002341276512526014
32267.991199458116 -0.0022746856172125773
33212.62929793748 -0.0022099887084785774
34184.92146175927 -0.00214713191735768
35185.677257392665 -0.0020860629070272967
36215.72995118075 -0.002026730829231563
37275.93720314938 -0.001969086281943663
38367.18178112649 -0.0019130812682323
39490.37229576694 -0.0018586691562980985
40646.44395709628 -0.0018058046406465855
41836.359353200234 -0.0017544437043655486
43061.10925171165 -0.0017045435824751827
44321.713424760856 -0.0016560627263206731
45619.221498074585 -0.0016089607689775568
46954.71382493421 -0.0015631984916409207
48329.30238571752 -0.0015187377909705966
49744.13171377451 -0.0014755416473651516
51200.37984840882 -0.0014335740941381196
52699.259315756564 -0.001392800187571023
54242.01813838024 -0.001353185977818086
55829.94087441914 -0.0013146984806384641
57464.34968715974 -0.001277305649932482
59146.605445917456 -0.0012409763510589998
60878.108859147556 -0.001205680334911634
62660.30164072656 -0.001171388212732364
64494.667710376205 -0.0011380714316414457
66382.73442923075 -0.0011057022508633033
68326.07387157406 -0.0010742537186286241
70326.30413380644 -0.0010436996497333764
72385.09068173247 -0.0010140146037361107
74504.14773728917 -0.0009851738637753665
76685.2397058701 -0.0009571534159895518
78930.18264543568 -0.0009299299295221631
81240.84577862974 -0.0009034807370956898
83619.15304916317 -0.0008777838161380575
86067.08472376158 -0.0008528177704458441
88586.67904100832 -0.0008285618123690513
91180.03390845681 -0.000804995745502564
93849.3086494272 -0.0007820999478699119
96596.72580093842 -0.0007598553555853104
99424.57296427398 -0.0007382434469803895
102335.20470972576 -0.0007172462271823773
105331.04453709359 -0.0006968462131309491
108414.5868935835 -0.0006770264190211823
111588.3992507748 -0.000657770342160575
114855.12424239368 -0.0006390619492282972
118217.48186466724 -0.0006208856629252832
121678.27174109229 -0.0006032263490040032
125240.3754535072 -0.0005860693036671401
128906.75894140244 -0.0005694002413246701
132680.47497147243 -0.0005532052826991757
136564.66567946097 -0.0005374709432694422
140562.56518642136 -0.0005221841220427612
144677.5022915648 -0.0005073320906465619
148912.90324394088 -0.0004929024827303135
153272.2945952612 -0.00047888328366883787
157759.30613623615 -0.0004652628205585042
162377.67391887208 -0.0004520297524979414
167131.2433672486 -0.0004391730611451829
172023.97247935992 -0.0004266820415433964
177059.9351226898 -0.0004145462932075481
182243.32442626648 -0.00040275571146456795
187578.45627201613 -0.0003913004790398383
193069.77288832495 -0.0003801710578829683
198721.84654880533 -0.0003693581812260567
204539.38337933904 -0.00035885284586784875
210527.22727657072 -0.00034864630467733705
216690.3639411181 -0.0003387300593105772
223033.9250288494 -0.0003290958531346546
229563.19242369095 -0.00031973566435291044
236283.6026355175 -0.00031064169932569746
243200.7513267945 -0.0003018063860811061
250320.39797173254 -0.0002932223680102647
257648.47065183744 -0.00028488249774195526
265191.0709918535 -0.0002767798311914503
272954.4792402007 -0.0002689076217786054
280945.1594981406 -0.00026125931481041907
289169.76510202966 -0.00025382854202334184
297635.14416313195 -0.0002466091162808326
306348.3452696084 -0.00023959502642171857
315316.62335543614 -0.00023278043225507996
324547.44574113254 -0.00022615965969749043
334048.4983513244 -0.0002197271960485687
343827.6921143307 -0.00021347768540089918
353893.1695490984 -0.00020740592418050353
364253.3115449638 -0.00020150685681415652
374916.74433988857 -0.00019577557151992736
385892.3467029899 -0.00019020729621744496
397189.25732733024 -0.0001847973945544957
408816.88243912894 -0.00017954136204661737
420784.9036297398 -0.00017443482232650187
433103.2859169001 -0.00016947352350007064
445782.28604197066 -0.0001646533346061902
458832.461010084 -0.0001599702421770795
472264.67688029545 -0.00015542034689655063
486090.117813063 -0.00015099986035329256
500320.2953825999 -0.00014670510188649963
514967.0581618343 -0.00014253249552121736
530042.6015879672 -0.00013847856699085418
545559.4781168514 -0.0001345399408443778
561530.6076746266 -0.00013071333763579052
577969.2884153313 -0.00012699557119353878
594889.2077934331 -0.00012338354596759318
612304.4539605178 -0.00011987425445197461
630229.5274956024 -0.00011646477468059562
648679.3534788508 -0.00011315226779432395
667669.2939187557 -0.00010993397567724126
687215.1605431122 -0.00010680721866013554
707333.2279644439 -0.00010376939328930853
728040.2472308562 -0.0001008179701588441
749353.4597735757 -9.795049180453061e-05
771290.6117627992 -9.516457065768627e-05
793869.9688838223 -9.245788705718077e-05
817110.3315457187 -8.982818731799791e-05
841031.0505352605 -8.727328185473714e-05
865652.0431290936 -8.479104335848117e-05
890993.8096776098 -8.237940502552075e-05
917077.4506742931 -8.003635883645703e-05
943924.6843247664 -7.775995388425083e-05
971557.8646301847 -7.554829474982477e-05
1000000.0 -7.339953992386695e-05
10.0 0.22079449142091967
10.292747724096083 0.25848809352965024
10.59406557118851 0.3001891354297644
10.904204429677526 0.3462901332496623
11.223422532664179 0.39722196940410354
11.551985672964793 0.4534577598663442
11.890167424419898 0.5155171317835283
12.238249369681931 0.5839709577065968
12.596521334671401 0.6594465981636694
12.965281629896682 0.7426337103868583
13.344837298838383 0.8342906877538848
13.735504373605137 0.9352518019698609
14.137608138073606 1.0464351282161246
14.551483398731937 1.1688513424360492
14.977474763452017 1.3036134895753193
15.415936928422726 1.45194783185391
15.867234973483178 1.6152058968385616
16.331744666101677 1.7948778559024146
16.80985277425364 1.9926073741155765
17.301957388458945 2.21020808196066
17.808468253246822 2.449681826398885
18.329807108324356 2.713238862100802
18.866408039732583 3.0033201407623618
19.418717841282557 3.322621844025354
19.987196386572506 3.6741222789312142
20.57231701189556 4.061111207529793
21.174566910357118 4.487221605226051
21.794447537529855 4.9564637233400894
22.432475028984193 5.473261153483391
23.089180630041927 6.042488332399235
23.765111138110754 6.669508556516011
24.46082935796799 7.360211057757101
25.17691457037277 8.121044978656222
25.913963014396586 8.959047118277569
26.672588383874054 9.881859035854776
27.453422338387142 10.897727430058849
28.257115029208283 12.015479604495185
29.08433564064048 13.244463269378555
29.935772947204903 14.594436984510093
30.812135887140037 16.07539444476636
31.714154152689986 17.69730303052451
32.642578797673224 19.469735466025575
33.59818286283781 21.401374445468495
34.58176201952381 23.49937568548606
35.594135232168604 25.768587487325835
36.63614544020716 28.210646916559313
37.708660259934554 30.823005300109013
38.81257270691538 33.59797705712439
39.9488019395417 36.52194899709157
41.118294024358306 39.57491896150057
42.322022723792756 42.730535249842575
43.56099030694608 45.95676523720277
44.83622838411908 49.2172276978196
46.148798765769385 52.47309345444876
47.499794346614124 55.685328889996306
48.890340015614456 58.816971333257094
50.32159359259993 61.8351170892174
51.7947467923121 64.71237519633347
53.31102621667033 67.4276648597997
54.87169437608604 69.96636778224806
56.47805074067555 72.31994939805467
58.131432822247135 74.48521607016714
59.83321728796288 76.4633805312319
61.58482110660264 78.25908032276115
63.38770272838487 79.87945186123362
65.24336329932625 81.33332036209252
67.15334791115141 82.63053128861405
69.11924688779365 83.78142493814484
71.14269710955735 84.79644149207823
73.22538337604533 85.68583708809527
75.36903980898542 86.4594897359063
77.57545129612417 87.1267750966348
79.84645497739086 87.69649477106697
82.18394177456803 88.17684282703351
84.58985796574301 88.57539929206764
87.06620680585127 88.89914197788222
89.61505019466045 89.15447019528834
92.23851039358476 89.34723566495099
94.9387717927583 89.48277727981679
97.71808272983904 89.56595739457114
100.57875736205835 89.60119807207892
103.52317759307378 89.59251626550169
106.55379505623053 89.54355730712281
109.67313315588179 89.45762635052662
112.88378916846884 89.33771760258742
116.18843640511002 89.18654130929332
119.58982643749793 89.00654854243156
123.09079138896018 88.79995388567286
126.69424629259063 88.56875614817541
130.40319151841317 88.31475724840836
134.2207152716012 88.03957941543806
138.14999616383224 87.74468085294284
142.19430585991677 87.4313700052053
146.357011801908 87.10081855597468
150.64158001295928 86.7540732815723
155.05157798326255 86.39206686969746
159.5906776404731 86.0156278055891
164.26265840709303 85.62548941781372
169.071410347358 85.22229816716633
174.0209374062485 84.80662125407217
179.115360743323 84.37895361249035
184.3589221641488 83.93972435164065
189.75598765218504 83.48930270085803
195.3110510040631 83.0280035074886
201.02873757128856 82.55609233290794
206.913808111479 82.07379018742368
212.97116275234782 81.58127794094979
219.20584507173257 81.07870044286534
225.62304629706352 80.56617038133986
232.22810962777245 80.04377190957265
239.02653468423918 79.51156406381953
246.02398208697775 78.96958399571585
253.22627816987946 78.4178500392318
260.63941983143474 77.85636463056139
268.26957952797244 77.28511709735179
276.1231104130753 76.70408633186588
284.2065516274511 76.11324336095109
292.5266337436645 75.51255382401676
301.09028437025927 74.90198036859789
309.9046339199427 74.28148497149152
318.97702154663216 73.65103119187646
328.3150012563047 73.01058636126808
337.9263481967431 72.3601237136065
347.819065131413 71.69962445722673
358.00138910285807 71.0290797889263
368.48179829116765 70.34849284880922
379.26901907322497 69.65788061308336
390.37203328860926 68.95727572050569
401.8000857182091 68.24672822673797
413.5626917817706 67.52630727950259
425.66964546078714 66.79610270614127
438.13102745333055 66.05622650399809
450.9572135676145 65.30681422300039
464.15888336127773 64.54802622892402
477.7470290335773 63.780048835138665
491.73296457790156 63.00309529014896
506.1283352022219 62.21740660802931
520.9451270253212 61.42325222890008
536.1956770568817 60.6209304969494
551.892683469738 59.81076894418252
568.0492161728429 58.99312436908839
584.6787276937589 58.168382700770984
601.7950643797334 57.33695864077923
619.412477926676 56.49929507689309
637.5456372456507 55.65586226544652
656.2096406767555 54.80715678136894
675.4200285605586 53.95370023795285
695.1927961775606 53.096037781363115
715.5444070664574 52.234736368023015
736.4918067322965 51.37038283617165
758.0524367559261 50.50358178602216
780.2442493165045 49.63495328596511
803.0857221391512 48.76513042508334
826.5958738801812 47.894756734806926
850.7942799627444 47.02448350473486
875.7010888760508 46.154967019460614
901.3370389517438 45.28686574456991
927.7234756314059 44.42083749081452
954.8823692395666 43.55753658576736
982.8363332770031 42.69761108202676
1011.6086432495807 41.84170003026241
1041.2232560483055 40.99043084411087
1071.7048298967104 40.14441678216573
1103.078744882215 39.30425457011942
1135.3711240885177 38.470522183566345
1168.608855346651 37.64377680913438
1202.8196136227775 36.82455299855515
1238.0318840613968 36.01336102709063
1274.2749857031336 35.210685464485934
1311.5790958968503 34.41698396339139
1349.9752754264298 33.63268626705907
1389.4954943731375 32.858193435142184
1430.172658735088 32.09387728365335
1472.0406378260013 31.34008003263274
1515.134292476053 30.597114152843915
1559.4895040582815 29.865262400920958
1605.1432043647615 29.1447780307967
1652.1334063573702 28.435885168000965
1700.4992358187922 27.73877933248561
1750.2809639301013 27.053628095020485
1801.520040802024 26.38057185188313
1854.2591299878522 25.719724702503452
1908.542144006686 25.071175414915054
1964.4142809066266 24.434988464251614
2021.9220618983536 23.811205130094773
2081.1133700903947 23.199844639199238
2142.037490358383 22.60090534094269
2204.7451503814746 22.014365903766812
2269.288562880081 21.44018652184669
2335.7214690901214 20.87831012223039
2404.0991835099717 20.32866356371199
2474.47863995735 19.791158819708116
2546.91843897454 19.26569413840195
2621.478896621356 18.752155174364475
2698.222094696536 18.25041608677757
2777.211932429355 17.760340600227153
2858.5141796844714 17.281783024834965
2942.196531724374 16.81458923322048
3028.3286655749457 16.358597592454142
3116.9822980411436 15.913639849757573
3208.2312454210773 15.479541971243679
3302.1514849681753 15.056124933459262
3398.8212181526674 14.643205467905648
3498.320935775036 14.24059675906593
3600.73348498562 13.848109096772493
3706.144138266228 13.46555048399748
3814.640664431178 13.092727201359134
3926.3134017068355 12.729444329804728
4041.2553329506004 12.37550623305745
4159.562163071847 12.030717001517377
4281.332398719392 11.69488085937047
4406.667430301786 11.367802536706298
4535.671616408702 11.049287608465017
4668.45237070379 10.739142802035788
4805.1202513612425 10.437176275317439
4945.789053120639 10.143197867023446
5090.575902036681 9.857019320975127
5239.601353002645 9.578454486081421
5392.98949012887 9.307319493647812
5550.868030059805 9.043432913598044
5713.36842831558 8.786615891128841
5880.625988746757 8.53669226525096
6052.779976193349 8.293488670601487
6229.973732441841 8.056834623844784
6412.354795576917 7.826562595908408
6600.075022827095 7.602508071234172
6793.290717006696 7.384509595155702
6992.162756659375 7.17240881044918
7196.856730011514 6.966050484041006
7407.543072847163 6.7652825247923145
7624.397210419138 6.56995599322505
7847.5997035146065 6.379925103993836
8077.3363987967105 6.19504722185732
8313.798583547334 6.015182851849862
8557.183144940002 5.8401956243061655
8807.692733975462 5.669952275346172
9065.53593421636 5.50432262338384
9330.927435461663 5.343179542182886
9604.08821250538 5.186398930944528
9885.24570912827 5.033859681875876
10174.634027476064 4.88544364565421
10472.494122981476 4.74103559517075
10779.074004992735 4.600523187907357
11094.628943275218 4.463796927271999
11419.421680558647 4.330750123192041
11753.722651306367 4.201278852239768
12097.810206889013 4.07528191754061
12451.97084735032 3.952660808691628
12816.499459957597 3.83331966189695
13191.699564735716 3.717165220504593
13577.883567189278 3.604106796109589
13975.373018422924 3.494056230367852
14384.498882876629 3.386927857644787
14805.6018138991 3.282638468603464
15239.032437388305 3.1811072748158344
15685.151643735446 3.082255874461016
16144.330888316019 2.986008219152017
16616.952500776908 2.892290581911836
17103.41000337838 2.801031526295475
17604.108438655527 2.712161876631891
18119.46470667122 2.6256146893343897
18649.907912142942 2.5413252252016116
19195.87972173111 2.459230922605167
19757.834731786996 2.3792713714304625
20336.2408468667 2.3013882876090013
20931.579669325736 2.225525488049869
21544.346900318822 2.151628865747551
22175.052752539294 2.0796463648126644
22824.222375040976 2.0095279551410528
23492.396290496577 1.9412256064074067
24180.13084525718 1.8746932610405576
24887.998672586673 1.8098868058118374
25616.589169457267 1.7467640416443355
26366.508987303554 1.6852846512317996
27138.3825371428 1.6254101640422165
27932.85250948253 1.5671039182727182
28750.580409448772 1.5103310193228778
29592.247107579577 1.4550582943613188
30458.55340674284 1.40125424257921
31350.220625651124 1.3488889807529774
32267.991199458116 1.2979341837803966
33212.62929793748 1.2483630199075368
34184.92146175927 1.2001500804313006
35185.677257392665 1.1532713037430231
36215.72995118075 1.1077038936716888
37275.93720314938 1.0634262321917773
38367.18178112649 1.0204177866774762
39490.37229576694 0.9786590120114774
40646.44395709628 0.9381312479902889
41836.359353200234 0.8988166126049124
43061.10925171165 0.8606978919136121
44321.713424760856 0.8237584273585091
45619.221498074585 0.7879820015035023
46954.71382493421 0.7533527232864617
48329.30238571752 0.7198549139757611
49744.13171377451 0.6874729950982352
51200.37984840882 0.656191379656908
52699.259315756564 0.6259943679802056
54242.01813838024 0.5968660495355347
55829.94087441914 0.5687902119995752
57464.34968715974 0.5417502588021593
59146.605445917456 0.5157291362534587
60878.108859147556 0.49070927122507996
62660.30164072656 0.46667252018917593
64494.667710376205 0.44360013022884337
66382.73442923075 0.42147271242446044
68326.07387157406 0.40027022779881427
70326.30413380644 0.3799719857768945
72385.09068173247 0.36055665488969674
74504.14773728917 0.342002285232969
76685.2397058701 0.3242863419875023
78930.18264543568 0.30738574912350647
81240.84577862974 0.2912769422522282
83619.15304916317 0.27593592945818685
86067.08472376158 0.2613383588468137
88586.67904100832 0.2474595914771991
91180.03390845681 0.23427477831804408
93849.3086494272 0.2217589398659601
96596.72580093842 0.20988704709663378
99424.57296427398 0.19863410247871335
102335.20470972576 0.18797521986352855
105331.04453709359 0.17788570216679508
108414.5868935835 0.16834111587724174
111588.3992507748 0.1593173615565243
114855.12424239368 0.15079073963103562
118217.48186466724 0.14273801091424373
121678.27174109229 0.13513645143542402
125240.3754535072 0.12796390128228255
128906.75894140244 0.12119880728970557
132680.47497147243 0.11482025952094455
136564.66567946097 0.10880802159099713
140562.56518642136 0.10314255497206966
144677.5022915648 0.09780503749847777
148912.90324394088 0.09277737635237016
153272.2945952612 0.08804221586248318
157759.30613623615 0.08358294048692969
162377.67391887208 0.07938367337812528
167131.2433672486 0.07542927094414856
172023.97247935992 0.07170531382829093
177059.9351226898 0.06819809472721657
182243.32442626648 0.06489460346033879
187578.45627201613 0.06178250968902103
193069.77288832495 0.05885014366598316
198721.84654880533 0.056086475373369776
204539.38337933904 0.05348109238339241
210527.22727657072 0.05102417674931392
216690.3639411181 0.048706481207514245
223033.9250288494 0.046519304943983306
229563.19242369095 0.04445446915140454
236283.6026355175 0.04250429257675627
243200.7513267945 0.040661567233861745
250320.39797173254 0.03891953443138741
257648.47065183744 0.03727186124431087
265191.0709918535 0.035712617535878385
272954.4792402007 0.03423625361807116
280945.1594981406 0.03283757862104976
289169.76510202966 0.0315117396264328
297635.14416313195 0.030254201605103514
306348.3452696084 0.02906072818798194
315316.62335543614 0.02792736328711846
324547.44574113254 0.026850413575168222
334048.4983513244 0.025826431823016815
343827.6921143307 0.02485220108850349
353893.1695490984 0.02392471974333671
364253.3115449638 0.023041187320480317
374916.74433988857 0.02219899116044453
385892.3467029899 0.02139569383169059
397189.25732733024 0.02062902129813233
408816.88243912894 0.01989685180476156
420784.9036297398 0.01919720545136102
433103.2859169001 0.018528234423346703
445782.28604197066 0.017888213848522683
458832.461010084 0.017275533248431684
472264.67688029545 0.016688688553269725
486090.117813063 0.0161262746497586
500320.2953825999 0.015586978432121035
514967.0581618343 0.015069572327021104
530042.6015879672 0.014572908264370878
545559.4781168514 0.014095912066849976
561530.6076746266 0.013637578232135173
577969.2884153313 0.013196965082923631
594889.2077934331 0.012773190261039008
612304.4539605178 0.012365426543047195
630229.5274956024 0.011972897955980805
648679.3534788508 0.011594876172943816
667669.2939187557 0.011230677169484369
687215.1605431122 0.010879658122725696
707333.2279644439 0.010541214536323241
728040.2472308562 0.010214777575357062
749353.4597735757 0.009899811596237235
771290.6117627992 0.009595811857679114
793869.9688838223 0.009302302399688345
817110.3315457187 0.009018834078355732
841031.0505352605 0.008744982745122282
865652.0431290936 0.008480347559868
890993.8096776098 0.008224549427997165
917077.4506742931 0.00797722955231289
943924.6843247664 0.0077380480911447965
971557.8646301847 0.007506682914824125
1000000.0 0.007282828453110506
