10.0 -0.7542064361547917
10.292747724096083 -0.7760289667590847
10.59406557118851 -0.7984673028006496
10.904204429677526 -0.8215374137537365
11.223422532664179 -0.845255554433538
11.551985672964793 -0.8696382574748928
11.890167424419898 -0.8947023242546456
12.238249369681931 -0.9204648140929187
12.596521334671401 -0.9469430315717164
12.965281629896682 -0.9741545117914618
13.344837298838383 -1.002117003374797
13.735504373605137 -1.0308484490100933
14.137608138073606 -1.0603669633085713
14.551483398731937 -1.0906908077419877
14.977474763452017 -1.12183836240227
15.415936928422726 -1.1538280943158417
15.867234973483178 -1.1866785220104321
16.331744666101677 -1.220408176035504
16.80985277425364 -1.2550355551016394
17.301957388458945 -1.290579077489877
17.808468253246822 -1.327057027360759
18.329807108324356 -1.3644874955724848
18.866408039732583 -1.402888314600186
19.418717841282557 -1.4422769871202787
19.987196386572506 -1.4826706078137217
20.57231701189556 -1.524085777915623
21.174566910357118 -1.5665385120271347
21.794447537529855 -1.6100441366842848
22.432475028984193 -1.6546171801691785
23.089180630041927 -1.7002712530370858
23.765111138110754 -1.7470189188278333
24.46082935796799 -1.7948715544199332
25.17691457037277 -1.8438391995034855
25.913963014396586 -1.893930394641161
26.672588383874054 -1.9451520074138087
27.453422338387142 -1.9975090461663376
28.257115029208283 -2.0510044609155975
29.08433564064048 -2.10563893100988
29.935772947204903 -2.1614106392105925
30.812135887140037 -2.218315031928524
31.714154152689986 -2.276344565441564
32.642578797673224 -2.3354884380324377
33.59818286283781 -2.395732308115996
34.58176201952381 -2.4570579985707663
35.594135232168604 -2.519443187678744
36.63614544020716 -2.582861087267114
37.708660259934554 -2.647280108884496
38.81257270691538 -2.712663519100332
39.9488019395417 -2.778969085304152
41.118294024358306 -2.846148713704659
42.322022723792756 -2.914148081575783
43.56099030694608 -2.9829062661840116
44.83622838411908 -3.052355373235071
46.148798765769385 -3.122420168118613
47.499794346614124 -3.1930177136936293
48.890340015614456 -3.264057018830075
50.32159359259993 -3.3354387024181062
51.7947467923121 -3.4070546780542013
53.31102621667033 -3.4787878651016793
54.87169437608604 -3.5505119323034853
56.47805074067555 -3.62209108057613
58.131432822247135 -3.6933798720086815
59.83321728796288 -3.764223112453752
61.58482110660264 -3.8344557953520346
63.38770272838487 -3.9039031146174397
65.24336329932625 -3.9723805544654334
67.15334791115141 -4.039694063992513
69.11924688779365 -4.105640324087444
71.14269710955735 -4.1700071138595955
73.22538337604533 -4.232573783175365
75.36903980898542 -4.293111837114638
77.57545129612417 -4.351385637158092
79.84645497739086 -4.407153222712128
82.18394177456803 -4.460167255158459
84.58985796574301 -4.510176084992353
87.06620680585127 -4.556924940815508
89.61505019466045 -4.600157236977628
92.23851039358476 -4.639615994570827
94.9387717927583 -4.675045368298763
97.71808272983904 -4.706192269521916
100.57875736205835 -4.732808073569613
103.52317759307378 -4.754650397271243
106.55379505623053 -4.771484930655185
109.67313315588179 -4.783087304945411
112.88378916846884 -4.789244977429311
116.18843640511002 -4.789759112505064
119.58982643749793 -4.7844464373192945
123.09079138896018 -4.773141049890779
126.69424629259063 -4.7556961575126735
130.40319151841317 -4.731985723561649
134.2207152716012 -4.701906001589806
138.14999616383224 -4.665376936749982
142.19430585991677 -4.622343416135525
146.357011801908 -4.572776351505845
150.64158001295928 -4.516673580021606
155.05157798326255 -4.454060570994795
159.5906776404731 -4.384990929193612
164.26265840709303 -4.309546687848852
169.071410347358 -4.227838387142681
174.0209374062485 -4.14000493653538
179.115360743323 -4.046213261759948
184.3589221641488 -3.946657739632274
189.75598765218504 -3.8415594259509005
195.3110510040631 -3.7311650836792434
201.02873757128856 -3.6157460202838014
206.913808111479 -3.495596744561089
212.97116275234782 -3.3710334545209717
219.20584507173257 -3.2423923689300564
225.62304629706352 -3.1100279159707447
232.22810962777245 -2.9743107931770587
239.02653468423918 -2.8356259133978408
246.02398208697775 -2.6943702520308124
253.22627816987946 -2.5509506112110643
260.63941983143474 -2.405781317041027
268.26957952797244 -2.2592818663295016
276.1231104130753 -2.1118745396881575
284.2065516274511 -1.9639819982041713
292.5266337436645 -1.816024881273962
301.09028437025927 -1.668419423520608
309.9046339199427 -1.5215751090128196
318.97702154663216 -1.3758923812200392
328.3150012563047 -1.231760427250414
337.9263481967431 -1.0895550548728705
347.819065131413 -0.9496366806059329
358.00138910285807 -0.8123484466934325
368.48179829116765 -0.678014484080586
379.26901907322497 -0.5469383374918022
390.37203328860926 -0.4194015674045397
401.8000857182091 -0.29566254207282167
413.5626917817706 -0.17595543081267753
425.66964546078714 -0.06048940751033679
438.13102745333055 0.05055192919467056
450.9572135676145 0.15701091533765468
464.15888336127773 0.2587559598503899
477.7470290335773 0.3556814637607562
491.73296457790156 0.44770752557449595
506.1283352022219 0.5347794410122456
520.9451270253212 0.6168670081068033
536.1956770568817 0.6939636512916555
551.892683469738 0.766085380447924
568.0492161728429 0.8332696028802941
584.6787276937589 0.8955738077960234
601.7950643797334 0.9530741440442952
619.412477926676 1.0058639126041928
637.5456372456507 1.0540519955928906
656.2096406767555 1.0977612434068242
675.4200285605586 1.1371268410311122
695.1927961775606 1.1722946735984974
715.5444070664574 1.2034197099880335
736.4918067322965 1.2306644216862979
758.0524367559261 1.2541972523424865
780.2442493165045 1.2741911515019377
803.0857221391512 1.2908221839528329
826.5958738801812 1.304268224033648
850.7942799627444 1.3147077421727114
875.7010888760508 1.3223186889177598
901.3370389517438 1.32727747980016
927.7234756314059 1.329758082602628
954.8823692395666 1.3299312069815732
982.8363332770031 1.3279635949600819
1011.6086432495807 1.324017409558472
1041.2232560483055 1.31824971777623
1071.7048298967104 1.310812063279019
1103.078744882215 1.3018501234663646
1135.3711240885177 1.2915034450979872
1168.608855346651 1.2799052523163637
1202.8196136227775 1.2671823207119834
1238.0318840613968 1.253454911015359
1274.2749857031336 1.2388367560486329
1311.5790958968503 1.2234350947147121
1349.9752754264298 1.2073507470238294
1389.4954943731375 1.1906782244410954
1430.172658735088 1.1735058701706307
1472.0406378260013 1.155916024356312
1515.134292476053 1.1379852095667973
1559.4895040582815 1.119784332330874
1605.1432043647615 1.101378896891588
1652.1334063573702 1.0828292277441476
1700.4992358187922 1.0641906979106706
1750.2809639301013 1.045513960276551
1801.520040802024 1.0268451796667897
1854.2591299878522 1.0082262636741783
1908.542144006686 0.9896950905606658
1964.4142809066266 0.9712857328400102
2021.9220618983536 0.9530286754124347
2081.1133700903947 0.9349510273608251
2142.037490358383 0.9170767267326638
2204.7451503814746 0.8994267378259989
2269.288562880081 0.8820192406671029
2335.7214690901214 0.8648698125193934
2404.0991835099717 0.8479916013932294
2474.47863995735 0.8313954916391975
2546.91843897454 0.8150902618028257
2621.478896621356 0.7990827349975921
2698.222094696536 0.7833779221170257
2777.211932429355 0.7679791582564897
2858.5141796844714 0.7528882327508278
2942.196531724374 0.7381055132575547
3028.3286655749457 0.723630064326343
3116.9822980411436 0.7094597608956527
3208.2312454210773 0.6955913971454111
3302.1514849681753 0.6820207911152053
3398.8212181526674 0.6687428854656039
3498.320935775036 0.6557518447220336
3600.73348498562 0.6430411492947581
3706.144138266228 0.6306036865143458
3814.640664431178 0.6184318388652265
3926.3134017068355 0.6065175695369757
4041.2553329506004 0.5948525053488637
4159.562163071847 0.5834280170385616
4281.332398719392 0.5722352968413492
4406.667430301786 0.5612654332261617
4535.671616408702 0.5505094825985278
4668.45237070379 0.5399585377320801
4805.1202513612425 0.5296037926498638
4945.789053120639 0.5194366036470456
5090.575902036681 0.5094485461284443
5239.601353002645 0.49963146692877547
5392.98949012887 0.4899775317914067
5550.868030059805 0.4804792677023292
5713.36842831558 0.4711295998106111
5880.625988746757 0.46192188271299844
6052.779976193349 0.4528499259376009
6229.973732441841 0.44390801352862147
6412.354795576917 0.43509091770747416
6600.075022827095 0.4263939066641271
6793.290717006696 0.41781274661294704
6992.162756659375 0.4093436983273429
7196.856730011514 0.40098350844371194
7407.543072847163 0.3927293958965283
7624.397210419138 0.38457903390923365
7847.5997035146065 0.3765305280190094
8077.3363987967105 0.3685823906554769
8313.798583547334 0.3607335128235592
8557.183144940002 0.35298313345816323
8807.692733975462 0.3453308070229343
9065.53593421636 0.33777636991835785
9330.927435461663 0.3303199062456168
9604.08821250538 0.3229617134439613
9885.24570912827 0.31570226828205333
10174.634027476064 0.30854219363935687
10472.494122981476 0.3014822264636534
10779.074004992735 0.294523187237836
11094.628943275218 0.2876659512336761
11419.421680558647 0.2809114217747087
11753.722651306367 0.2742605056760667
12097.810206889013 0.26771409097687937
12451.97084735032 0.2612730270320445
12816.499459957597 0.25493810698549385
13191.699564735716 0.248710052607122
13577.883567189278 0.2425895014404282
13975.373018422924 0.2365769961783804
14384.498882876629 0.23067297616026472
14805.6018138991 0.22487777086292177
15239.032437388305 0.21919159524497156
15685.151643735446 0.2136145467925779
16144.330888316019 0.20814660410884595
16616.952500776908 0.2027876268865474
17103.41000337838 0.19753735710423942
17604.108438655527 0.1923954212889723
18119.46470667122 0.18736133369410907
18649.907912142942 0.18243450024778013
19195.87972173111 0.1776142231358669
19757.834731786996 0.17289970589272083
20336.2408468667 0.16829005888287193
20931.579669325736 0.16378430506717087
21544.346900318822 0.15938138595745
22175.052752539294 0.15508016767407712
22824.222375040976 0.15087944703092246
23492.396290496577 0.14677795758216716
24180.13084525718 0.1427743755745585
24887.998672586673 0.1388673257577024
25616.589169457267 0.13505538701314398
26366.508987303554 0.13133709777057695
27138.3825371428 0.12771096118662928
27932.85250948253 0.12417545006803343
28750.580409448772 0.12072901152669624
29592.247107579577 0.11737007135944849
30458.55340674284 0.11409703814970078
31350.220625651124 0.11090830709234345
32267.991199458116 0.10780226354655098
33212.62929793748 0.10477728632414317
34184.92146175927 0.10183175072342449
35185.677257392665 0.09896403132051064
36215.72995118075 0.09617250453138025
37275.93720314938 0.09345555095907014
38367.18178112649 0.09081155754092417
39490.37229576694 0.0882389195111371
40646.44395709628 0.08573604219366121
41836.359353200234 0.08330134264021448
43061.10925171165 0.08093325112739898
44321.713424760856 0.07863021252620253
45619.221498074585 0.0763906875559876
46954.71382493421 0.07421315393402388
48329.30238571752 0.07209610743034488
49744.13171377451 0.0700380628364466
51200.37984840882 0.06803755485508566
52699.259315756564 0.06609313891720608
54242.01813838024 0.06420339193092905
55829.94087441914 0.06236691296637249
57464.34968715974 0.06058232387931607
59146.605445917456 0.058848269875768945
60878.108859147556 0.05716342001896582
62660.30164072656 0.055526467679790095
64494.667710376205 0.053936130931270324
66382.73442923075 0.05239115288754606
68326.07387157406 0.05089030198768627
70326.30413380644 0.049432372224687125
72385.09068173247 0.04801618332013789
74504.14773728917 0.04664058084514543
76685.2397058701 0.04530443628850719
78930.18264543568 0.044006647073167066
81240.84577862974 0.04274613652250337
83619.15304916317 0.04152185377812899
86067.08472376158 0.040332773671276315
88586.67904100832 0.039177896550027395
91180.03390845681 0.03805624806495799
93849.3086494272 0.0369668789158692
96596.72580093842 0.035908864562562065
99424.57296427398 0.03488130490258317
102335.20470972576 0.03388332391907389
105331.04453709359 0.032914069301794587
108414.5868935835 0.031972712044429925
111588.3992507748 0.031058446021217444
114855.12424239368 0.03017048754589478
118217.48186466724 0.02930807491580447
121678.27174109229 0.028470467943920334
125240.3754535072 0.027656947481382903
128906.75894140244 0.026866814932968348
132680.47497147243 0.026099391767783052
136564.66567946097 0.02535401902723384
140562.56518642136 0.024630056832210964
144677.5022915648 0.023926883891209543
148912.90324394088 0.023243897010933517
153272.2945952612 0.02258051061077005
157759.30613623615 0.021936156242371177
162377.67391887208 0.021310282115373416
167131.2433672486 0.020702352630219686
172023.97247935992 0.020111847918819675
177059.9351226898 0.019538263393736356
182243.32442626648 0.018981109306429392
187578.45627201613 0.018439910314980604
193069.77288832495 0.01791420506164791
198721.84654880533 0.01740354576050424
204539.38337933904 0.016907497795322954
210527.22727657072 0.01642563932782389
216690.3639411181 0.015957560916335572
223033.9250288494 0.01550286514484541
229563.19242369095 0.015061166262419283
236283.6026355175 0.014632089832866952
243200.7513267945 0.014215272394558599
250320.39797173254 0.013810361130227879
257648.47065183744 0.013417013546596775
265191.0709918535 0.013034897163619046
272954.4792402007 0.01266368921315428
280945.1594981406 0.012303076346833046
289169.76510202966 0.011952754352905883
297635.14416313195 0.011612427881832834
306348.3452696084 0.011281810180374035
315316.62335543614 0.0109606228339529
324547.44574113254 0.010648595517043849
334048.4983513244 0.010345465751347626
343827.6921143307 0.010050978671522503
353893.1695490984 0.009764886798227798
364253.3115449638 0.00948694981826631
374916.74433988857 0.009216934371576826
385892.3467029899 0.008954613844883845
397189.25732733024 0.008699768171761149
408816.88243912894 0.008452183638925888
420784.9036297398 0.00821165269853956
433103.2859169001 0.00797797378632328
445782.28604197066 0.007750951145308885
458832.461010084 0.007530394655014617
472264.67688029545 0.007316119665886949
486090.117813063 0.007107946838825909
500320.2953825999 0.006905701989629047
514967.0581618343 0.006709215938181716
530042.6015879672 0.00651832436225453
545559.4781168514 0.0063328676557406665
561530.6076746266 0.006152690791194122
577969.2884153313 0.005977643186530472
594889.2077934331 0.005807578575748273
612304.4539605178 0.005642354883545245
630229.5274956024 0.005481834103701689
648679.3534788508 0.005325882181107059
667669.2939187557 0.005174368897318448
687215.1605431122 0.005027167759531129
707333.2279644439 0.004884155892856968
728040.2472308562 0.00474521393580225
749353.4597735757 0.0046102259388486316
771290.6117627992 0.004479079266032857
793869.9688838223 0.00435166449943576
817110.3315457187 0.004227875346488556
841031.0505352605 0.00410760855000654
865652.0431290936 0.003990763800869551
890993.8096776098 0.0038772436532619014
917077.4506742931 0.0037669534423981224
943924.6843247664 0.0036598012046546485
971557.8646301847 0.0035556976000354168
1000000.0 0.0034545558368988933
10.0 0.5261648675495617
10.292747724096083 0.5404153109734564
10.59406557118851 0.5549842146001527
10.904204429677526 0.5698727898448833
11.223422532664179 0.5850816673863357
11.551985672964793 0.600610840722691
11.890167424419898 0.6164596066431998
12.238249369681931 0.6326265026483494
12.596521334671401 0.6491092413911894
12.965281629896682 0.6659046422530952
13.344837298838383 0.6830085602180358
13.735504373605137 0.7004158122627131
14.137608138073606 0.718120101543603
14.551483398731937 0.7361139397308413
14.977474763452017 0.7543885679137785
15.415936928422726 0.7729338765886337
15.867234973483178 0.7917383253233772
16.331744666101677 0.8107888627983976
16.80985277425364 0.8300708480157151
17.301957388458945 0.8495679735815874
17.808468253246822 0.8692621920730564
18.329807108324356 0.8891336466105163
18.866408039732583 0.9091606068754967
19.418717841282557 0.9293194119080948
19.987196386572506 0.9495844211317078
20.57231701189556 0.9699279751430627
21.174566910357118 0.9903203678769408
21.794447537529855 1.0107298318287157
22.432475028984193 1.0311225380498763
23.089180630041927 1.0514626126465523
23.765111138110754 1.071712171496795
24.46082935796799 1.0918313748378474
25.17691457037277 1.1117785032933154
25.913963014396586 1.1315100567511622
26.672588383874054 1.1509808773251848
27.453422338387142 1.1701442973813467
28.257115029208283 1.188952313320222
29.08433564064048 1.2073557854476553
29.935772947204903 1.2253046638716705
30.812135887140037 1.2427482399125116
31.714154152689986 1.2596354220134183
32.642578797673224 1.2759150346252182
33.59818286283781 1.2915361379793435
34.58176201952381 1.3064483661124249
35.594135232168604 1.3206022799501786
36.63614544020716 1.3339497317160105
37.708660259934554 1.3464442364565288
38.81257270691538 1.358041346016684
39.9488019395417 1.3686990204529466
41.118294024358306 1.3783779915959309
42.322022723792756 1.387042113317903
43.56099030694608 1.394658693014901
44.83622838411908 1.4011987989114385
46.148798765769385 1.4066375380100173
47.499794346614124 1.4109542998767683
48.890340015614456 1.4141329619364786
50.32159359259993 1.4161620525740486
51.7947467923121 1.4170348690344932
53.31102621667033 1.4167495479502545
54.87169437608604 1.4153090871665122
56.47805074067555 1.4127213184582492
58.131432822247135 1.4089988316578332
59.83321728796288 1.4041588516066665
61.58482110660264 1.3982230702177219
63.38770272838487 1.3912174367304477
65.24336329932625 1.3831719099442379
67.15334791115141 1.3741201768116684
69.11924688779365 1.3640993422524736
71.14269710955735 1.3531495953979455
73.22538337604533 1.341313857667417
75.36903980898542 1.328637418174309
77.57545129612417 1.3151675618842662
79.84645497739086 1.3009531957915208
82.18394177456803 1.2860444780833027
84.58985796574301 1.2704924549064185
87.06620680585127 1.254348708892969
89.61505019466045 1.2376650231094675
92.23851039358476 1.2204930635592615
94.9387717927583 1.2028840828071676
97.71808272983904 1.1848886467359323
100.57875736205835 1.1665563859079322
103.52317759307378 1.1479357724688612
106.55379505623053 1.1290739230514883
109.67313315588179 1.1100164276919453
112.88378916846884 1.0908072043699908
116.18843640511002 1.0714883784427582
119.58982643749793 1.0521001859543382
123.09079138896018 1.0326808995562757
126.69424629259063 1.0132667755985272
130.40319151841317 0.9938920208052403
134.2207152716012 0.9745887768656964
138.14999616383224 0.9553871212110202
142.19430585991677 0.9363150822401097
146.357011801908 0.9173986672676784
150.64158001295928 0.8986619015180096
155.05157798326255 0.8801268765422691
159.5906776404731 0.8618138065244811
164.26265840709303 0.8437410910321841
169.071410347358 0.8259253828707488
174.0209374062485 0.8083816598067507
179.115360743323 0.7911232990381352
184.3589221641488 0.7741621533985145
189.75598765218504 0.7575086283934245
195.3110510040631 0.7411717592671716
201.02873757128856 0.7251592874108433
206.913808111479 0.7094777355021537
212.97116275234782 0.6941324808714818
219.20584507173257 0.6791278266631311
225.62304629706352 0.6644670704376919
232.22810962777245 0.6501525699340489
239.02653468423918 0.6361858057682284
246.02398208697775 0.6225674409063323
253.22627816987946 0.6092973767951532
260.63941983143474 0.5963748060827825
268.26957952797244 0.5837982618993375
276.1231104130753 0.5715656637019907
284.2065516274511 0.5596743597226271
292.5266337436645 0.5481211660796795
301.09028437025927 0.5369024026432834
309.9046339199427 0.5260139257632004
318.97702154663216 0.5154511579862673
328.3150012563047 0.5052091149111919
337.9263481967431 0.4952824293415112
347.819065131413 0.48566537291213246
358.00138910285807 0.4763518753831318
368.48179829116765 0.46733554179968156
379.26901907322497 0.45860966774010403
390.37203328860926 0.45016725287612885
401.8000857182091 0.44200101309131884
413.5626917817706 0.4341033914079752
425.66964546078714 0.42646656798993926
438.13102745333055 0.41908246949757677
450.9572135676145 0.41194277808162283
464.15888336127773 0.4050389403145272
477.7470290335773 0.3983621763644682
491.73296457790156 0.3919034897234904
506.1283352022219 0.385653677808218
520.9451270253212 0.3796033437505256
536.1956770568817 0.37374290969557605
551.892683469738 0.36806263191861177
568.0492161728429 0.36255261805989175
584.6787276937589 0.35720284676546576
601.7950643797334 0.3520031899948115
619.412477926676 0.3469434382331415
637.5456372456507 0.3420133288079247
656.2096406767555 0.3372025774709707
675.4200285605586 0.3325009133559034
695.1927961775606 0.32789811736600966
715.5444070664574 0.3233840639870835
736.4918067322965 0.31894876644872233
758.0524367559261 0.3145824250880805
780.2442493165045 0.3102754786909907
803.0857221391512 0.30601865850854665
826.5958738801812 0.3018030445676819
850.7942799627444 0.29762012381849295
875.7010888760508 0.2934618495870772
901.3370389517438 0.2893207017370154
927.7234756314059 0.28518974688485593
954.8823692395666 0.28106269796739586
982.8363332770031 0.2769339724248066
1011.6086432495807 0.2727987482438563
1041.2232560483055 0.2686530171003244
1071.7048298967104 0.26449363385281344
1103.078744882215 0.26031836166853706
1135.3711240885177 0.2561259121050582
1168.608855346651 0.2519159795329916
1202.8196136227775 0.24768926935566887
1238.0318840613968 0.24344751956693783
1274.2749857031336 0.23919351527864052
1311.5790958968503 0.23493109594782854
1349.9752754264298 0.23066515513300764
1389.4954943731375 0.2264016327073885
1430.172658735088 0.2221474995521484
1472.0406378260013 0.2179107348411849
1515.134292476053 0.2137002961083655
1559.4895040582815 0.20952608235751055
1605.1432043647615 0.20539889053309457
1652.1334063573702 0.2013303657151333
1700.4992358187922 0.19733294543584323
1750.2809639301013 0.19341979853897381
1801.520040802024 0.1896047590165518
1854.2591299878522 0.18590225526407098
1908.542144006686 0.18232723519640429
1964.4142809066266 0.1788950876646126
2021.9220618983536 0.1756215606118186
2081.1133700903947 0.1725226764048859
2142.037490358383 0.16961464478148472
2204.7451503814746 0.16691377385893735
2269.288562880081 0.16443637966519237
2335.7214690901214 0.16219869467032622
2404.0991835099717 0.1602167758223888
2474.47863995735 0.15850641262014628
2546.91843897454 0.1570830357877278
2621.478896621356 0.15596162714919645
2698.222094696536 0.15515663133197222
2777.211932429355 0.15468186995482938
2858.5141796844714 0.15455045897459277
2942.196531724374 0.15477472987452492
3028.3286655749457 0.15536615537185444
3116.9822980411436 0.15633528030213595
3208.2312454210773 0.15769165830009035
3302.1514849681753 0.1594437948421662
3398.8212181526674 0.16159909714172513
3498.320935775036 0.16416383129790005
3600.73348498562 0.16714308699271194
3706.144138266228 0.1705407499121764
3814.640664431178 0.1743594819377204
3926.3134017068355 0.17860070901995176
4041.2553329506004 0.1832646165100794
4159.562163071847 0.1883501515905287
4281.332398719392 0.19385503232074677
4406.667430301786 0.19977576269933717
4535.671616408702 0.20610765304560263
4668.45237070379 0.21284484492442662
4805.1202513612425 0.21998033978074627
4945.789053120639 0.22750603041736558
5090.575902036681 0.23541273444109653
5239.601353002645 0.2436902288194994
5392.98949012887 0.25232728473230764
5550.868030059805 0.2613117019667801
5713.36842831558 0.2706303421924505
5880.625988746757 0.2802691605559429
6052.779976193349 0.290213235157575
6229.973732441841 0.30044679410399083
6412.354795576917 0.31095323997406915
6600.075022827095 0.32171517168117614
6793.290717006696 0.33271440386505136
6992.162756659375 0.34393198409262515
7196.856730011514 0.3553482082892867
7407.543072847163 0.3669426349552055
7624.397210419138 0.37869409884331473
7847.5997035146065 0.3905807248831402
8077.3363987967105 0.4025799432257041
8313.798583547334 0.41466850635594105
8557.183144940002 0.426822509269632
8807.692733975462 0.43901741373860154
9065.53593421636 0.4512280776889635
9330.927435461663 0.4634287906928702
9604.08821250538 0.4755933165207295
9885.24570912827 0.4876949436192576
10174.634027476064 0.49970654427069633
10472.494122981476 0.5116006430485512
10779.074004992735 0.523349495019166
11094.628943275218 0.5349251739447365
11419.421680558647 0.5462996705276228
11753.722651306367 0.5574450004990743
12097.810206889013 0.5683333221039908
12451.97084735032 0.5789370622714747
12816.499459957597 0.5892290504955373
13191.699564735716 0.599182659188452
13577.883567189278 0.6087719490187121
13975.373018422924 0.6179718175147693
14384.498882876629 0.6267581490127949
14805.6018138991 0.6351079638601677
15239.032437388305 0.6429995646636971
15685.151643735446 0.6504126772994435
16144.330888316019 0.6573285843849602
16616.952500776908 0.6637302489582745
17103.41000337838 0.6696024262129894
17604.108438655527 0.6749317613047107
18119.46470667122 0.6797068714681673
18649.907912142942 0.6839184109612534
19195.87972173111 0.687559117675017
19757.834731786996 0.6906238406072517
20336.2408468667 0.6931095477815777
20931.579669325736 0.6950153145907566
21544.346900318822 0.6963422929403156
22175.052752539294 0.6970936619526374
22824.222375040976 0.69727456135082
23492.396290496577 0.6968920089636944
24180.13084525718 0.6959548040690097
24887.998672586673 0.6944734185128904
25616.589169457267 0.6924598777047815
26366.508987303554 0.6899276336849166
27138.3825371428 0.6868914324957749
27932.85250948253 0.6833671780614577
28750.580409448772 0.6793717946941754
29592.247107579577 0.6749230902108907
30458.55340674284 0.6700396214638334
31350.220625651124 0.664740563874718
32267.991199458116 0.6590455863242266
33212.62929793748 0.6529747324953562
34184.92146175927 0.6465483095112661
35185.677257392665 0.6397867844549223
36215.72995118075 0.6327106891167575
37275.93720314938 0.6253405330951589
38367.18178112649 0.6176967251781554
39490.37229576694 0.6097995027673846
40646.44395709628 0.6016688689696139
41836.359353200234 0.593324536877738
43061.10925171165 0.5847858804917923
44321.713424760856 0.5760718916894195
45619.221498074585 0.5672011426415912
46954.71382493421 0.5581917530796586
48329.30238571752 0.5490613618500376
49744.13171377451 0.5398271022384482
51200.37984840882 0.5305055806021817
52699.259315756564 0.5211128579124408
54242.01813838024 0.5116644338746061
55829.94087441914 0.5021752333599333
57464.34968715974 0.4926595949436231
59146.605445917456 0.48313126139998663
60878.108859147556 0.4736033720533705
62660.30164072656 0.46408845692287254
64494.667710376205 0.4545984326289887
66382.73442923075 0.4451446000514175
68326.07387157406 0.43573764373969615
70326.30413380644 0.42638763308304917
72385.09068173247 0.41710402524367646
74504.14773728917 0.4078956698502278
76685.2397058701 0.39877081543628573
78930.18264543568 0.38973711759391433
81240.84577862974 0.3808016487956707
83619.15304916317 0.3719709098211973
86067.08472376158 0.36325084270744046
88586.67904100832 0.3546468451254587
91180.03390845681 0.34616378607249537
93849.3086494272 0.3378060227556003
96596.72580093842 0.3295774185332749
99424.57296427398 0.32148136177431935
102335.20470972576 0.3135207854883034
105331.04453709359 0.3056981875800495
108414.5868935835 0.2980156515806775
111588.3992507748 0.29047486771037495
114855.12424239368 0.2830771541324886
118217.48186466724 0.27582347826474307
121678.27174109229 0.268714478021066
125240.3754535072 0.2617504828662673
128906.75894140244 0.2549315345755599
132680.47497147243 0.24825740760118933
136564.66567946097 0.2417276289591361
140562.56518642136 0.23534149755975553
144677.5022915648 0.22909810291701474
148912.90324394088 0.22299634318161532
153272.2945952612 0.21703494245357594
157759.30613623615 0.21121246733962787
162377.67391887208 0.20552734273003517
167131.2433672486 0.1999778667779916
172023.97247935992 0.19456222507267704
177059.9351226898 0.189278504004171
182243.32442626648 0.18412470332484376
187578.45627201613 0.1790987479174838
193069.77288832495 0.17419849878533783
198721.84654880533 0.16942176328342012
204539.38337933904 0.1647663046139656
210527.22727657072 0.16022985061176828
216690.3639411181 0.15581010184737987
223033.9250288494 0.15150473907789175
229563.19242369095 0.14731143007620315
236283.6026355175 0.1432278358704464
243200.7513267945 0.13925161642561984
250320.39797173254 0.13538043579945655
257648.47065183744 0.13161196680431714
265191.0709918535 0.12794389520632848
272954.4792402007 0.12437392349225958
280945.1594981406 0.12089977423370221
289169.76510202966 0.1175191930770763
297635.14416313195 0.11422995138681809
306348.3452696084 0.11102984856789455
315316.62335543614 0.10791671409247934
324547.44574113254 0.10488840925435637
334048.4983513244 0.10194282867326096
343827.6921143307 0.09907790157008745
353893.1695490984 0.09629159283257545
364253.3115449638 0.0935819038898413
374916.74433988857 0.09094687341288542
385892.3467029899 0.08838457785702172
397189.25732733024 0.08589313186105028
408816.88243912894 0.08347068851690795
420784.9036297398 0.08111543952249652
433103.2859169001 0.07882561522943408
445782.28604197066 0.07659948459653926
458832.461010084 0.07443535505900972
472264.67688029545 0.07233157232244393
486090.117813063 0.07028652009010014
500320.2953825999 0.06829861973108639
514967.0581618343 0.06636632989651514
530042.6015879672 0.0644881460900579
545559.4781168514 0.0626626001987581
561530.6076746266 0.06088825998945297
577969.2884153313 0.059163728575665965
594889.2077934331 0.05748764385938483
612304.4539605178 0.0558586779517388
630229.5274956024 0.05427553657620299
648679.3534788508 0.05273695845761986
667669.2939187557 0.05124171470000137
687215.1605431122 0.04978860815578804
707333.2279644439 0.048376472788976846
728040.2472308562 0.0470041730342761
749353.4597735757 0.04567060315423053
771290.6117627992 0.044374686596049144
793869.9688838223 0.04311537534968512
817110.3315457187 0.04189164930854315
841031.0505352605 0.040702515634036755
865652.0431290936 0.03954700812507559
890993.8096776098 0.03842418659343332
917077.4506742931 0.03733313624582959
943924.6843247664 0.036272967073452636
971557.8646301847 0.03524281324955473
1000000.0 0.034241832535660266
