10.0 -0.10064439336422795
10.292747724096083 -0.10336974055944989
10.59406557118851 -0.10615596790231697
10.904204429677526 -0.10900330715075561
11.223422532664179 -0.11191187946763483
11.551985672964793 -0.11488168472956185
11.890167424419898 -0.11791259026169397
12.238249369681931 -0.12100431900692887
12.596521334671401 -0.12415643714515427
12.965281629896682 -0.12736834118659285
13.344837298838383 -0.13063924457255954
13.735504373605137 -0.13396816382817797
14.137608138073606 -0.13735390432277977
14.551483398731937 -0.1407950457077375
14.977474763452017 -0.1442899271156033
15.415936928422726 -0.14783663222047322
15.867234973483178 -0.1514329742761996
16.331744666101677 -0.15507648126797943
16.80985277425364 -0.1587643813314108
17.301957388458945 -0.16249358861298077
17.808468253246822 -0.16626068976733493
18.329807108324356 -0.17006193130601235
18.866408039732583 -0.17389320803382483
19.418717841282557 -0.17775005282786963
19.987196386572506 -0.18162762803318122
20.57231701189556 -0.18552071876479892
21.174566910357118 -0.18942372841973742
21.794447537529855 -0.19333067671294135
22.432475028984193 -0.19723520055623775
23.089180630041927 -0.20113055809966154
23.765111138110754 -0.20500963624994883
24.46082935796799 -0.20886496196560633
25.17691457037277 -0.21268871760949296
25.913963014396586 -0.21647276060793622
26.672588383874054 -0.22020864762747538
27.453422338387142 -0.2238876634309488
28.257115029208283 -0.227500854515468
29.08433564064048 -0.2310390675658838
29.935772947204903 -0.234492992679508
30.812135887140037 -0.23785321123066572
31.714154152689986 -0.24111024814918092
32.642578797673224 -0.24425462828736186
33.59818286283781 -0.24727693644782384
34.58176201952381 -0.25016788053834804
35.594135232168604 -0.2529183572196998
36.63614544020716 -0.25551951931460776
37.708660259934554 -0.2579628441576964
38.81257270691538 -0.2602402019901495
39.9488019395417 -0.26234392344101515
41.118294024358306 -0.2642668650956597
42.322022723792756 -0.2660024721278565
43.56099030694608 -0.26754483697728726
44.83622838411908 -0.26888875307592947
46.148798765769385 -0.27002976268329826
47.499794346614124 -0.2709641979631218
48.890340015614456 -0.2716892145368964
50.32159359259993 -0.2722028168725107
51.7947467923121 -0.27250387500471845
53.31102621667033 -0.2725921322437778
54.87169437608604 -0.2724682036920559
56.47805074067555 -0.2721335655626694
58.131432822247135 -0.2715905354653386
59.83321728796288 -0.2708422439950388
61.58482110660264 -0.26989259811458516
63.38770272838487 -0.2687462369688579
65.24336329932625 -0.2674084808949015
67.15334791115141 -0.26588527449565613
69.11924688779365 -0.2641831247292916
71.14269710955735 -0.2623090350223038
73.22538337604533 -0.2602704364467572
75.36903980898542 -0.25807511700980074
77.57545129612417 -0.25573115008797204
79.84645497739086 -0.2532468230017087
82.18394177456803 -0.2506305666692943
84.58985796574301 -0.24789088720813
87.06620680585127 -0.2450363002675641
89.61505019466045 -0.24207526878283708
92.23851039358476 -0.23901614474183014
94.9387717927583 -0.23586711545281142
97.71808272983904 -0.23263615469923404
100.57875736205835 -0.2293309790681541
103.52317759307378 -0.22595900964170665
106.55379505623053 -0.22252733915334488
109.67313315588179 -0.21904270462529166
112.88378916846884 -0.21551146543209437
116.18843640511002 -0.211939586666225
119.58982643749793 -0.20833262762573354
123.09079138896018 -0.20469573519384937
126.69424629259063 -0.20103364183889014
130.40319151841317 -0.19735066792922476
134.2207152716012 -0.19365072803036834
138.14999616383224 -0.18993734083060565
142.19430585991677 -0.18621364232622495
146.357011801908 -0.18248240188608414
150.64158001295928 -0.17874604081046883
155.05157798326255 -0.17500665299690707
159.5906776404731 -0.17126602732632584
164.26265840709303 -0.16752567139006633
169.071410347358 -0.16378683618606538
174.0209374062485 -0.1600505414243129
179.115360743323 -0.15631760109779497
184.3589221641488 -0.15258864899326957
189.75598765218504 -0.14886416383837703
195.3110510040631 -0.1451444938061552
201.02873757128856 -0.14142988012657787
206.913808111479 -0.13772047958533398
212.97116275234782 -0.1340163857231021
219.20584507173257 -0.1303176485842232
225.62304629706352 -0.126624292900181
232.22810962777245 -0.12293633463102344
239.02653468423918 -0.11925379582563499
246.02398208697775 -0.11557671779858715
253.22627816987946 -0.11190517265748917
260.63941983143474 -0.10823927324768233
268.26957952797244 -0.10457918161261807
276.1231104130753 -0.10092511609409617
284.2065516274511 -0.09727735722049242
292.5266337436645 -0.09363625254919421
301.09028437025927 -0.09000222064199656
309.9046339199427 -0.08637575436232003
318.97702154663216 -0.08275742368429381
328.3150012563047 -0.07914787820414922
337.9263481967431 -0.07554784953626349
347.819065131413 -0.07195815376658825
358.00138910285807 -0.06837969412096133
368.48179829116765 -0.06481346398804065
379.26901907322497 -0.06126055041535428
390.37203328860926 -0.05772213817415008
401.8000857182091 -0.05419951446354992
413.5626917817706 -0.050694074298848535
425.66964546078714 -0.04720732660139263
438.13102745333055 -0.043740900982089076
450.9572135676145 -0.04029655518244598
464.15888336127773 -0.03687618311295413
477.7470290335773 -0.033481823402549876
491.73296457790156 -0.03011566835037972
506.1283352022219 -0.02678007314851312
520.9451270253212 -0.023477565224480242
536.1956770568817 -0.020210853533603423
551.892683469738 -0.01698283761521592
568.0492161728429 -0.013796616211877166
584.6787276937589 -0.010655495239081336
601.7950643797334 -0.007562994882865354
619.412477926676 -0.0045228555952278844
637.5456372456507 -0.001539042753010239
656.2096406767555 0.0013842502565483013
675.4200285605586 0.004242600758580142
695.1927961775606 0.007031357552634595
715.5444070664574 0.009745643936269387
736.4918067322965 0.012380363200417912
758.0524367559261 0.014930206790309937
780.2442493165045 0.017389665304226837
803.0857221391512 0.019753042476666694
826.5958738801812 0.022014472260878878
850.7942799627444 0.024167939089586466
875.7010888760508 0.026207301350941868
901.3370389517438 0.028126318069980887
927.7234756314059 0.02991867873476772
954.8823692395666 0.0315780361508304
982.8363332770031 0.03309804214919544
1011.6086432495807 0.03447238591257244
1041.2232560483055 0.03569483462309459
1071.7048298967104 0.03675927607434114
1103.078744882215 0.037659762832641094
1135.3711240885177 0.038390557479167746
1168.608855346651 0.03894617841735209
1202.8196136227775 0.03932144569164221
1238.0318840613968 0.0395115262353025
1274.2749857031336 0.03951197794847144
1311.5790958968503 0.039318792004799895
1349.9752754264298 0.03892843279600923
1389.4954943731375 0.0383378749496342
1430.172658735088 0.0375446368962691
1472.0406378260013 0.03654681051723124
1515.134292476053 0.0353430864721858
1559.4895040582815 0.033932774885317575
1605.1432043647615 0.032315821157888946
1652.1334063573702 0.03049281677021564
1700.4992358187922 0.028465005035345138
1750.2809639301013 0.02623428186647767
1801.520040802024 0.023803191717288435
1854.2591299878522 0.021174918945714494
1908.542144006686 0.01835327493465287
1964.4142809066266 0.015342681374463785
2021.9220618983536 0.012148150170515806
2081.1133700903947 0.008775260482207186
2142.037490358383 0.005230133427287668
2204.7451503814746 0.001519404995889693
2269.288562880081 -0.0023498022866997935
2335.7214690901214 -0.006369908430937979
2404.0991835099717 -0.010532905305619759
2474.47863995735 -0.014830385779076328
2546.91843897454 -0.0192535723055145
2621.478896621356 -0.023793344651617653
2698.222094696536 -0.0284402665336059
2777.211932429355 -0.033184611014128514
2858.5141796844714 -0.038016384589170005
2942.196531724374 -0.0429253499754303
3028.3286655749457 -0.047901047685960235
3116.9822980411436 -0.05293281655434851
3208.2312454210773 -0.05800981343335375
3302.1514849681753 -0.06312103235130136
3398.8212181526674 -0.06825532345677893
3498.320935775036 -0.07340141211869354
3600.73348498562 -0.07854791857278678
3706.144138266228 -0.08368337851731099
3814.640664431178 -0.08879626505846679
3926.3134017068355 -0.09387501239058198
4041.2553329506004 -0.09890804156678283
4159.562163071847 -0.10388378867294203
4281.332398719392 -0.10879073566200985
4406.667430301786 -0.11361744403797595
4535.671616408702 -0.118352591499724
4668.45237070379 -0.12298501156686241
4805.1202513612425 -0.12750373611363566
4945.789053120639 -0.13189804063569466
5090.575902036681 -0.1361574919703768
5239.601353002645 -0.14027199808686497
5392.98949012887 -0.14423185946146228
5550.868030059805 -0.14802782145814786
5713.36842831558 -0.15165112704913314
5880.625988746757 -0.155093569137233
6052.779976193349 -0.15834754168481344
6229.973732441841 -0.16140608881513974
6412.354795576917 -0.16426295103392016
6600.075022827095 -0.16691260772268926
6793.290717006696 -0.16935031508278625
6992.162756659375 -0.17157213875916824
7196.856730011514 -0.17357498044602743
7407.543072847163 -0.17535659787004854
7624.397210419138 -0.17691561765968708
7847.5997035146065 -0.17825154073654534
8077.3363987967105 -0.17936474000451663
8313.798583547334 -0.18025645025938797
8557.183144940002 -0.18092875039124462
8807.692733975462 -0.18138453810021515
9065.53593421636 -0.18162749748770574
9330.927435461663 -0.18166206001643687
9604.08821250538 -0.18149335944931363
9885.24570912827 -0.18112718147648804
10174.634027476064 -0.18056990881920526
10472.494122981476 -0.1798284626570304
10779.074004992735 -0.17891024126041785
11094.628943275218 -0.17782305672433113
11419.421680558647 -0.17657507069043712
11753.722651306367 -0.17517472991805114
12097.810206889013 -0.17363070251852128
12451.97084735032 -0.1719518156075203
12816.499459957597 -0.17014699505701827
13191.699564735716 -0.16822520794679174
13577.883567189278 -0.16619540822729972
13975.373018422924 -0.1640664860142284
14384.498882876629 -0.16184722084301623
14805.6018138991 -0.15954623912148436
15239.032437388305 -0.157171975932383
15685.151643735446 -0.154732641257251
16144.330888316019 -0.15223619061921612
16616.952500776908 -0.14969030007704603
17103.41000337838 -0.14710234544558873
17604.108438655527 -0.14447938556976792
18119.46470667122 -0.1418281494399601
18649.907912142942 -0.1391550269059298
19195.87972173111 -0.1364660627238902
19757.834731786996 -0.13376695365623317
20336.2408468667 -0.13106304833513777
20931.579669325736 -0.12835934959897968
21544.346900318822 -0.12566051901339928
22175.052752539294 -0.12297088329598602
22824.222375040976 -0.12029444237448582
23492.396290496577 -0.11763487882192193
24180.13084525718 -0.11499556842775109
24887.998672586673 -0.11237959168142661
25616.589169457267 -0.1097897459627553
26366.508987303554 -0.10722855825209668
27138.3825371428 -0.1046982981919778
27932.85250948253 -0.10220099135001284
28750.580409448772 -0.09973843255073633
29592.247107579577 -0.09731219916086928
30458.55340674284 -0.09492366422849977
31350.220625651124 -0.09257400939160204
32267.991199458116 -0.0902642374850732
33212.62929793748 -0.08799518478808961
34184.92146175927 -0.08576753286505207
35185.677257392665 -0.08358181996364253
36215.72995118075 -0.08143845194273636
37275.93720314938 -0.07933771271097172
38367.18178112649 -0.07727977416390647
39490.37229576694 -0.07526470561383786
40646.44395709628 -0.07329248271162389
41836.359353200234 -0.07136299586436806
43061.10925171165 -0.06947605815652798
44321.713424760856 -0.06763141278517257
45619.221498074585 -0.0658287400225719
46954.71382493421 -0.06406766372135057
48329.30238571752 -0.06234775737891392
49744.13171377451 -0.06066854977906099
51200.37984840882 -0.059029530229429486
52699.259315756564 -0.057430153413923136
54242.01813838024 -0.055869843879528834
55829.94087441914 -0.0543480001769168
57464.34968715974 -0.052863998674065084
59146.605445917456 -0.051417197061847934
60878.108859147556 -0.05000693757009056
62660.30164072656 -0.0486325499120479
64494.667710376205 -0.047293353974701344
66382.73442923075 -0.04598866227156742
68326.07387157406 -0.04471778217403899
70326.30413380644 -0.043480017936552214
72385.09068173247 -0.04227467253011932
74504.14773728917 -0.04110104929803289
76685.2397058701 -0.039958453446807804
78930.18264543568 -0.038846193384676805
81240.84577862974 -0.03776358191925212
83619.15304916317 -0.036709937325263196
86067.08472376158 -0.035684584292583914
88586.67904100832 -0.03468685476415266
91180.03390845681 -0.03371608867269868
93849.3086494272 -0.032771634584652744
96596.72580093842 -0.03185285025900557
99424.57296427398 -0.0309591031283528
102335.20470972576 -0.03008977070885257
105331.04453709359 -0.029244240945333434
108414.5868935835 -0.02842191249733092
111588.3992507748 -0.027622194971410368
114855.12424239368 -0.026844509104717036
118217.48186466724 -0.02608828690433575
121678.27174109229 -0.02535297174666641
125240.3754535072 -0.024638018440709987
128906.75894140244 -0.02394289325884196
132680.47497147243 -0.023267073938367473
136564.66567946097 -0.022610049656884543
140562.56518642136 -0.021971320984234058
144677.5022915648 -0.021350399813583606
148912.90324394088 -0.020746809273983334
153272.2945952612 -0.020160083626528897
157759.30613623615 -0.019589768146090966
162377.67391887208 -0.019035418990391958
167131.2433672486 -0.018496603058063162
172023.97247935992 -0.017972897837169797
177059.9351226898 -0.017463891245553035
182243.32442626648 -0.016969181464224683
187578.45627201613 -0.01648837676492731
193069.77288832495 -0.016021095332876604
198721.84654880533 -0.015566965085606864
204539.38337933904 -0.01512562348874538
210527.22727657072 -0.01469671736947039
216690.3639411181 -0.014279902728328513
223033.9250288494 -0.013874844550018051
229563.19242369095 -0.013481216613689092
236283.6026355175 -0.013098701303246274
243200.7513267945 -0.012726989418095164
250320.39797173254 -0.012365779984719782
257648.47065183744 -0.012014780069441346
265191.0709918535 -0.011673704592662735
272954.4792402007 -0.01134227614486991
280945.1594981406 -0.01102022480463051
289169.76510202966 -0.010707287958794923
297635.14416313195 -0.01040321012508158
306348.3452696084 -0.010107742777201563
315316.62335543614 -0.009820644172657229
324547.44574113254 -0.009541679183324903
334048.4983513244 -0.009270619128917796
343827.6921143307 -0.009007241613406209
353893.1695490984 -0.008751330364455558
364253.3115449638 -0.008502675075932354
374916.74433988857 -0.008261071253514043
385892.3467029899 -0.00802632006342591
397189.25732733024 -0.0077982281843218685
408816.88243912894 -0.007576607662315101
420784.9036297398 -0.007361275769155075
433103.2859169001 -0.0071520548635427466
445782.28604197066 -0.006948772255569497
458832.461010084 -0.006751260074257219
472264.67688029545 -0.00655935513817341
486090.117813063 -0.006372898829092897
500320.2953825999 -0.006191736968669195
514967.0581618343 -0.006015719698080957
530042.6015879672 -0.005844701360609048
545559.4781168514 -0.005678540387106623
561530.6076746266 -0.005517099184311759
577969.2884153313 -0.005360244025959914
594889.2077934331 -0.005207844946645024
612304.4539605178 -0.005059775638381753
630229.5274956024 -0.004915913349817652
648679.3534788508 -0.004776138788043389
667669.2939187557 -0.004640336022950311
687215.1605431122 -0.004508392394082731
707333.2279644439 -0.00438019841993287
728040.2472308562 -0.004255647709625756
749353.4597735757 -0.004134636876941838
771290.6117627992 -0.004017065456625693
793869.9688838223 -0.003902835822928858
817110.3315457187 -0.003791853110334204
841031.0505352605 -0.0036840251364132054
865652.0431290936 -0.003579262326763689
890993.8096776098 -0.0034774776419786405
917077.4506742931 -0.0033785865065979687
943924.6843247664 -0.0032825067399928232
971557.8646301847 -0.003189158489136785
1000000.0 -0.0030984641632150374
