10.0 -7.681624170098676e-05
10.292747724096083 -8.37141477432041e-05
10.59406557118851 -9.122840455020058e-05
10.904204429677526 -9.941361497747138e-05
11.223422532664179 -0.0001083291472693415
11.551985672964793 -0.0001180395399848094
11.890167424419898 -0.0001286149396673175
12.238249369681931 -0.00014013157364383566
12.596521334671401 -0.00015267226048209454
12.965281629896682 -0.00016632696077576733
13.344837298838383 -0.00018119337105175316
13.735504373605137 -0.00019737756374183638
14.137608138073606 -0.00021499467627890425
14.551483398731937 -0.00023416965251860696
14.977474763452017 -0.0002550380397911938
15.415936928422726 -0.00027774684500083297
15.867234973483178 -0.0003024554532841296
16.331744666101677 -0.0003293366127995514
16.80985277425364 -0.0003585774892875855
17.301957388458945 -0.0003903807940404076
17.808468253246822 -0.00042496598892329446
18.329807108324356 -0.00046257057202468433
18.866408039732583 -0.0005034514474120659
19.418717841282557 -0.0005478863823114031
19.987196386572506 -0.0005961755547981656
20.57231701189556 -0.0006486431947986623
21.174566910357118 -0.0007056393208029102
21.794447537529855 -0.0007675415742239835
22.432475028984193 -0.0008347571527374894
23.089180630041927 -0.0009077248432379913
23.765111138110754 -0.0009869171542154932
24.46082935796799 -0.0010728425463545183
25.17691457037277 -0.0011660477590492205
25.913963014396586 -0.0012671202292024516
26.672588383874054 -0.0013766905972096301
27.453422338387142 -0.001495435293364851
28.257115029208283 -0.001624079196069279
29.08433564064048 -0.001763398351168267
29.935772947204903 -0.0019142227395214145
30.812135887140037 -0.002077439077457808
31.714154152689986 -0.0022539936321872163
32.642578797673224 -0.002444895031463616
33.59818286283781 -0.0026512170439121994
34.58176201952381 -0.002874101303445808
35.594135232168604 -0.0031147599481575285
36.63614544020716 -0.0033744781410525028
37.708660259934554 -0.0036546164370270546
38.81257270691538 -0.00395661295770384
39.9488019395417 -0.004281985333198061
41.118294024358306 -0.0046323323676878015
42.322022723792756 -0.00500933538395987
43.56099030694608 -0.005414759200981739
44.83622838411908 -0.00585045269816908
46.148798765769385 -0.006318348920540648
47.499794346614124 -0.006820464680436221
48.890340015614456 -0.0073588996141583166
50.32159359259993 -0.007935834655846677
51.7947467923121 -0.008553529896192957
53.31102621667033 -0.009214321800425388
54.87169437608604 -0.009920619768269323
56.47805074067555 -0.010674902028432121
58.131432822247135 -0.011479710871472029
59.83321728796288 -0.012337647237593235
61.58482110660264 -0.013251364689852092
63.38770272838487 -0.01422356281819029
65.24336329932625 -0.015256980135357248
67.15334791115141 -0.0163543865418284
69.11924688779365 -0.017518575452799102
71.14269710955735 -0.01875235569581888
73.22538337604533 -0.02005854330212933
75.36903980898542 -0.021439953327739007
77.57545129612417 -0.022899391851221033
79.84645497739086 -0.024439648303654336
82.18394177456803 -0.02606348829159089
84.58985796574301 -0.02777364707605823
87.06620680585127 -0.029572823869101875
89.61505019466045 -0.03146367710408175
92.23851039358476 -0.033448820826798314
94.9387717927583 -0.03553082234165617
97.71808272983904 -0.03771220123069599
100.57875736205835 -0.039995429843826584
103.52317759307378 -0.04238293533646532
106.55379505623053 -0.04487710330665154
109.67313315588179 -0.04748028305823633
112.88378916846884 -0.050194794490704
116.18843640511002 -0.053022936590316504
119.58982643749793 -0.05596699747232213
123.09079138896018 -0.05902926590067595
126.69424629259063 -0.0622120441906154
130.40319151841317 -0.0655176623811396
134.2207152716012 -0.06894849354923621
138.14999616383224 -0.07250697012591334
142.19430585991677 -0.07619560106577006
146.357011801908 -0.08001698971698078
150.64158001295928 -0.08397385223697412
155.05157798326255 -0.08806903640049452
159.5906776404731 -0.09230554065070981
164.26265840709303 -0.09668653325020515
169.071410347358 -0.10121537139643813
174.0209374062485 -0.10589562017513252
179.115360743323 -0.11073107123453459
184.3589221641488 -0.11572576107297046
189.75598765218504 -0.12088398884129084
195.3110510040631 -0.12621033357013703
201.02873757128856 -0.13170967073921636
206.913808111479 -0.13738718811167688
212.97116275234782 -0.14324840076109333
219.20584507173257 -0.14929916522146067
225.62304629706352 -0.15554569269193408
232.22810962777245 -0.16199456122806846
239.02653468423918 -0.1686527268501193
246.02398208697775 -0.17552753349690553
253.22627816987946 -0.18262672175116795
260.63941983143474 -0.18995843625969003
268.26957952797244 -0.19753123176912554
276.1231104130753 -0.20535407769707967
284.2065516274511 -0.21343636115794964
292.5266337436645 -0.22178788836494606
301.09028437025927 -0.23041888433408875
309.9046339199427 -0.23933999082326293
318.97702154663216 -0.2485622624501203
328.3150012563047 -0.2580971609469972
337.9263481967431 -0.2679565475294476
347.819065131413 -0.2781526733774942
358.00138910285807 -0.28869816825535705
368.48179829116765 -0.2996060273259745
379.26901907322497 -0.310889596250811
390.37203328860926 -0.32256255470261
401.8000857182091 -0.33463889845825107
413.5626917817706 -0.34713292027965736
425.66964546078714 -0.3600591898318003
438.13102745333055 -0.3734325329268521
450.9572135676145 -0.38726801042121867
464.15888336127773 -0.401580897125965
477.7470290335773 -0.4163866611196916
491.73296457790156 -0.43170094387477925
506.1283352022219 -0.4475395416218172
520.9451270253212 -0.46391838838192906
536.1956770568817 -0.4808535410917552
551.892683469738 -0.49836116723056945
568.0492161728429 -0.5164575353331958
584.6787276937589 -0.5351590087364075
601.7950643797334 -0.5544820428608532
619.412477926676 -0.5744431862763897
637.5456372456507 -0.5950590857374096
656.2096406767555 -0.6163464953079661
675.4200285605586 -0.6383222896262478
695.1927961775606 -0.6610034812862828
715.5444070664574 -0.6844072422438617
736.4918067322965 -0.7085509290856127
758.0524367559261 -0.7334521119370054
780.2442493165045 -0.7591286067285605
803.0857221391512 -0.7855985104911499
826.5958738801812 -0.8128802393121429
850.7942799627444 -0.8409925685551298
875.7010888760508 -0.8699546749272352
901.3370389517438 -0.8997861799697542
927.7234756314059 -0.930507194549525
954.8823692395666 -0.9621383639393958
982.8363332770031 -0.9947009130953276
1011.6086432495807 -1.0282166917640176
1041.2232560483055 -1.0627082190869106
1071.7048298967104 -1.0981987274027947
1103.078744882215 -1.1347122049904597
1135.3711240885177 -1.1722734375335475
1168.608855346651 -1.2109080481307075
1202.8196136227775 -1.250642535714098
1238.0318840613968 -1.2915043117772944
1274.2749857031336 -1.3335217353488327
1311.5790958968503 -1.3767241461793334
1349.9752754264298 -1.4211418961379576
1389.4954943731375 -1.4668063788374566
1430.172658735088 -1.5137500575261842
1472.0406378260013 -1.5620064913002143
1515.134292476053 -1.6116103596990128
1559.4895040582815 -1.6625974857544181
1605.1432043647615 -1.7150048575650798
1652.1334063573702 -1.7688706484672883
1700.4992358187922 -1.8242342358688504
1750.2809639301013 -1.8811362188053902
1801.520040802024 -1.9396184342688
1854.2591299878522 -1.9997239723458222
1908.542144006686 -2.0614971901910875
1964.4142809066266 -2.124983724844021
2021.9220618983536 -2.1902305048827526
2081.1133700903947 -2.2572857608911177
2142.037490358383 -2.326199034697081
2204.7451503814746 -2.397021187322693
2269.288562880081 -2.469804405567127
2335.7214690901214 -2.5446022071258554
2404.0991835099717 -2.6214694441303035
2474.47863995735 -2.7004623049739735
2546.91843897454 -2.7816383142729078
2621.478896621356 -2.8650563307905936
2698.222094696536 -2.950776543140355
2777.211932429355 -3.03886046306175
2858.5141796844714 -3.129370916051899
2942.196531724374 -3.222372029118206
3028.3286655749457 -3.317929215405451
3116.9822980411436 -3.416109155438574
3208.2312454210773 -3.5169797747122895
3302.1514849681753 -3.6206102173506522
3398.8212181526674 -3.7270708155542542
3498.320935775036 -3.8364330545499046
3600.73348498562 -3.948769532758324
3706.144138266228 -4.064153916899897
3814.640664431178 -4.182660891767411
3926.3134017068355 -4.3043661044086905
4041.2553329506004 -4.429346102482024
4159.562163071847 -4.557678266573376
4281.332398719392 -4.689440736298437
4406.667430301786 -4.824712330054375
4535.671616408702 -4.963572458337278
4668.45237070379 -5.106101030602628
4805.1202513612425 -5.252378355718012
4945.789053120639 -5.402485036141516
5090.575902036681 -5.556501856055695
5239.601353002645 -5.714509663797077
5392.98949012887 -5.876589249045315
5550.868030059805 -6.042821215374425
5713.36842831558 -6.213285848921552
5880.625988746757 -6.3880629840962895
6052.779976193349 -6.567231867434749
6229.973732441841 -6.750871020896769
6412.354795576917 -6.9390581061103305
6600.075022827095 -7.131869791281619
6793.290717006696 -7.329381622710279
6992.162756659375 -7.531667903072506
7196.856730011514 -7.738801578855876
7407.543072847163 -7.9508541395433685
7624.397210419138 -8.167895531343044
7847.5997035146065 -8.38999408843764
8077.3363987967105 -8.61721648487525
8313.798583547334 -8.849627710329882
8557.183144940002 -9.087291073018456
8807.692733975462 -9.330268233057748
9065.53593421636 -9.578619269470158
9330.927435461663 -9.832402783889806
9604.08821250538 -10.091676043769523
9885.24570912827 -10.35649516753483
10174.634027476064 -10.626915353665492
10472.494122981476 -10.902991155100503
10779.074004992735 -11.184776799657214
11094.628943275218 -11.472326556326367
11419.421680558647 -11.765695146358718
11753.722651306367 -12.064938197000306
12097.810206889013 -12.370112734578132
12451.97084735032 -12.681277712402334
12816.499459957597 -12.998494567658046
13191.699564735716 -13.321827800140312
13577.883567189278 -13.651345564370212
13975.373018422924 -13.987120265357483
14384.498882876629 -14.32922914708607
14805.6018138991 -14.67775486173475
15239.032437388305 -15.032786006748408
15685.151643735446 -15.394417616188159
16144.330888316019 -15.762751592347447
16616.952500776908 -16.13789706345712
17103.41000337838 -16.519970653445665
17604.108438655527 -16.90909665018101
18119.46470667122 -17.305407059409603
18649.907912142942 -17.70904153272339
19195.87972173111 -18.12014715930481
19757.834731786996 -18.53887811290719
20336.2408468667 -18.965395147480297
20931.579669325736 -19.399864937007198
21544.346900318822 -19.84245925742801
22175.052752539294 -20.293354010932372
22824.222375040976 -20.752728095346463
23492.396290496577 -21.22076212376762
24180.13084525718 -21.69763700195339
24887.998672586673 -22.18353237320126
25616.589169457267 -22.678624942522713
26366.508987303554 -23.183086693780922
27138.3825371428 -23.697083015103296
27932.85250948253 -24.220770749283485
28750.580409448772 -24.75429618704408
29592.247107579577 -25.29779302194322
30458.55340674284 -25.85138028638748
31350.220625651124 -26.41516028867097
32267.991199458116 -26.989216571214882
33212.62929793748 -27.57361191025482
34184.92146175927 -28.16838637713126
35185.677257392665 -28.773555481098192
36215.72995118075 -29.389108413192954
37275.93720314938 -30.01500641021233
38367.18178112649 -30.651181257218852
39490.37229576694 -31.297533946259378
40646.44395709628 -31.953933508104555
41836.359353200234 -32.62021603280023
43061.10925171165 -33.29618389365362
44321.713424760856 -33.98160518793025
45619.221498074585 -34.67621340600517
46954.71382493421 -35.37970733897895
48329.30238571752 -36.091751232816655
49744.13171377451 -36.81197519490397
51200.37984840882 -37.539975856532955
52699.259315756564 -38.27531729224348
54242.01813838024 -39.01753219418103
55829.94087441914 -39.766123296714134
57464.34968715974 -40.52056504352733
59146.605445917456 -41.280305486323726
60878.108859147556 -42.04476840119099
62660.30164072656 -42.813355605671426
64494.667710376205 -43.58544945670709
66382.73442923075 -44.360415506971414
68326.07387157406 -45.13760529472255
70326.30413380644 -45.91635924029099
72385.09068173247 -46.69600962070111
74504.14773728917 -47.475883592774004
76685.2397058701 -48.255306234408444
78930.18264543568 -49.03360357360959
81240.84577862974 -49.81010557523698
83619.15304916317 -50.58414905637488
86067.08472376158 -51.355080502659185
88586.67904100832 -52.12225875978912
91180.03390845681 -52.88505757676347
93849.3086494272 -53.64286798004133
96596.72580093842 -54.395100460767694
99424.57296427398 -55.14118696035242
102335.20470972576 -55.88058264296224
105331.04453709359 -56.61276744680131
108414.5868935835 -57.33724740934842
111588.3992507748 -58.05355576490113
114855.12424239368 -58.76125381580541
118217.48186466724 -59.45993158155057
121678.27174109229 -60.14920823245308
125240.3754535072 -60.82873231689844
128906.75894140244 -61.49818179303375
132680.47497147243 -62.157263877399714
136564.66567946097 -62.80571472424749
140562.56518642136 -63.44329895021773
144677.5022915648 -64.06980901967255
148912.90324394088 -64.68506450629248
153272.2945952612 -65.28891124660191
157759.30613623615 -65.88122040089358
162377.67391887208 -66.46188743662367
167131.2433672486 -67.03083104876896
172023.97247935992 -67.5879920309103
177059.9351226898 -68.13333210996633
182243.32442626648 -68.66683275657373
187578.45627201613 -69.18849398212251
193069.77288832495 -69.69833313243585
198721.84654880533 -70.19638368705193
204539.38337933904 -70.68269407203762
210527.22727657072 -71.15732649326407
216690.3639411181 -71.62035579610678
223033.9250288494 -72.07186835661261
229563.19242369095 -72.51196100831272
236283.6026355175 -72.94074000805442
243200.7513267945 -73.35832004348501
250320.39797173254 -73.76482328414477
257648.47065183744 -74.1603784775177
265191.0709918535 -74.54512009084499
272954.4792402007 -74.91918749902491
280945.1594981406 -75.28272421850325
289169.76510202966 -75.63587718669609
297635.14416313195 -75.97879608617677
306348.3452696084 -76.3116327125999
315316.62335543614 -76.6345403851216
324547.44574113254 -76.94767339790137
334048.4983513244 -77.25118651113674
343827.6921143307 -77.54523447997853
353893.1695490984 -77.82997161960246
364253.3115449638 -78.10555140466492
374916.74433988857 -78.37212610134664
385892.3467029899 -78.62984643018221
397189.25732733024 -78.87886125788408
408816.88243912894 -79.11931731639433
420784.9036297398 -79.35135894743414
433103.2859169001 -79.57512787086495
445782.28604197066 -79.790762975229
458832.461010084 -79.998400128895
472264.67688029545 -80.1981720102972
486090.117813063 -80.3902079558219
500320.2953825999 -80.57463382396354
514967.0581618343 -80.75157187444033
530042.6015879672 -80.92114066102906
545559.4781168514 -81.08345493694694
561530.6076746266 -81.2386255716755
577969.2884153313 -81.38675947818858
594889.2077934331 -81.52795954960959
612304.4539605178 -81.66232460438711
630229.5274956024 -81.7899493391367
648679.3534788508 -81.9109242883556
667669.2939187557 -82.02533579027204
687215.1605431122 -82.13326595814381
707333.2279644439 -82.23479265637116
728040.2472308562 -82.3299894808375
749353.4597735757 -82.41892574293631
771290.6117627992 -82.50166645678603
793869.9688838223 -82.5782723291762
817110.3315457187 -82.64879975182599
841031.0505352605 -82.71330079557343
865652.0431290936 -82.77182320614834
890993.8096776098 -82.82441040121473
917077.4506742931 -82.87110146839969
943924.6843247664 -82.91193116405523
971557.8646301847 -82.94692991252816
1000000.0 -82.9761238057392
10.0 1.728610265444825
10.292747724096083 1.7789894909611075
10.59406557118851 1.830823248302997
10.904204429677526 1.8841522940698663
11.223422532664179 1.939018414854072
11.551985672964793 1.9954644429226294
11.890167424419898 2.0535342710926687
12.238249369681931 2.113272866669016
12.596521334671401 2.1747262842999455
12.965281629896682 2.237941677593482
13.344837298838383 2.302967309321703
13.735504373605137 2.369852560025023
14.137608138073606 2.438647934811097
14.551483398731937 2.509405068124673
14.977474763452017 2.582176726245312
15.415936928422726 2.6570168072482856
15.867234973483178 2.733980338141666
16.331744666101677 2.8131234688685947
16.80985277425364 2.894503462837194
17.301957388458945 2.978178683613901
17.808468253246822 3.0642085773862044
18.329807108324356 3.152653650769847
18.866408039732583 3.2435754435026767
19.418717841282557 3.3370364955327774
19.987196386572506 3.4331003079711966
20.57231701189556 3.531831297342873
21.174566910357118 3.633294742526559
21.794447537529855 3.737556723735635
22.432475028984193 3.8446840528457176
23.089180630041927 3.954744194331594
23.765111138110754 4.067805176029449
24.46082935796799 4.183935488892666
25.17691457037277 4.303203974862979
25.913963014396586 4.425679701929555
26.672588383874054 4.551431825401608
27.453422338387142 4.680529434373093
28.257115029208283 4.813041382312736
29.08433564064048 4.949036100669938
29.935772947204903 5.088581394347095
30.812135887140037 5.2317442178545095
31.714154152689986 5.378590430933877
32.642578797673224 5.529184532415323
33.59818286283781 5.6835893710583125
34.58176201952381 5.841865832125497
35.594135232168604 6.004072498448206
36.63614544020716 6.170265284767606
37.708660259934554 6.340497044178784
38.81257270691538 6.514817145568605
39.9488019395417 6.693271021024851
41.118294024358306 6.8758996823073755
42.322022723792756 7.062739205616621
43.56099030694608 7.2538201840712215
44.83622838411908 7.449167147521428
46.148798765769385 7.648797949581088
47.499794346614124 7.852723122062442
48.890340015614456 8.060945197345719
50.32159359259993 8.273457999620533
51.7947467923121 8.490245906390447
53.31102621667033 8.711283082149054
54.87169437608604 8.936532686711612
56.47805074067555 9.165946061322726
58.131432822247135 9.399461896358703
59.83321728796288 9.63700538520207
61.58482110660264 9.878487369681473
63.38770272838487 10.123803483337046
65.24336329932625 10.37283329968605
67.15334791115141 10.625439493612017
69.11924688779365 10.881467024974594
71.14269710955735 11.140742354519823
73.22538337604533 11.403072703142227
75.36903980898542 11.668245366495674
77.57545129612417 11.93602709783519
79.84645497739086 12.206163572779065
82.18394177456803 12.478378950373331
84.58985796574301 12.752375545387604
87.06620680585127 13.027833627140094
89.61505019466045 13.30441136029999
92.23851039358476 13.581744903017945
94.9387717927583 13.85944867734987
97.71808272983904 14.137115826236387
100.57875736205835 14.414318870251405
103.52317759307378 14.690610575916114
106.55379505623053 14.965525045573404
109.67313315588179 15.238579036620878
112.88378916846884 15.509273515327523
116.18843640511002 15.777095447496547
119.58982643749793 16.041519824949603
123.09079138896018 16.30201192320168
126.69424629259063 16.558029781851996
130.40319151841317 16.809026895191042
134.2207152716012 17.054455096399167
138.14999616383224 17.29376761458613
142.19430585991677 17.526422279884166
146.357011801908 17.75188484797811
150.64158001295928 17.969632411931514
155.05157798326255 18.179156866067824
159.5906776404731 18.379968384080865
164.26265840709303 18.57159887158543
169.071410347358 18.753605352046797
174.0209374062485 18.92557324451366
179.115360743323 19.0871194918741
184.3589221641488 19.237895499461498
189.75598765218504 19.377589845775553
195.3110510040631 19.505930729801378
201.02873757128856 19.62268812287469
206.913808111479 19.72767559716094
212.97116275234782 19.820751807497057
219.20584507173257 19.90182160848192
225.62304629706352 19.97083679414321
232.22810962777245 20.027796453145534
239.02653468423918 20.072746938160268
246.02398208697775 20.105781453592876
253.22627816987946 20.127039271178262
260.63941983143474 20.13670458792594
268.26957952797244 20.135005045390344
276.1231104130753 20.122209933182326
284.2065516274511 20.098628102951125
292.5266337436645 20.06460562171195
301.09028437025927 20.020523195352453
309.9046339199427 19.966793394416868
318.97702154663216 19.90385771486564
328.3150012563047 19.832183506493266
337.9263481967431 19.752260801083878
347.819065131413 19.664599071305442
358.00138910285807 19.569723949820055
368.48179829116765 19.468173936236973
379.26901907322497 19.360497117415495
390.37203328860926 19.247247924325173
401.8000857182091 19.128983946270164
413.5626917817706 19.0062628208333
425.66964546078714 18.879639215473073
438.13102745333055 18.74966191435398
450.9572135676145 18.61687102174636
464.15888336127773 18.481795291238235
477.7470290335773 18.344949588089957
491.73296457790156 18.20683249032279
506.1283352022219 18.067924032637528
520.9451270253212 17.928683595953718
536.1956770568817 17.789547944297595
551.892683469738 17.650929409949786
568.0492161728429 17.513214227152158
584.6787276937589 17.37676101432815
601.7950643797334 17.24189940463574
619.412477926676 17.108928824769418
637.5456372456507 16.978117422222983
656.2096406767555 16.84970114173485
675.4200285605586 16.723882952283656
695.1927961775606 16.600832226818927
715.5444070664574 16.480684277795678
736.4918067322965 16.36354005254662
758.0524367559261 16.249465993476797
780.2442493165045 16.138494068959147
803.0857221391512 16.030621981592013
826.5958738801812 15.925813561068628
850.7942799627444 15.82399934924206
875.7010888760508 15.725077384990575
901.3370389517438 15.628914196106768
927.7234756314059 15.535346004648964
954.8823692395666 15.444180150896683
982.8363332770031 15.355196739277028
1011.6086432495807 15.26815050732097
1041.2232560483055 15.182772915913441
1071.7048298967104 15.098774455819786
1103.078744882215 15.015847161792175
1135.3711240885177 14.933667321533687
1168.608855346651 14.851898362552463
1202.8196136227775 14.770193895576698
1238.0318840613968 14.68820088886788
1274.2749857031336 14.605562943626714
1311.5790958968503 14.521923636849946
1349.9752754264298 14.436929894682219
1389.4954943731375 14.350235356597752
1430.172658735088 14.261503688803192
1472.0406378260013 14.17041180420169
1515.134292476053 14.076652946140635
1559.4895040582815 13.97993959407318
1605.1432043647615 13.880006151165915
1652.1334063573702 13.77661137682228
1700.4992358187922 13.669540530947273
1750.2809639301013 13.558607201473992
1801.520040802024 13.443654792126084
1854.2591299878522 13.32455765336923
1908.542144006686 13.201221845925721
1964.4142809066266 13.073585532821637
2021.9220618983536 12.941619002595441
2081.1133700903947 12.805324332741064
2142.037490358383 12.664734708630462
2204.7451503814746 12.519913418739321
2269.288562880081 12.370952552020377
2335.7214690901214 12.217971427470562
2404.0991835099717 12.06111478932963
2474.47863995735 11.900550803847995
2546.91843897454 11.736468895134962
2621.478896621356 11.569077458284067
2698.222094696536 11.398601487814936
2777.211932429355 11.225280158449726
2858.5141796844714 11.049364393626766
2942.196531724374 10.871114454759038
3028.3286655749457 10.690797581518604
3116.9822980411436 10.50868571017235
3208.2312454210773 10.325053293528049
3302.1514849681753 10.140175242421684
3398.8212181526674 9.954325004961763
3498.320935775036 9.76777279608491
3600.73348498562 9.580783986453678
3706.144138266228 9.393617656353955
3814.640664431178 9.206525317182239
3926.3134017068355 9.019749800282172
4041.2553329506004 8.833524310420279
4159.562163071847 8.648071639047405
4281.332398719392 8.463603530678457
4406.667430301786 8.2803201942727
4535.671616408702 8.098409950350181
4668.45237070379 7.9180490037479565
4805.1202513612425 7.73940133137548
4945.789053120639 7.562618674030021
5090.575902036681 7.387840621241467
5239.601353002645 7.215194778271334
5392.98949012887 7.044797004623472
5550.868030059805 6.8767517138853345
5713.36842831558 6.711152225192678
5880.625988746757 6.548081157232553
6052.779976193349 6.38761085633686
6229.973732441841 6.229803850914907
6412.354795576917 6.074713325152867
6600.075022827095 5.922383605630412
6793.290717006696 5.772850655191633
6992.162756659375 5.626142569063641
7196.856730011514 5.482280068870934
7407.543072847163 5.3412769907881765
7624.397210419138 5.203140764647887
7847.5997035146065 5.067872881318178
8077.3363987967105 4.935469346185698
8313.798583547334 4.805921116957855
8557.183144940002 4.679214524444274
8807.692733975462 4.555331675277593
9065.53593421636 4.434250835879692
9330.927435461663 4.315946797219697
9604.08821250538 4.2003912201655735
9885.24570912827 4.087552961411871
10174.634027476064 3.9773983801655124
10472.494122981476 3.869891625866591
10779.074004992735 3.764994907403453
11094.628943275218 3.662668744307309
11419.421680558647 3.562872200554751
11753.722651306367 3.46556310159384
12097.810206889013 3.3706982353322665
12451.97084735032 3.2782335377754945
12816.499459957597 3.1881242640770977
13191.699564735716 3.1003251457595806
13577.883567189278 3.014790534836184
13975.373018422924 2.9314745355960596
14384.498882876629 2.8503311247928886
14805.6018138991 2.7713142609074466
15239.032437388305 2.6943779832523895
15685.151643735446 2.6194765015172585
16144.330888316019 2.546564276442478
16616.952500776908 2.4755960922315055
17103.41000337838 2.4065271212771253
17604.108438655527 2.3393129817871605
18119.46470667122 2.273909788801857
18649.907912142942 2.2102741991629213
19195.87972173111 2.148363450834794
19757.834731786996 2.088135397105805
20336.2408468667 2.029548536004472
20931.579669325736 1.972562035401524
21544.346900318822 1.9171357540906535
22175.052752539294 1.8632302592539973
22824.222375040976 1.8108068405993372
23492.396290496577 1.759827521444591
24180.13084525718 1.7102550670871322
24887.998672586673 1.6620529906444594
25616.589169457267 1.6151855566679172
26366.508987303554 1.5696177826779962
27138.3825371428 1.5253154388983483
27932.85250948253 1.4822450463140597
28750.580409448772 1.4403738732630775
29592.247107579577 1.3996699307030884
30458.55340674284 1.3601019663060472
31350.220625651124 1.321639457514169
32267.991199458116 1.2842526036712398
33212.62929793748 1.2479123173584767
34184.92146175927 1.212590215018308
35185.677257392665 1.1782586069759144
36215.72995118075 1.1448904869363759
37275.93720314938 1.1124595210406985
38367.18178112649 1.0809400365371165
39490.37229576694 1.0503070101731231
40646.44395709628 1.0205360562903179
41836.359353200234 0.9916034147777687
43061.10925171165 0.9634859388320286
44321.713424760856 0.9361610826434024
45619.221498074585 0.909606888983434
46954.71382493421 0.8838019768269686
48329.30238571752 0.8587255288692477
49744.13171377451 0.8343572791966216
51200.37984840882 0.8106775009001647
52699.259315756564 0.787666993857753
54242.01813838024 0.7653070725535878
55829.94087441914 0.7435795540313107
57464.34968715974 0.7224667459827805
59146.605445917456 0.7019514349674622
60878.108859147556 0.682016874825411
62660.30164072656 0.6626467751984071
64494.667710376205 0.6438252902578169
66382.73442923075 0.6255370076187957
68326.07387157406 0.6077669374462097
70326.30413380644 0.590500501714777
72385.09068173247 0.5737235237200493
74504.14773728917 0.5574222177560293
76685.2397058701 0.5415831789746298
78930.18264543568 0.5261933735540794
81240.84577862974 0.5112401288984103
83619.15304916317 0.4967111242268462
86067.08472376158 0.48259438122323345
88586.67904100832 0.46887825500127084
91180.03390845681 0.45555142518208197
93849.3086494272 0.4426028872336874
96596.72580093842 0.4300219440099163
99424.57296427398 0.41779819743976415
102335.20470972576 0.40592154048317697
105331.04453709359 0.39438214919518044
108414.5868935835 0.38317047512074937
111588.3992507748 0.3722772376807227
114855.12424239368 0.3616934169269759
118217.48186466724 0.35141024638790413
121678.27174109229 0.34141920611797394
125240.3754535072 0.33171201590456945
128906.75894140244 0.3222806286750716
132680.47497147243 0.31311722405977316
136564.66567946097 0.3042142021141185
140562.56518642136 0.295564177254319
144677.5022915648 0.28715997223733775
148912.90324394088 0.2789946124521959
153272.2945952612 0.27106132024315294
157759.30613623615 0.26335350943675506
162377.67391887208 0.25586477997419105
167131.2433672486 0.24858891273492256
172023.97247935992 0.24151986455005264
177059.9351226898 0.23465176316443256
182243.32442626648 0.22797890247313912
187578.45627201613 0.221495737971531
193069.77288832495 0.2151968821008737
198721.84654880533 0.20907709989221207
204539.38337933904 0.2031313046453875
210527.22727657072 0.1973545538594022
216690.3639411181 0.1917420450906512
223033.9250288494 0.18628911197580053
229563.19242369095 0.18099122050048844
236283.6026355175 0.1758439652462904
243200.7513267945 0.17084306564950197
250320.39797173254 0.16598436268049332
257648.47065183744 0.16126381521780306
265191.0709918535 0.15667749686636867
272954.4792402007 0.15222159260116674
280945.1594981406 0.14789239571354226
289169.76510202966 0.14368630472458147
297635.14416313195 0.13959982033369375
306348.3452696084 0.1356295426526224
315316.62335543614 0.13177216831417413
324547.44574113254 0.12802448772352365
334048.4983513244 0.12438338246353532
343827.6921143307 0.12084582273202615
353893.1695490984 0.11740886474265391
364253.3115449638 0.11406964826311834
374916.74433988857 0.11082539445950693
385892.3467029899 0.10767340329658658
397189.25732733024 0.10461105158089368
408816.88243912894 0.10163579061688185
420784.9036297398 0.09874514407696938
433103.2859169001 0.09593670599478543
445782.28604197066 0.09320813887046717
458832.461010084 0.09055717160295565
472264.67688029545 0.08798159758868532
486090.117813063 0.0854792729888777
500320.2953825999 0.0830481148760666
514967.0581618343 0.0806860995500078
530042.6015879672 0.07839126076770976
545559.4781168514 0.07616168831181051
561530.6076746266 0.07399552609606733
577969.2884153313 0.07189097096544378
594889.2077934331 0.06984627090741163
612304.4539605178 0.06785972376726034
630229.5274956024 0.06592967589966187
648679.3534788508 0.06405452029715736
667669.2939187557 0.06223269605816717
687215.1605431122 0.06046268652110313
707333.2279644439 0.05874301804456394
728040.2472308562 0.057072258945903676
749353.4597735757 0.05544901844599159
771290.6117627992 0.05387194492351772
793869.9688838223 0.05233972553978197
817110.3315457187 0.050851084614050024
841031.0505352605 0.0494047827739767
865652.0431290936 0.047999615821368545
890993.8096776098 0.04663441394074866
917077.4506742931 0.045308040553861485
943924.6843247664 0.04401939133877808
971557.8646301847 0.042767393351747035
1000000.0 0.041551004262592374
