10.0 66.94346770033759
10.292747724096083 66.97950304040124
10.59406557118851 66.99869300059207
10.904204429677526 67.00106429852411
11.223422532664179 66.98664457345815
11.551985672964793 66.95546250647521
11.890167424419898 66.90754800770728
12.238249369681931 66.84293246999852
12.596521334671401 66.76164908824413
12.965281629896682 66.66373324349703
13.344837298838383 66.54922295074718
13.735504373605137 66.41815936905577
14.137608138073606 66.27058737246028
14.551483398731937 66.10655617975476
14.977474763452017 65.92612004088862
15.415936928422726 65.72933897730915
15.867234973483178 65.51627957310403
16.331744666101677 65.28701581326894
16.80985277425364 65.0416299648409
17.301957388458945 64.78021349599761
17.808468253246822 64.50286802752974
18.329807108324356 64.2097063103556
18.866408039732583 63.90085322196918
19.418717841282557 63.57644677391019
19.987196386572506 63.23663912152083
20.57231701189556 62.88159756643498
21.174566910357118 62.511505541445544
21.794447537529855 62.12656356662709
22.432475028984193 61.72699016489854
23.089180630041927 61.31302272459415
23.765111138110754 60.88491829612057
24.46082935796799 60.442954309429965
25.17691457037277 59.98742919886754
25.913963014396586 59.51866292198637
26.672588383874054 59.03699735918887
27.453422338387142 58.54279658158339
28.257115029208283 58.0364469752489
29.08433564064048 57.51835721120086
29.935772947204903 56.98895805176441
30.812135887140037 56.44870198576511
31.714154152689986 55.898062686961296
32.642578797673224 55.337534292423285
33.59818286283781 54.767630500094896
34.58176201952381 54.18888348750456
35.594135232168604 53.6018426564763
36.63614544020716 53.00707321165394
37.708660259934554 52.40515458362749
38.81257270691538 51.796678710355884
39.9488019395417 51.18224819332478
41.118294024358306 50.56247434737794
42.322022723792756 49.93797516532845
43.56099030694608 49.30937322020662
44.83622838411908 48.67729352926685
46.148798765769385 48.04236140459605
47.499794346614124 47.40520031528961
48.890340015614456 46.766429785678085
50.32159359259993 46.12666335298099
51.7947467923121 45.48650660605868
53.31102621667033 44.84655532467388
54.87169437608604 44.20739373592091
56.47805074067555 43.5695929013196
58.131432822247135 42.93370924459838
59.83321728796288 42.30028322653648
61.58482110660264 41.669838169501624
63.38770272838487 41.042879230649056
65.24336329932625 40.4198925192636
67.15334791115141 39.80134435053803
69.11924688779365 39.18768062529804
71.14269710955735 38.57932632291087
73.22538337604533 37.97668509287637
75.36903980898542 37.380138929500056
77.57545129612417 36.79004791355236
79.84645497739086 36.206750004957826
82.18394177456803 35.630560871290236
84.58985796574301 35.06177373812398
87.06620680585127 34.500659249051836
89.61505019466045 33.947465325317026
92.23851039358476 33.40241701747163
94.9387717927583 32.86571634410827
97.71808272983904 32.337542115483416
100.57875736205835 31.81804974259741
103.52317759307378 31.30737103498741
106.55379505623053 30.80561399299008
109.67313315588179 30.312862602524977
112.88378916846884 29.829176642434707
116.18843640511002 29.354591516088835
119.58982643749793 28.889118120263536
123.09079138896018 28.432742765242747
126.69424629259063 27.98542716063836
130.40319151841317 27.54710848160259
134.2207152716012 27.117699529911977
138.14999616383224 26.697089003854273
142.19430585991677 26.285141889969914
146.357011801908 25.881699988500014
150.64158001295928 25.486582582895984
155.05157798326255 25.09958726198785
159.5906776404731 24.72049090137721
164.26265840709303 24.349050808380063
169.071410347358 23.98500603238619
174.0209374062485 23.628078839867307
179.115360743323 23.27797635048167
184.3589221641488 22.93439232782918
189.75598765218504 22.597009115436254
195.3110510040631 22.265499705558593
201.02873757128856 21.939529925422466
206.913808111479 21.618760722651167
212.97116275234782 21.302850528908262
219.20584507173257 20.991457678300193
225.62304629706352 20.68424285490399
232.22810962777245 20.380871541977516
239.02653468423918 20.081016444065902
246.02398208697775 19.784359852372685
253.22627816987946 19.49059592350802
260.63941983143474 19.199432842066894
268.26957952797244 18.91059483848374
276.1231104130753 18.623824035237398
284.2065516274511 18.33888209674833
292.5266337436645 18.0555516611693
301.09028437025927 17.77363753567235
309.9046339199427 17.492967640697408
318.97702154663216 17.213393692858123
328.3150012563047 16.934791620687438
337.9263481967431 16.657061712027907
347.819065131413 16.38012849650545
358.00138910285807 16.1039403710414
368.48179829116765 15.828468980628399
379.26901907322497 15.55370837052208
390.37203328860926 15.279673929459483
401.8000857182091 15.006401146451548
413.5626917817706 14.733944206023839
425.66964546078714 14.462374448475952
438.13102745333055 14.191778722767726
450.9572135676145 13.92225766003121
464.15888336127773 13.65392389546852
477.7470290335773 13.386900265591349
491.73296457790156 13.121318006414853
506.1283352022219 12.857314976452852
520.9451270253212 12.595033926207082
536.1956770568817 12.33462083342714
551.892683469738 12.076223320795465
568.0492161728429 11.819989169963394
584.6787276937589 11.566064943104882
601.7950643797334 11.31459472043367
619.412477926676 11.065718959509113
637.5456372456507 10.819573479697526
656.2096406767555 10.576288572879928
675.4200285605586 10.335988239463708
695.1927961775606 10.098789546956196
715.5444070664574 9.86480210682469
736.4918067322965 9.634127664092961
758.0524367559261 9.406859793100464
780.2442493165045 9.18308369207704
803.0857221391512 8.962876068637646
826.5958738801812 8.74630510795819
850.7942799627444 8.533430515243651
875.7010888760508 8.324303624103795
901.3370389517438 8.11896756260399
927.7234756314059 7.917457469016608
954.8823692395666 7.719800749659624
982.8363332770031 7.526017371631607
1011.6086432495807 7.336120183736094
1041.2232560483055 7.150115259403829
1071.7048298967104 6.968002255954283
1103.078744882215 6.7897747850832
1135.3711240885177 6.615420790000665
1168.608855346651 6.444922925168825
1202.8196136227775 6.278258935094658
1238.0318840613968 6.115402029111876
1274.2749857031336 5.956321249537088
1311.5790958968503 5.800981830999192
1349.9752754264298 5.649345549128026
1389.4954943731375 5.501371057133925
1430.172658735088 5.35701420912312
1472.0406378260013 5.21622836927534
1515.134292476053 5.078964706255775
1559.4895040582815 4.9451724724489425
1605.1432043647615 4.814799267790364
1652.1334063573702 4.687791288129974
1700.4992358187922 4.564093558196294
1750.2809639301013 4.443650149342176
1801.520040802024 4.326404382342959
1854.2591299878522 4.2122990155905375
1908.542144006686 4.101276419081947
1964.4142809066266 3.993278734641221
2021.9220618983536 3.8882480228403975
2081.1133700903947 3.7861263971022607
2142.037490358383 3.686856145471548
2204.7451503814746 3.590379840540301
2269.288562880081 3.496640438001889
2335.7214690901214 3.405581364292327
2404.0991835099717 3.317146593757457
2474.47863995735 3.231280715758274
2546.91843897454 3.147928992100873
2621.478896621356 3.0670374051464244
2698.222094696536 2.9885526969282235
2777.211932429355 2.912422399571035
2858.5141796844714 2.838594857280666
2942.196531724374 2.767019240144231
3028.3286655749457 2.6976455499584637
3116.9822980411436 2.6304246182841884
3208.2312454210773 2.5653080969107744
3302.1514849681753 2.502248440909122
3398.8212181526674 2.441198884448527
3498.320935775036 2.382113409566672
3600.73348498562 2.3249467080961583
3706.144138266228 2.269654136985
3814.640664431178 2.216191667287082
3926.3134017068355 2.164515827154652
4041.2553329506004 2.114583639230029
4159.562163071847 2.0663525529151165
4281.332398719392 2.0197803720883547
4406.667430301786 1.9748251789432525
4535.671616408702 1.9314452547390772
4668.45237070379 1.8895989983747947
4805.1202513612425 1.849244843829983
4945.789053120639 1.8103411776472993
5090.575902036681 1.7728462577609125
5239.601353002645 1.7367181351037135
5392.98949012887 1.7019145795353543
5550.868030059805 1.6683930117337964
5713.36842831558 1.6361104427626438
5880.625988746757 1.605023423071953
6052.779976193349 1.5750880026958916
6229.973732441841 1.54625970437647
6412.354795576917 1.5184935112610944
6600.075022827095 1.4917438706861128
6793.290717006696 1.4659647153746507
6992.162756659375 1.4411095031342243
7196.856730011514 1.4171312758433021
7407.543072847163 1.3939827381721832
7624.397210419138 1.3716163560931351
7847.5997035146065 1.3499844748091554
8077.3363987967105 1.3290394552784246
8313.798583547334 1.3087338280467742
8557.183144940002 1.289020462636561
8807.692733975462 1.2698527502918058
9065.53593421636 1.251184797463203
9330.927435461663 1.2329716270493936
9604.08821250538 1.2151693841029707
9885.24570912827 1.1977355424822995
10174.634027476064 1.18062910878339
10472.494122981476 1.1638108198410895
10779.074004992735 1.1472433301350382
11094.628943275218 1.130891385589441
11419.421680558647 1.1147219805001578
11753.722651306367 1.0987044946613163
12097.810206889013 1.0828108081792196
12451.97084735032 1.0670153919435375
12816.499459957597 1.0512953722597311
13191.699564735716 1.0356305687089526
13577.883567189278 1.0200035048822749
13975.373018422924 1.0043993922088625
14384.498882876629 0.9888060876461544
14805.6018138991 0.9732140265142245
15239.032437388305 0.957616132211775
15685.151643735446 0.9420077049437244
16144.330888316019 0.9263862919109342
16616.952500776908 0.9107515416506756
17103.41000337838 0.8951050453776636
17604.108438655527 0.879450168254607
18119.46470667122 0.8637918735239907
18649.907912142942 0.848136542367502
19195.87972173111 0.8324917922308877
19757.834731786996 0.8168662961706576
20336.2408468667 0.8012696055549003
20931.579669325736 0.7857119781965621
21544.346900318822 0.7702042137180278
22175.052752539294 0.7547574976581823
22824.222375040976 0.7393832555411629
23492.396290496577 0.7240930178392943
24180.13084525718 0.7088982964888693
24887.998672586673 0.6938104733604882
25616.589169457267 0.6788407008519424
26366.508987303554 0.6639998145614401
27138.3825371428 0.6492982578155274
27932.85250948253 0.6347460176727905
28750.580409448772 0.6203525718933022
29592.247107579577 0.6061268462652969
30458.55340674284 0.5920771816008644
31350.220625651124 0.5782113096617854
32267.991199458116 0.5645363372405019
33212.62929793748 0.5510587376093328
34184.92146175927 0.5377843485500277
35185.677257392665 0.5247183761914708
36215.72995118075 0.5118654039080931
37275.93720314938 0.49922940556532236
38367.18178112649 0.48681376243956004
39490.37229576694 0.47462128318457014
40646.44395709628 0.4626542262650705
41836.359353200234 0.45091432432807627
43061.10925171165 0.4394028100323521
44321.713424760856 0.4281204429069364
45619.221498074585 0.41706753685717274
46954.71382493421 0.40624398798389855
48329.30238571752 0.39564930242441526
49744.13171377451 0.38528262396575497
51200.37984840882 0.3751427612184471
52699.259315756564 0.36522821417384277
54242.01813838024 0.355537199999799
55829.94087441914 0.3460676779589595
57464.34968715974 0.33681737335793005
59146.605445917456 0.32778380045992467
60878.108859147556 0.3189642843126321
62660.30164072656 0.31035598146031246
64494.667710376205 0.3019558995246167
66382.73442923075 0.293760915651171
68326.07387157406 0.2857677938298234
70326.30413380644 0.27797320110553947
72385.09068173247 0.27037372270423515
74504.14773728917 0.2629658761041947
76685.2397058701 0.2557461240878441
78930.18264543568 0.2487108868128342
81240.84577862974 0.24185655294392566
83619.15304916317 0.2351794898886223
86067.08472376158 0.22867605318119866
88586.67904100832 0.22234259505962223
91180.03390845681 0.21617547228074305
93849.3086494272 0.21017105321746885
96596.72580093842 0.20432572428225032
99424.57296427398 0.19863589571902995
102335.20470972576 0.19309800680509592
105331.04453709359 0.18770853050282724
108414.5868935835 0.18246397759941257
111588.3992507748 0.17736090037138985
114855.12424239368 0.17239589580879966
118217.48186466724 0.16756560843214963
121678.27174109229 0.16286673273361202
125240.3754535072 0.15829601527213952
128906.75894140244 0.15385025645033978
132680.47497147243 0.14952631199948524
136564.66567946097 0.14532109419720574
140562.56518642136 0.14123157284087673
144677.5022915648 0.13725477599824396
148912.90324394088 0.13338779055537572
153272.2945952612 0.12962776258047476
157759.30613623615 0.1259718975210355
162377.67391887208 0.12241746025027536
167131.2433672486 0.11896177497787759
172023.97247935992 0.11560222503867364
177059.9351226898 0.11233625257210753
182243.32442626648 0.1091613581041589
187578.45627201613 0.10607510004243169
193069.77288832495 0.10307509409460477
198721.84654880533 0.10015901261904563
204539.38337933904 0.09732458391624815
210527.22727657072 0.09456959146853477
216690.3639411181 0.09189187313521312
223033.9250288494 0.08928932030951073
229563.19242369095 0.08675987704313091
236283.6026355175 0.08430153914377378
243200.7513267945 0.08191235325051145
250320.39797173254 0.07959041589135238
257648.47065183744 0.07733387252697141
265191.0709918535 0.07514091658431893
272954.4792402007 0.07300978848324298
280945.1594981406 0.07093877465914923
289169.76510202966 0.06892620658430532
297635.14416313195 0.06697045979013758
306348.3452696084 0.06506995289271714
315316.62335543614 0.06322314662324202
324547.44574113254 0.06142854286524346
334048.4983513244 0.05968468369999387
343827.6921143307 0.057990150461466335
353893.1695490984 0.05634356280189733
364253.3115449638 0.05474357776913848
374916.74433988857 0.05318888889645627
385892.3467029899 0.05167822530574876
397189.25732733024 0.05021035082462453
408816.88243912894 0.04878406311806027
420784.9036297398 0.047398192834959094
433103.2859169001 0.04605160277006302
445782.28604197066 0.04474318704145467
458832.461010084 0.04347187028394078
472264.67688029545 0.04223660685838983
486090.117813063 0.04103638007725399
500320.2953825999 0.03987020144624589
514967.0581618343 0.03873710992220632
530042.6015879672 0.03763617118719336
545559.4781168514 0.0365664769386596
561530.6076746266 0.035527144195699356
577969.2884153313 0.03451731462120077
594889.2077934331 0.033536153859789725
612304.4539605178 0.03258285089139405
630229.5274956024 0.03165661740025794
648679.3534788508 0.03075668715918463
667669.2939187557 0.029882315428834804
687215.1605431122 0.02903277837182626
707333.2279644439 0.028207372481393222
728040.2472308562 0.027405414024423674
749353.4597735757 0.02662623849852758
771290.6117627992 0.02586920010298741
793869.9688838223 0.025133671223225167
817110.3315457187 0.024419041928627885
841031.0505352605 0.02372471948336227
865652.0431290936 0.023050127869999992
890993.8096776098 0.022394707325616516
917077.4506742931 0.021757913890135816
943924.6843247664 0.021139218966645633
971557.8646301847 0.020538108893387034
1000000.0 0.01995408452720079
10.0 -97.37496990500621
10.292747724096083 -97.85793070333631
10.59406557118851 -98.31286148821398
10.904204429677526 -98.74004863416437
11.223422532664179 -99.13983693378755
11.551985672964793 -99.51262674287227
11.890167424419898 -99.85887084957528
12.238249369681931 -100.1790710983587
12.596521334671401 -100.47377480248198
12.965281629896682 -100.74357098132162
13.344837298838383 -100.98908646091995
13.735504373605137 -101.21098187747562
14.137608138073606 -101.40994762441251
14.551483398731937 -101.58669978364688
14.977474763452017 -101.74197608118317
15.415936928422726 -101.87653190584507
15.867234973483178 -101.99113642797234
16.331744666101677 -102.08656885233427
16.80985277425364 -102.16361483627539
17.301957388458945 -102.2230631003898
17.808468253246822 -102.26570225484367
18.329807108324356 -102.29231786000716
18.866408039732583 -102.30368973530409
19.418717841282557 -102.30058952542157
19.987196386572506 -102.28377852822419
20.57231701189556 -102.25400578410795
21.174566910357118 -102.21200642217325
21.794447537529855 -102.15850025460718
22.432475028984193 -102.09419060716962
23.089180630041927 -102.01976337067174
23.765111138110754 -101.93588625599767
24.46082935796799 -101.84320823341189
25.17691457037277 -101.74235913583844
25.913963014396586 -101.63394940523217
26.672588383874054 -101.51856996133236
27.453422338387142 -101.3967921726617
28.257115029208283 -101.26916791078307
29.08433564064048 -101.13622967032126
29.935772947204903 -100.9984907390682
30.812135887140037 -100.85644540449626
31.714154152689986 -100.71056918521273
32.642578797673224 -100.56131907801608
33.59818286283781 -100.40913381340607
34.58176201952381 -100.2544341144305
35.594135232168604 -100.09762295559445
36.63614544020716 -99.93908582024869
37.708660259934554 -99.77919095622056
38.81257270691538 -99.61828963065173
39.9488019395417 -99.45671638579921
41.118294024358306 -99.29478929822001
42.322022723792756 -99.13281024406231
43.56099030694608 -98.97106517331991
44.83622838411908 -98.80982439585696
46.148798765769385 -98.64934288172874
47.499794346614124 -98.4898605780056
48.890340015614456 -98.33160274379165
50.32159359259993 -98.17478030468652
51.7947467923121 -98.01959022730367
53.31102621667033 -97.86621591397414
54.87169437608604 -97.71482761719354
56.47805074067555 -97.5655828728966
58.131432822247135 -97.41862695120949
59.83321728796288 -97.27409332291643
61.58482110660264 -97.13210413963354
63.38770272838487 -96.99277072537983
65.24336329932625 -96.85619407712228
67.15334791115141 -96.72246537174459
69.11924688779365 -96.59166647686426
71.14269710955735 -96.46387046295382
73.22538337604533 -96.33914211426658
75.36903980898542 -96.21753843621762
77.57545129612417 -96.09910915697684
79.84645497739086 -95.98389722124143
82.18394177456803 -95.87193927431389
84.58985796574301 -95.76326613484312
87.06620680585127 -95.65790325477111
89.61505019466045 -95.55587116526398
92.23851039358476 -95.45718590759896
94.9387717927583 -95.36185944817564
97.71808272983904 -95.26990007703795
100.57875736205835 -95.18131278943741
103.52317759307378 -95.09609965016652
106.55379505623053 -95.01426014052295
109.67313315588179 -94.9357914879094
112.88378916846884 -94.86068897819372
116.18843640511002 -94.78894625106261
119.58982643749793 -94.72055557868704
123.09079138896018 -94.65550812810605
126.69424629259063 -94.5937942077823
130.40319151841317 -94.53540349885199
134.2207152716012 -94.4803252716207
138.14999616383224 -94.42854858789039
142.19430585991677 -94.38006248971773
146.357011801908 -94.33485617522508
150.64158001295928 -94.29291916207715
155.05157798326255 -94.25424143924462
159.5906776404731 -94.21881360766017
164.26265840709303 -94.18662701036143
169.071410347358 -94.15767385270226
174.0209374062485 -94.13194731317658
179.115360743323 -94.10944164540187
184.3589221641488 -94.09015227175112
189.75598765218504 -94.0740758691184
195.3110510040631 -94.06121044725751
201.02873757128856 -94.05155542010803
206.913808111479 -94.04511167048695
212.97116275234782 -94.04188160849105
219.20584507173257 -94.04186922392304
225.62304629706352 -94.04508013300975
232.22810962777245 -94.05152161966167
239.02653468423918 -94.06120267146817
246.02398208697775 -94.0741340106034
253.22627816987946 -94.090328119766
260.63941983143474 -94.10979926325423
268.26957952797244 -94.13256350322477
276.1231104130753 -94.15863871116291
284.2065516274511 -94.18804457453618
292.5266337436645 -94.22080259858127
301.09028437025927 -94.25693610312524
309.9046339199427 -94.29647021430092
318.97702154663216 -94.33943185099032
328.3150012563047 -94.38584970576704
337.9263481967431 -94.43575422009056
347.819065131413 -94.48917755344222
358.00138910285807 -94.54615354606533
368.48179829116765 -94.60671767491738
379.26901907322497 -94.67090700240163
390.37203328860926 -94.73876011740194
401.8000857182091 -94.81031706809048
413.5626917817706 -94.88561928594201
425.66964546078714 -94.96470950033017
438.13102745333055 -95.04763164303859
450.9572135676145 -95.13443074197527
464.15888336127773 -95.22515280332148
477.7470290335773 -95.31984468131115
491.73296457790156 -95.41855393478095
506.1283352022219 -95.52132866959388
520.9451270253212 -95.62821736599666
536.1956770568817 -95.73926868992936
551.892683469738 -95.85453128727747
568.0492161728429 -95.97405356001966
584.6787276937589 -96.09788342321366
601.7950643797334 -96.22606804173056
619.412477926676 -96.35865354565902
637.5456372456507 -96.49568472329246
656.2096406767555 -96.6372046906351
675.4200285605586 -96.78325453639228
695.1927961775606 -96.93387294145663
715.5444070664574 -97.08909577196802
736.4918067322965 -97.24895564511216
758.0524367559261 -97.41348146693319
780.2442493165045 -97.58269794156344
803.0857221391512 -97.75662505145073
826.5958738801812 -97.9352775083415
850.7942799627444 -98.1186641750143
875.7010888760508 -98.30678745801922
901.3370389517438 -98.49964267196711
927.7234756314059 -98.6972173762638
954.8823692395666 -98.89949068554404
982.8363332770031 -99.1064325554879
1011.6086432495807 -99.31800304614846
1041.2232560483055 -99.5341515654149
1071.7048298967104 -99.7548160957687
1103.078744882215 -99.97992240804277
1135.3711240885177 -100.2093832664929
1168.608855346651 -100.44309763010271
1202.8196136227775 -100.68094985566569
1238.0318840613968 -100.9228089088334
1274.2749857031336 -101.16852758994935
1311.5790958968503 -101.41794178210108
1349.9752754264298 -101.67086972942695
1389.4954943731375 -101.92711135426428
1430.172658735088 -102.1864476222133
1472.0406378260013 -102.44863996464458
1515.134292476053 -102.71342976849603
1559.4895040582815 -102.98053794348353
1605.1432043647615 -103.24966457695979
1652.1334063573702 -103.52048868669254
1700.4992358187922 -103.79266808169862
1750.2809639301013 -104.06583934101872
1801.520040802024 -104.33961791990616
1854.2591299878522 -104.6135983923521
1908.542144006686 -104.88735483816347
1964.4142809066266 -105.16044138197404
2021.9220618983536 -105.43239289057165
2081.1133700903947 -105.7027258338394
2142.037490358383 -105.97093931337518
2204.7451503814746 -106.2365162615444
2269.288562880081 -106.49892481229256
2335.7214690901214 -106.75761984360791
2404.0991835099717 -107.01204468993127
2474.47863995735 -107.26163302127222
2546.91843897454 -107.50581088412797
2621.478896621356 -107.74399889766211
2698.222094696536 -107.97561459690226
2777.211932429355 -108.20007491300049
2858.5141796844714 -108.41679877886635
2942.196531724374 -108.62520984673164
3028.3286655749457 -108.82473930241211
3116.9822980411436 -109.01482875926801
3208.2312454210773 -109.19493321307695
3302.1514849681753 -109.36452403726379
3398.8212181526674 -109.52309199623807
3498.320935775036 -109.67015025293951
3600.73348498562 -109.80523734518047
3706.144138266228 -109.92792010404095
3814.640664431178 -110.0377964864222
3926.3134017068355 -110.13449829303346
4041.2553329506004 -110.21769374258123
4159.562163071847 -110.28708987279965
4281.332398719392 -110.34243473930434
4406.667430301786 -110.38351938408765
4535.671616408702 -110.41017954680714
4668.45237070379 -110.42229709396693
4805.1202513612425 -110.41980114350778
4945.789053120639 -110.40266886536118
5090.575902036681 -110.37092594203673
5239.601353002645 -110.32464667727761
5392.98949012887 -110.26395374521272
5550.868030059805 -110.18901757712783
5713.36842831558 -110.10005538786451
5880.625988746757 -109.9973298488857
6052.779976193349 -109.88114742007956
6229.973732441841 -109.75185635717908
6412.354795576917 -109.60984441643679
6600.075022827095 -109.4555362823473
6793.290717006696 -109.2893907481581
6992.162756659375 -109.111897682098
7196.856730011514 -108.92357481496177
7407.543072847163 -108.72496438662685
7624.397210419138 -108.51662969034489
7847.5997035146065 -108.29915155415023
8077.3363987967105 -108.07312479853184
8313.798583547334 -107.8391547085507
8557.183144940002 -107.59785355705122
8807.692733975462 -107.34983721334268
9065.53593421636 -107.095721869129
9330.927435461663 -106.83612091019526
9604.08821250538 -106.5716419589404
9885.24570912827 -106.30288410905634
10174.634027476064 -106.03043536978873
10472.494122981476 -105.75487033325254
10779.074004992735 -105.47674807437082
11094.628943275218 -105.19661028923204
11419.421680558647 -104.91497967403903
11753.722651306367 -104.63235854353391
12097.810206889013 -104.34922768467456
12451.97084735032 -104.06604543872783
12816.499459957597 -103.78324700250727
13191.699564735716 -103.50124393763237
13577.883567189278 -103.22042387497649
13975.373018422924 -102.94115040036873
14384.498882876629 -102.663763106652
14805.6018138991 -102.38857779669922
15239.032437388305 -102.11588682172476
15685.151643735446 -101.84595953927487
16144.330888316019 -101.57904287552572
16616.952500776908 -101.3153619769228
17103.41000337838 -101.05512093693284
17604.108438655527 -100.79850358430123
18119.46470667122 -100.5456743201495
18649.907912142942 -100.29677899213307
19195.87972173111 -100.05194579488489
19757.834731786996 -99.81128618689823
20336.2408468667 -99.57489581507035
20931.579669325736 -99.34285543908886
21544.346900318822 -99.1152318487406
22175.052752539294 -98.89207876821116
22824.222375040976 -98.67343774229076
23492.396290496577 -98.45933900012906
24180.13084525718 -98.24980229306728
24887.998672586673 -98.04483770364652
25616.589169457267 -97.84444642360046
26366.508987303554 -97.64862149909524
27138.3825371428 -97.45734854214233
27932.85250948253 -97.27060640742202
28750.580409448772 -97.08836783415607
29592.247107579577 -96.91060005310555
30458.55340674284 -96.73726535893927
31350.220625651124 -96.56832164852312
32267.991199458116 -96.40372292590155
33212.62929793748 -96.2434197748337
34184.92146175927 -96.08735979998728
35185.677257392665 -95.93548803787718
36215.72995118075 -95.78774733883407
37275.93720314938 -95.64407872122817
38367.18178112649 -95.5044216992948
39490.37229576694 -95.3687145859254
40646.44395709628 -95.23689477166711
41836.359353200234 -95.10889898139953
43061.10925171165 -94.98466350982974
44321.713424760856 -94.86412443723171
45619.221498074585 -94.74721782663727
46954.71382493421 -94.63387990361115
48329.30238571752 -94.5240472198707
49744.13171377451 -94.4176568018563
51200.37984840882 -94.31464628519868
52699.259315756564 -94.21495403632485
54242.01813838024 -94.11851926193562
55829.94087441914 -94.02528210743739
57464.34968715974 -93.93518374508577
59146.605445917456 -93.84816645276034
60878.108859147556 -93.76417368401297
62660.30164072656 -93.6831501302762
64494.667710376205 -93.60504177571637
66382.73442923075 -93.52979594552106
68326.07387157406 -93.45736134811287
70326.30413380644 -93.38768811197009
72385.09068173247 -93.32072781730535
74504.14773728917 -93.25643352344196
76685.2397058701 -93.19475979206204
78930.18264543568 -93.13566270674548
81240.84577862974 -93.07909988942352
83619.15304916317 -93.02503051377354
86067.08472376158 -92.97341531613844
88586.67904100832 -92.92421660413723
91180.03390845681 -92.87739826335213
93849.3086494272 -92.83292576216158
96596.72580093842 -92.79076615521198
99424.57296427398 -92.75088808552525
102335.20470972576 -92.71326178566292
105331.04453709359 -92.6778590778184
108414.5868935835 -92.64465337331119
111588.3992507748 -92.61361967161358
114855.12424239368 -92.5847345587805
118217.48186466724 -92.55797620575807
121678.27174109229 -92.53332436646244
125240.3754535072 -92.51076037581606
128906.75894140244 -92.49026714789342
132680.47497147243 -92.47182917425039
136564.66567946097 -92.45543252234195
140562.56518642136 -92.44106483449889
144677.5022915648 -92.428715327094
148912.90324394088 -92.41837479033299
153272.2945952612 -92.41003558844724
157759.30613623615 -92.40369166063823
162377.67391887208 -92.39933852236037
167131.2433672486 -92.3969732677407
172023.97247935992 -92.39659457228304
177059.9351226898 -92.39820269665049
182243.32442626648 -92.4017994911625
187578.45627201613 -92.40738840093194
193069.77288832495 -92.41497447240597
198721.84654880533 -92.42456436016371
204539.38337933904 -92.4361663351595
210527.22727657072 -92.44979029372278
216690.3639411181 -92.46544776745279
223033.9250288494 -92.48315193420487
229563.19242369095 -92.5029176302699
236283.6026355175 -92.52476136329521
243200.7513267945 -92.54870132645195
250320.39797173254 -92.57475741356666
257648.47065183744 -92.6029512354567
265191.0709918535 -92.6333061373337
272954.4792402007 -92.66584721698656
280945.1594981406 -92.70060134484032
289169.76510202966 -92.7375971843244
297635.14416313195 -92.77686521368815
306348.3452696084 -92.81843774904746
315316.62335543614 -92.86234896851565
324547.44574113254 -92.90863493740058
334048.4983513244 -92.95733363438015
343827.6921143307 -93.00848497913988
353893.1695490984 -93.06213086098518
364253.3115449638 -93.11831516813729
374916.74433988857 -93.17708381903235
385892.3467029899 -93.23848479377676
397189.25732733024 -93.3025681671903
408816.88243912894 -93.36938614263528
420784.9036297398 -93.43899308696564
433103.2859169001 -93.51144556652866
445782.28604197066 -93.58680238390903
458832.461010084 -93.66512461543103
472264.67688029545 -93.74647564998081
486090.117813063 -93.83092122828295
500320.2953825999 -93.91852948273555
514967.0581618343 -94.00937097853758
530042.6015879672 -94.1035187543112
545559.4781168514 -94.20104836434759
561530.6076746266 -94.30203792041758
577969.2884153313 -94.40656813453965
594889.2077934331 -94.51472236104458
612304.4539605178 -94.62658663917085
630229.5274956024 -94.74224973562717
648679.3534788508 -94.86180318665558
667669.2939187557 -94.98534133939876
687215.1605431122 -95.11296139264819
707333.2279644439 -95.24476343740301
728040.2472308562 -95.3808504948089
749353.4597735757 -95.52132855408588
771290.6117627992 -95.66630660786915
793869.9688838223 -95.81589668567149
817110.3315457187 -95.9702138852427
841031.0505352605 -96.12937640079873
865652.0431290936 -96.29350554820033
890993.8096776098 -96.46272578675564
917077.4506742931 -96.63716473564334
943924.6843247664 -96.81695318811308
971557.8646301847 -97.00222511789245
1000000.0 -97.19311768093934
