10.0 -0.16563009103092557
10.292747724096083 -0.17047880634621826
10.59406557118851 -0.1754694605591421
10.904204429677526 -0.18060620834349714
11.223422532664179 -0.185893325950024
11.551985672964793 -0.191335214761001
11.890167424419898 -0.19693640494849238
12.238249369681931 -0.20270155923925878
12.596521334671401 -0.20863547678935734
12.965281629896682 -0.21474309717170112
13.344837298838383 -0.22102950447969422
13.735504373605137 -0.22749993155043707
14.137608138073606 -0.23415976431085245
14.551483398731937 -0.24101454625026345
14.977474763452017 -0.24806998302313238
15.415936928422726 -0.25533194718562485
15.867234973483178 -0.26280648306984533
16.331744666101677 -0.2704998117997589
16.80985277425364 -0.2784183364527095
17.301957388458945 -0.2865686473708754
17.808468253246822 -0.2949575276267444
18.329807108324356 -0.3035919586471764
18.866408039732583 -0.3124791260003925
19.418717841282557 -0.321626425350653
19.987196386572506 -0.3310414685852714
20.57231701189556 -0.3407320901188953
21.174566910357118 -0.3507063533800289
21.794447537529855 -0.36097255748491536
22.432475028984193 -0.371539244104057
23.089180630041927 -0.38241520452672617
23.765111138110754 -0.39360948692906683
24.46082935796799 -0.40513140385136454
25.17691457037277 -0.4169905398903196
25.913963014396586 -0.42919675961235926
26.672588383874054 -0.44176021569382334
27.453422338387142 -0.4546913572946256
28.257115029208283 -0.46800093867139847
29.08433564064048 -0.48170002803685963
29.935772947204903 -0.4958000166720377
30.812135887140037 -0.5103126282981153
31.714154152689986 -0.5252499287148807
32.642578797673224 -0.5406243357128607
33.59818286283781 -0.5564486292665312
34.58176201952381 -0.5727359620157343
35.594135232168604 -0.5894998700430754
36.63614544020716 -0.6067542839548975
37.708660259934554 -0.6245135402736367
38.81257270691538 -0.6427923931494421
39.9488019395417 -0.6616060263993317
41.118294024358306 -0.6809700658818114
42.322022723792756 -0.7009005922154883
43.56099030694608 -0.7214141538499421
44.83622838411908 -0.7425277804974955
46.148798765769385 -0.7642589969344412
47.499794346614124 -0.7866258371803613
48.890340015614456 -0.8096468590642949
50.32159359259993 -0.8333411591866152
51.7947467923121 -0.857728388285434
53.31102621667033 -0.8828287670162417
54.87169437608604 -0.9086631021538136
56.47805074067555 -0.9352528032249663
58.131432822247135 -0.9626198995811274
59.83321728796288 -0.9907870579190763
61.58482110660264 -1.0197776002588088
63.38770272838487 -1.0496155223863965
65.24336329932625 -1.0803255127704028
67.15334791115141 -1.1119329719595106
69.11924688779365 -1.144464032469368
71.14269710955735 -1.1779455791654958
73.22538337604533 -1.2124052701493606
75.36903980898542 -1.2478715581541866
77.57545129612417 -1.2843737124561192
79.84645497739086 -1.3219418413061352
82.18394177456803 -1.3606069148872735
84.58985796574301 -1.4004007888008354
87.06620680585127 -1.4413562280845773
89.61505019466045 -1.483506931764593
92.23851039358476 -1.5268875579415764
94.9387717927583 -1.5715337494113415
97.71808272983904 -1.6174821598166824
100.57875736205835 -1.6647704803282528
103.52317759307378 -1.7134374668482248
106.55379505623053 -1.763522967729997
109.67313315588179 -1.8150679520045958
112.88378916846884 -1.8681145381019686
116.18843640511002 -1.922706023053203
119.58982643749793 -1.9788869121563386
123.09079138896018 -2.0367029490858157
126.69424629259063 -2.09620114642199
130.40319151841317 -2.1574298165736163
134.2207152716012 -2.2204386030614343
138.14999616383224 -2.285278512128258
142.19430585991677 -2.352001944633891
146.357011801908 -2.4206627281899236
150.64158001295928 -2.4913161494829676
155.05157798326255 -2.564018986728416
159.5906776404731 -2.638829542191234
164.26265840709303 -2.71580767470166
169.071410347358 -2.7950148320877326
174.0209374062485 -2.8765140834366214
179.115360743323 -2.960370151088258
184.3589221641488 -3.0466494422558847
189.75598765218504 -3.1354200801566834
195.3110510040631 -3.226751934525419
201.02873757128856 -3.320716651371624
206.913808111479 -3.417387681828635
212.97116275234782 -3.5168403099295875
219.20584507173257 -3.6191516791302036
225.62304629706352 -3.724400817384607
232.22810962777245 -3.8326686605635016
239.02653468423918 -3.944038073986663
246.02398208697775 -4.058593871826396
253.22627816987946 -4.176422834116866
260.63941983143474 -4.297613721087317
268.26957952797244 -4.4222572845163794
276.1231104130753 -4.550446275782988
284.2065516274511 -4.68227545026824
292.5266337436645 -4.817841567741723
301.09028437025927 -4.957243388339694
309.9046339199427 -5.100581663723036
318.97702154663216 -5.247959122976769
328.3150012563047 -5.399480452789234
337.9263481967431 -5.55525227142876
347.819065131413 -5.715383096005375
358.00138910285807 -5.879983302489741
368.48179829116765 -6.0491650779329875
379.26901907322497 -6.2230423643114845
390.37203328860926 -6.401730793402053
401.8000857182091 -6.585347612068358
413.5626917817706 -6.774011597328791
425.66964546078714 -6.967842960552367
438.13102745333055 -7.166963240122425
450.9572135676145 -7.371495181892578
464.15888336127773 -7.581562606749998
477.7470290335773 -7.797290264596614
491.73296457790156 -8.018803674057311
506.1283352022219 -8.24622894721387
520.9451270253212 -8.479692598679415
536.1956770568817 -8.719321338317984
551.892683469738 -8.96524184693247
568.0492161728429 -9.217580534239413
584.6787276937589 -9.476463278474526
601.7950643797334 -9.742015146963018
619.412477926676 -10.014360097017285
637.5456372456507 -10.293620656519987
656.2096406767555 -10.579917583561565
675.4200285605586 -10.873369504506641
695.1927961775606 -11.174092529858543
715.5444070664574 -11.482199847293698
736.4918067322965 -11.79780129121827
758.0524367559261 -12.121002888196834
780.2442493165045 -12.451906377570769
803.0857221391512 -12.79060870657322
826.5958738801812 -13.137201499212273
850.7942799627444 -13.491770498178875
875.7010888760508 -13.854394979010628
901.3370389517438 -14.225147135733224
927.7234756314059 -14.604091437218186
954.8823692395666 -14.991283953508239
982.8363332770031 -15.386771651441062
1011.6086432495807 -15.790591658998878
1041.2232560483055 -16.202770497977056
1071.7048298967104 -16.623323284778717
1103.078744882215 -17.05225289946495
1135.3711240885177 -17.489549123561396
1168.608855346651 -17.935187747631534
1202.8196136227775 -18.389129650217757
1238.0318840613968 -18.851319850480433
1274.2749857031336 -19.321686537696188
1311.5790958968503 -19.80014008173778
1349.9752754264298 -20.286572029736508
1389.4954943731375 -20.780854095298256
1430.172658735088 -21.282837147914716
1472.0406378260013 -21.7923502115378
1515.134292476053 -22.30919948265714
1559.4895040582815 -22.8331673795818
1605.1432043647615 -23.364011635956935
1652.1334063573702 -23.90146445280293
1700.4992358187922 -24.445231724455375
1750.2809639301013 -24.994992354747062
1801.520040802024 -25.55039768045285
1854.2591299878522 -26.11107101945817
1908.542144006686 -26.676607361216192
1964.4142809066266 -27.24657321680137
2021.9220618983536 -27.820506645233998
2081.1133700903947 -28.39791747170099
2142.037490358383 -28.978287711838625
2204.7451503814746 -29.561072214376907
2269.288562880081 -30.14569953217622
2335.7214690901214 -30.731573029074895
2404.0991835099717 -31.318072227032772
2474.47863995735 -31.904554394852617
2546.91843897454 -32.49035637640639
2621.478896621356 -33.07479665278717
2698.222094696536 -33.657177629313374
2777.211932429355 -34.23678813485947
2858.5141796844714 -34.812906117711776
2942.196531724374 -35.384801519080376
3028.3286655749457 -35.9517393027004
3116.9822980411436 -36.512982616609534
3208.2312454210773 -37.06779606131986
3302.1514849681753 -37.61544903723125
3398.8212181526674 -38.15521914327754
3498.320935775036 -38.686395598510465
3600.73348498562 -39.208282658531346
3706.144138266228 -39.72020299943764
3814.640664431178 -40.22150104315489
3926.3134017068355 -40.711546199641525
4041.2553329506004 -41.18973600344643
4159.562163071847 -41.655499124312364
4281.332398719392 -42.108298233990894
4406.667430301786 -42.54763271394184
4535.671616408702 -42.97304119116968
4668.45237070379 -43.3841038919384
4805.1202513612425 -43.78044480548011
4945.789053120639 -44.16173365196484
5090.575902036681 -44.52768765092718
5239.601353002645 -44.878073087943136
5392.98949012887 -45.212706678664
5550.868030059805 -45.531456730256686
5713.36842831558 -45.83424410093343
5880.625988746757 -46.121042958557084
6052.779976193349 -46.39188133930746
6229.973732441841 -46.64684150715688
6412.354795576917 -46.88606011443603
6600.075022827095 -47.109728163165514
6793.290717006696 -47.31809076611607
6992.162756659375 -47.51144670582899
7196.856730011514 -47.690147789126264
7407.543072847163 -47.8545979940425
7624.397210419138 -48.00525240567032
7847.5997035146065 -48.14261593720357
8077.3363987967105 -48.26724183250609
8313.798583547334 -48.3797299468985
8557.183144940002 -48.48072480355786
8807.692733975462 -48.57091342397906
9065.53593421636 -48.65102293236616
9330.927435461663 -48.721817935585754
9604.08821250538 -48.78409768241888
9885.24570912827 -48.838693008229505
10174.634027476064 -48.886463073799746
10472.494122981476 -48.928291909891534
10779.074004992735 -48.96508478201876
11094.628943275218 -48.99776439286279
11419.421680558647 -49.0272669426705
11753.722651306367 -49.05453807074659
12097.810206889013 -49.08052870370324
12451.97084735032 -49.10619083839109
12816.499459957597 -49.13247328933532
13191.699564735716 -49.16031743196621
13577.883567189278 -49.19065297393401
13975.373018422924 -49.22439378728577
14384.498882876629 -49.26243383424038
14805.6018138991 -49.30564321872654
15239.032437388305 -49.35486439474966
15685.151643735446 -49.410908561059266
16144.330888316019 -49.474552269526136
16616.952500776908 -49.54653427216409
17103.41000337838 -49.62755262889419
17604.108438655527 -49.71826209501129
18119.46470667122 -49.81927180394361
18649.907912142942 -49.93114325736511
19195.87972173111 -50.054388631081366
19757.834731786996 -50.18946940145329
20336.2408468667 -50.33679529349161
20931.579669325736 -50.49672354822188
21544.346900318822 -50.66955850353246
22175.052752539294 -50.85555147955
22824.222375040976 -51.05490095664694
23492.396290496577 -51.26775303156419
24180.13084525718 -51.49420213483286
24887.998672586673 -51.7342919907446
25616.589169457267 -51.988016799591215
26366.508987303554 -52.255322620772276
27138.3825371428 -52.5361089346703
27932.85250948253 -52.8302303609457
28750.580409448772 -53.137498511058695
29592.247107579577 -53.45768395341899
30458.55340674284 -53.79051827050709
31350.220625651124 -54.13569618863994
32267.991199458116 -54.49287776264149
33212.62929793748 -54.86169059951531
34184.92146175927 -55.241732107220855
35185.677257392665 -55.632571756730364
36215.72995118075 -56.03375334763724
37275.93720314938 -56.444797269602745
38367.18178112649 -56.86520275378253
39490.37229576694 -57.294450110020406
40646.44395709628 -57.7320029469478
41836.359353200234 -58.177310373159806
43061.10925171165 -58.629809178306104
44321.713424760856 -59.088925993247344
45619.221498074585 -59.55407942837406
46954.71382493421 -60.02468218879784
48329.30238571752 -60.50014316446237
49744.13171377451 -60.97986949231373
51200.37984840882 -61.46326858661891
52699.259315756564 -61.949750132361984
54242.01813838024 -62.43872803550194
55829.94087441914 -62.929622322786926
57464.34968715974 -63.421860982865844
59146.605445917456 -63.914881739691396
60878.108859147556 -64.40813374870147
62660.30164072656 -64.90107920604665
64494.667710376205 -65.39319486120067
66382.73442923075 -65.88397342367453
68326.07387157406 -66.37292485523209
70326.30413380644 -66.85957753993544
72385.09068173247 -67.34347932553919
74504.14773728917 -67.8241984310996
76685.2397058701 -68.30132421719625
78930.18264543568 -68.77446781673927
81240.84577862974 -69.24326262598781
83619.15304916317 -69.70736465702203
86067.08472376158 -70.1664527544748
88586.67904100832 -70.6202286808003
91180.03390845681 -71.06841707568773
93849.3086494272 -71.51076529640027
96596.72580093842 -71.94704314682292
99424.57296427398 -72.3770425038047
102335.20470972576 -72.80057684999704
105331.04453709359 -73.21748072281403
108414.5868935835 -73.6276090893776
111588.3992507748 -74.03083665738171
114855.12424239368 -74.42705713171227
118217.48186466724 -74.81618242643808
121678.27174109229 -75.19814184143559
125240.3754535072 -75.57288121246108
128906.75894140244 -75.9403620429551
132680.47497147243 -76.30056062527754
136564.66567946097 -76.65346715843395
140562.56518642136 -76.99908486869838
144677.5022915648 -77.33742913886995
148912.90324394088 -77.66852665122519
153272.2945952612 -77.99241454858311
157759.30613623615 -78.30913961725881
162377.67391887208 -78.61875749508053
167131.2433672486 -78.92133190707852
172023.97247935992 -79.21693393092177
177059.9351226898 -79.50564129369191
182243.32442626648 -79.78753770114055
187578.45627201613 -80.06271220017618
193069.77288832495 -80.33125857496478
198721.84654880533 -80.59327477672055
204539.38337933904 -80.8488623869825
210527.22727657072 -81.09812611393781
216690.3639411181 -81.34117332115262
223033.9250288494 -81.57811358790426
229563.19242369095 -81.80905830016579
236283.6026355175 -82.0341202711935
243200.7513267945 -82.25341339057366
250320.39797173254 -82.46705230052751
257648.47065183744 -82.67515209822878
265191.0709918535 -82.87782806286098
272954.4792402007 -83.07519540613232
280945.1594981406 -83.2673690449641
289169.76510202966 -83.45446339508524
297635.14416313195 -83.63659218428282
306348.3452696084 -83.81386828408891
315316.62335543614 -83.98640355871827
324547.44574113254 -84.1543087301111
334048.4983513244 -84.31769325797872
343827.6921143307 -84.47666523379269
353893.1695490984 -84.63133128770987
364253.3115449638 -84.78179650747128
374916.74433988857 -84.92816436836205
385892.3467029899 -85.07053667337016
397189.25732733024 -85.2090135027288
408816.88243912894 -85.34369317207495
420784.9036297398 -85.47467219850442
433103.2859169001 -85.60204527384629
445782.28604197066 -85.72590524452644
458832.461010084 -85.84634309742894
472264.67688029545 -85.96344795120558
486090.117813063 -86.07730705252146
500320.2953825999 -86.18800577676201
514967.0581618343 -86.29562763275965
530042.6015879672 -86.40025427113127
545559.4781168514 -86.50196549585077
561530.6076746266 -86.60083927870645
577969.2884153313 -86.69695177632188
594889.2077934331 -86.79037734944532
612304.4539605178 -86.88118858423448
630229.5274956024 -86.96945631528757
648679.3534788508 -87.05524965019119
667669.2939187557 -87.13863599537568
687215.1605431122 -87.21968108308597
707333.2279644439 -87.29844899929343
728040.2472308562 -87.37500221238852
749353.4597735757 -87.44940160251033
771290.6117627992 -87.52170649137993
793869.9688838223 -87.59197467251907
817110.3315457187 -87.66026244174554
841031.0505352605 -87.72662462784791
865652.0431290936 -87.79111462335091
890993.8096776098 -87.85378441529333
917077.4506742931 -87.91468461594656
943924.6843247664 -87.97386449341046
971557.8646301847 -88.03137200203062
1000000.0 -88.0872538125854
