10.0 -4.239359691734753
10.292747724096083 -4.362491288238556
10.59406557118851 -4.489139967123849
10.904204429677526 -4.619400859696549
11.223422532664179 -4.753371187659309
11.551985672964793 -4.891150263578736
11.890167424419898 -5.032839486199127
12.238249369681931 -5.178542330021068
12.596521334671401 -5.32836432853829
12.965281629896682 -5.4824130504546735
13.344837298838383 -5.640798068168945
13.735504373605137 -5.803630917743697
14.137608138073606 -5.971025049521393
14.551483398731937 -6.1430957684857805
14.977474763452017 -6.319960163404685
15.415936928422726 -6.501737023707874
15.867234973483178 -6.688546743002458
16.331744666101677 -6.880511208027448
16.80985277425364 -7.077753671793187
17.301957388458945 -7.280398609558516
17.808468253246822 -7.4885715562187976
18.329807108324356 -7.702398923598197
18.866408039732583 -7.922007796056856
19.418717841282557 -8.14752570273422
19.987196386572506 -8.379080364674122
20.57231701189556 -8.61679941500623
21.174566910357118 -8.860810090264778
21.794447537529855 -9.111238890887007
22.432475028984193 -9.368211208847832
23.089180630041927 -9.631850920361392
23.765111138110754 -9.902279941534193
24.46082935796799 -10.179617744847256
25.17691457037277 -10.46398083433795
25.913963014396586 -10.755482177397731
26.672588383874054 -11.054230591138353
27.453422338387142 -11.360330081395428
28.257115029208283 -11.673879132549692
29.08433564064048 -11.994969946528176
29.935772947204903 -12.32368762958538
30.812135887140037 -12.660109325719294
31.714154152689986 -13.004303295968509
32.642578797673224 -13.356327943201357
33.59818286283781 -13.71623078254814
34.58176201952381 -14.084047358169594
35.594135232168604 -14.459800107737914
36.63614544020716 -14.843497176752969
37.708660259934554 -15.235131185664246
38.81257270691538 -15.634677953725754
39.9488019395417 -16.042095184556622
41.118294024358306 -16.457321119499664
42.322022723792756 -16.88027316613117
43.56099030694608 -17.310846510534738
44.83622838411908 -17.74891272337336
46.148798765769385 -18.194318371159397
47.499794346614124 -18.646883645608444
48.890340015614456 -19.106401025357737
50.32159359259993 -19.572633985770416
51.7947467923121 -20.045315773835465
53.31102621667033 -20.524148266407707
54.87169437608604 -21.00880093106414
56.47805074067555 -21.498909909692596
58.131432822247135 -21.99407724546957
59.83321728796288 -22.493870274205378
61.58482110660264 -22.99782120081605
63.38770272838487 -23.50542688128888
65.24336329932625 -24.01614882943489
67.15334791115141 -24.529413466370286
69.11924688779365 -25.044612628698847
71.14269710955735 -25.561104348969298
73.22538337604533 -26.078213919115214
75.36903980898542 -26.595235244223513
77.57545129612417 -27.111432490283573
79.84645497739086 -27.626042025546102
82.18394177456803 -28.138274650806313
84.58985796574301 -28.647318109560686
87.06620680585127 -29.15233986454357
89.61505019466045 -29.652490122849738
92.23851039358476 -30.146905087691312
94.9387717927583 -30.634710411195343
97.71808272983904 -31.115024819230708
100.57875736205835 -31.586963876617123
103.52317759307378 -32.04964385895778
106.55379505623053 -32.502185695929725
109.67313315588179 -32.94371895025686
112.88378916846884 -33.37338579668744
116.18843640511002 -33.790344966118305
119.58982643749793 -34.19377562155129
123.09079138896018 -34.582881134673805
126.69424629259063 -34.95689273454898
130.40319151841317 -35.315073002924834
134.2207152716012 -35.656719194125856
138.14999616383224 -35.98116636096236
142.19430585991677 -36.28779027179037
146.357011801908 -36.57601010737016
150.64158001295928 -36.84529092955388
155.05157798326255 -37.09514591700388
159.5906776404731 -37.325138365904415
164.26265840709303 -37.53488345601416
169.071410347358 -37.72404978441362
174.0209374062485 -37.89236067074086
179.115360743323 -38.03959523879756
184.3589221641488 -38.16558928001228
189.75598765218504 -38.270235904436916
195.3110510040631 -38.35348598479511
201.02873757128856 -38.41534839868457
206.913808111479 -38.455890073323445
212.97116275234782 -38.47523583642509
219.20584507173257 -38.47356807583983
225.62304629706352 -38.451126209710026
232.22810962777245 -38.408205968049906
239.02653468423918 -38.34515848590403
246.02398208697775 -38.262389207790974
253.22627816987946 -38.16035660284041
260.63941983143474 -38.03957069012236
268.26957952797244 -37.900591373955805
276.1231104130753 -37.74402658980061
284.2065516274511 -37.570530262262814
292.5266337436645 -37.38080007820287
301.09028437025927 -37.17557507957047
309.9046339199427 -36.955633082513955
318.97702154663216 -36.72178793145188
328.3150012563047 -36.47488659903959
337.9263481967431 -36.21580614530591
347.819065131413 -35.945450551530875
358.00138910285807 -35.66474744662697
368.48179829116765 -35.374644745804005
379.26901907322497 -35.07610722305822
390.37203328860926 -34.770113040401476
401.8000857182091 -34.45765025776113
413.5626917817706 -34.13971334801009
425.66964546078714 -33.81729974165571
438.13102745333055 -33.49140642518024
450.9572135676145 -33.163026616119645
464.15888336127773 -32.833146536389975
477.7470290335773 -32.502742303425634
491.73296457790156 -32.17277695630382
506.1283352022219 -31.844197631200423
520.9451270253212 -31.517932897479756
536.1956770568817 -31.194890262443014
551.892683469738 -30.875953849235565
568.0492161728429 -30.561982249066535
584.6787276937589 -30.253806545359215
601.7950643797334 -29.952228504209888
619.412477926676 -29.658018922457313
637.5456372456507 -29.371916121847985
656.2096406767555 -29.094624575422248
675.4200285605586 -28.826813650197227
695.1927961775606 -28.569116448733947
715.5444070664574 -28.32212873117656
736.4918067322965 -28.08640789882286
758.0524367559261 -27.862472020479476
780.2442493165045 -27.650798883361663
803.0857221391512 -27.451825051659895
826.5958738801812 -27.26594491750956
850.7942799627444 -27.093509731465204
875.7010888760508 -26.934826602274832
901.3370389517438 -26.79015745893748
927.7234756314059 -26.659717971609304
954.8823692395666 -26.543676431735317
982.8363332770031 -26.442152595926007
1011.6086432495807 -26.355216502276132
1041.2232560483055 -26.28288727212096
1071.7048298967104 -26.225131914433483
1103.078744882215 -26.181864154091503
1135.3711240885177 -26.152943309006165
1168.608855346651 -26.138173244450364
1202.8196136227775 -26.137301435805053
1238.0318840613968 -26.15001817312047
1274.2749857031336 -26.175955942514978
1311.5790958968503 -26.21468902008194
1349.9752754264298 -26.26573331397235
1389.4954943731375 -26.328546489301573
1430.172658735088 -26.4025284086633
1472.0406378260013 -26.48702191828596
1515.134292476053 -26.58131400625477
1559.4895040582815 -26.684637354841378
1605.1432043647615 -26.796172303934558
1652.1334063573702 -26.9150492368658
1700.4992358187922 -27.04035139392581
1750.2809639301013 -27.171118112454693
1801.520040802024 -27.306348485923714
1854.2591299878522 -27.44500542799809
1908.542144006686 -27.586020121291718
1964.4142809066266 -27.728296824727753
2021.9220618983536 -27.870718007907122
2081.1133700903947 -28.012149776184017
2142.037490358383 -28.151447546029598
2204.7451503814746 -28.287461926899915
2269.288562880081 -28.41904476325875
2335.7214690901214 -28.545055288684132
2404.0991835099717 -28.664366342911762
2474.47863995735 -28.77587060237802
2546.91843897454 -28.878486775140388
2621.478896621356 -28.971165711871024
2698.222094696536 -29.052896385894854
2777.211932429355 -29.122711696798785
2858.5141796844714 -29.179694053951625
2942.196531724374 -29.222980698117183
3028.3286655749457 -29.251768721256884
3116.9822980411436 -29.265319746537678
3208.2312454210773 -29.26296423227437
3302.1514849681753 -29.244105365340634
3398.8212181526674 -29.208222511183678
3498.320935775036 -29.154874189300678
3600.73348498562 -29.083700544768114
3706.144138266228 -28.99442528838307
3814.640664431178 -28.886857080265443
3926.3134017068355 -28.760890334485552
4041.2553329506004 -28.616505425633587
4159.562163071847 -28.453768282247268
4281.332398719392 -28.272829356840102
4406.667430301786 -28.07392196798382
4535.671616408702 -27.857360016412592
4668.45237070379 -27.623535084521183
4805.1202513612425 -27.372912936724564
4945.789053120639 -27.106029446841696
5090.575902036681 -26.82348598767619
5239.601353002645 -26.525944327109293
5392.98949012887 -26.21412108388134
5550.868030059805 -25.888781804630906
5713.36842831558 -25.550734731152637
5880.625988746757 -25.200824333127986
6052.779976193349 -24.83992468629276
6229.973732441841 -24.468932779008377
6412.354795576917 -24.088761831299294
6600.075022827095 -23.700334709486054
6793.290717006696 -23.304577516651563
6992.162756659375 -22.90241343432781
7196.856730011514 -22.494756884205014
7407.543072847163 -22.082508070581163
7624.397210419138 -21.66654795495338
7847.5997035146065 -21.24773370399131
8077.3363987967105 -20.82689464144026
8313.798583547334 -20.404828723699836
8557.183144940002 -19.982299548198604
8807.692733975462 -19.56003389360797
9065.53593421636 -19.138719781639306
9330.927435461663 -18.719005041910265
9604.08821250538 -18.30149635422242
9885.24570912827 -17.886758736795173
10174.634027476064 -17.4753154444275
10472.494122981476 -17.067648237349555
10779.074004992735 -16.664197979498876
11094.628943275218 -16.26536552410659
11419.421680558647 -15.871512844637033
11753.722651306367 -15.482964370143515
12097.810206889013 -15.10000848589099
12451.97084735032 -14.722899162433768
12816.499459957597 -14.351857679115145
13191.699564735716 -13.987074411050578
13577.883567189278 -13.628710651887305
13975.373018422924 -13.2769004479793
14384.498882876629 -12.931752422890261
14805.6018138991 -12.593351574344165
15239.032437388305 -12.261761028770929
15685.151643735446 -11.93702374143562
16144.330888316019 -11.619164132724663
16616.952500776908 -11.308189653522607
17103.41000337838 -11.00409227469495
17604.108438655527 -10.706849897509835
18119.46470667122 -10.41642768342324
18649.907912142942 -10.132779302951574
19195.87972173111 -9.855848104487768
19757.834731786996 -9.585568204778879
20336.2408468667 -9.321865503502707
20931.579669325736 -9.06465862489746
21544.346900318822 -8.813859789782583
22175.052752539294 -8.569375621554382
22824.222375040976 -8.331107889876453
23492.396290496577 -8.098954195828556
24180.13084525718 -7.872808602249398
24887.998672586673 -7.652562212915229
25616.589169457267 -7.438103704057367
26366.508987303554 -7.229319811557254
27138.3825371428 -7.026095776965527
27932.85250948253 -6.828315755286221
28750.580409448772 -6.635863187262652
29592.247107579577 -6.4486211386983765
30458.55340674284 -6.266472609145412
31350.220625651124 -6.089300812110852
32267.991199458116 -5.916989428757411
33212.62929793748 -5.749422836917274
34184.92146175927 -5.586486317099125
35185.677257392665 -5.42806623704146
36215.72995118075 -5.274050216254178
37275.93720314938 -5.124327271895195
38367.18178112649 -4.978787947244447
39490.37229576694 -4.837324423965007
40646.44395709628 -4.6998306192744215
41836.359353200234 -4.566202269095433
43061.10925171165 -4.43633699820329
44321.713424760856 -4.3101343783411386
45619.221498074585 -4.187495975230974
46954.71382493421 -4.068325385368351
48329.30238571752 -3.952528263449009
49744.13171377451 -3.8400123412368483
51200.37984840882 -3.730687438645903
52699.259315756564 -3.6244654677675205
54242.01813838024 -3.521260430541457
55829.94087441914 -3.4209884107233957
57464.34968715974 -3.3235675607706603
59146.605445917456 -3.228918084224219
60878.108859147556 -3.136962214127933
62660.30164072656 -3.047624187990806
64494.667710376205 -2.960830219756863
66382.73442923075 -2.8765084692141185
68326.07387157406 -2.7945890092370926
70326.30413380644 -2.7150037912253633
72385.09068173247 -2.6376866090652724
74504.14773728917 -2.5625730619138514
76685.2397058701 -2.4896005160730548
78930.18264543568 -2.418708066195304
81240.84577862974 -2.3498364960352274
83619.15304916317 -2.282928238939156
86067.08472376158 -2.2179273382410454
88586.67904100832 -2.1547794077126987
91180.03390845681 -2.0934315921982365
93849.3086494272 -2.033832528544977
96596.72580093842 -1.9759323069269568
99424.57296427398 -1.919682432644215
102335.20470972576 -1.8650357884668627
105331.04453709359 -1.8119465975821818
108414.5868935835 -1.7603703871937297
111588.3992507748 -1.7102639528096366
114855.12424239368 -1.6615853232525302
118217.48186466724 -1.6142937264138064
121678.27174109229 -1.5683495557699496
125240.3754535072 -1.523714337672762
128906.75894140244 -1.4803506994208768
132680.47497147243 -1.438222338115496
136564.66567946097 -1.397293990299608
140562.56518642136 -1.3575314023777048
144677.5022915648 -1.318901301809499
148912.90324394088 -1.2813713690692332
153272.2945952612 -1.2449102103610303
157759.30613623615 -1.2094873310780332
162377.67391887208 -1.1750731099930132
167131.2433672486 -1.1416387741663383
172023.97247935992 -1.10915637455668
177059.9351226898 -1.0775987623196055
182243.32442626648 -1.046939565778035
187578.45627201613 -1.017153168048873
193069.77288832495 -0.988214685309824
198721.84654880533 -0.9600999456897094
204539.38337933904 -0.9327854687671187
210527.22727657072 -0.9062484456599598
216690.3639411181 -0.8804667196912579
223033.9250288494 -0.8554187676144933
229563.19242369095 -0.8310836813834438
236283.6026355175 -0.8074411504511496
243200.7513267945 -0.7844714445826952
250320.39797173254 -0.7621553971677347
257648.47065183744 -0.7404743890176808
265191.0709918535 -0.7194103326341016
272954.4792402007 -0.6989456569342126
280945.1594981406 -0.6790632924204226
289169.76510202966 -0.6597466567806656
297635.14416313195 -0.6409796409070752
306348.3452696084 -0.6227465953206276
315316.62335543614 -0.6050323169896243
324547.44574113254 -0.5878220365306935
334048.4983513244 -0.5711014057808028
343827.6921143307 -0.5548564857293421
353893.1695490984 -0.539073734799721
364253.3115449638 -0.5237399974701624
374916.74433988857 -0.5088424932235196
385892.3467029899 -0.4943688058165657
397189.25732733024 -0.48030687285937046
408816.88243912894 -0.4666449756953326
420784.9036297398 -0.45337172957342237
433103.2859169001 -0.44047607410373457
445782.28604197066 -0.4279472639880315
458832.461010084 -0.41577486001750114
472264.67688029545 -0.4039487203293871
486090.117813063 -0.39245899191546196
500320.2953825999 -0.3812961023744905
514967.0581618343 -0.3704507519018358
530042.6015879672 -0.359913905509204
545559.4781168514 -0.3496767854677523
561530.6076746266 -0.33973086396813196
577969.2884153313 -0.33006785599107835
594889.2077934331 -0.32067971238249016
612304.4539605178 -0.3115586131269573
630229.5274956024 -0.3026969608140956
648679.3534788508 -0.29408737429200293
667669.2939187557 -0.2857226825024289
687215.1605431122 -0.2775959184923986
707333.2279644439 -0.2697003135972266
728040.2472308562 -0.2620292917899259
749353.4597735757 -0.25457646419215
771290.6117627992 -0.2473356237421198
793869.9688838223 -0.24030074001496848
817110.3315457187 -0.23346595419100527
841031.0505352605 -0.22682557416777546
865652.0431290936 -0.22037406981175836
890993.8096776098 -0.21410606834557372
917077.4506742931 -0.20801634986692266
943924.6843247664 -0.20209984299542724
971557.8646301847 -0.196351620643662
1000000.0 -0.19076689590890517
10.0 -0.004813750065277354
10.292747724096083 -0.004803252968799976
10.59406557118851 -0.004796538966196868
10.904204429677526 -0.004793611044979574
11.223422532664179 -0.00479447390233377
11.551985672964793 -0.0047991340043909165
11.890167424419898 -0.004807599638728978
12.238249369681931 -0.004819880960575584
12.596521334671401 -0.0048359900331726765
12.965281629896682 -0.0048559408626421005
13.344837298838383 -0.004879749427769956
13.735504373605137 -0.004907433705039207
14.137608138073606 -0.004939013689320317
14.551483398731937 -0.004974511410499013
14.977474763452017 -0.005013950946398848
15.415936928422726 -0.0050573584324206675
15.867234973483178 -0.005104762068172137
16.331744666101677 -0.0051561921214884334
16.80985277425364 -0.005211680930261641
17.301957388458945 -0.005271262902475805
17.808468253246822 -0.005334974514935758
18.329807108324356 -0.005402854311123073
18.866408039732583 -0.005474942898846114
19.418717841282557 -0.005551282948086806
19.987196386572506 -0.005631919189900464
20.57231701189556 -0.0057168984169373325
21.174566910357118 -0.005806269486411843
21.794447537529855 -0.0059000833263903206
22.432475028984193 -0.0059983929462650906
23.089180630041927 -0.006101253452453018
23.765111138110754 -0.006208722070351495
24.46082935796799 -0.006320858173671443
25.17691457037277 -0.006437723322382486
25.913963014396586 -0.006559381310423095
26.672588383874054 -0.006685898224573713
27.453422338387142 -0.006817342515644476
28.257115029208283 -0.006953785083465565
29.08433564064048 -0.007095299376798222
29.935772947204903 -0.007241961509533841
30.812135887140037 -0.007393850394310881
31.714154152689986 -0.007551047894635345
32.642578797673224 -0.007713638996401184
33.59818286283781 -0.007881711999624643
34.58176201952381 -0.008055358730869275
35.594135232168604 -0.008234674776637255
36.63614544020716 -0.00841975973776987
37.708660259934554 -0.008610717504399628
38.81257270691538 -0.008807656550841465
39.9488019395417 -0.009010690249234935
41.118294024358306 -0.009219937200455417
42.322022723792756 -0.009435521580345272
43.56099030694608 -0.0096575734989287
44.83622838411908 -0.009886229369790922
46.148798765769385 -0.01012163228654159
47.499794346614124 -0.010363932402828367
48.890340015614456 -0.01061328731212628
50.32159359259993 -0.010869862423288412
51.7947467923121 -0.01113383132771491
53.31102621667033 -0.011405376153857174
54.87169437608604 -0.01168468790488936
56.47805074067555 -0.011971966775424859
58.131432822247135 -0.012267422443393851
59.83321728796288 -0.012571274333523912
61.58482110660264 -0.012883751849209077
63.38770272838487 -0.013205094570087809
65.24336329932625 -0.013535552413121628
67.15334791115141 -0.013875385755577611
69.11924688779365 -0.014224865518937905
71.14269710955735 -0.014584273213327713
73.22538337604533 -0.01495390094271114
75.36903980898542 -0.015334051371639661
77.57545129612417 -0.01572503765487897
79.84645497739086 -0.016127183331690734
82.18394177456803 -0.016540822186905613
84.58985796574301 -0.016966298081247177
87.06620680585127 -0.017403964753498324
89.61505019466045 -0.017854185597228945
92.23851039358476 -0.01831733341477366
94.9387717927583 -0.018793790151010938
97.71808272983904 -0.019283946609341344
100.57875736205835 -0.01978820215192611
103.52317759307378 -0.020306964385931908
106.55379505623053 -0.020840648837110513
109.67313315588179 -0.021389678611588126
112.88378916846884 -0.021954484046288837
116.18843640511002 -0.022535502347912722
119.58982643749793 -0.02313317721991615
123.09079138896018 -0.02374795847650839
126.69424629259063 -0.024380301642188826
130.40319151841317 -0.025030667535016458
134.2207152716012 -0.0256995218314161
138.14999616383224 -0.026387334610054665
142.19430585991677 -0.027094579872105173
146.357011801908 -0.027821735035053113
150.64158001295928 -0.028569280397129672
155.05157798326255 -0.0293376985694673
159.5906776404731 -0.030127473873172755
164.26265840709303 -0.030939091698686833
169.071410347358 -0.03177303782509928
174.0209374062485 -0.03262979769746664
179.115360743323 -0.033509855660683485
184.3589221641488 -0.03441369414905188
189.75598765218504 -0.03534179283145076
195.3110510040631 -0.036294627712838506
201.02873757128856 -0.03727267019383256
206.913808111479 -0.0382763860912374
212.97116275234782 -0.039306234623684044
219.20584507173257 -0.0403626673679727
225.62304629706352 -0.04144612719331332
232.22810962777245 -0.04255704718242783
239.02653468423918 -0.04369584955038482
246.02398208697775 -0.04486294457414176
253.22627816987946 -0.04605872954800198
260.63941983143474 -0.04728358778257348
268.26957952797244 -0.04853788766735187
276.1231104130753 -0.049821981819638414
284.2065516274511 -0.051136206345226455
292.5266337436645 -0.052480880238998655
301.09028437025927 -0.05385630495630495
309.9046339199427 -0.05526276418864109
318.97702154663216 -0.05670052387966051
328.3150012563047 -0.05816983251984748
337.9263481967431 -0.05967092176018404
347.819065131413 -0.061204007386771404
358.00138910285807 -0.06276929069943314
368.48179829116765 -0.06436696033787223
379.26901907322497 -0.06599719459875061
390.37203328860926 -0.0676601642859721
401.8000857182091 -0.06935603613458231
413.5626917817706 -0.07108497684564016
425.66964546078714 -0.0728471577654122
438.13102745333055 -0.07464276023699079
450.9572135676145 -0.07647198164606692
464.15888336127773 -0.07833504217505055
477.7470290335773 -0.08023219227103849
491.73296457790156 -0.0821637208235447
506.1283352022219 -0.0841299640372973
520.9451270253212 -0.0861313149742871
536.1956770568817 -0.08816823372765209
551.892683469738 -0.09024125817828622
568.0492161728429 -0.09235101527361983
584.6787276937589 -0.09449823275727609
601.7950643797334 -0.09668375126842069
619.412477926676 -0.09890853672146095
637.5456372456507 -0.10117369287020102
656.2096406767555 -0.1034804739564051
675.4200285605586 -0.10583029734117308
695.1927961775606 -0.1082247560187113
715.5444070664574 -0.11066563091644628
736.4918067322965 -0.11315490289292773
758.0524367559261 -0.11569476435550285
780.2442493165045 -0.1182876304333843
803.0857221391512 -0.12093614965813847
826.5958738801812 -0.12364321412232641
850.7942799627444 -0.12641196910781852
875.7010888760508 -0.12924582219745362
901.3370389517438 -0.13214845190665522
927.7234756314059 -0.13512381589485561
954.8823692395666 -0.13817615883926887
982.8363332770031 -0.1413100200751961
1011.6086432495807 -0.14453024112717774
1041.2232560483055 -0.14784197327298507
1071.7048298967104 -0.15125068529792524
1103.078744882215 -0.15476217160912
1135.3711240885177 -0.15838256088876132
1168.608855346651 -0.16211832547122867
1202.8196136227775 -0.16597629163170252
1238.0318840613968 -0.16996365097338326
1274.2749857031336 -0.17408797309689375
1311.5790958968503 -0.1783572197290763
1349.9752754264298 -0.18277976047952726
1389.4954943731375 -0.18736439038192437
1430.172658735088 -0.19212034936414357
1472.0406378260013 -0.1970573437761339
1515.134292476053 -0.2021855700881775
1559.4895040582815 -0.20751574085440797
1605.1432043647615 -0.21305911301769945
1652.1334063573702 -0.21882751861187194
1700.4992358187922 -0.22483339789633852
1750.2809639301013 -0.23108983493607668
1801.520040802024 -0.2376105956162759
1854.2591299878522 -0.24441016805658705
1908.542144006686 -0.25150380536308836
1964.4142809066266 -0.25890757062822
2021.9220618983536 -0.26663838405868234
2081.1133700903947 -0.2747140720785909
2142.037490358383 -0.2831534182203437
2204.7451503814746 -0.2919762155777296
2269.288562880081 -0.30120332055552496
2335.7214690901214 -0.3108567076059954
2404.0991835099717 -0.3209595245968898
2474.47863995735 -0.3315361484061391
2546.91843897454 -0.3426122402876281
2621.478896621356 -0.3542148004990816
2698.222094696536 -0.36637222162864663
2777.211932429355 -0.3791143400024839
2858.5141796844714 -0.39247248450160804
2942.196531724374 -0.4064795220644267
3028.3286655749457 -0.4211698991035946
3116.9822980411436 -0.43657967802301384
3208.2312454210773 -0.45274656798591806
3302.1514849681753 -0.46970994905962676
3398.8212181526674 -0.48751088884945365
3498.320935775036 -0.5061921507356323
3600.73348498562 -0.5257981928460987
3706.144138266228 -0.5463751569361539
3814.640664431178 -0.5679708464068536
3926.3134017068355 -0.590634692778449
4041.2553329506004 -0.6144177100459651
4159.562163071847 -0.6393724364817303
4281.332398719392 -0.6655528636147784
4406.667430301786 -0.6930143523094051
4535.671616408702 -0.7218135360836305
4668.45237070379 -0.7520082120495883
4805.1202513612425 -0.7836572201196106
4945.789053120639 -0.8168203113985679
5090.575902036681 -0.851558006968436
5239.601353002645 -0.8879314485588572
5392.98949012887 -0.9260022428800211
5550.868030059805 -0.9658323016598523
5713.36842831558 -1.0074836796718234
5880.625988746757 -1.0510184132479636
6052.779976193349 -1.0964983619386937
6229.973732441841 -1.1439850560961415
6412.354795576917 -1.1935395532142212
6600.075022827095 -1.2452223058513838
6793.290717006696 -1.2990930438841202
6992.162756659375 -1.3552106736947038
7196.856730011514 -1.4136331966796103
7407.543072847163 -1.474417649184392
7624.397210419138 -1.537620065629294
7847.5997035146065 -1.6032954661977228
8077.3363987967105 -1.671497870026592
8313.798583547334 -1.742280334375962
8557.183144940002 -1.8156950197799526
8807.692733975462 -1.8917932807038214
9065.53593421636 -1.970625780769179
9330.927435461663 -2.0522426311738666
9604.08821250538 -2.1366935505373323
9885.24570912827 -2.224028044055589
10174.634027476064 -2.314295599564311
10472.494122981476 -2.407545897886179
10779.074004992735 -2.503829034683973
11094.628943275218 -2.6031957509602033
11419.421680558647 -2.705697669323042
11753.722651306367 -2.8113875331904126
12097.810206889013 -2.9203194462072544
12451.97084735032 -3.032549109307083
12816.499459957597 -3.1481340530503097
13191.699564735716 -3.26713386309921
13577.883567189278 -3.3896103969475004
13975.373018422924 -3.5156279902897962
14384.498882876629 -3.645253651690109
14805.6018138991 -3.778557244479807
15239.032437388305 -3.9156116550758395
15685.151643735446 -4.056492947153985
16144.330888316019 -4.201280501335168
16616.952500776908 -4.350057140240615
17103.41000337838 -4.502909238941829
17604.108438655527 -4.65992682097384
18119.46470667122 -4.8212036401909275
18649.907912142942 -4.986837248827306
19195.87972173111 -5.156929052181835
19757.834731786996 -5.331584350371114
20336.2408468667 -5.510912367601728
20931.579669325736 -5.695026269394623
21544.346900318822 -5.884043168152839
22175.052752539294 -6.078084117415072
22824.222375040976 -6.2772740950606725
23492.396290496577 -6.481741975655617
24180.13084525718 -6.6916204920320705
24887.998672586673 -6.907046186097729
25616.589169457267 -7.1281593487610575
26366.508987303554 -7.355103948753176
27138.3825371428 -7.588027550007201
27932.85250948253 -7.82708121714847
28750.580409448772 -8.072419408526684
29592.247107579577 -8.324199856115582
30458.55340674284 -8.582583431485126
31350.220625651124 -8.84773399694931
32267.991199458116 -9.119818240883857
33212.62929793748 -9.399005496107616
34184.92146175927 -9.685467540129043
35185.677257392665 -9.979378375968478
36215.72995118075 -10.2809139921879
37275.93720314938 -10.590252100688437
38367.18178112649 -10.90757185077341
39490.37229576694 -11.233053517927909
40646.44395709628 -11.566878165726854
41836.359353200234 -11.909227279265727
43061.10925171165 -12.260282368503525
44321.713424760856 -12.620224539923987
45619.221498074585 -12.989234034962589
46954.71382493421 -13.367489733705323
48329.30238571752 -13.755168622464579
49744.13171377451 -14.152445223952112
51200.37984840882 -14.559490988929896
52699.259315756564 -14.976473648413599
54242.01813838024 -15.40355652573335
55829.94087441914 -15.84089780803666
57464.34968715974 -16.288649777138414
59146.605445917456 -16.74695799999789
60878.108859147556 -17.215960479519083
62660.30164072656 -17.69578676684809
64494.667710376205 -18.186557036867
66382.73442923075 -18.688381129158095
68326.07387157406 -19.201357557345148
70326.30413380644 -19.72557249039039
72385.09068173247 -20.261098710146545
74504.14773728917 -20.807994550216954
76685.2397058701 -21.36630282196471
78930.18264543568 -21.93604973430627
81240.84577862974 -22.517243814742365
83619.15304916317 -23.109874839874248
86067.08472376158 -23.71391278442621
88586.67904100832 -24.329306798535622
91180.03390845681 -24.95598422372653
93849.3086494272 -25.593849658588997
96596.72580093842 -26.242784085631346
99424.57296427398 -26.902644071151688
102335.20470972576 -27.573261050147355
105331.04453709359 -28.254440708308643
108414.5868935835 -28.94596247298161
111588.3992507748 -29.64757912458734
114855.12424239368 -30.35901653940718
118217.48186466724 -31.07997357380472
121678.27174109229 -31.810122098905243
125240.3754535072 -32.549107193474406
128906.75894140244 -33.29654750125101
132680.47497147243 -34.05203575729792
136564.66567946097 -34.81513948608437
140562.56518642136 -35.58540187202548
144677.5022915648 -36.36234280110532
148912.90324394088 -37.14546007006795
153272.2945952612 -37.93423075749373
157759.30613623615 -38.728112748954786
162377.67391887208 -39.52654640638908
167131.2433672486 -40.328956369923475
172023.97247935992 -41.13475347861412
177059.9351226898 -41.943336795033844
182243.32442626648 -42.75409571732983
187578.45627201613 -43.56641216132157
193069.77288832495 -44.37966279444234
198721.84654880533 -45.193221302847085
204539.38337933904 -46.006460672798426
210527.22727657072 -46.81875546752937
216690.3639411181 -47.62948408111748
223033.9250288494 -48.43803095149228
229563.19242369095 -49.24378871550799
236283.6026355175 -50.046160290016644
243200.7513267945 -50.84456086405527
250320.39797173254 -51.63841978856991
257648.47065183744 -52.427182351538804
265191.0709918535 -53.21031142786204
272954.4792402007 -53.987288994975046
280945.1594981406 -54.75761750675335
289169.76510202966 -55.520821119912185
297635.14416313195 -56.27644676873459
306348.3452696084 -57.024065085567585
315316.62335543614 -57.76327116609344
324547.44574113254 -58.49368517989143
334048.4983513244 -59.21495282824231
343827.6921143307 -59.926745652478026
353893.1695490984 -60.62876119743176
364253.3115449638 -61.32072303567504
374916.74433988857 -62.002380659254335
385892.3467029899 -62.67350924651856
397189.25732733024 -63.33390931238425
408816.88243912894 -63.983406250991266
420784.9036297398 -64.62184978017278
433103.2859169001 -65.24911329748906
445782.28604197066 -65.86509315776438
458832.461010084 -66.46970788212482
472264.67688029545 -67.06289730846791
486090.117813063 -67.64462169311551
500320.2953825999 -68.21486077311839
514967.0581618343 -68.77361279830622
530042.6015879672 -69.32089354172791
545559.4781168514 -69.85673529661058
561530.6076746266 -70.38118586740207
577969.2884153313 -70.89430756185958
594889.2077934331 -71.39617619052184
612304.4539605178 -71.88688007926412
630229.5274956024 -72.36651909999435
648679.3534788508 -72.83520372391857
667669.2939187557 -73.2930541011868
687215.1605431122 -73.74019917013933
707333.2279644439 -74.17677579880795
728040.2472308562 -74.60292796080009
749353.4597735757 -75.01880594719715
771290.6117627992 -75.42456561564656
793869.9688838223 -75.82036767741253
817110.3315457187 -76.20637702277692
841031.0505352605 -76.58276208484936
865652.0431290936 -76.94969424155187
890993.8096776098 -77.30734725528767
917077.4506742931 -77.65589674958441
943924.6843247664 -77.99551972181574
971557.8646301847 -78.32639409095216
1000000.0 -78.64869827916532
