10.0 -0.5106996839428602
10.292747724096083 -0.5159519178528468
10.59406557118851 -0.5209175534331079
10.904204429677526 -0.5255874910954986
11.223422532664179 -0.5299539447179016
11.551985672964793 -0.5340105325836281
11.890167424419898 -0.5377523568620823
12.238249369681931 -0.5411760702013644
12.596521334671401 -0.5442799282574056
12.965281629896682 -0.5470638271992228
13.344837298838383 -0.5495293255191298
13.735504373605137 -0.5516796497508799
14.137608138073606 -0.5535196840107958
14.551483398731937 -0.5550559435968327
14.977474763452017 -0.5562965331407954
15.415936928422726 -0.5572510901489257
15.867234973483178 -0.5579307149770928
16.331744666101677 -0.5583478885358247
16.80985277425364 -0.5585163792229187
17.301957388458945 -0.5584511407215612
17.808468253246822 -0.558168202391274
18.329807108324356 -0.5576845541025132
18.866408039732583 -0.5570180272881627
19.418717841282557 -0.5561871740652137
19.987196386572506 -0.5552111461250172
20.57231701189556 -0.5541095750589423
21.174566910357118 -0.5529024556148828
21.794447537529855 -0.5516100332590125
22.432475028984193 -0.5502526972216488
23.089180630041927 -0.5488508800524496
23.765111138110754 -0.5474249645015116
24.46082935796799 -0.5459951983783562
25.17691457037277 -0.5445816178408859
25.913963014396586 -0.543203979410185
26.672588383874054 -0.5418817008288401
27.453422338387142 -0.5406338107652661
28.257115029208283 -0.5394789071949784
29.08433564064048 -0.5384351242311223
29.935772947204903 -0.5375201070213742
30.812135887140037 -0.5367509943262151
31.714154152689986 -0.5361444082597018
32.642578797673224 -0.5357164507029897
33.59818286283781 -0.535482705818122
34.58176201952381 -0.5354582481249114
35.594135232168604 -0.5356576555600294
36.63614544020716 -0.5360950269861104
37.708660259934554 -0.5367840036160392
38.81257270691538 -0.537737793849064
39.9488019395417 -0.5389692010441656
41.118294024358306 -0.5404906538113541
42.322022723792756 -0.5423142384019636
43.56099030694608 -0.5444517328652161
44.83622838411908 -0.5469146426373943
46.148798765769385 -0.5497142373054973
47.499794346614124 -0.5528615882938948
48.890340015614456 -0.5563676072860281
50.32159359259993 -0.560243085214
51.7947467923121 -0.564498731676978
53.31102621667033 -0.5691452146883758
54.87169437608604 -0.5741932006679822
56.47805074067555 -0.5796533946189039
58.131432822247135 -0.5855365804380569
59.83321728796288 -0.591853661337027
61.58482110660264 -0.5986157003387246
63.38770272838487 -0.6058339608358005
65.24336329932625 -0.6135199471834357
67.15334791115141 -0.6216854453082855
69.11924688779365 -0.6303425632931947
71.14269710955735 -0.6395037718994198
73.22538337604533 -0.6491819449660714
75.36903980898542 -0.6593903996072978
77.57545129612417 -0.6701429361136785
79.84645497739086 -0.6814538774394557
82.18394177456803 -0.693338108126277
84.58985796574301 -0.7058111124994839
87.06620680585127 -0.7188890119385719
89.61505019466045 -0.7325886009993391
92.23851039358476 -0.7469273821401292
94.9387717927583 -0.7619235987802205
97.71808272983904 -0.7775962663946241
100.57875736205835 -0.7939652013304392
103.52317759307378 -0.8110510470221504
106.55379505623053 -0.8288752972540621
109.67313315588179 -0.847460316137497
112.88378916846884 -0.8668293544469734
116.18843640511002 -0.8870065619849707
119.58982643749793 -0.9080169956485922
123.09079138896018 -0.9298866228991406
126.69424629259063 -0.9526423203633189
130.40319151841317 -0.9763118673354769
134.2207152716012 -1.0009239339947629
138.14999616383224 -1.0265080642083861
142.19430585991677 -1.053094652854285
146.357011801908 -1.0807149176626336
150.64158001295928 -1.1094008656563332
155.05157798326255 -1.1391852543455903
159.5906776404731 -1.170101547917526
164.26265840709303 -1.202183868746807
169.071410347358 -1.2354669446364388
174.0209374062485 -1.269986052276125
179.115360743323 -1.3057769574871279
184.3589221641488 -1.342875852885259
189.75598765218504 -1.381319293650378
195.3110510040631 -1.4211441321402158
201.02873757128856 -1.4623874521039115
206.913808111479 -1.505086503270729
212.97116275234782 -1.5492786370758111
219.20584507173257 -1.595001244247776
225.62304629706352 -1.6422916949479798
232.22810962777245 -1.6911872820546585
239.02653468423918 -1.7417251681145254
246.02398208697775 -1.7939423363545175
253.22627816987946 -1.8478755460209264
260.63941983143474 -1.9035612921794745
268.26957952797244 -1.9610357699341376
276.1231104130753 -2.0203348428883108
284.2065516274511 -2.081494015481691
292.5266337436645 -2.1445484086969238
301.09028437025927 -2.20953273845671
309.9046339199427 -2.2764812958982183
318.97702154663216 -2.3454279285676227
328.3150012563047 -2.4164060214641414
337.9263481967431 -2.489448476761
347.819065131413 -2.5645876909457384
358.00138910285807 -2.641855528057974
368.48179829116765 -2.721283287662136
379.26901907322497 -2.802901666159671
390.37203328860926 -2.886740710031466
401.8000857182091 -2.9728297596176523
413.5626917817706 -3.0611973820343374
425.66964546078714 -3.1518712918691008
438.13102745333055 -3.2448782583170876
450.9572135676145 -3.3402439974573936
464.15888336127773 -3.4379930484026264
477.7470290335773 -3.5381486320984696
491.73296457790156 -3.6407324915825647
506.1283352022219 -3.745764712553122
520.9451270253212 -3.8532635231333052
536.1956770568817 -3.963245071760712
551.892683469738 -4.075723182171832
568.0492161728429 -4.190709084501748
584.6787276937589 -4.308211121582321
601.7950643797334 -4.428234429587894
619.412477926676 -4.550780592278419
637.5456372456507 -4.67584726819947
656.2096406767555 -4.803427790340231
675.4200285605586 -4.933510737934457
695.1927961775606 -5.0660794802951825
715.5444070664574 -5.201111692845149
736.4918067322965 -5.338578845798107
758.0524367559261 -5.4784456663194625
780.2442493165045 -5.620669575400138
803.0857221391512 -5.765200101155843
826.5958738801812 -5.911978270787974
850.7942799627444 -6.060935984041552
875.7010888760508 -6.211995371632032
901.3370389517438 -6.365068142824939
927.7234756314059 -6.520054927088614
954.8823692395666 -6.676844615549066
982.8363332770031 -6.835313708788585
1011.6086432495807 -6.995325678391363
1041.2232560483055 -7.156730350495618
1071.7048298967104 -7.319363320469221
1103.078744882215 -7.48304540866552
1135.3711240885177 -7.647582167999633
1168.608855346651 -7.8127634548239735
1202.8196136227775 -7.978363075212989
1238.0318840613968 -8.144138519287667
1274.2749857031336 -8.309830796587434
1311.5790958968503 -8.475164385694773
1349.9752754264298 -8.63984731130464
1389.4954943731375 -8.803571361684414
1430.172658735088 -8.966012458950303
1472.0406378260013 -9.126831193771523
1515.134292476053 -9.285673534979814
1559.4895040582815 -9.442171723081943
1605.1432043647615 -9.595945354853454
1652.1334063573702 -9.746602664003404
1700.4992358187922 -9.893742000370167
1750.2809639301013 -10.036953507249853
1801.520040802024 -10.17582099328577
1854.2591299878522 -10.309923991926548
1908.542144006686 -10.438839997831824
1964.4142809066266 -10.562146865842934
2021.9220618983536 -10.679425354313368
2081.1133700903947 -10.790261790828682
2142.037490358383 -10.894250834704282
2204.7451503814746 -10.990998307265096
2269.288562880081 -11.08012405788256
2335.7214690901214 -11.161264831176688
2404.0991835099717 -11.234077098801116
2474.47863995735 -11.298239817877235
2546.91843897454 -11.353457077558883
2621.478896621356 -11.399460595383253
2698.222094696536 -11.436012026105931
2777.211932429355 -11.462905047582447
2858.5141796844714 -11.47996719096695
2942.196531724374 -11.487061385993014
3028.3286655749457 -11.48408719632547
3116.9822980411436 -11.470981724825606
3208.2312454210773 -11.44772017393974
3302.1514849681753 -11.41431605217705
3398.8212181526674 -11.370821023629128
3498.320935775036 -11.31732440355425
3600.73348498562 -11.253952309030756
3706.144138266228 -11.180866479443443
3814.640664431178 -11.09826278692422
3926.3134017068355 -11.006369461727648
4041.2553329506004 -10.905445061726912
4159.562163071847 -10.795776218725072
4281.332398719392 -10.677675196963323
4406.667430301786 -10.551477301091822
4535.671616408702 -10.4175381718939
4668.45237070379 -10.276231008246254
4805.1202513612425 -10.127943753215298
4945.789053120639 -9.97307628085573
5090.575902036681 -9.812037618297792
5239.601353002645 -9.645243235169904
5392.98949012887 -9.473112429398556
5550.868030059805 -9.296065835068669
5713.36842831558 -9.114523074434393
5880.625988746757 -8.928900572421629
6052.779976193349 -8.73960954819976
6229.973732441841 -8.547054194664272
6412.354795576917 -8.351630053088206
6600.075022827095 -8.153722586809767
6793.290717006696 -7.95370595467584
6992.162756659375 -7.751941982130658
7196.856730011514 -7.548779325301519
7407.543072847163 -7.344552821251668
7624.397210419138 -7.1395830157132085
7847.5997035146065 -6.934175858091441
8077.3363987967105 -6.728622552326845
8313.798583547334 -6.523199551284579
8557.183144940002 -6.318168681702079
8807.692733975462 -6.113777386314474
9065.53593421636 -5.9102590695891974
9330.927435461663 -5.707833533477564
9604.08821250538 -5.506707489727159
9885.24570912827 -5.307075135555621
10174.634027476064 -5.109118779833641
10472.494122981476 -4.913009507357977
10779.074004992735 -4.718907869281152
11094.628943275218 -4.526964588296703
11419.421680558647 -4.337321267742258
11753.722651306367 -4.150111094380652
12097.810206889013 -3.9654595252318092
12451.97084735032 -3.783484949470512
12816.499459957597 -3.604299317070099
13191.699564735716 -3.42800872656361
13577.883567189278 -3.2547139650230132
13975.373018422924 -3.0845109941204303
14384.498882876629 -2.9174913769474426
14805.6018138991 -2.753742641127477
15239.032437388305 -2.5933485746731044
15685.151643735446 -2.4363894520086626
16144.330888316019 -2.282942188608443
16616.952500776908 -2.133080423779134
17103.41000337838 -1.986874532243862
17604.108438655527 -1.8443915663485313
18119.46470667122 -1.7056951318965725
18649.907912142942 -1.570845201808964
19195.87972173111 -1.4398978729785572
19757.834731786996 -1.312905072817287
20336.2408468667 -1.189914223053492
20931.579669325736 -1.0709678692957663
21544.346900318822 -0.9561032857056715
22175.052752539294 -0.8453520647915621
22824.222375040976 -0.7387397028121884
23492.396290496577 -0.636285191548129
24180.13084525718 -0.5380006272328153
24887.998672586673 -0.4438908472274506
25616.589169457267 -0.3539531045653176
26366.508987303554 -0.26817678978464926
27138.3825371428 -0.1865432085305846
27932.85250948253 -0.10902542224753708
28750.580409448772 -0.03558815794409161
29592.247107579577 0.03381220848327953
30458.55340674284 0.09922759248129703
31350.220625651124 0.16071806340428574
32267.991199458116 0.21835162986512882
33212.62929793748 0.2722039499671769
34184.92146175927 0.3223579700660274
35185.677257392665 0.3689034971368445
36215.72995118075 0.41193671108329816
37275.93720314938 0.4515596243853448
38367.18178112649 0.48787949732356206
39490.37229576694 0.5210082176214269
40646.44395709628 0.5510616537094088
41836.359353200234 0.5781589909388365
43061.10925171165 0.602422059970296
44321.713424760856 0.6239746662480447
45619.221498074585 0.642941928975435
46954.71382493421 0.6594496373512082
48329.30238571752 0.6736236310446748
49744.13171377451 0.685589211015764
51200.37984840882 0.6954705858466066
52699.259315756564 0.7033903577875472
54242.01813838024 0.7094690517491681
55829.94087441914 0.7138246895272922
57464.34968715974 0.7165724106466662
59146.605445917456 0.7178241403722875
60878.108859147556 0.7176883046727933
62660.30164072656 0.7162695912478375
64494.667710376205 0.7136687551447118
66382.73442923075 0.7099824670007587
68326.07387157406 0.7053032015509533
70326.30413380644 0.6997191637325846
72385.09068173247 0.6933142494995985
74504.14773728917 0.6861680383129173
76685.2397058701 0.678355814202272
78930.18264543568 0.6699486122833008
81240.84577862974 0.6610132876557088
83619.15304916317 0.6516126036959169
86067.08472376158 0.6418053368798635
88586.67904100832 0.6316463954244033
91180.03390845681 0.621186949206371
93849.3086494272 0.6104745686078967
96596.72580093842 0.5995533701297828
99424.57296427398 0.5884641668165842
102335.20470972576 0.5772446217343965
105331.04453709359 0.5659294029388419
108414.5868935835 0.5545503385580388
111588.3992507748 0.5431365707958712
114855.12424239368 0.5317147078292619
118217.48186466724 0.5203089727314377
121678.27174109229 0.5089413486971187
125240.3754535072 0.497631719980729
128906.75894140244 0.486398008075658
132680.47497147243 0.47525630277421554
136564.66567946097 0.4642209878403905
140562.56518642136 0.45330486111503054
144677.5022915648 0.44251924894501166
148912.90324394088 0.43187411489311905
153272.2945952612 0.4213781627397489
157759.30613623615 0.4110389338333895
162377.67391887208 0.40086289888676163
167131.2433672486 0.3908555443459038
172023.97247935992 0.3810214534863965
177059.9351226898 0.37136438241014613
182243.32442626648 0.3618873311323964
187578.45627201613 0.3525926099592113
193069.77288832495 0.34348190136379525
198721.84654880533 0.3345563175741667
204539.38337933904 0.32581645408673215
210527.22727657072 0.3172624393197429
216690.3639411181 0.30889398061857404
223033.9250288494 0.30071040682086647
229563.19242369095 0.29271070758438095
236283.6026355175 0.28489356967470186
243200.7513267945 0.2772574104031728
250320.39797173254 0.26980040839746866
257648.47065183744 0.2625205318807544
265191.0709918535 0.25541556462582654
272954.4792402007 0.24848312974403128
280945.1594981406 0.2417207114593816
289169.76510202966 0.23512567501100679
297635.14416313195 0.22869528481868373
306348.3452696084 0.22242672103843167
315316.62335543614 0.21631709462771467
324547.44574113254 0.210363461032157
334048.4983513244 0.20456283259895186
343827.6921143307 0.19891218981496847
353893.1695490984 0.1934084914614068
364253.3115449638 0.18804868377047165
374916.74433988857 0.18282970866375742
385892.3467029899 0.1777485111463904
397189.25732733024 0.1728020459259621
408816.88243912894 0.1679872833200213
420784.9036297398 0.16330121451148327
433103.2859169001 0.15874085620688036
445782.28604197066 0.15430325474831427
458832.461010084 0.14998548972603845
472264.67688029545 0.14578467713513218
486090.117813063 0.14169797211646523
500320.2953825999 0.13772257131877816
514967.0581618343 0.13385571491608597
530042.6015879672 0.1300946883117679
545559.4781168514 0.12643682355829425
561530.6076746266 0.12287950051909256
577969.2884153313 0.11942014779708887
594889.2077934331 0.11605624345230514
612304.4539605178 0.1127853155291263
630229.5274956024 0.10960494241217719
648679.3534788508 0.10651275302807486
667669.2939187557 0.10350642690894707
687215.1605431122 0.10058369413227959
707333.2279644439 0.09774233515025958
728040.2472308562 0.09498018052094886
749353.4597735757 0.09229511055217068
771290.6117627992 0.08968505486835662
793869.9688838223 0.08714799190959266
817110.3315457187 0.08468194837115893
841031.0505352605 0.08228499859136452
865652.0431290936 0.07995526389452651
890993.8096776098 0.07769091189544866
917077.4506742931 0.07549015577119626
943924.6843247664 0.07335125350529877
971557.8646301847 0.0712725071091071
1000000.0 0.06925226182463161
