10.0 -0.24268200163727616
10.292747724096083 -0.24620620558947312
10.59406557118851 -0.2498356479607473
10.904204429677526 -0.253566583745062
11.223422532664179 -0.2573949532850317
11.551985672964793 -0.2613163724879159
11.890167424419898 -0.26532612452813925
12.238249369681931 -0.26941915332489436
12.596521334671401 -0.27359005909734846
12.965281629896682 -0.27783309630763603
13.344837298838383 -0.28214217430766614
13.735504373605137 -0.28651086100465684
14.137608138073606 -0.2909323898538526
14.551483398731937 -0.2953996704719549
14.977474763452017 -0.29990530314485253
15.415936928422726 -0.3044415974703515
15.867234973483178 -0.30900059533932084
16.331744666101677 -0.3135740984060399
16.80985277425364 -0.3181537001418331
17.301957388458945 -0.32273082249450163
17.808468253246822 -0.3272967570985242
18.329807108324356 -0.3318427108930978
18.866408039732583 -0.33635985591045364
19.418717841282557 -0.34083938289823873
19.987196386572506 -0.3452725583329775
20.57231701189556 -0.3496507842816972
21.174566910357118 -0.3539656604623565
21.794447537529855 -0.35820904775880563
22.432475028984193 -0.3623731323568278
23.089180630041927 -0.3664504895905962
23.765111138110754 -0.3704341465278319
24.46082935796799 -0.3743176422790016
25.17691457037277 -0.3780950849930176
25.913963014396586 -0.3817612045042895
26.672588383874054 -0.385311399620825
27.453422338387142 -0.3887417790954324
28.257115029208283 -0.3920491953975239
29.08433564064048 -0.39523127050480217
29.935772947204903 -0.3982864130556245
30.812135887140037 -0.40121382634620006
31.714154152689986 -0.4040135068101574
32.642578797673224 -0.4066862327923307
33.59818286283781 -0.4092335435958695
34.58176201952381 -0.4116577089629328
35.594135232168604 -0.41396168931856675
36.63614544020716 -0.4161490872702935
37.708660259934554 -0.4182240910088244
38.81257270691538 -0.4201914103858273
39.9488019395417 -0.4220562065607542
41.118294024358306 -0.4238240161999196
42.322022723792756 -0.4255006712792804
43.56099030694608 -0.42709221558860744
44.83622838411908 -0.42860481905527853
46.148798765769385 -0.430044691007503
47.499794346614124 -0.431417993476047
48.890340015614456 -0.43273075559738744
50.32159359259993 -0.43398879012898334
51.7947467923121 -0.4351976130247488
53.31102621667033 -0.43636236694643243
54.87169437608604 -0.43748774951012526
56.47805074067555 -0.4385779469865608
58.131432822247135 -0.43963657409253953
59.83321728796288 -0.44066662043174637
61.58482110660264 -0.441670404065468
63.38770272838487 -0.442649532620779
65.24336329932625 -0.4436048722723243
67.15334791115141 -0.44453652486924466
69.11924688779365 -0.44544381341396816
71.14269710955735 -0.44632527604027317
73.22538337604533 -0.4471786685766286
75.36903980898542 -0.44800097572220976
77.57545129612417 -0.448788430801053
79.84645497739086 -0.4495365439957444
82.18394177456803 -0.45024013889434406
84.58985796574301 -0.45089339711135823
87.06620680585127 -0.4514899106655641
89.61505019466045 -0.4520227417146154
92.23851039358476 -0.4524844891581934
94.9387717927583 -0.4528673615292081
97.71808272983904 -0.4531632554979101
100.57875736205835 -0.4533638392201749
103.52317759307378 -0.4534606396661321
106.55379505623053 -0.4534451329798583
109.67313315588179 -0.45330883683941664
112.88378916846884 -0.4530434037195098
116.18843640511002 -0.45264071390569943
119.58982643749793 -0.4520929670735945
123.09079138896018 -0.4513927712334641
126.69424629259063 -0.4505332278492449
130.40319151841317 -0.44950801197572154
134.2207152716012 -0.44831144631749015
138.14999616383224 -0.44693856819898536
142.19430585991677 -0.44538518854489795
146.357011801908 -0.44364794210254116
150.64158001295928 -0.441724328289114
155.05157798326255 -0.43961274221371854
159.5906776404731 -0.43731249560021324
164.26265840709303 -0.43482382752076787
169.071410347358 -0.4321479050312692
174.0209374062485 -0.4292868139774332
179.115360743323 -0.42624354040655926
184.3589221641488 -0.4230219431711272
189.75598765218504 -0.41962671844189253
195.3110510040631 -0.41606335695764407
201.02873757128856 -0.4123380949227131
206.913808111479 -0.408457859522365
212.97116275234782 -0.4044302100578221
219.20584507173257 -0.40026327571035375
225.62304629706352 -0.3959656909263674
232.22810962777245 -0.3915465293778526
239.02653468423918 -0.3870152373959763
246.02398208697775 -0.3823815677037444
253.22627816987946 -0.3776555141912244
260.63941983143474 -0.3728472483848718
268.26957952797244 -0.3679670581674868
276.1231104130753 -0.3630252892079098
284.2065516274511 -0.3580322894633215
292.5266337436645 -0.3529983570253388
301.09028437025927 -0.34793369149381775
309.9046339199427 -0.3428483489827314
318.97702154663216 -0.3377522007907923
328.3150012563047 -0.3326548957056075
337.9263481967431 -0.3275658258561315
347.819065131413 -0.3224940959819481
358.00138910285807 -0.317448495950521
368.48179829116765 -0.3124374763244555
379.26901907322497 -0.3074691267585101
390.37203328860926 -0.3025511569922819
401.8000857182091 -0.297690880195416
413.5626917817706 -0.29289519842098877
425.66964546078714 -0.2881705899256318
438.13102745333055 -0.28352309812462545
450.9572135676145 -0.2789583219628168
464.15888336127773 -0.2744814075016434
477.7470290335773 -0.2700970405442304
491.73296457790156 -0.265809440147389
506.1283352022219 -0.26162235289936153
520.9451270253212 -0.25753904787494114
536.1956770568817 -0.2535623122162158
551.892683469738 -0.24969444732410284
568.0492161728429 -0.2459372656859731
584.6787276937589 -0.24229208840410563
601.7950643797334 -0.238759743529013
619.412477926676 -0.23534056533996187
637.5456372456507 -0.2320343947501264
656.2096406767555 -0.22884058104534477
675.4200285605586 -0.22575798519178866
695.1927961775606 -0.22278498496794627
715.5444070664574 -0.21991948218856797
736.4918067322965 -0.21715891229172926
758.0524367559261 -0.21450025655462138
780.2442493165045 -0.21194005718672637
803.0857221391512 -0.2094744355221771
826.5958738801812 -0.20709911349467172
850.7942799627444 -0.20480943853001726
875.7010888760508 -0.20260041193157038
901.3370389517438 -0.20046672076746985
927.7234756314059 -0.19840277319203567
954.8823692395666 -0.19640273705412065
982.8363332770031 -0.1944605815608245
1011.6086432495807 -0.1925701216802116
1041.2232560483055 -0.1907250648844025
1071.7048298967104 -0.1889190597561777
1103.078744882215 -0.18714574591204738
1135.3711240885177 -0.18539880463499195
1168.608855346651 -0.18367200956253166
1202.8196136227775 -0.1819592767438988
1238.0318840613968 -0.18025471336380108
1274.2749857031336 -0.1785526644323384
1311.5790958968503 -0.17684775676010747
1349.9752754264298 -0.17513493957540557
1389.4954943731375 -0.17340952119478895
1430.172658735088 -0.17166720122870344
1472.0406378260013 -0.16990409788739202
1515.134292476053 -0.1681167700468628
1559.4895040582815 -0.16630223383776602
1605.1432043647615 -0.16445797362692036
1652.1334063573702 -0.16258194737074638
1700.4992358187922 -0.16067258642667345
1750.2809639301013 -0.1587287900109776
1801.520040802024 -0.156749914585811
1854.2591299878522 -0.15473575854203317
1908.542144006686 -0.15268654261648185
1964.4142809066266 -0.15060288653968018
2021.9220618983536 -0.14848578245351762
2081.1133700903947 -0.14633656566610612
2142.037490358383 -0.14415688332443086
2204.7451503814746 -0.14194866158421407
2269.288562880081 -0.13971407184232207
2335.7214690901214 -0.137455496571326
2404.0991835099717 -0.13517549526030226
2474.47863995735 -0.1328767709222359
2546.91843897454 -0.1305621375786471
2621.478896621356 -0.12823448907840337
2698.222094696536 -0.12589676955143173
2777.211932429355 -0.12355194574146453
2858.5141796844714 -0.12120298140610698
2942.196531724374 -0.11885281391929059
3028.3286655749457 -0.11650433316080708
3116.9822980411436 -0.1141603627318959
3208.2312454210773 -0.1118236434943564
3302.1514849681753 -0.10949681939488747
3398.8212181526674 -0.1071824255052266
3498.320935775036 -0.10488287818335755
3600.73348498562 -0.10260046724041302
3706.144138266228 -0.10033734998253499
3814.640664431178 -0.09809554698573866
3926.3134017068355 -0.09587693945488157
4041.2553329506004 -0.09368326801442055
4159.562163071847 -0.09151613277839692
4281.332398719392 -0.08937699454938686
4406.667430301786 -0.08726717700088311
4535.671616408702 -0.08518786970374012
4668.45237070379 -0.08314013186504275
4805.1202513612425 -0.08112489665636774
4945.789053120639 -0.07914297601771275
5090.575902036681 -0.07719506583303634
5239.601353002645 -0.07528175138295684
5392.98949012887 -0.07340351299016039
5550.868030059805 -0.0715607317821839
5713.36842831558 -0.06975369550564715
5880.625988746757 -0.06798260433430256
6052.779976193349 -0.06624757662178211
6229.973732441841 -0.06454865455706295
6412.354795576917 -0.0628858096878042
6600.075022827095 -0.06125894828301976
6793.290717006696 -0.059667916512176296
6992.162756659375 -0.05811250542297838
7196.856730011514 -0.056592455704682895
7407.543072847163 -0.05510746222769518
7624.397210419138 -0.05365717835388885
7847.5997035146065 -0.0522412200149316
8077.3363987967105 -0.05085916955865904
8313.798583547334 -0.04951057936579085
8557.183144940002 -0.048194975240940026
8807.692733975462 -0.046911859583716985
9065.53593421636 -0.04566071434675337
9330.927435461663 -0.044441003788585606
9604.08821250538 -0.04325217703014484
9885.24570912827 -0.04209367042412268
10174.634027476064 -0.04096490974690553
10472.494122981476 -0.039865312223119516
10779.074004992735 -0.03879428839280509
11094.628943275218 -0.03775124383135061
11419.421680558647 -0.036735580732199166
11753.722651306367 -0.03574669936212733
12097.810206889013 -0.03478399939861852
12451.97084735032 -0.03384688115856665
12816.499459957597 -0.03293474672705157
13191.699564735716 -0.03204700099456312
13577.883567189278 -0.03118305261042472
13975.373018422924 -0.03034231485974705
14384.498882876629 -0.02952420647050431
14805.6018138991 -0.028728152356827782
15239.032437388305 -0.027953584303901196
15685.151643735446 -0.027199941599175933
16144.330888316019 -0.026466671614047175
16616.952500776908 -0.025753230339345998
17103.41000337838 -0.025059082877477167
17604.108438655527 -0.024383703893370055
18119.46470667122 -0.023726578025803767
18649.907912142942 -0.02308720026019821
19195.87972173111 -0.022465076263452607
19757.834731786996 -0.021859722681032773
20336.2408468667 -0.02127066739616186
20931.579669325736 -0.020697449750777197
21544.346900318822 -0.020139620727727136
22175.052752539294 -0.019596743093644262
22824.222375040976 -0.0190683915019816
23492.396290496577 -0.01855415255579059
24180.13084525718 -0.018053624830067238
24887.998672586673 -0.01756641885371405
25616.589169457267 -0.01709215705157536
26366.508987303554 -0.016630473647299665
27138.3825371428 -0.016181014528263666
27932.85250948253 -0.01574343707418217
28750.580409448772 -0.015317409951445652
29592.247107579577 -0.014902612875633901
30458.55340674284 -0.014498736345028566
31350.220625651124 -0.014105481348246362
32267.991199458116 -0.013722559049379315
33212.62929793748 -0.013349690454218374
34184.92146175927 -0.012986606061267805
35185.677257392665 -0.012633045501275949
36215.72995118075 -0.012288757169008286
37275.93720314938 -0.011953497850877704
38367.18178112649 -0.011627032351878508
39490.37229576694 -0.011309133125067294
40646.44395709628 -0.01099957990656045
41836.359353200234 -0.01069815935870864
43061.10925171165 -0.01040466472379337
44321.713424760856 -0.01011889549023685
45619.221498074585 -0.009840657072953387
46954.71382493421 -0.009569760509144794
48329.30238571752 -0.00930602217047783
49744.13171377451 -0.009049263492275889
51200.37984840882 -0.008799310720047838
52699.259315756564 -0.008555994673423073
54242.01813838024 -0.00831915052729154
55829.94087441914 -0.008088617609774662
57464.34968715974 -0.00786423921644983
59146.605445917456 -0.0076458624401195595
60878.108859147556 -0.007433338015304104
62660.30164072656 -0.007226520176547667
64494.667710376205 -0.00702526652957703
66382.73442923075 -0.006829437934317916
68326.07387157406 -0.006638898398762853
70326.30413380644 -0.006453514982684731
72385.09068173247 -0.006273157710232351
74504.14773728917 -0.006097699490448407
76685.2397058701 -0.005927016044830496
78930.18264543568 -0.005760985841077499
81240.84577862974 -0.005599490032236718
83619.15304916317 -0.005442412400531176
86067.08472376158 -0.005289639305190313
88586.67904100832 -0.0051410596336944414
91180.03390845681 -0.0049965647558819345
93849.3086494272 -0.004856048480445147
96596.72580093842 -0.004719407013385631
99424.57296427398 -0.004586538918060354
102335.20470972576 -0.004457345076497118
105331.04453709359 -0.0043317286517063945
108414.5868935835 -0.004209595050756549
111588.3992507748 -0.004090851888418153
114855.12424239368 -0.003975408951221906
118217.48186466724 -0.0038631781617971413
121678.27174109229 -0.0037540735433968598
125240.3754535072 -0.0036480111845267698
128906.75894140244 -0.003544909203625713
132680.47497147243 -0.0034446877137584682
136564.66567946097 -0.0033472687872993954
140562.56518642136 -0.0032525764205940818
144677.5022915648 -0.0031605364986043117
148912.90324394088 -0.0030710767595411637
153272.2945952612 -0.0029841267595048615
157759.30613623615 -0.002899617837155287
162377.67391887208 -0.002817483078433337
167131.2433672486 -0.002737657281368055
172023.97247935992 -0.002660076920998673
177059.9351226898 -0.0025846801144415884
182243.32442626648 -0.0025114065861386076
187578.45627201613 -0.0024401976333159026
193069.77288832495 -0.002370996091687699
198721.84654880533 -0.0023037463014357836
204539.38337933904 -0.002238394073492987
210527.22727657072 -0.002174886656159942
216690.3639411181 -0.002113172702082601
223033.9250288494 -0.0020532022356131913
229563.19242369095 -0.0019949266205794816
236283.6026355175 -0.0019382985284816733
243200.7513267945 -0.0018832719071370098
250320.39797173254 -0.001829801949787599
257648.47065183744 -0.001777845064688973
265191.0709918535 -0.0017273588451899326
272954.4792402007 -0.0016783020403162727
280945.1594981406 -0.0016306345258686788
289169.76510202966 -0.0015843172760401853
297635.14416313195 -0.001539312335565154
306348.3452696084 -0.0014955827923963097
315316.62335543614 -0.0014530927509223141
324547.44574113254 -0.001411807305721481
334048.4983513244 -0.001371692515855965
343827.6921143307 -0.0013327153797059713
353893.1695490984 -0.001294843810341883
364253.3115449638 -0.001258046611432986
374916.74433988857 -0.001222293453690775
385892.3467029899 -0.0011875548518408324
397189.25732733024 -0.001153802142121763
408816.88243912894 -0.0011210074603034412
420784.9036297398 -0.001089143720220808
433103.2859169001 -0.0010581845928170342
445782.28604197066 -0.0010281044856878022
458832.461010084 -0.000998878523122139
472264.67688029545 -0.0009704825266302818
486090.117813063 -0.0009428929959527929
500320.2953825999 -0.0009160870905412031
514967.0581618343 -0.0008900426115044641
530042.6015879672 -0.0008647379840099182
545559.4781168514 -0.0008401522401334313
561530.6076746266 -0.000816265002147975
577969.2884153313 -0.0007930564662430186
594889.2077934331 -0.0007705073866657746
612304.4539605178 -0.000748599060275956
630229.5274956024 -0.0007273133115048829
648679.3534788508 -0.0007066324777100148
667669.2939187557 -0.0006865393949175344
687215.1605431122 -0.0006670173839423946
707333.2279644439 -0.0006480502368791586
728040.2472308562 -0.0006296222039538407
749353.4597735757 -0.0006117179807286278
771290.6117627992 -0.0005943226956514794
793869.9688838223 -0.0005774218979422217
817110.3315457187 -0.0005610015458066313
841031.0505352605 -0.0005450479949710199
865652.0431290936 -0.0005295479875291836
890993.8096776098 -0.0005144886410938106
917077.4506742931 -0.0004998574382451405
943924.6843247664 -0.00048564221626894925
971557.8646301847 -0.00047183115717652535
1000000.0 -0.0004584127779999008
10.0 153.86535164036243
10.292747724096083 153.49689144796181
10.59406557118851 153.13410385151644
10.904204429677526 152.7772610594662
11.223422532664179 152.426603148661
11.551985672964793 152.0823366440091
11.890167424419898 151.7446334794815
12.238249369681931 151.41363036809628
12.596521334671401 151.0894286028261
12.965281629896682 150.77209430409764
13.344837298838383 150.46165912281634
13.735504373605137 150.15812140077782
14.137608138073606 149.8614477830617
14.551483398731937 149.57157526969374
14.977474763452017 149.28841368666244
15.415936928422726 149.0118485494154
15.867234973483178 148.74174428540456
16.331744666101677 148.47794777620553
16.80985277425364 148.22029217433422
17.301957388458945 147.96860094522413
17.808468253246822 147.72269208098984
18.329807108324356 147.48238242965363
18.866408039732583 147.24749208149683
19.418717841282557 147.0178487531396
19.987196386572506 146.793292109847
20.57231701189556 146.57367796740874
21.174566910357118 146.35888231668434
21.794447537529855 146.14880511652103
22.432475028984193 145.94337380415286
23.089180630041927 145.74254647631932
23.765111138110754 145.54631469909853
24.46082935796799 145.35470590975783
25.17691457037277 145.16778537967474
25.913963014396586 144.98565771348427
26.672588383874054 144.80846786595353
27.453422338387142 144.63640166458276
28.257115029208283 144.46968583247354
29.08433564064048 144.30858751250003
29.935772947204903 144.15341330016986
30.812135887140037 144.00450779868268
31.714154152689986 143.86225171549603
32.642578797673224 143.72705952511697
33.59818286283781 143.59937672778236
34.58176201952381 143.47967673810007
35.594135232168604 143.36845744155917
36.63614544020716 143.26623746001889
37.708660259934554 143.17355216984046
38.81257270691538 143.09094951820006
39.9488019395417 143.01898568432216
41.118294024358306 142.95822063290282
42.322022723792756 142.90921360688017
43.56099030694608 142.87251860598406
44.83622838411908 142.84867989621623
46.148798765769385 142.8382275936222
47.499794346614124 142.84167336349398
48.890340015614456 142.85950627354825
50.32159359259993 142.89218883674013
51.7947467923121 142.94015327626744
53.31102621667033 143.0037980420596
54.87169437608604 143.0834846047058
56.47805074067555 143.17953454939936
58.131432822247135 143.29222698912147
59.83321728796288 143.4217963129819
61.58482110660264 143.5684302824143
63.38770272838487 143.7322684847915
65.24336329932625 143.913401151001
67.15334791115141 144.11186834058802
69.11924688779365 144.32765949522945
71.14269710955735 144.56071335853312
73.22538337604533 144.81091825744448
75.36903980898542 145.07811273787615
77.57545129612417 145.36208654454157
79.84645497739086 145.66258193236845
82.18394177456803 145.979295294291
84.58985796574301 146.31187908768584
87.06620680585127 146.65994403924253
89.61505019466045 147.02306160568006
92.23851039358476 147.4007666654657
94.9387717927583 147.7925604146227
97.71808272983904 148.1979134378643
100.57875736205835 148.61626892472847
103.52317759307378 149.04704599916388
106.55379505623053 149.48964313017444
109.67313315588179 149.94344159073
112.88378916846884 150.40780893220526
116.18843640511002 150.88210244216393
119.58982643749793 151.3656725543507
123.09079138896018 151.85786618129234
126.69424629259063 152.35802994191175
130.40319151841317 152.86551325898782
134.2207152716012 153.37967130409325
138.14999616383224 153.8998677707416
142.19430585991677 154.42547745979894
146.357011801908 154.9558886646745
150.64158001295928 155.49050534731424
155.05157798326255 156.02874909948653
159.5906776404731 156.57006088718694
164.26265840709303 157.11390257912933
169.071410347358 157.6597582631469
174.0209374062485 158.2071353568708
179.115360743323 158.7555655212198
184.3589221641488 159.30460538701632
189.75598765218504 159.85383710642208
195.3110510040631 160.40286874186899
201.02873757128856 160.9513345057675
206.913808111479 161.49889486452926
212.97116275234782 162.0452365203906
219.20584507173257 162.59007228420575
225.62304629706352 163.13314085184285
232.22810962777245 163.67420649611879
239.02653468423918 164.21305868538903
246.02398208697775 164.74951163901852
253.22627816987946 165.28340382903932
260.63941983143474 165.8145974363806
268.26957952797244 166.34297776917396
276.1231104130753 166.86845264980025
284.2065516274511 167.39095177658604
292.5266337436645 167.91042606537005
301.09028437025927 168.4268469755554
309.9046339199427 168.94020582474315
318.97702154663216 169.4505130955921
328.3150012563047 169.95779773817148
337.9263481967431 170.462106470752
347.819065131413 170.96350308170884
358.00138910285807 171.46206773497715
368.48179829116765 171.95789628129597
379.26901907322497 172.4510995772914
390.37203328860926 172.94180281427876
401.8000857182091 173.4301448584954
413.5626917817706 173.9162776043109
425.66964546078714 174.4003653417911
438.13102745333055 174.88258413982058
450.9572135676145 175.36312124580576
464.15888336127773 175.84217450279476
477.7470290335773 176.31995178465675
491.73296457790156 176.79667044976628
506.1283352022219 177.2725568134358
520.9451270253212 177.74784563913656
536.1956770568817 178.22277964834626
551.892683469738 178.69760904865885
568.0492161728429 179.17259107959708
584.6787276937589 179.64798957537363
601.7950643797334 -179.8759254563374
619.412477926676 -179.39887824073526
637.5456372456507 -178.92058762862086
656.2096406767555 -178.44076747696542
675.4200285605586 -177.95912701891845
695.1927961775606 -177.47537122499534
715.5444070664574 -176.989201157316
736.4918067322965 -176.5003143188879
758.0524367559261 -176.00840500003912
780.2442493165045 -175.513164624207
803.0857221391512 -175.0142820953805
826.5958738801812 -174.5114441495746
850.7942799627444 -174.00433571278606
875.7010888760508 -173.49264026793708
901.3370389517438 -172.97604023336328
927.7234756314059 -172.4542173554339
954.8823692395666 -171.92685311791405
982.8363332770031 -171.39362917068328
1011.6086432495807 -170.8542277804122
1041.2232560483055 -170.30833230576823
1071.7048298967104 -169.755627699667
1103.078744882215 -169.19580104100916
1135.3711240885177 -168.62854209823763
1168.608855346651 -168.05354392691572
1202.8196136227775 -167.4705035033552
1238.0318840613968 -166.87912239611796
1274.2749857031336 -166.2791074769665
1311.5790958968503 -165.67017167254141
1349.9752754264298 -165.05203475770347
1389.4954943731375 -164.4244241910773
1430.172658735088 -163.78707599288157
1472.0406378260013 -163.13973566461516
1515.134292476053 -162.4821591495918
1559.4895040582815 -161.81411383267414
1605.1432043647615 -161.13537957685256
1652.1334063573702 -160.4457497935427
1700.4992358187922 -159.74503254264172
1750.2809639301013 -159.03305165749433
1801.520040802024 -158.3096478889732
1854.2591299878522 -157.57468006189129
1908.542144006686 -156.828026235945
1964.4142809066266 -156.06958486234174
2021.9220618983536 -155.29927592622852
2081.1133700903947 -154.5170420640065
2142.037490358383 -153.72284964363192
2204.7451503814746 -152.91668979508017
2269.288562880081 -152.09857937731954
2335.7214690901214 -151.2685618674327
2404.0991835099717 -150.42670815696886
2474.47863995735 -149.57311724024098
2546.91843897454 -148.70791677913132
2621.478896621356 -147.83126352906467
2698.222094696536 -146.94334361118317
2777.211932429355 -146.04437261642903
2858.5141796844714 -145.13459552823807
2942.196531724374 -144.2142864518712
3028.3286655749457 -143.28374814007358
3116.9822980411436 -142.34331130674738
3208.2312454210773 -141.3933337226342
3302.1514849681753 -140.4341990896067
3398.8212181526674 -139.46631569302605
3498.320935775036 -138.49011483468854
3600.73348498562 -137.5060490520937
3706.144138266228 -136.5145901330709
3814.640664431178 -135.51622693809819
3926.3134017068355 -134.5114630458911
4041.2553329506004 -133.50081424091343
4159.562163071847 -132.4848058643206
4281.332398719392 -131.46397005237918
4406.667430301786 -130.4388428885634
4535.671616408702 -129.4099614972448
4668.45237070379 -128.37786110810055
4805.1202513612425 -127.34307212105978
4945.789053120639 -126.30611720173621
5090.575902036681 -125.26750843687721
5239.601353002645 -124.22774457839824
5392.98949012887 -123.18730840309927
5550.868030059805 -122.14666421321668
5713.36842831558 -121.10625550061849
5880.625988746757 -120.0665027947555
6052.779976193349 -119.02780171152907
6229.973732441841 -117.99052121709475
6412.354795576917 -116.95500211738064
6600.075022827095 -115.92155578084328
6793.290717006696 -114.89046309877519
6992.162756659375 -113.86197368441279
7196.856730011514 -112.83630530920378
7407.543072847163 -111.81364357195918
7624.397210419138 -110.79414179425365
7847.5997035146065 -109.77792113340017
8077.3363987967105 -108.76507090260971
8313.798583547334 -107.75564908658286
8557.183144940002 -106.74968303973233
8807.692733975462 -105.74717035354134
9065.53593421636 -104.74807987914447
9330.927435461663 -103.75235289110398
9604.08821250538 -102.75990437847287
9885.24570912827 -101.77062444958857
10174.634027476064 -100.7843798375541
10472.494122981476 -99.80101549404695
10779.074004992735 -98.82035625986143
11094.628943275218 -97.84220860145706
11419.421680558647 -96.86636240366977
11753.722651306367 -95.89259280965506
12097.810206889013 -94.92066210001941
12451.97084735032 -93.95032160393905
12816.499459957597 -92.98131363585291
13191.699564735716 -92.01337345200966
13577.883567189278 -91.04623122175227
13975.373018422924 -90.07961400891077
14384.498882876629 -89.11324775904028
14805.6018138991 -88.1468592884806
15239.032437388305 -87.18017827131858
15685.151643735446 -86.2129392203092
16144.330888316019 -85.24488345764263
16616.952500776908 -84.27576107116448
17103.41000337838 -83.30533285122918
17604.108438655527 -82.33337220285016
18119.46470667122 -81.35966702716983
18649.907912142942 -80.38402156555799
19195.87972173111 -79.40625819885656
19757.834731786996 -78.42621919344909
20336.2408468667 -77.44376838496554
20931.579669325736 -76.45879278956141
21544.346900318822 -75.47120413187946
22175.052752539294 -74.4809402780034
22824.222375040976 -73.48796656104246
23492.396290496577 -72.49227698639672
24180.13084525718 -71.49389530336622
24887.998672586673 -70.4928759295409
25616.589169457267 -69.48930471443373
26366.508987303554 -68.48329952907659
27138.3825371428 -67.4750106688732
27932.85250948253 -66.46462105784596
28750.580409448772 -65.45234624360536
29592.247107579577 -64.43843417387245
30458.55340674284 -63.423164747219715
31350.220625651124 -62.4068491328303
32267.991199458116 -61.38982885652412
33212.62929793748 -60.37247465296894
34184.92146175927 -59.35518508691142
35185.677257392665 -58.338384949307326
36215.72995118075 -57.322523437379026
37275.93720314938 -56.308072130808895
38367.18178112649 -55.29552277937848
39490.37229576694 -54.285384920347205
40646.44395709628 -53.27818334663398
41836.359353200234 -52.274455449335996
43061.10925171165 -51.27474846022433
44321.713424760856 -50.27961662155127
45619.221498074585 -49.28961831171558
46954.71382493421 -48.305313156030564
48329.30238571752 -47.32725915199561
49744.13171377451 -46.35600983810633
51200.37984840882 -45.392111534325444
52699.259315756564 -44.43610068093064
54242.01813838024 -43.48850130054927
55829.94087441914 -42.54982260595243
57464.34968715974 -41.62055677349212
59146.605445917456 -40.70117689919937
60878.108859147556 -39.79213515143994
62660.30164072656 -38.89386113078599
64494.667710376205 -38.006760444574276
66382.73442923075 -37.13121350030223
68326.07387157406 -36.26757451899888
70326.30413380644 -35.416170766718054
72385.09068173247 -34.57730199961098
74504.14773728917 -33.751240115567136
76685.2397058701 -32.938229003266215
78930.18264543568 -32.13848457767776
81240.84577862974 -31.35219498952297
83619.15304916317 -30.579520994989075
86067.08472376158 -29.82059647125683
88586.67904100832 -29.07552906272406
91180.03390845681 -28.34440094265078
93849.3086494272 -27.627269674884502
96596.72580093842 -26.924169160607036
99424.57296427398 -26.235110655467395
102335.20470972576 -25.56008384303606
105331.04453709359 -24.899057951331475
108414.5868935835 -24.251982899933203
111588.3992507748 -23.61879046621548
114855.12424239368 -22.99939546012903
118217.48186466724 -22.393696898037618
121678.27174109229 -21.801579167084757
125240.3754535072 -21.222913172665113
128906.75894140244 -20.657557462327727
132680.47497147243 -20.10535932074736
136564.66567946097 -19.56615583089403
140562.56518642136 -19.039774897668373
144677.5022915648 -18.52603623091632
148912.90324394088 -18.02475228543396
153272.2945952612 -17.53572915631398
157759.30613623615 -17.058767428432
162377.67391887208 -16.593662979588867
167131.2433672486 -16.140207737046207
172023.97247935992 -15.698190387746866
177059.9351226898 -15.267397042857747
182243.32442626648 -14.84761185742805
187578.45627201613 -14.438617606374684
193069.77288832495 -14.040196218042341
198721.84654880533 -13.652129266869512
204539.38337933904 -13.2741984267245
210527.22727657072 -12.906185886631304
216690.3639411181 -12.547874730577538
223033.9250288494 -12.19904928328458
229563.19242369095 -11.859495423692273
236283.6026355175 -11.529000867921958
243200.7513267945 -11.207355423558015
250320.39797173254 -10.89435121705849
257648.47065183744 -10.589782895869567
265191.0709918535 -10.293447806971674
272954.4792402007 -10.005146153562908
280945.1594981406 -9.724681131254048
289169.76510202966 -9.451859045424705
297635.14416313195 -9.186489410978997
306348.3452696084 -8.92838503609025
315316.62335543614 -8.67736209089459
324547.44574113254 -8.433240162653131
334048.4983513244 -8.195842298377242
343827.6921143307 -7.964995035871366
353893.1695490984 -7.740528424483528
364253.3115449638 -7.522276036213194
374916.74433988857 -7.310074968273819
385892.3467029899 -7.1037658378039845
397189.25732733024 -6.903192769525387
408816.88243912894 -6.7082033770942155
420784.9036297398 -6.518648738797664
433103.2859169001 -6.334383368024167
445782.28604197066 -6.155265179481731
458832.461010084 -5.981155451198457
472264.67688029545 -5.811918783191286
486090.117813063 -5.647423052920775
500320.2953825999 -5.4875393682007
514967.0581618343 -5.332142017807109
530042.6015879672 -5.181108420048782
545559.4781168514 -5.034319069829917
561530.6076746266 -4.891657484281708
577969.2884153313 -4.753010147271532
594889.2077934331 -4.618266453186368
612304.4539605178 -4.487318649972443
630229.5274956024 -4.360061781631873
648679.3534788508 -4.2363936307210395
667669.2939187557 -4.1162146604156105
687215.1605431122 -3.9994279568662807
707333.2279644439 -3.8859391715498113
728040.2472308562 -3.7756564637867376
749353.4597735757 -3.668490443993004
771290.6117627992 -3.5643541170512334
793869.9688838223 -3.463162826256636
817110.3315457187 -3.3648341980173795
841031.0505352605 -3.269288087177762
865652.0431290936 -3.1764465229641297
890993.8096776098 -3.08623365573394
917077.4506742931 -2.9985757047794723
943924.6843247664 -2.9134009064527557
971557.8646301847 -2.830639463737314
1000000.0 -2.750223496307394
