10.0 -0.04398367187313279
10.292747724096083 -0.04521525707314308
10.59406557118851 -0.04647924951497954
10.904204429677526 -0.04777643158658831
11.223422532664179 -0.049107609465888165
11.551985672964793 -0.05047361497011023
11.890167424419898 -0.05187530755984374
12.238249369681931 -0.053313576497647515
12.596521334671401 -0.05478934315900486
12.965281629896682 -0.05630356349112501
13.344837298838383 -0.0578572306127759
13.735504373605137 -0.05945137754586698
14.137608138073606 -0.061087080067153667
14.551483398731937 -0.06276545966608985
14.977474763452017 -0.06448768659273252
15.415936928422726 -0.0662549829776912
15.867234973483178 -0.0680686260046067
16.331744666101677 -0.06992995111443137
16.80985277425364 -0.0718403552202452
17.301957388458945 -0.07380129991111618
17.808468253246822 -0.07581431462412351
18.329807108324356 -0.07788099976475785
18.866408039732583 -0.08000302975759528
19.418717841282557 -0.08218215601166581
19.987196386572506 -0.08442020978775075
20.57231701189556 -0.08671910495840214
21.174566910357118 -0.08908084065535353
21.794447537529855 -0.09150750380323777
22.432475028984193 -0.09400127154301638
23.089180630041927 -0.0965644135530328
23.765111138110754 -0.09919929428021587
24.46082935796799 -0.1019083750982765
25.17691457037277 -0.10469421641387866
25.913963014396586 -0.10755947974547812
26.672588383874054 -0.11050692980280538
27.453422338387142 -0.11353943659767626
28.257115029208283 -0.11665997761887649
29.08433564064048 -0.11987164010554277
29.935772947204903 -0.12317762345410528
30.812135887140037 -0.1265812417943522
31.714154152689986 -0.1300859267697853
32.642578797673224 -0.13369523055651975
33.59818286283781 -0.13741282915387698
34.58176201952381 -0.14124252597796547
35.594135232168604 -0.14518825578755903
36.63614544020716 -0.14925408896931677
37.708660259934554 -0.15344423620684636
38.81257270691538 -0.15776305355551778
39.9488019395417 -0.16221504794216204
41.118294024358306 -0.1668048831060387
42.322022723792756 -0.1715373859945886
43.56099030694608 -0.17641755362463507
44.83622838411908 -0.18145056041689006
46.148798765769385 -0.18664176600854443
47.499794346614124 -0.19199672354582473
48.890340015614456 -0.19752118845531288
50.32159359259993 -0.20322112768943737
51.7947467923121 -0.2091027294381329
53.31102621667033 -0.2151724132949796
54.87169437608604 -0.2214368408618984
56.47805074067555 -0.22790292677217175
58.131432822247135 -0.23457785010654322
59.83321728796288 -0.24146906617177658
61.58482110660264 -0.24858431860506283
63.38770272838487 -0.25593165176110616
65.24336329932625 -0.2635194233315334
67.15334791115141 -0.2713563171384516
69.11924688779365 -0.27945135603562077
71.14269710955735 -0.2878139148416188
73.22538337604533 -0.29645373321981033
75.36903980898542 -0.30538092841017583
77.57545129612417 -0.31460600770738517
79.84645497739086 -0.32413988056944953
82.18394177456803 -0.33399387023049304
84.58985796574301 -0.3441797246813146
87.06620680585127 -0.3547096268715929
89.61505019466045 -0.3655962039788948
92.23851039358476 -0.37685253558213605
94.9387717927583 -0.3884921605711106
97.71808272983904 -0.4005290826198595
100.57875736205835 -0.4129777740501655
103.52317759307378 -0.4258531779127949
106.55379505623053 -0.4391707081190362
109.67313315588179 -0.4529462474633096
112.88378916846884 -0.46719614339054005
116.18843640511002 -0.4819372013785161
119.58982643749793 -0.4971866758273095
123.09079138896018 -0.5129622583736405
126.69424629259063 -0.529282063578953
130.40319151841317 -0.5461646119746206
134.2207152716012 -0.5636288104867008
138.14999616383224 -0.5816939303042259
142.19430585991677 -0.6003795822993576
146.357011801908 -0.6197056901531346
150.64158001295928 -0.6396924613856726
155.05157798326255 -0.6603603565336026
159.5906776404731 -0.6817300567579481
164.26265840709303 -0.7038224302019249
169.071410347358 -0.7266584974470509
174.0209374062485 -0.750259396437562
179.115360743323 -0.7746463472547002
184.3589221641488 -0.7998406171231379
189.75598765218504 -0.8258634860201456
195.3110510040631 -0.8527362132348845
201.02873757128856 -0.8804800051870341
206.913808111479 -0.9091159847651837
212.97116275234782 -0.9386651623826926
219.20584507173257 -0.9691484088755037
225.62304629706352 -1.0005864302837544
232.22810962777245 -1.032999744467942
239.02653468423918 -1.0664086594145485
246.02398208697775 -1.1008332529865825
253.22627816987946 -1.136293353773942
260.63941983143474 -1.172808522601387
268.26957952797244 -1.2103980341577028
276.1231104130753 -1.249080858122873
284.2065516274511 -1.2888756390915783
292.5266337436645 -1.3298006745243984
301.09028437025927 -1.3718738898999672
309.9046339199427 -1.415112810199074
318.97702154663216 -1.459534526819188
328.3150012563047 -1.505155659000029
337.9263481967431 -1.55199230883428
347.819065131413 -1.6000600089435388
358.00138910285807 -1.6493736619160269
368.48179829116765 -1.6999474706296864
379.26901907322497 -1.751794858619236
390.37203328860926 -1.804928379690279
401.8000857182091 -1.859359616034362
413.5626917817706 -1.9150990641559016
425.66964546078714 -1.9721560079864329
438.13102745333055 -2.030538378630889
450.9572135676145 -2.090252600266877
464.15888336127773 -2.151303421799484
477.7470290335773 -2.2136937339667364
491.73296457790156 -2.2774243716858154
506.1283352022219 -2.3424939015426043
520.9451270253212 -2.408898394444753
536.1956770568817 -2.476631183593013
551.892683469738 -2.5456826080751185
568.0492161728429 -2.6160397425519526
584.6787276937589 -2.6876861136931516
601.7950643797334 -2.760601404224474
619.412477926676 -2.8347611456832764
637.5456372456507 -2.9101364012296456
656.2096406767555 -2.9866934401458964
675.4200285605586 -3.0643934059619866
695.1927961775606 -3.1431919804807436
715.5444070664574 -3.2230390463351384
736.4918067322965 -3.3038783510950775
758.0524367559261 -3.3856471763452856
780.2442493165045 -3.4682760155789665
803.0857221391512 -3.551688265185414
826.5958738801812 -3.635799933249422
850.7942799627444 -3.7205193713135993
875.7010888760508 -3.805747034678481
901.3370389517438 -3.89137527720859
927.7234756314059 -3.977288186965982
954.8823692395666 -4.063361469296369
982.8363332770031 -4.149462384217113
1011.6086432495807 -4.235449745092076
1041.2232560483055 -4.3211739856080476
1071.7048298967104 -4.406477301960979
1103.078744882215 -4.491193876911683
1135.3711240885177 -4.57515019195017
1168.608855346651 -4.658165433207296
1202.8196136227775 -4.740051995955898
1238.0318840613968 -4.82061609153284
1274.2749857031336 -4.899658459304442
1311.5790958968503 -4.97697518486768
1349.9752754264298 -5.052358624050289
1389.4954943731375 -5.125598430466473
1430.172658735088 -5.196482682401608
1472.0406378260013 -5.264799102707551
1515.134292476053 -5.3303363631994705
1559.4895040582815 -5.392885462826841
1605.1432043647615 -5.452241166699158
1652.1334063573702 -5.508203490938664
1700.4992358187922 -5.560579216389868
1750.2809639301013 -5.609183412493914
1801.520040802024 -5.653840951219982
1854.2591299878522 -5.6943879898880425
1908.542144006686 -5.730673401088126
1964.4142809066266 -5.762560127737924
2021.9220618983536 -5.789926441668707
2081.1133700903947 -5.812667084996961
2142.037490358383 -5.830694274944298
2204.7451503814746 -5.843938554666517
2269.288562880081 -5.852349475049602
2335.7214690901214 -5.855896095216897
2404.0991835099717 -5.854567292654935
2474.47863995735 -5.848371877267722
2546.91843897454 -5.837338507251742
2621.478896621356 -5.821515408318883
2698.222094696536 -5.800969901389878
2777.211932429355 -5.775787747326259
2858.5141796844714 -5.746072320462431
2942.196531724374 -5.711943625565927
3028.3286655749457 -5.673537175303948
3116.9822980411436 -5.631002747282634
3208.2312454210773 -5.584503041204923
3302.1514849681753 -5.5342122576499575
3398.8212181526674 -5.480314620402652
3498.320935775036 -5.423002864180481
3600.73348498562 -5.362476709043839
3706.144138266228 -5.298941341784383
3814.640664431178 -5.23260592321997
3926.3134017068355 -5.163682138649369
4041.2553329506004 -5.092382806804924
4159.562163071847 -5.018920560555697
4281.332398719392 -4.943506610430016
4406.667430301786 -4.8663495998063
4535.671616408702 -4.7876545584259524
4668.45237070379 -4.707621958766728
4805.1202513612425 -4.626446877813563
4945.789053120639 -4.5443182649309115
5090.575902036681 -4.461418314873999
5239.601353002645 -4.3779219435238605
5392.98949012887 -4.29399636268028
5550.868030059805 -4.209800749206849
5713.36842831558 -4.125486002997452
5880.625988746757 -4.041194587598064
6052.779976193349 -3.9570604468789714
6229.973732441841 -3.8732089908730023
6412.354795576917 -3.789757143778721
6600.075022827095 -3.706813447136108
6793.290717006696 -3.6244782113083978
6992.162756659375 -3.542843708624385
7196.856730011514 -3.461994401830751
7407.543072847163 -3.382007201860403
7624.397210419138 -3.302951749320729
7847.5997035146065 -3.2248907145332844
8077.3363987967105 -3.1478801114006956
8313.798583547334 -3.071969620828289
8557.183144940002 -2.9972029198737538
8807.692733975462 -2.9236180132344654
9065.53593421636 -2.8512475641062687
9330.927435461663 -2.7801192218425834
9604.08821250538 -2.710255944221777
9885.24570912827 -2.641676312477698
10174.634027476064 -2.574394837570816
10472.494122981476 -2.508422256469238
10779.074004992735 -2.443765817473134
11094.628943275218 -2.3804295538546287
11419.421680558647 -2.31841454529148
11753.722651306367 -2.257719166761144
12097.810206889013 -2.1983393247184164
12451.97084735032 -2.1402686805208826
12816.499459957597 -2.0834988611810052
13191.699564735716 -2.028019657623826
13577.883567189278 -1.9738192107106183
13975.373018422924 -1.9208841853532892
14384.498882876629 -1.8691999330994777
14805.6018138991 -1.818750643606425
15239.032437388305 -1.7695194854529726
15685.151643735446 -1.7214887367595941
16144.330888316019 -1.6746399060992154
16616.952500776908 -1.628953844188296
17103.41000337838 -1.584410846847085
17604.108438655527 -1.5409907497169797
18119.46470667122 -1.4986730152103256
18649.907912142942 -1.45743681216207
19195.87972173111 -1.4172610886356953
19757.834731786996 -1.378124638321697
20336.2408468667 -1.3400061609512295
20931.579669325736 -1.302884317127812
21544.346900318822 -1.2667377779626416
22175.052752539294 -1.231545269881204
22824.222375040976 -1.1972856149478783
23492.396290496577 -1.1639377670387858
24180.13084525718 -1.131480844172868
24887.998672586673 -1.0998941572940661
25616.589169457267 -1.069157235780017
26366.508987303554 -1.0392498499342753
27138.3825371428 -1.0101520307048064
27932.85250948253 -0.9818440868538851
28750.580409448772 -0.9543066197905016
29592.247107579577 -0.9275205362619785
30458.55340674284 -0.9014670590873579
31350.220625651124 -0.8761277361034674
32267.991199458116 -0.8514844474807237
33212.62929793748 -0.8275194115559396
34184.92146175927 -0.8042151893173978
35185.677257392665 -0.7815546876679738
36215.72995118075 -0.7595211615826563
37275.93720314938 -0.7380982152670407
38367.18178112649 -0.7172698024163671
39490.37229576694 -0.6970202256659104
40646.44395709628 -0.677334135316566
41836.359353200234 -0.6581965274128506
43061.10925171165 -0.6395927412443613
44321.713424760856 -0.6215084563352874
45619.221498074585 -0.6039296889821798
46954.71382493421 -0.586842788393989
48329.30238571752 -0.5702344324847436
49744.13171377451 -0.5540916233642771
51200.37984840882 -0.5384016825687311
52699.259315756564 -0.5231522460687631
54242.01813838024 -0.508331259090084
55829.94087441914 -0.4939269707775479
57464.34968715974 -0.4799279287316612
59146.605445917456 -0.4663229734429475
60878.108859147556 -0.453101232648027
62660.30164072656 -0.4402521156280402
64494.667710376205 -0.427765307469006
66382.73442923075 -0.41563076330084286
68326.07387157406 -0.40383870253081994
70326.30413380644 -0.39237960308491937
72385.09068173247 -0.3812441956696916
74504.14773728917 -0.37042345806551064
76685.2397058701 -0.35990860946098635
78930.18264543568 -0.3496911048371197
81240.84577862974 -0.3397626294089771
83619.15304916317 -0.3301150931313126
86067.08472376158 -0.3207406252742241
88586.67904100832 -0.3116315690736127
91180.03390845681 -0.3027804764610065
93849.3086494272 -0.2941801028762558
96596.72580093842 -0.28582340216636654
99424.57296427398 -0.27770352157288114
102335.20470972576 -0.2698137968100237
105331.04453709359 -0.2621477472352298
108414.5868935835 -0.2546990711133008
111588.3992507748 -0.24746164097515483
114855.12424239368 -0.24042949907172764
118217.48186466724 -0.23359685292337415
121678.27174109229 -0.22695807096477846
125240.3754535072 -0.22050767828528783
128906.75894140244 -0.2142403524642134
132680.47497147243 -0.2081509195005905
136564.66567946097 -0.20223434983668878
140562.56518642136 -0.1964857544744081
144677.5022915648 -0.19090038118354188
148912.90324394088 -0.18547361080092195
153272.2945952612 -0.180200953619189
157759.30613623615 -0.17507804586387088
162377.67391887208 -0.17010064625763305
167131.2433672486 -0.16526463267006397
172023.97247935992 -0.16056599885175535
177059.9351226898 -0.1560008512510763
182243.32442626648 -0.15156540591217
187578.45627201613 -0.14725598545265153
193069.77288832495 -0.14306901611938821
198721.84654880533 -0.13900102492084687
204539.38337933904 -0.13504863683439458
210527.22727657072 -0.1312085720869817
216690.3639411181 -0.12747764350759433
223033.9250288494 -0.12385275394993835
229563.19242369095 -0.12033089378372269
236283.6026355175 -0.11690913845304396
243200.7513267945 -0.11358464610024356
250320.39797173254 -0.1103546552537711
257648.47065183744 -0.1072164825784854
265191.0709918535 -0.10416752068690746
272954.4792402007 -0.10120523600993797
280945.1594981406 -0.098327166725591
289169.76510202966 -0.09553092074428876
297635.14416313195 -0.09281417374932534
306348.3452696084 -0.09017466729105807
315316.62335543614 -0.08761020693353928
324547.44574113254 -0.08511866045217485
334048.4983513244 -0.08269795608113308
343827.6921143307 -0.08034608080920905
353893.1695490984 -0.07806107872287579
364253.3115449638 -0.07584104939528766
374916.74433988857 -0.07368414632003456
385892.3467029899 -0.07158857538844673
397189.25732733024 -0.06955259340931301
408816.88243912894 -0.06757450666986235
420784.9036297398 -0.0656526695369227
433103.2859169001 -0.06378548309715429
445782.28604197066 -0.06197139383533196
458832.461010084 -0.060208892349621734
472264.67688029545 -0.058496512102858
486090.117813063 -0.056832828208856774
500320.2953825999 -0.0552164562527825
514967.0581618343 -0.053646051144648724
530042.6015879672 -0.052120306005059354
545559.4781168514 -0.050637951082280655
561530.6076746266 -0.049197752699802894
577969.2884153313 -0.04779851223352921
594889.2077934331 -0.046439065117800396
612304.4539605178 -0.045118279879428964
630229.5274956024 -0.04383505719899453
648679.3534788508 -0.0425883289986154
667669.2939187557 -0.04137705755548857
687215.1605431122 -0.0402002346404588
707333.2279644439 -0.0390568806809323
728040.2472308562 -0.03794604394744839
749353.4597735757 -0.036866799763256124
771290.6117627992 -0.035818249736245714
793869.9688838223 -0.03479952101261123
817110.3315457187 -0.03380976555163998
841031.0505352605 -0.03284815942103062
865652.0431290936 -0.03191390211216546
890993.8096776098 -0.031006215874779686
917077.4506742931 -0.030124345070480202
943924.6843247664 -0.029267555544582533
971557.8646301847 -0.028435134015754586
1000000.0 -0.027626387482958634
10.0 57.75870061385996
10.292747724096083 57.00821317402996
10.59406557118851 56.248866732025085
10.904204429677526 55.48109655894606
11.223422532664179 54.7053668225646
11.551985672964793 53.92216972726708
11.890167424419898 53.132024434160826
12.238249369681931 52.33547576126463
12.596521334671401 51.53309266674534
12.965281629896682 50.725466521331526
13.344837298838383 49.91320917926726
13.735504373605137 49.09695086038784
14.137608138073606 48.277337859029636
14.551483398731937 47.455030098444965
14.977474763452017 46.630698552103304
15.415936928422726 45.805022555646346
15.867234973483178 44.97868703525891
16.331744666101677 44.15237967976348
16.80985277425364 43.326788084795524
17.301957388458945 42.5025968979413
17.808468253246822 41.68048499370111
18.329807108324356 40.86112270658107
18.866408039732583 40.04516914953223
19.418717841282557 39.23326964337826
19.987196386572506 38.426053280850226
20.57231701189556 37.624130646436875
21.174566910357118 36.82809171052883
21.794447537529855 36.03850391336256
22.432475028984193 35.25591045113119
23.089180630041927 34.480828773406586
23.765111138110754 33.71374929778722
24.46082935796799 32.95513434452374
25.17691457037277 32.2054172908445
25.913963014396586 31.465001941866817
26.672588383874054 30.73426211238341
27.453422338387142 30.013541411495943
28.257115029208283 29.30315322005734
29.08433564064048 28.603380849195297
29.935772947204903 27.914477866832357
30.812135887140037 27.23666857808504
31.714154152689986 26.570148644709526
32.642578797673224 25.915085828344957
33.59818286283781 25.27162084216379
34.58176201952381 24.639868295646814
35.594135232168604 24.01991771752696
36.63614544020716 23.41183464246027
37.708660259934554 22.815661747653206
38.81257270691538 22.231420026470214
39.9488019395417 21.65910998693635
41.118294024358306 21.09871286400716
42.322022723792756 20.550191835477875
43.56099030694608 20.01349323242217
44.83622838411908 19.488547736069155
46.148798765769385 18.975271554027326
47.499794346614124 18.473567569732886
48.890340015614456 17.983326459925546
50.32159359259993 17.504427775829125
51.7947467923121 17.036740984530045
53.31102621667033 16.58012646780099
54.87169437608604 16.134436476306114
56.47805074067555 15.699516037747761
58.131432822247135 15.275203818073866
59.83321728796288 14.86133293536026
61.58482110660264 14.457731726417009
63.38770272838487 14.064224466544069
65.24336329932625 13.68063204318439
67.15334791115141 13.306772584493986
69.11924688779365 12.942462044074274
71.14269710955735 12.587514743294829
73.22538337604533 12.241743872779548
75.36903980898542 11.90496195473986
77.57545129612417 11.576981267918331
79.84645497739086 11.257614236959114
82.18394177456803 10.946673788051214
84.58985796574301 10.643973672699332
87.06620680585127 10.349328761468353
89.61505019466045 10.06255530952398
92.23851039358476 9.783471195755252
94.9387717927583 9.511896137217894
97.71808272983904 9.247651880581335
100.57875736205835 8.99056237219931
103.52317759307378 8.740453908355377
106.55379505623053 8.497155267161553
109.67313315588179 8.260497823512138
112.88378916846884 8.030315648416213
116.18843640511002 7.806445593952782
119.58982643749793 7.588727365012336
123.09079138896018 7.377003578908696
126.69424629259063 7.171119813866363
130.40319151841317 6.970924647311575
134.2207152716012 6.776269684820398
138.14999616383224 6.58700958050544
142.19430585991677 6.403002049554624
146.357011801908 6.224107873570696
150.64158001295928 6.050190899300606
155.05157798326255 5.881118031288563
159.5906776404731 5.716759218936535
164.26265840709303 5.556987438411474
169.071410347358 5.40167866979922
174.0209374062485 5.2507118698716
179.115360743323 5.103968940804686
184.3589221641488 4.961334695163479
189.75598765218504 4.822696817450051
195.3110510040631 4.687945822498313
201.02873757128856 4.556975010989191
206.913808111479 4.429680422353399
212.97116275234782 4.305960785325393
219.20584507173257 4.185717466410492
225.62304629706352 4.068854416526896
232.22810962777245 3.9552781160846355
239.02653468423918 3.844897518764094
246.02398208697775 3.7376239942567198
253.22627816987946 3.6333712702295364
260.63941983143474 3.5320553737728724
268.26957952797244 3.4335945725869035
276.1231104130753 3.337909316156857
284.2065516274511 3.2449221771593635
292.5266337436645 3.154557793332994
301.09028437025927 3.0667428100350462
309.9046339199427 2.981405823693708
318.97702154663216 2.8984773263506334
328.3150012563047 2.8178896514734366
337.9263481967431 2.73957692120095
347.819065131413 2.663474995166707
358.00138910285807 2.589521421027972
368.48179829116765 2.5176553868088365
379.26901907322497 2.4478176751469056
390.37203328860926 2.3799506195136466
401.8000857182091 2.3139980624587557
413.5626917817706 2.249905315909175
425.66964546078714 2.1876191235334197
438.13102745333055 2.127087625161897
450.9572135676145 2.068260323233898
464.15888336127773 2.0110880512221767
477.7470290335773 1.9555229439663953
491.73296457790156 1.9015184098275535
506.1283352022219 1.849029104557058
520.9451270253212 1.7980109067565593
536.1956770568817 1.7484208947883326
551.892683469738 1.700217324981364
568.0492161728429 1.6533596109656647
584.6787276937589 1.607808303957002
601.7950643797334 1.5635250738068425
619.412477926676 1.5204726906279664
637.5456372456507 1.4786150068052912
656.2096406767555 1.4379169392042634
675.4200285605586 1.3983444513957621
695.1927961775606 1.3598645357268186
715.5444070664574 1.3224451950805327
736.4918067322965 1.2860554241861066
758.0524367559261 1.2506651903605297
780.2442493165045 1.2162454135865652
803.0857221391512 1.1827679458569014
826.5958738801812 1.150205549740744
850.7942799627444 1.118531876156083
875.7010888760508 1.0877214413576743
901.3370389517438 1.0577496031765228
927.7234756314059 1.0285925365707136
954.8823692395666 1.0002272085691961
982.8363332770031 0.972631352708911
1011.6086432495807 0.94578344308112
1041.2232560483055 0.9196626681146544
1071.7048298967104 0.8942489042318292
1103.078744882215 0.869522689516947
1135.3711240885177 0.8454651975378682
1168.608855346651 0.8220582114580746
1202.8196136227775 0.7992840985705782
1238.0318840613968 0.7771257853760838
1274.2749857031336 0.75556673331671
1311.5790958968503 0.734590915263641
1349.9752754264298 0.7141827928428618
1389.4954943731375 0.6943272946682477
1430.172658735088 0.6750097955360131
1472.0406378260013 0.6562160966194514
1515.134292476053 0.6379324066883595
1559.4895040582815 0.6201453243637941
1605.1432043647615 0.6028418214061809
1652.1334063573702 0.586009227023449
1700.4992358187922 0.5696352131758678
1750.2809639301013 0.5537077808457865
1801.520040802024 0.5382152472334456
1854.2591299878522 0.5231462338344363
1908.542144006686 0.5084896553502206
1964.4142809066266 0.49423470938019404
2021.9220618983536 0.48037086684206803
2081.1133700903947 0.4668878630666652
2142.037490358383 0.4537756895134507
2204.7451503814746 0.44102458605415507
2269.288562880081 0.4286250337734847
2335.7214690901214 0.41656774823809284
2404.0991835099717 0.4048436731875533
2474.47863995735 0.3934439746039368
2546.91843897454 0.3823600351196088
2621.478896621356 0.3715834487260455
2698.222094696536 0.3611060157496122
2777.211932429355 0.35091973806340726
2858.5141796844714 0.34101681450734544
2942.196531724374 0.3313896364915897
3028.3286655749457 0.32203078376125416
3116.9822980411436 0.3129330203029203
3208.2312454210773 0.30408929037596216
3302.1514849681753 0.2954927146539281
3398.8212181526674 0.2871365864632874
3498.320935775036 0.27901436810871133
3600.73348498562 0.2711196872757489
3706.144138266228 0.26344633350323876
3814.640664431178 0.255988254719133
3926.3134017068355 0.24873955383457486
4041.2553329506004 0.2416944853920713
4159.562163071847 0.23484745226449705
4281.332398719392 0.22819300240239762
4406.667430301786 0.22172582562770726
4535.671616408702 0.215440750472526
4668.45237070379 0.209332741062041
4805.1202513612425 0.2033968940410405
4945.789053120639 0.19762843554375747
5090.575902036681 0.19202271820700645
5239.601353002645 0.1865752182267558
5392.98949012887 0.18128153245839676
5550.868030059805 0.17613737556106435
5713.36842831558 0.17113857718642433
5880.625988746757 0.1662810792123552
6052.779976193349 0.1615609330219688
6229.973732441841 0.15697429682839686
6412.354795576917 0.15251743304573454
6600.075022827095 0.14818670570650042
6793.290717006696 0.143978577925914
6992.162756659375 0.13988960941323914
7196.856730011514 0.1359164540303812
7407.543072847163 0.13205585739785627
7624.397210419138 0.12830465454819498
7847.5997035146065 0.1246597676267658
8077.3363987967105 0.12111820363994927
8313.798583547334 0.11767705225052583
8557.183144940002 0.11433348362007777
8807.692733975462 0.11108474629815268
9065.53593421636 0.10792816515787809
9330.927435461663 0.10486113937766305
9604.08821250538 0.10188114046857917
9885.24570912827 0.09898571034696693
10174.634027476064 0.09617245945176771
10472.494122981476 0.09343906490605589
10779.074004992735 0.09078326872219702
11094.628943275218 0.08820287605004228
11419.421680558647 0.0856957534675305
11753.722651306367 0.08325982731305506
12097.810206889013 0.0808930820589258
12451.97084735032 0.0785935587252416
12816.499459957597 0.07635935333347448
13191.699564735716 0.07418861539905457
13577.883567189278 0.07207954646223148
13975.373018422924 0.07003039865648752
14384.498882876629 0.0680394733137665
14805.6018138991 0.06610511960578132
15239.032437388305 0.06422573322066302
15685.151643735446 0.06239975507421343
16144.330888316019 0.06062567005502111
16616.952500776908 0.058902005802714874
17103.41000337838 0.05722733151861775
17604.108438655527 0.05560025680808222
18119.46470667122 0.05401943055379063
18649.907912142942 0.0524835398193062
19195.87972173111 0.05099130878217666
19757.834731786996 0.049541497695895116
20336.2408468667 0.04813290188003224
20931.579669325736 0.04676435073786658
21544.346900318822 0.04543470680084599
22175.052752539294 0.044142864799223115
22824.222375040976 0.042887750758220766
23492.396290496577 0.041668321119090274
24180.13084525718 0.04048356188443516
24887.998672586673 0.03933248778718696
25616.589169457267 0.038214141482624565
26366.508987303554 0.03712759276284082
27138.3825371428 0.03607193779307125
27932.85250948253 0.035046298369306256
28750.580409448772 0.03404982119661948
29592.247107579577 0.033081677187655346
30458.55340674284 0.0321410607807272
31350.220625651124 0.031227189276986218
32267.991199458116 0.030339302196135152
33212.62929793748 0.02947666065016556
34184.92146175927 0.02863854673461212
35185.677257392665 0.02782426293682591
36215.72995118075 0.02703313156078084
37275.93720314938 0.02626449416793699
38367.18178112649 0.02551771103369991
39490.37229576694 0.02479216061902398
40646.44395709628 0.024087239056721662
41836.359353200234 0.02340235965205605
43061.10925171165 0.022736952397203063
44321.713424760856 0.022090463499186894
45619.221498074585 0.021462354920905678
46954.71382493421 0.02085210393487545
48329.30238571752 0.02025920268933784
49744.13171377451 0.019683157786387236
51200.37984840882 0.01912348987178813
52699.259315756564 0.018579733236165127
54242.01813838024 0.018051435427259985
55829.94087441914 0.017538156872961484
57464.34968715974 0.01703947051482502
59146.605445917456 0.016554961451807945
60878.108859147556 0.016084226593955444
62660.30164072656 0.01562687432578109
64494.667710376205 0.015182524179092948
66382.73442923075 0.014750806515022436
68326.07387157406 0.014331362215020056
70326.30413380644 0.013923842380587418
72385.09068173247 0.013527908041519175
74504.14773728917 0.013143229872434116
76685.2397058701 0.012769487917378305
78930.18264543568 0.0124063713222865
81240.84577862974 0.012053578075093364
83619.15304916317 0.011710814753287913
86067.08472376158 0.011377796278709117
88586.67904100832 0.011054245679384124
91180.03390845681 0.010739893858213868
93849.3086494272 0.010434479368314292
96596.72580093842 0.010137748194825913
99424.57296427398 0.009849453543007473
102335.20470972576 0.009569355632433432
105331.04453709359 0.009297221497120155
108414.5868935835 0.009032824791407672
111588.3992507748 0.0087759456014305
114855.12424239368 0.008526370262013134
118217.48186466724 0.008283891178831685
121678.27174109229 0.0080483066556864
125240.3754535072 0.007819420726734473
128906.75894140244 0.00759704299353729
132680.47497147243 0.0073809884667795965
136564.66567946097 0.007171077412523087
140562.56518642136 0.006967135202860602
144677.5022915648 0.006768992170841544
148912.90324394088 0.006576483469542707
153272.2945952612 0.0063894489351629235
157759.30613623615 0.006207732954023704
162377.67391887208 0.006031184333361505
167131.2433672486 0.0058596561758010365
172023.97247935992 0.005693005757402536
177059.9351226898 0.00553109440917899
182243.32442626648 0.0053737874019828755
187578.45627201613 0.005220953834664948
193069.77288832495 0.005072466525410591
198721.84654880533 0.00492820190616217
204539.38337933904 0.004788039920038859
210527.22727657072 0.004651863921667695
216690.3639411181 0.004519560580342694
223033.9250288494 0.004391019785930953
229563.19242369095 0.004266134557447476
236283.6026355175 0.004144800954222562
243200.7513267945 0.0040269179895877985
250320.39797173254 0.003912387547009206
257648.47065183744 0.003801114298597884
265191.0709918535 0.0036930056259305744
272954.4792402007 0.0035879715431147738
280945.1594981406 0.0034859246220346344
289169.76510202966 0.0033867799197158455
297635.14416313195 0.0032904549077495716
306348.3452696084 0.0031968694037170626
315316.62335543614 0.0031059455045583805
324547.44574113254 0.003017607521830153
334048.4983513244 0.0029317819187990326
343827.6921143307 0.0028483972493188697
353893.1695490984 0.0027673840984411362
364253.3115449638 0.002688675024709656
374916.74433988857 0.0026122045040919773
385892.3467029899 0.002537908875501098
397189.25732733024 0.002465726287862607
408816.88243912894 0.0023955966486835277
420784.9036297398 0.002327461574080378
433103.2859169001 0.0022612643402251573
445782.28604197066 0.002196949836169262
458832.461010084 0.002134464518006175
472264.67688029545 0.0020737563643351896
486090.117813063 0.002014774832989319
500320.2953825999 0.0019574708189915393
514967.0581618343 0.0019017966137047004
530042.6015879672 0.0018477058651412592
545559.4781168514 0.0017951535393999688
561530.6076746266 0.0017440958831976547
577969.2884153313 0.0016944903874650675
594889.2077934331 0.0016462957519765874
612304.4539605178 0.0015994718509845876
630229.5274956024 0.0015539796998299074
648679.3534788508 0.0015097814225008453
667669.2939187557 0.0014668402201137006
687215.1605431122 0.0014251203402887917
707333.2279644439 0.0013845870473965607
728040.2472308562 0.001345206593649051
749353.4597735757 0.0013069461910128208
771290.6117627992 0.0012697739839199822
793869.9688838223 0.0012336590227546875
817110.3315457187 0.0011985712380931152
841031.0505352605 0.0011644814156755437
865652.0431290936 0.0011313611720897333
890993.8096776098 0.0010991829311454363
917077.4506742931 0.0010679199009204078
943924.6843247664 0.001037546051458886
971557.8646301847 0.001008036093103963
1000000.0 0.0009793654554458929
