10.0 -0.07143076824425404
10.292747724096083 -0.07352188394914014
10.59406557118851 -0.07567421624871523
10.904204429677526 -0.0778895572139642
11.223422532664179 -0.08016975137554883
11.551985672964793 -0.08251669725930026
11.890167424419898 -0.08493234896664027
12.238249369681931 -0.08741871780124316
12.596521334671401 -0.08997787394329178
12.965281629896682 -0.09261194817271633
13.344837298838383 -0.09532313364284926
13.735504373605137 -0.09811368770596776
14.137608138073606 -0.10098593379223993
14.551483398731937 -0.10394226334363572
14.977474763452017 -0.1069851378044064
15.415936928422726 -0.11011709066978462
15.867234973483178 -0.11334072959460696
16.331744666101677 -0.11665873856360506
16.80985277425364 -0.12007388012516788
17.301957388458945 -0.12358899769042664
17.808468253246822 -0.12720701789956748
18.329807108324356 -0.13093095305733443
18.866408039732583 -0.13476390363973975
19.418717841282557 -0.13870906087405774
19.987196386572506 -0.1427697093942396
20.57231701189556 -0.1469492299739459
21.174566910357118 -0.15125110233945976
21.794447537529855 -0.15567890806480597
22.432475028984193 -0.1602363335514713
23.089180630041927 -0.16492717309518806
23.765111138110754 -0.169755332042315
24.46082935796799 -0.1747248300384208
25.17691457037277 -0.17983980437175384
25.913963014396586 -0.1851045134143535
26.672588383874054 -0.19052334016364222
27.453422338387142 -0.1961007958874159
28.257115029208283 -0.20184152387523302
29.08433564064048 -0.2077503032992922
29.935772947204903 -0.21383205318797113
30.812135887140037 -0.2200918365152915
31.714154152689986 -0.22653486440967077
32.642578797673224 -0.2331665004854104
33.59818286283781 -0.23999226530047282
34.58176201952381 -0.24701784094419715
35.594135232168604 -0.25424907575870637
36.63614544020716 -0.2616919891978658
37.708660259934554 -0.26935277682775705
38.81257270691538 -0.27723781547274656
39.9488019395417 -0.2853536685113382
41.118294024358306 -0.29370709132611694
42.322022723792756 -0.302305036912208
43.56099030694608 -0.31115466164880157
44.83622838411908 -0.32026333123841183
46.148798765769385 -0.32963862681867484
47.499794346614124 -0.3392883512516094
48.890340015614456 -0.3492205355954101
50.32159359259993 -0.35944344576397097
51.7947467923121 -0.3699655893794783
53.31102621667033 -0.3807957228235535
54.87169437608604 -0.3919428584925765
56.47805074067555 -0.4034162722629598
58.131432822247135 -0.4152255111723016
59.83321728796288 -0.4273804013224952
61.58482110660264 -0.4398910560110307
63.38770272838487 -0.4527678840968823
65.24336329932625 -0.4660215986075368
67.15334791115141 -0.4796632255938822
69.11924688779365 -0.4937041132398408
71.14269710955735 -0.5081559412337994
73.22538337604533 -0.5230307304090611
75.36903980898542 -0.538340852660713
77.57545129612417 -0.5540990411464732
79.84645497739086 -0.5703184007792662
82.18394177456803 -0.5870124190194369
84.58985796574301 -0.6041949769746966
87.06620680585127 -0.6218803608160784
89.61505019466045 -0.6400832735183231
92.23851039358476 -0.6588188469333435
94.9387717927583 -0.6781026542055281
97.71808272983904 -0.6979507225378647
100.57875736205835 -0.7183795463180075
103.52317759307378 -0.7394061006135761
106.55379505623053 -0.7610478550461511
109.67313315588179 -0.7833227880535611
112.88378916846884 -0.8062494015502304
116.18843640511002 -0.8298467359954791
119.58982643749793 -0.8541343858798004
123.09079138896018 -0.8791325156392684
126.69424629259063 -0.9048618760083504
130.40319151841317 -0.9313438208214445
134.2207152716012 -0.9586003242736164
138.14999616383224 -0.9866539986510183
142.19430585991677 -1.0155281125415154
146.357011801908 -1.0452466095361155
150.64158001295928 -1.0758341274317362
155.05157798326255 -1.1073160179458321
159.5906776404731 -1.1397183669533624
164.26265840709303 -1.1730680152564432
169.071410347358 -1.207392579896914
174.0209374062485 -1.2427204760218489
179.115360743323 -1.2790809393118503
184.3589221641488 -1.3165040489816275
189.75598765218504 -1.3550207513620474
195.3110510040631 -1.3946628840724629
201.02873757128856 -1.4354632007915928
206.913808111479 -1.4774553966347033
212.97116275234782 -1.5206741341441954
219.20584507173257 -1.565155069899962
225.62304629706352 -1.6109348817550047
232.22810962777245 -1.6580512967008842
239.02653468423918 -1.7065431193664682
246.02398208697775 -1.7564502611521924
253.22627816987946 -1.807813770000719
260.63941983143474 -1.8606758608033107
268.26957952797244 -1.9150799464394814
276.1231104130753 -1.9710706694456208
284.2065516274511 -2.028693934306099
292.5266337436645 -2.087996940358014
301.09028437025927 -2.14902821529807
309.9046339199427 -2.211837649277197
318.97702154663216 -2.2764765295652976
328.3150012563047 -2.3429975757648793
337.9263481967431 -2.411454975548551
347.819065131413 -2.481904420890899
358.00138910285807 -2.554403144760617
368.48179829116765 -2.629009958233533
379.26901907322497 -2.7057852879814916
390.37203328860926 -2.7847912140856974
401.8000857182091 -2.8660915081164786
413.5626917817706 -2.9497516714137486
425.66964546078714 -3.0358389734943954
438.13102745333055 -3.12442249050388
450.9572135676145 -3.2155731436196233
464.15888336127773 -3.3093637373031517
477.7470290335773 -3.4058689972864644
491.73296457790156 -3.5051656081656053
506.1283352022219 -3.607332250460787
520.9451270253212 -3.7124496369876683
536.1956770568817 -3.8206005483684256
551.892683469738 -3.9318698674939925
568.0492161728429 -4.046344612729946
584.6787276937589 -4.1641139696385805
601.7950643797334 -4.285269320967602
619.412477926676 -4.409904274632516
637.5456372456507 -4.538114689394389
656.2096406767555 -4.669998697907491
675.4200285605586 -4.805656726781938
695.1927961775606 -4.945191513275249
715.5444070664574 -5.08870811819311
736.4918067322965 -5.236313934543741
758.0524367559261 -5.388118691451934
780.2442493165045 -5.544234452798231
803.0857221391512 -5.704775610005209
826.5958738801812 -5.869858868346968
850.7942799627444 -6.03960322610943
875.7010888760508 -6.2141299458776125
901.3370389517438 -6.39356251717216
927.7234756314059 -6.578026609601007
954.8823692395666 -6.767650015632712
982.8363332770031 -6.9625625820365045
1011.6086432495807 -7.162896128970475
1041.2232560483055 -7.368784355633407
1071.7048298967104 -7.580362731328105
1103.078744882215 -7.7977683707158025
1135.3711240885177 -8.021139891971057
1168.608855346651 -8.25061725647729
1202.8196136227775 -8.486341588633515
1238.0318840613968 -8.728454974275369
1274.2749857031336 -8.977100236147699
1311.5790958968503 -9.232420684804444
1349.9752754264298 -9.494559843254693
1389.4954943731375 -9.763661143623203
1430.172658735088 -10.039867594051927
1472.0406378260013 -10.323321414037263
1515.134292476053 -10.614163636378752
1559.4895040582815 -10.912533673910636
1605.1432043647615 -11.218568849202065
1652.1334063573702 -11.53240388544581
1700.4992358187922 -11.854170356814821
1750.2809639301013 -12.183996096652248
1801.520040802024 -12.522004561978283
1854.2591299878522 -12.868314152951307
1908.542144006686 -13.223037486112544
1964.4142809066266 -13.586280620480803
2021.9220618983536 -13.958142235847136
2081.1133700903947 -14.338712762955517
2142.037490358383 -14.728073465647205
2204.7451503814746 -15.126295475496834
2269.288562880081 -15.533438779981092
2335.7214690901214 -15.949551165798486
2404.0991835099717 -16.374667119601014
2474.47863995735 -16.80880668910819
2546.91843897454 -17.251974308347815
2621.478896621356 -17.70415759160372
2698.222094696536 -18.1653261015451
2777.211932429355 -18.635430097955883
2858.5141796844714 -19.11439927446858
2942.196531724374 -19.602141491723273
3028.3286655749457 -20.098541516401664
3116.9822980411436 -20.6034597766155
3208.2312454210773 -21.11673114513279
3302.1514849681753 -21.638163762884314
3398.8212181526674 -22.167537916079755
3498.320935775036 -22.704604981048686
3600.73348498562 -23.24908645157719
3706.144138266228 -23.800673064005224
3814.640664431178 -24.359024035650176
3926.3134017068355 -24.923766432198146
4041.2553329506004 -25.494494679528167
4159.562163071847 -26.07077023497724
4281.332398719392 -26.652121432297125
4406.667430301786 -27.23804351347851
4535.671616408702 -27.82799885921695
4668.45237070379 -28.421417428068875
4805.1202513612425 -29.017697412299167
4945.789053120639 -29.616206116080026
5090.575902036681 -30.21628105908804
5239.601353002645 -30.81723130570642
5392.98949012887 -31.418339017023463
5550.868030059805 -32.0188612196841
5713.36842831558 -32.61803178247112
5880.625988746757 -33.21506358833893
6052.779976193349 -33.80915088657407
6229.973732441841 -34.39947180689398
6412.354795576917 -34.98519101469811
6600.075022827095 -35.56546248442253
6793.290717006696 -36.13943236609298
6992.162756659375 -36.70624191877197
7196.856730011514 -37.265030483698396
7407.543072847163 -37.81493846955305
7624.397210419138 -38.35511032245787
7847.5997035146065 -38.88469745403289
8077.3363987967105 -39.40286110206711
8313.798583547334 -39.90877510007393
8557.183144940002 -40.40162853415087
8807.692733975462 -40.8806282680787
9065.53593421636 -41.345001320413324
9330.927435461663 -41.79399708036043
9604.08821250538 -42.22688935240039
9885.24570912827 -42.64297822286352
10174.634027476064 -43.041591744867695
10472.494122981476 -43.422087441140185
10779.074004992735 -43.783853627190105
11094.628943275218 -44.12631056001181
11419.421680558647 -44.448911419937
11753.722651306367 -44.75114313536854
12097.810206889013 -45.0325270618976
12451.97084735032 -45.29261952870576
12816.499459957597 -45.53101226617507
13191.699564735716 -45.74733272927551
13577.883567189278 -45.94124433157525
13975.373018422924 -46.11244660464034
14384.498882876629 -46.26067529718051
14805.6018138991 -46.38570242757751
15239.032437388305 -46.48733630243418
15685.151643735446 -46.56542151253582
16144.330888316019 -46.619838916154215
16616.952500776908 -46.65050561798034
17103.41000337838 -46.65737495018325
17604.108438655527 -46.64043646018842
18119.46470667122 -46.59971590778887
18649.907912142942 -46.53527527217666
19195.87972173111 -46.447212767447624
19757.834731786996 -46.335662863121904
20336.2408468667 -46.200796304270135
20931.579669325736 -46.042820123976355
21544.346900318822 -45.861977639136086
22175.052752539294 -45.65854841901784
22824.222375040976 -45.432848214641055
23492.396290496577 -45.185228835878355
24180.13084525718 -44.91607796230506
24887.998672586673 -44.625818873227544
25616.589169457267 -44.3149100820479
26366.508987303554 -43.98384486019217
27138.3825371428 -43.63315063626071
27932.85250948253 -43.263388256862775
28750.580409448772 -42.875151096780236
29592.247107579577 -42.46906400766246
30458.55340674284 -42.04578209637247
31350.220625651124 -41.60598932636014
32267.991199458116 -41.15039693799834
33212.62929793748 -40.67974168663593
34184.92146175927 -40.19478390014325
35185.677257392665 -39.696305360889035
36215.72995118075 -39.18510702031635
37275.93720314938 -38.6620065575048
38367.18178112649 -38.12783579623544
39490.37229576694 -37.58343799802724
40646.44395709628 -37.02966505131381
41836.359353200234 -36.46737457929946
43061.10925171165 -35.897426991002924
44321.713424760856 -35.320682501515236
45619.221498074585 -34.737998148515764
46954.71382493421 -34.150224832576875
48329.30238571752 -33.55820440873654
49744.13171377451 -32.96276685622351
51200.37984840882 -32.364727552106395
52699.259315756564 -31.764884673040303
54242.01813838024 -31.164016747248063
55829.94087441914 -30.562880376460143
57464.34968715974 -29.96220814481953
59146.605445917456 -29.362706728805538
60878.108859147556 -28.765055219128126
62660.30164072656 -28.169903662370626
64494.667710376205 -27.577871826988112
66382.73442923075 -26.989548195176834
68326.07387157406 -26.405489179182545
70326.30413380644 -25.82621855786518
72385.09068173247 -25.252227126834725
74504.14773728917 -24.683972553254293
76685.2397058701 -24.121879424492374
78930.18264543568 -23.56633947821703
81240.84577862974 -23.017712000263376
83619.15304916317 -22.476324375665122
86067.08472376158 -21.942472777613602
88586.67904100832 -21.41642297877301
91180.03390845681 -20.898411269313417
93849.3086494272 -20.388645466198042
96596.72580093842 -19.887305998648557
99424.57296427398 -19.394547055277624
102335.20470972576 -18.910497779092093
105331.04453709359 -18.435263497404723
108414.5868935835 -17.968926974609513
111588.3992507748 -17.511549676760843
114855.12424239368 -17.06317303791053
118217.48186466724 -16.62381971919133
121678.27174109229 -16.19349485265949
125240.3754535072 -15.772187262914072
128906.75894140244 -15.359870660481015
132680.47497147243 -14.956504801872631
136564.66567946097 -14.562036612103904
140562.56518642136 -14.176401266256612
144677.5022915648 -13.799523227429496
148912.90324394088 -13.431317239093294
153272.2945952612 -13.071689270483922
157759.30613623615 -12.720537414217633
162377.67391887208 -12.377752735796989
167131.2433672486 -12.04322007510184
172023.97247935992 -11.716818800327138
177059.9351226898 -11.398423515142344
182243.32442626648 -11.087904720110428
187578.45627201613 -10.785129429622296
193069.77288832495 -10.489961745777505
198721.84654880533 -10.20226339077993
204539.38337933904 -9.921894199522047
210527.22727657072 -9.648712574105142
216690.3639411181 -9.382575902091313
223033.9250288494 -9.123340940309088
229563.19242369095 -8.870864166040144
236283.6026355175 -8.625002097404197
243200.7513267945 -8.385611584734251
250320.39797173254 -8.152550074698931
257648.47065183744 -7.925675848882212
265191.0709918535 -7.704848238478034
272954.4792402007 -7.489927816698477
280945.1594981406 -7.280776570430532
289169.76510202966 -7.077258052609956
297635.14416313195 -6.879237516712705
306348.3452696084 -6.686582034694576
315316.62335543614 -6.499160599640017
324547.44574113254 -6.316844214312226
334048.4983513244 -6.139505966727926
343827.6921143307 -5.967021093813813
353893.1695490984 -5.7992670341364025
364253.3115449638 -5.636123470634516
374916.74433988857 -5.477472364222861
385892.3467029899 -5.323197979076976
397189.25732733024 -5.173186900354873
408816.88243912894 -5.027328045057313
420784.9036297398 -4.8855126666787125
433103.2859169001 -4.747634354253328
445782.28604197066 -4.6135890263563395
458832.461010084 -4.48327492057715
472264.67688029545 -4.3565925789427
486090.117813063 -4.233444829731181
500320.2953825999 -4.113736766081497
514967.0581618343 -3.9973757217714794
530042.6015879672 -3.8842712445071026
545559.4781168514 -3.77433506703659
561530.6076746266 -3.667481076377077
577969.2884153313 -3.5636252814165665
594889.2077934331 -3.4626857791314474
612304.4539605178 -3.3645827196383395
630229.5274956024 -3.2692382702798195
648679.3534788508 -3.176576578925146
667669.2939187557 -3.08652373665044
687215.1605431122 -2.999007739947446
707333.2279644439 -2.9139584525955833
728040.2472308562 -2.831307567318853
749353.4597735757 -2.7509885673372456
771290.6117627992 -2.6729366879110463
793869.9688838223 -2.5970888779661165
817110.3315457187 -2.5233837618791735
841031.0505352605 -2.4517616014931707
865652.0431290936 -2.3821642584252083
890993.8096776098 -2.314535156722071
917077.4506742931 -2.2488192459120433
943924.6843247664 -2.1849629644955244
971557.8646301847 -2.1229142039114617
1000000.0 -2.0626222730117694
