10.0 -22.922561394346268
10.53310445370937 -22.922561468607544
11.094628943275218 -22.922561551293214
11.686088553466515 -22.92256164264535
12.309079138896024 -22.922561744337976
12.965281629896682 -22.922561857035667
13.65646656794611 -22.922561981940564
14.38449888287663 -22.922562120847342
15.15134292476053 -22.92256227461263
15.95906776404731 -22.92256244535008
16.80985277425364 -22.922562634720233
17.70599351226899 -22.92256284504799
18.64990791214297 -22.922563078236855
19.644142809066278 -22.92256333691851
20.6913808111479 -22.922563623969975
21.794447537529855 -22.922563942390802
22.956319242369098 -22.92256429565494
24.180130845257207 -22.922564687651132
25.4691843897454 -22.92256512254921
26.826957952797258 -22.92256560499624
28.257115029208283 -22.922566140301726
29.76351441631318 -22.922566734284583
31.350220625651154 -22.922567393082375
33.02151484968176 -22.922568124138095
34.7819065131413 -22.92256893516425
36.63614544020716 -22.92256983503156
38.58923467029903 -22.922570833371783
40.646443957096295 -22.922571941003792
42.81332398719393 -22.92257316983323
45.095721356761466 -22.922574533168326
47.499794346614124 -22.922576045774047
50.03202953826004 -22.922577723950475
52.699259315756564 -22.92257958583108
55.50868030059805 -22.92258165148896
58.467872769375894 -22.922583943282767
61.58482110660264 -22.922586485939252
64.86793534788511 -22.9225893069096
68.32607387157402 -22.922592436701738
71.96856730011521 -22.922595909073117
75.8052436755926 -22.922599761539317
79.84645497739086 -22.922604035699848
84.10310505352605 -22.922608777695302
88.58667904100822 -22.92261403879637
93.30927435461668 -22.922619875755835
98.28363332770026 -22.922626351661254
103.52317759307378 -22.922633536430126
109.04204429677526 -22.92264150764368
114.8551242423938 -22.922650351396054
120.97810206889012 -22.922660163211287
127.42749857031335 -22.922671049025432
134.2207152716012 -22.92268312641809
141.37608138073614 -22.92269652581808
148.91290324394086 -22.922711391918902
156.85151643735477 -22.92272788524268
165.213340635737 -22.9227461839392
174.0209374062485 -22.922766485605663
183.29807108324357 -22.92278900946581
193.06977288832496 -22.922813998769662
203.36240846866724 -22.9228417233392
214.2037490358383 -22.922872482592666
225.62304629706352 -22.92290660864865
237.65111138110728 -22.922944470027304
250.32039797173255 -22.92298647554138
263.6650898730358 -22.923033078764362
277.7211932429355 -22.923084782892886
292.5266337436645 -22.92314214618616
308.1213588714002 -22.923205787979516
324.54744574113323 -22.923276395398695
341.84921461759274 -22.923354730719424
360.073348498562 -22.923441639616144
379.26901907322497 -22.92353806028582
399.48801939541704 -22.923645033541554
420.78490362974026 -22.92376371402536
443.21713424760856 -22.923895382663968
466.84523707037897 -22.92404146045605
491.73296457790156 -22.92420352373533
517.9474679231213 -22.924383321181768
545.5594781168514 -22.9245827925534
574.6434968715973 -22.924804089577023
605.2779976193349 -22.925049599037017
637.5456372456507 -22.925321968341983
671.5334791115142 -22.92562413390259
707.3332279644438 -22.925959352531446
745.0414773728917 -22.926331236238756
784.7599703514607 -22.92674379073162
826.5958738801812 -22.92720145798201
870.6620680585127 -22.92770916339299
917.0774506742931 -22.928272367846493
965.9672580093833 -22.92889712522902
1017.4634027476063 -22.929590145923335
1071.7048298967104 -22.93035886677078
1128.8378916846884 -22.931211528156524
1189.01674244199 -22.932157258713673
1252.4037545350732 -22.9332061683283
1319.1699564735716 -22.934369449969946
1389.4954943731375 -22.935659490943788
1463.5701180190797 -22.937089994041514
1541.5936928422718 -22.938676108946808
1623.776739188721 -22.940434574165778
1710.3410003378397 -22.942383869418975
1801.520040802024 -22.94454437815313
1897.5598765218504 -22.946938559358614
1998.7196386572507 -22.94959112734631
2105.272272765707 -22.95252923723925
2217.505275253932 -22.955782673075507
2335.7214690901214 -22.959384034167446
2460.239820869775 -22.963368913848324
2591.3963014396572 -22.96777606301561
2729.5447924020073 -22.972647528863774
2875.0580409448803 -22.97802875680974
3028.3286655749457 -22.983968641377636
3189.7702154663216 -22.990519509108886
3359.818286283781 -22.99773701431065
3538.9316954909877 -23.00567992667579
3727.593720314938 -23.014409788501094
3926.3134017068355 -23.02399041964058
4135.626917817706 -23.03448725013491
4356.099030694608 -23.045966464809023
4588.324610100844 -23.058493951217347
4832.930238571752 -23.072134052543305
5090.575902036681 -23.08694814058613
5361.956770568817 -23.10299304036569
5647.805074067552 -23.12031935644386
5948.892077934331 -23.138969770351714
6266.030164072656 -23.15897739656392
6600.075022827095 -23.1803642990105
6951.927961775606 -23.203140278209275
7322.538337604534 -23.227302038853246
7712.906117627992 -23.25283283658695
8124.0845778629655 -23.279702680425004
8557.183144940002 -23.307869133915716
9013.37038951743 -23.337278716027996
9493.87717927582 -23.367868855074377
10000.0 -23.399570300225314
10533.104453709382 -23.432309850252047
11094.628943275218 -23.466013222694585
11686.088553466498 -23.500607861988936
12309.079138896019 -23.536025474788893
12965.281629896688 -23.572204084612846
13656.466567946096 -23.609089415111413
14384.498882876629 -23.646635438945207
15151.342924760515 -23.68480396418053
15959.06776404731 -23.723563169162144
16809.852774253653 -23.762885037256716
17705.99351226898 -23.802741683258507
18649.907912142942 -23.843100603540424
19644.142809066267 -23.88391892350593
20691.3808111479 -23.925136761005245
21794.447537529835 -23.96666987647654
22956.319242369096 -24.00840184277682
24180.13084525718 -24.05017604262516
25469.184389745402 -24.091787889955476
26826.957952797275 -24.132977770835264
28257.115029208268 -24.173425303612053
29763.51441631313 -24.212745614283566
31350.220625651124 -24.250488393886474
33021.51484968176 -24.28614052592996
34781.90651314134 -24.31913301555874
36636.14544020716 -24.348852790412735
38589.23467029899 -24.374659654702366
40646.44395709628 -24.39590825651084
42813.32398719396 -24.411974391884925
45095.721356761445 -24.42228436679936
47499.79434661403 -24.426345550710522
50032.029538259994 -24.42377578785431
52699.259315756564 -24.41432909435125
55508.680300598106 -24.3979151480726
58467.87276937589 -24.374610511745377
61584.82110660255 -24.344660285925773
64867.935347885075 -24.308469863958102
68326.07387157406 -24.266587500117733
71968.56730011514 -24.219679332696735
75805.24367559262 -24.168499178553738
79846.45497739078 -24.11385574611731
84103.10505352604 -24.056579884770045
88586.67904100832 -23.997494152694358
93309.27435461663 -23.937386440661218
98283.63332770011 -23.87698875051601
103523.17759307378 -23.816961598906552
109042.04429677526 -23.75788397681426
114855.12424239368 -23.700248387499492
120978.10206889013 -23.644460222157345
127427.49857031321 -23.590840603046274
134220.7152716012 -23.539631802962965
141376.08138073614 -23.491004407435398
148912.90324394088 -23.445065492019328
156851.5164373548 -23.401867216769947
165213.34063573685 -23.361415374128967
174020.9374062485 -23.323677552549352
183298.07108324338 -23.288590688523918
193069.77288832495 -23.256067871087364
203362.40846866704 -23.22600433479591
214203.74903583832 -23.1982826310907
225623.04629706353 -23.172777006070078
237651.11138110727 -23.149357037934553
250320.39797173254 -23.12789060225287
263665.08987303555 -23.1082462404011
277721.1932429355 -23.09029500801973
292526.6337436642 -23.073911878043162
308121.35887140024 -23.058976767966332
324547.44574113254 -23.04537525476547
341849.21461759275 -23.032999033909046
360073.348498562 -23.02174617179062
379269.0190732246 -23.011521194075076
399488.019395417 -23.002235045999115
420784.9036297398 -22.993804954861016
443217.13424760854 -22.986154219752628
466845.2370703785 -22.979211949011642
491732.9645779016 -22.972912762002565
517947.46792312124 -22.96719646843773
545559.4781168514 -22.962007735702464
574643.4968715974 -22.957295752219515
605277.9976193343 -22.95301389301123
637545.6372456506 -22.949119391986905
671533.4791115135 -22.945573024179133
707333.2279644439 -22.942338800142164
745041.4773728917 -22.939383673847505
784759.9703514606 -22.936677264783384
826595.8738801812 -22.93419159441852
870662.0680585118 -22.931900836807607
917077.4506742931 -22.929781082798428
965967.2580093823 -22.927810117040053
1017463.4027476063 -22.925967206890764
1071704.8298967092 -22.924232902053802
1128837.8916846884 -22.92258884387288
1189016.74244199 -22.921017582919422
1252403.7545350718 -22.919502403661536
1319169.9564735717 -22.918027154806136
1389495.494373136 -22.916576083998482
1463570.1180190798 -22.91513367542741
1541593.6928422702 -22.913684488945133
1623776.739188721 -22.91221299926511
1710341.0003378377 -22.910703433675465
1801520.0408020238 -22.9091396068454
1897559.8765218505 -22.90750475110212
1998719.6386572486 -22.905781340573522
2105272.272765707 -22.90395090749872
2217505.2752539297 -22.90199384905698
2335721.4690901213 -22.899889222709547
2460239.8208697727 -22.897614528380558
2591396.3014396573 -22.895145475236255
2729544.792402007 -22.892455731195316
2875058.040944877 -22.889516652758346
3028328.6655749455 -22.886296992898544
3189770.215466318 -22.882762584710218
3359818.286283781 -22.87887599803176
3538931.6954909842 -22.87459616662848
3727593.720314938 -22.869877983128486
3926313.4017068394 -22.864671858637312
4135626.917817706 -22.85892324478435
4356099.030694608 -22.852572114624667
4588324.61010084 -22.845552400284678
4832930.238571752 -22.837791384193523
5090575.902036676 -22.82920904154703
5361956.770568817 -22.819717332213408
5647805.074067546 -22.80921943964512
5948892.077934331 -22.797608956971686
6266030.164072656 -22.78476901853338
6600075.022827089 -22.770571379371862
6951927.961775606 -22.7548754439011
7322538.337604526 -22.737527248289098
7712906.117627992 -22.718358402306112
8124084.5778629575 -22.69718500042936
8557183.144940002 -22.673806513037338
9013370.38951742 -22.64800467337016
9493877.17927582 -22.619542380611577
10000000.0 -22.5881626428894
10533104.45370936 -22.553587590088462
11094628.943275219 -22.515517593144097
11686088.553466497 -22.473630529539143
12309079.138896018 -22.427581245647783
12965281.629896663 -22.377001269076487
13656466.567946097 -22.321498831705256
14384498.882876629 -22.26065926942209
15151342.924760515 -22.194045867566782
15959067.76404731 -22.121201222691482
16809852.774253618 -22.04164918784219
17705993.51226898 -21.954897469055847
18649907.912142944 -21.86044092322434
19644142.809066266 -21.75776559992601
20691380.811147902 -21.64635354173162
21794447.537529834 -21.525688346303188
22956319.242369097 -21.39526143642501
24180130.84525718 -21.254578979710278
25469184.3897454 -21.103169330765006
26826957.95279722 -20.94059085665231
28257115.02920827 -20.766439936121902
29763514.41631313 -20.580358922504132
31350220.62565112 -20.382043803167242
33021514.849681754 -20.17125129388379
34781906.51314127 -19.947805091254757
36636145.44020716 -19.711601025595524
38589234.67029899 -19.462610857873646
40646443.95709628 -19.200884566315484
42813323.98719387 -18.9265509287618
45095721.35676145 -18.639816364015193
47499794.346614026 -18.340962005691605
50032029.53825999 -18.03033908001033
52699259.31575657 -17.70836272434372
55508680.300597996 -17.37550444913339
58467872.7693759 -17.032283513612263
61584821.10660254 -16.67925751565533
64867935.34788508 -16.317012521112268
68326073.87157391 -15.946153064590947
71968567.30011514 -15.567292419467398
75805243.67559262 -15.181043348957164
79846454.97739078 -14.788009656988692
84103105.05352604 -14.388778784594402
88586679.04100814 -13.983915473857317
93309274.35461664 -13.573956795879107
98283633.32770011 -13.159408284355642
103523177.59307377 -12.740741365929406
109042044.29677527 -12.318391894282376
114855124.24239345 -11.892759660932528
120978102.06889038 -11.464208840514104
127427498.57031322 -11.033068902665422
134220715.2716012 -10.59963645367031
141376081.38073614 -10.164176836975088
148912903.24394056 -9.726926760008519
156851516.43735445 -9.288096413338527
165213340.63573685 -8.847871860530692
174020937.40624848 -8.406417452546464
183298071.08324376 -7.963878196574723
193069772.88832456 -7.520381312412095
203362408.46866703 -7.076039150859645
214203749.0358383 -6.630950040017012
225623046.2970626 -6.185200755192854
237651111.38110778 -5.738867205978224
250320397.97173202 -5.292015992263624
263665089.87303555 -4.84470607047291
277721193.2429355 -4.396989044799114
292526633.74366355 -3.9489105309108634
308121358.87140083 -3.500510721922608
324547445.74113256 -3.051824551661447
341849214.6175927 -2.60288354913283
360073348.49856204 -2.1537157791973893
379269019.0732238 -1.7043448356202937
399488019.39541787 -1.2547929796132327
420784903.6297398 -0.8050794902377079
443217134.24760854 -0.3552219299889181
466845237.07037944 0.09476621795478515
491732964.5779006 0.544870501786083
517947467.9231202 0.9950763579804653
545559478.1168514 1.4453774087522497
574643496.8715974 1.895761532159089
605277997.6193355 2.3462207056520095
637545637.2456493 2.796745946523293
671533479.1115135 3.247331871892358
707333227.9644439 3.697973262513379
745041477.3728887 4.148664340473197
784759970.3514622 4.59939482687319
826595873.8801795 5.050167615739984
870662068.0585117 5.500978605885098
917077450.674293 5.9518184992323055
965967258.0093802 6.402684188178982
1017463402.7476043 6.8535801434899755
1071704829.8967092 7.304492326789733
1128837891.6846883 7.755430083346452
1189016742.44199 8.206391175978649
1252403754.5350692 8.657363335235543
1319169956.473569 9.108352193964006
1389495494.373136 9.559360461356222
1463570118.0190797 10.010373663032134
1541593692.8422735 10.461393453899987
1623776739.1887176 10.912433723529208
1710341000.337838 11.363482805265976
1801520040.802024 11.814539362292216
1897559876.5218503 12.265590821711594
1998719638.6572526 12.716663841939777
2105272272.7657027 13.16772712494595
2217505275.2539296 13.618831493069568
2335721469.0901213 14.06989692882691
2460239820.8697777 14.520990381612622
2591396301.439652 14.972082939615008
2729544792.402002 15.423180861652588
2875058040.944877 15.874256707948877
3028328665.5749454 16.325371787450088
3189770215.466325 16.77647183430198
3359818286.2837744 17.227585288764658
3538931695.4909844 17.678665387113895
3727593720.314938 18.129824019750423
3926313401.7068396 18.580924642586996
4135626917.8176975 19.032033850877458
4356099030.694599 19.483142345618397
4588324610.100841 19.93427779128655
4832930238.571753 20.385383483009527
5090575902.036687 20.83649862197255
5361956770.568806 21.287643336134035
5647805074.067546 21.738726521881983
5948892077.934331 22.189848998962578
6266030164.072656 22.640896014476766
6600075022.827075 23.092199023087588
6951927961.775591 23.543278787102153
7322538337.6045265 23.994337439031032
7712906117.627993 24.4453302913657
8124084577.862974 24.896630732503453
8557183144.939984 25.347674171018284
9013370389.51742 25.798934589995245
9493877179.27582 26.24995039450082
10000000000.0 26.7008382439522
10.0 -13.949987877978414
10.53310445370937 -13.949963054861378
11.094628943275218 -13.949935514721403
11.686088553466515 -13.949904960184735
12.309079138896024 -13.949871061278603
12.965281629896682 -13.949833452021954
13.65646656794611 -13.949791726343763
14.38449888287663 -13.949745433700649
15.15134292476053 -13.949694074348171
15.95906776404731 -13.94963709370005
16.80985277425364 -13.949573876714751
17.70599351226899 -13.94950374087102
18.64990791214297 -13.94942592908813
19.644142809066278 -13.949339601439124
20.6913808111479 -13.94924382610231
21.794447537529855 -13.949137569404746
22.956319242369098 -13.949019684584137
24.180130845257207 -13.948888899506313
25.4691843897454 -13.948743802935192
26.826957952797258 -13.948582829380765
28.257115029208283 -13.948404242133739
29.76351441631318 -13.948206114824517
31.350220625651154 -13.947986310518726
33.02151484968176 -13.947742458819803
34.7819065131413 -13.947471930488915
36.63614544020716 -13.947171809033742
38.58923467029903 -13.94683885973974
40.646443957096295 -13.946469494773444
42.81332398719393 -13.946059734816332
45.095721356761466 -13.9456051666674
47.499794346614124 -13.945100895877369
50.03202953826004 -13.94454149475319
52.699259315756564 -13.943920944325301
55.50868030059805 -13.943232570586563
58.467872769375894 -13.942468973213568
61.58482110660264 -13.94162194756815
64.86793534788511 -13.940682397534337
68.32607387157402 -13.939640239707247
71.96856730011521 -13.93848429715999
75.8052436755926 -13.937202182187526
79.84645497739086 -13.935780166512279
84.10310505352605 -13.934203038135875
88.58667904100822 -13.932453943489678
93.30927435461668 -13.930514212820226
98.28363332770026 -13.928363168095348
103.52317759307378 -13.925977911354007
109.04204429677526 -13.923333091384205
114.8551242423938 -13.920400647562497
120.97810206889012 -13.91714952803762
127.42749857031335 -13.913545380633323
134.2207152716012 -13.909550213872002
141.37608138073614 -13.905122026215205
148.91290324394086 -13.900214400245739
156.85151643735477 -13.894776060746654
165.213340635737 -13.888750392642688
174.0209374062485 -13.88207491771835
183.29807108324357 -13.874680727561879
193.06977288832496 -13.866491870272807
203.36240846866724 -13.857424690351355
214.2037490358383 -13.847387119784448
225.62304629706352 -13.836277920401738
237.65111138110728 -13.823985878264553
250.32039797173255 -13.810388950956892
263.6650898730358 -13.795353372074736
277.7211932429355 -13.778732716619134
292.5266337436645 -13.760366935326932
308.1213588714002 -13.740081367124121
324.54744574113323 -13.717685742528065
341.84921461759274 -13.692973194660937
360.073348498562 -13.665719297391528
379.26901907322497 -13.63568115687194
399.48801939541704 -13.602596585335373
420.78490362974026 -13.566183392782584
443.21713424760856 -13.526138837648418
466.84523707037897 -13.482139283039816
491.73296457790156 -13.433840109682
517.9474679231213 -13.380875942191508
545.5594781168514 -13.322861247991275
574.6434968715973 -13.259391369516404
605.2779976193349 -13.190044050154361
637.5456372456507 -13.11438150900434
671.5334791115142 -13.031953111921279
707.3332279644438 -12.942298674496964
745.0414773728917 -12.844952413385485
784.7599703514607 -12.739447541927223
826.5958738801812 -12.625321476396659
870.6620680585127 -12.502121589847766
917.0774506742931 -12.369411414962407
965.9672580093833 -12.226777163008137
1017.4634027476063 -12.073834393015924
1071.7048298967104 -11.91023463636368
1128.8378916846884 -11.735671760878327
1189.01674244199 -11.5498878484634
1252.4037545350732 -11.352678360731394
1319.1699564735716 -11.143896385211121
1389.4954943731375 -10.923455781528531
1463.5701180190797 -10.691333092056777
1541.5936928422718 -10.44756813216221
1623.776739188721 -10.192263235546548
1710.3410003378397 -9.925581190501628
1801.520040802024 -9.647741960452187
1897.5598765218504 -9.359018335719885
1998.7196386572507 -9.059730700319976
2105.272272765707 -8.750241127919931
2217.505275253932 -8.430947034382493
2335.7214690901214 -8.102274611133858
2460.239820869775 -7.764672255216611
2591.3963014396572 -7.418604185109552
2729.5447924020073 -7.064544406227926
2875.0580409448803 -6.702971152192654
3028.3286655749457 -6.33436189619145
3189.7702154663216 -5.959188993172183
3359.818286283781 -5.577915977761689
3538.9316954909877 -5.190994525521049
3727.593720314938 -4.798862054432316
3926.3134017068355 -4.401939932689281
4135.626917817706 -4.000632243026202
4356.099030694608 -3.595325052800342
4588.324610100844 -3.186386126912372
4832.930238571752 -2.774165027423439
5090.575902036681 -2.358993544028945
5361.956770568817 -1.94118639714049
5647.805074067552 -1.5210421719636131
5948.892077934331 -1.0988444358630576
6266.030164072656 -0.674863001172926
6600.075022827095 -0.2493553055499426
6951.927961775606 0.17743212319797197
7322.538337604534 0.6052621300135005
7712.906117627992 1.0339053534332574
8124.0845778629655 1.463138606267011
8557.183144940002 1.8927432349720128
9013.37038951743 2.3225034591853437
9493.87717927582 2.752204710141797
10000.0 3.181631953972985
10533.104453709382 3.610568026291986
11094.628943275218 4.038791968334767
11686.088553466498 4.466077375185375
12309.079138896019 4.892190767513392
12965.281629896688 5.316889989269564
13656.466567946096 5.739922647153133
14384.498882876629 6.161024614414229
15151.342924760515 6.579918601256476
15959.06776404731 6.99631283847412
16809.852774253653 7.4098998856866665
17705.99351226898 7.820355605209968
18649.907912142942 8.227338351279538
19644.142809066267 8.630488404591167
20691.3808111479 9.029427713748664
21794.447537529835 9.423759999098401
22956.319242369096 9.813071276593764
24180.13084525718 10.196930853249732
25469.184389745402 10.574892865770764
26826.957952797275 10.946498398197274
28257.115029208268 11.311278231595276
29763.51441631313 11.668756252338987
31350.220625651124 12.018453526339572
33021.51484968176 12.35989300781579
34781.90651314134 12.692604872874059
36636.14544020716 13.01613236351127
38589.23467029899 13.330038045859332
40646.44395709628 13.633910340639005
42813.32398719396 13.927370132549171
45095.721356761445 14.210077268749275
47499.79434661403 14.481736695779848
50032.029538259994 14.742104054702363
52699.259315756564 14.990990450975254
55508.680300598106 15.228266253491467
58467.87276937589 15.453863710237464
61584.82110660255 15.66777831368482
64867.935347885075 15.870068788938845
68326.07387157406 16.060855762025426
71968.56730011514 16.24031914060275
75805.24367559262 16.40869431091685
79846.45497739078 16.56626733753597
84103.10505352604 16.713369352263978
88586.67904100832 16.850370355272272
93309.27435461663 16.97767265238945
98283.63332770011 17.09570416794744
103523.17759307378 17.204911813647556
109042.04429677526 17.305755103526007
114855.12424239368 17.398700189925727
120978.10206889013 17.484214398588737
127427.49857031321 17.562761330895253
134220.7152716012 17.63479665045049
141376.08138073614 17.70076447825679
148912.90324394088 17.761094451435774
156851.5164373548 17.816199399534515
165213.34063573685 17.86647358029568
174020.9374062485 17.91229145122768
183298.07108324338 17.95400688608384
193069.77288832495 17.99195280008203
203362.40846866704 18.026441099684856
214203.74903583832 18.057762957727952
225623.04629706353 18.086189241266865
237651.11138110727 18.111971190429617
250320.39797173254 18.13534119597888
263665.08987303555 18.156513657392427
277721.1932429355 18.175685954540107
292526.6337436642 18.19303941828329
308121.35887140024 18.208740323541804
324547.44574113254 18.22294088479093
341849.21461759275 18.235780245243753
360073.348498562 18.247385428244097
379269.0190732246 18.257872216547042
399488.019395417 18.26734607668174
420784.9036297398 18.275902939733776
443217.13424760854 18.28363001724049
466845.2370703785 18.29060650533805
491732.9645779016 18.2969042789273
517947.46792312124 18.3025885311751
545559.4781168514 18.307718336399358
574643.4968715974 18.31234720305867
605277.9976193343 18.316523595835896
637545.6372456506 18.32029137855748
671533.4791115135 18.323690220588514
707333.2279644439 18.326756002812914
745041.4773728917 18.32952116472198
784759.9703514606 18.33201500716356
826595.8738801812 18.33426402401083
870662.0680585118 18.33629214649623
917077.4506742931 18.33812098684948
965967.2580093823 18.339770043271074
1017463.4027476063 18.341256933676096
1071704.8298967092 18.342597558131406
1128837.8916846884 18.34380626798177
1189016.74244199 18.344896007436628
1252403.7545350718 18.34587847115454
1319169.9564735717 18.346764183687203
1389495.494373136 18.347562671994034
1463570.1180190798 18.348282500476284
1541593.6928422702 18.34893141291133
1623776.739188721 18.34951637885372
1710341.0003378377 18.35004371305478
1801520.0408020238 18.3505190524593
1897559.8765218505 18.350947549638896
1998719.6386572486 18.351333808114
2105272.272765707 18.35168198769805
2217505.2752539297 18.35199582904686
2335721.4690901213 18.352278736701955
2460239.8208697727 18.352533732424444
2591396.3014396573 18.352763603851578
2729544.792402007 18.35297078535888
2875058.040944877 18.3531575498992
3028328.6655749455 18.353325890467914
3189770.215466318 18.35347761791604
3359818.286283781 18.35361438064027
3538931.6954909842 18.353737661829925
3727593.720314938 18.353848790064962
3926313.4017068394 18.353948929211125
4135626.917817706 18.35403921179264
4356099.030694608 18.3541205953787
4588324.61010084 18.35419393640484
4832930.238571752 18.354260046878494
5090575.902036676 18.35431963080156
5361956.770568817 18.354373339903532
5647805.074067546 18.35442175241358
5948892.077934331 18.354465386676956
6266030.164072656 18.354504714919646
6600075.022827089 18.354540168567947
6951927.961775606 18.35457211535809
7322538.337604526 18.354600925713513
7712906.117627992 18.35462688300892
8124084.5778629575 18.354650286052014
8557183.144940002 18.354671370036325
9013370.38951742 18.35469037839974
9493877.17927582 18.354707512976805
10000000.0 18.35472295780263
10533104.45370936 18.354736875728495
11094628.943275219 18.354749425526236
11686088.553466497 18.354760723974138
12309079.138896018 18.354770915873203
12965281.629896663 18.354780115564605
13656466.567946097 18.354788388784538
14384498.882876629 18.354795855601388
15151342.924760515 18.354802585094777
15959067.76404731 18.35480864236386
16809852.774253618 18.354814114209002
17705993.51226898 18.354819035473884
18649907.912142944 18.354823474698808
19644142.809066266 18.354827477647973
20691380.811147902 18.35483108462917
21794447.537529834 18.35483433530975
22956319.242369097 18.35483726414845
24180130.84525718 18.354839911582292
25469184.3897454 18.354842291157606
26826957.95279722 18.354844439405355
28257115.02920827 18.35484637224167
29763514.41631313 18.35484810803131
31350220.62565112 18.35484968026693
33021514.849681754 18.354851100056994
34781906.51314127 18.35485237152063
36636145.44020716 18.354853524607634
38589234.67029899 18.35485456944267
40646443.95709628 18.35485550152282
42813323.98719387 18.354856340858618
45095721.35676145 18.354857101018432
47499794.346614026 18.354857778379607
50032029.53825999 18.354858394424035
52699259.31575657 18.354858962077245
55508680.300597996 18.354859458362153
58467872.7693759 18.354859911008834
61584821.10660254 18.354860316905935
64867935.34788508 18.35486068961955
68326073.87157391 18.35486101873983
71968567.30011514 18.354861312910977
75805243.67559262 18.354861586612184
79846454.97739078 18.354861823148035
84103105.05352604 18.35486204777272
88586679.04100814 18.35486224052903
93309274.35461664 18.354862419821348
98283633.32770011 18.354862577170277
103523177.59307377 18.35486272282075
109042044.29677527 18.35486285526286
114855124.24239345 18.354862971628688
120978102.06889038 18.354863073790323
127427498.57031322 18.354863169789578
134220715.2716012 18.354863256817104
141376081.38073614 18.354863333342696
148912903.24394056 18.354863402354653
156851516.43735445 18.354863466898042
165213340.63573685 18.35486352201076
174020937.40624848 18.354863573216825
183298071.08324376 18.354863619652534
193069772.88832456 18.35486366005513
203362408.46866703 18.35486369690075
214203749.0358383 18.35486373119465
225623046.2970626 18.354863762461047
237651111.38110778 18.35486378760495
250320397.97173202 18.354863800469058
263665089.87303555 18.354863855576
277721193.2429355 18.35486388461051
292526633.74366355 18.354863859781954
308121358.87140083 18.354863893990224
324547445.74113256 18.35486384212052
341849214.6175927 18.354863935605778
360073348.49856204 18.354863938163266
379269019.0732238 18.35486388634399
399488019.39541787 18.354863952665823
420784903.6297398 18.354863998624655
443217134.24760854 18.354863751882043
466845237.07037944 18.354863744606124
491732964.5779006 18.354863908615453
517947467.9231202 18.35486404948616
545559478.1168514 18.354863685723203
574643496.8715974 18.354863480766074
605277997.6193355 18.354864177240465
637545637.2456493 18.354864134495582
671533479.1115135 18.354863706046554
707333227.9644439 18.35486460077038
745041477.3728887 18.3548638503001
784759970.3514622 18.354864333810855
826595873.8801795 18.354863728942682
870662068.0585117 18.354863807064966
917077450.674293 18.35486431803705
965967258.0093802 18.35486342760888
1017463402.7476043 18.354862311549663
1071704829.8967092 18.35486363008838
1128837891.6846883 18.354862734212208
1189016742.44199 18.35486311202416
1252403754.5350692 18.354865247816857
1319169956.473569 18.354864665275954
1389495494.373136 18.354861081836564
1463570118.0190797 18.354864623288577
1541593692.8422735 18.354861507799036
1623776739.1887176 18.35485929604617
1710341000.337838 18.354869267066974
1801520040.802024 18.35486577253101
1897559876.5218503 18.354874982600595
1998719638.6572526 18.35485068153919
2105272272.7657027 18.354853937615665
2217505275.2539296 18.35488218394897
2335721469.0901213 18.354829846114946
2460239820.8697777 18.354847955307694
2591396301.439652 18.354887629758657
2729544792.402002 18.354847659679038
2875058040.944877 18.354904399839725
3028328665.5749454 18.354830499015215
3189770215.466325 18.354861644386055
3359818286.2837744 18.354907112395402
3538931695.4909844 18.3548062308213
3727593720.314938 18.354899369370084
3926313401.7068396 18.35491358614217
4135626917.8176975 18.35478882828594
4356099030.694599 18.354752211036015
4588324610.100841 18.355030438579757
4832930238.571753 18.354723233353628
5090575902.036687 18.35475731274408
5361956770.568806 18.35453630283744
5647805074.067546 18.355028124050378
5948892077.934331 18.354193180870986
6266030164.072656 18.355399521330156
6600075022.827075 18.35481866747616
6951927961.775591 18.354370148860152
7322538337.6045265 18.353994860761645
7712906117.627993 18.354956782163885
8124084577.862974 18.3543701935676
8557183144.939984 18.355544721793443
9013370389.51742 18.355224951793716
9493877179.27582 18.35331002126337
10000000000.0 18.35569332290175
10.0 -13.949987877978414
10.53310445370937 -13.949963054861378
11.094628943275218 -13.949935514721403
11.686088553466515 -13.949904960184735
12.309079138896024 -13.949871061278603
12.965281629896682 -13.949833452021954
13.65646656794611 -13.949791726343763
14.38449888287663 -13.949745433700649
15.15134292476053 -13.949694074348171
15.95906776404731 -13.94963709370005
16.80985277425364 -13.949573876714751
17.70599351226899 -13.94950374087102
18.64990791214297 -13.94942592908813
19.644142809066278 -13.949339601439124
20.6913808111479 -13.94924382610231
21.794447537529855 -13.949137569404746
22.956319242369098 -13.949019684584137
24.180130845257207 -13.948888899506313
25.4691843897454 -13.948743802935192
26.826957952797258 -13.948582829380765
28.257115029208283 -13.948404242133739
29.76351441631318 -13.948206114824517
31.350220625651154 -13.947986310518726
33.02151484968176 -13.947742458819803
34.7819065131413 -13.947471930488915
36.63614544020716 -13.947171809033742
38.58923467029903 -13.94683885973974
40.646443957096295 -13.946469494773444
42.81332398719393 -13.946059734816332
45.095721356761466 -13.9456051666674
47.499794346614124 -13.945100895877369
50.03202953826004 -13.94454149475319
52.699259315756564 -13.943920944325301
55.50868030059805 -13.943232570586563
58.467872769375894 -13.942468973213568
61.58482110660264 -13.94162194756815
64.86793534788511 -13.940682397534337
68.32607387157402 -13.939640239707247
71.96856730011521 -13.93848429715999
75.8052436755926 -13.937202182187526
79.84645497739086 -13.935780166512279
84.10310505352605 -13.934203038135875
88.58667904100822 -13.932453943489678
93.30927435461668 -13.930514212820226
98.28363332770026 -13.928363168095348
103.52317759307378 -13.925977911354007
109.04204429677526 -13.923333091384205
114.8551242423938 -13.920400647562497
120.97810206889012 -13.91714952803762
127.42749857031335 -13.913545380633323
134.2207152716012 -13.909550213872002
141.37608138073614 -13.905122026215205
148.91290324394086 -13.900214400245739
156.85151643735477 -13.894776060746654
165.213340635737 -13.888750392642688
174.0209374062485 -13.88207491771835
183.29807108324357 -13.874680727561879
193.06977288832496 -13.866491870272807
203.36240846866724 -13.857424690351355
214.2037490358383 -13.847387119784448
225.62304629706352 -13.836277920401738
237.65111138110728 -13.823985878264553
250.32039797173255 -13.810388950956892
263.6650898730358 -13.795353372074736
277.7211932429355 -13.778732716619134
292.5266337436645 -13.760366935326932
308.1213588714002 -13.740081367124121
324.54744574113323 -13.717685742528065
341.84921461759274 -13.692973194660937
360.073348498562 -13.665719297391528
379.26901907322497 -13.63568115687194
399.48801939541704 -13.602596585335373
420.78490362974026 -13.566183392782584
443.21713424760856 -13.526138837648418
466.84523707037897 -13.482139283039816
491.73296457790156 -13.433840109682
517.9474679231213 -13.380875942191508
545.5594781168514 -13.322861247991275
574.6434968715973 -13.259391369516404
605.2779976193349 -13.190044050154361
637.5456372456507 -13.11438150900434
671.5334791115142 -13.031953111921279
707.3332279644438 -12.942298674496964
745.0414773728917 -12.844952413385485
784.7599703514607 -12.739447541927223
826.5958738801812 -12.625321476396659
870.6620680585127 -12.502121589847766
917.0774506742931 -12.369411414962407
965.9672580093833 -12.226777163008137
1017.4634027476063 -12.073834393015924
1071.7048298967104 -11.91023463636368
1128.8378916846884 -11.735671760878327
1189.01674244199 -11.5498878484634
1252.4037545350732 -11.352678360731394
1319.1699564735716 -11.143896385211121
1389.4954943731375 -10.923455781528531
1463.5701180190797 -10.691333092056777
1541.5936928422718 -10.44756813216221
1623.776739188721 -10.192263235546548
1710.3410003378397 -9.925581190501628
1801.520040802024 -9.647741960452187
1897.5598765218504 -9.359018335719885
1998.7196386572507 -9.059730700319976
2105.272272765707 -8.750241127919931
2217.505275253932 -8.430947034382493
2335.7214690901214 -8.102274611133858
2460.239820869775 -7.764672255216611
2591.3963014396572 -7.418604185109552
2729.5447924020073 -7.064544406227926
2875.0580409448803 -6.702971152192654
3028.3286655749457 -6.33436189619145
3189.7702154663216 -5.959188993172183
3359.818286283781 -5.577915977761689
3538.9316954909877 -5.190994525521049
3727.593720314938 -4.798862054432316
3926.3134017068355 -4.401939932689281
4135.626917817706 -4.000632243026202
4356.099030694608 -3.595325052800342
4588.324610100844 -3.186386126912372
4832.930238571752 -2.774165027423439
5090.575902036681 -2.358993544028945
5361.956770568817 -1.94118639714049
5647.805074067552 -1.5210421719636131
5948.892077934331 -1.0988444358630576
6266.030164072656 -0.674863001172926
6600.075022827095 -0.2493553055499426
6951.927961775606 0.17743212319797197
7322.538337604534 0.6052621300135005
7712.906117627992 1.0339053534332574
8124.0845778629655 1.463138606267011
8557.183144940002 1.8927432349720128
9013.37038951743 2.3225034591853437
9493.87717927582 2.752204710141797
10000.0 3.181631953972985
10533.104453709382 3.610568026291986
11094.628943275218 4.038791968334767
11686.088553466498 4.466077375185375
12309.079138896019 4.892190767513392
12965.281629896688 5.316889989269564
13656.466567946096 5.739922647153133
14384.498882876629 6.161024614414229
15151.342924760515 6.579918601256476
15959.06776404731 6.99631283847412
16809.852774253653 7.4098998856866665
17705.99351226898 7.820355605209968
18649.907912142942 8.227338351279538
19644.142809066267 8.630488404591167
20691.3808111479 9.029427713748664
21794.447537529835 9.423759999098401
22956.319242369096 9.813071276593764
24180.13084525718 10.196930853249732
25469.184389745402 10.574892865770764
26826.957952797275 10.946498398197274
28257.115029208268 11.311278231595276
29763.51441631313 11.668756252338987
31350.220625651124 12.018453526339572
33021.51484968176 12.35989300781579
34781.90651314134 12.692604872874059
36636.14544020716 13.01613236351127
38589.23467029899 13.330038045859332
40646.44395709628 13.633910340639005
42813.32398719396 13.927370132549171
45095.721356761445 14.210077268749275
47499.79434661403 14.481736695779848
50032.029538259994 14.742104054702363
52699.259315756564 14.990990450975254
55508.680300598106 15.228266253491467
58467.87276937589 15.453863710237464
61584.82110660255 15.66777831368482
64867.935347885075 15.870068788938845
68326.07387157406 16.060855762025426
71968.56730011514 16.24031914060275
75805.24367559262 16.40869431091685
79846.45497739078 16.56626733753597
84103.10505352604 16.713369352263978
88586.67904100832 16.850370355272272
93309.27435461663 16.97767265238945
98283.63332770011 17.09570416794744
103523.17759307378 17.204911813647556
109042.04429677526 17.305755103526007
114855.12424239368 17.398700189925727
120978.10206889013 17.484214398588737
127427.49857031321 17.562761330895253
134220.7152716012 17.63479665045049
141376.08138073614 17.70076447825679
148912.90324394088 17.761094451435774
156851.5164373548 17.816199399534515
165213.34063573685 17.86647358029568
174020.9374062485 17.91229145122768
183298.07108324338 17.95400688608384
193069.77288832495 17.99195280008203
203362.40846866704 18.026441099684856
214203.74903583832 18.057762957727952
225623.04629706353 18.086189241266865
237651.11138110727 18.111971190429617
250320.39797173254 18.13534119597888
263665.08987303555 18.156513657392427
277721.1932429355 18.175685954540107
292526.6337436642 18.19303941828329
308121.35887140024 18.208740323541804
324547.44574113254 18.22294088479093
341849.21461759275 18.235780245243753
360073.348498562 18.247385428244097
379269.0190732246 18.257872216547042
399488.019395417 18.26734607668174
420784.9036297398 18.275902939733776
443217.13424760854 18.28363001724049
466845.2370703785 18.29060650533805
491732.9645779016 18.2969042789273
517947.46792312124 18.3025885311751
545559.4781168514 18.307718336399358
574643.4968715974 18.31234720305867
605277.9976193343 18.316523595835896
637545.6372456506 18.32029137855748
671533.4791115135 18.323690220588514
707333.2279644439 18.326756002812914
745041.4773728917 18.32952116472198
784759.9703514606 18.33201500716356
826595.8738801812 18.33426402401083
870662.0680585118 18.33629214649623
917077.4506742931 18.33812098684948
965967.2580093823 18.339770043271074
1017463.4027476063 18.341256933676096
1071704.8298967092 18.342597558131406
1128837.8916846884 18.34380626798177
1189016.74244199 18.344896007436628
1252403.7545350718 18.34587847115454
1319169.9564735717 18.346764183687203
1389495.494373136 18.347562671994034
1463570.1180190798 18.348282500476284
1541593.6928422702 18.34893141291133
1623776.739188721 18.34951637885372
1710341.0003378377 18.35004371305478
1801520.0408020238 18.3505190524593
1897559.8765218505 18.350947549638896
1998719.6386572486 18.351333808114
2105272.272765707 18.35168198769805
2217505.2752539297 18.35199582904686
2335721.4690901213 18.352278736701955
2460239.8208697727 18.352533732424444
2591396.3014396573 18.352763603851578
2729544.792402007 18.35297078535888
2875058.040944877 18.3531575498992
3028328.6655749455 18.353325890467914
3189770.215466318 18.35347761791604
3359818.286283781 18.35361438064027
3538931.6954909842 18.353737661829925
3727593.720314938 18.353848790064962
3926313.4017068394 18.353948929211125
4135626.917817706 18.35403921179264
4356099.030694608 18.3541205953787
4588324.61010084 18.35419393640484
4832930.238571752 18.354260046878494
5090575.902036676 18.35431963080156
5361956.770568817 18.354373339903532
5647805.074067546 18.35442175241358
5948892.077934331 18.354465386676956
6266030.164072656 18.354504714919646
6600075.022827089 18.354540168567947
6951927.961775606 18.35457211535809
7322538.337604526 18.354600925713513
7712906.117627992 18.35462688300892
8124084.5778629575 18.354650286052014
8557183.144940002 18.354671370036325
9013370.38951742 18.35469037839974
9493877.17927582 18.354707512976805
10000000.0 18.35472295780263
10533104.45370936 18.354736875728495
11094628.943275219 18.354749425526236
11686088.553466497 18.354760723974138
12309079.138896018 18.354770915873203
12965281.629896663 18.354780115564605
13656466.567946097 18.354788388784538
14384498.882876629 18.354795855601388
15151342.924760515 18.354802585094777
15959067.76404731 18.35480864236386
16809852.774253618 18.354814114209002
17705993.51226898 18.354819035473884
18649907.912142944 18.354823474698808
19644142.809066266 18.354827477647973
20691380.811147902 18.35483108462917
21794447.537529834 18.35483433530975
22956319.242369097 18.35483726414845
24180130.84525718 18.354839911582292
25469184.3897454 18.354842291157606
26826957.95279722 18.354844439405355
28257115.02920827 18.35484637224167
29763514.41631313 18.35484810803131
31350220.62565112 18.35484968026693
33021514.849681754 18.354851100056994
34781906.51314127 18.35485237152063
36636145.44020716 18.354853524607634
38589234.67029899 18.35485456944267
40646443.95709628 18.35485550152282
42813323.98719387 18.354856340858618
45095721.35676145 18.354857101018432
47499794.346614026 18.354857778379607
50032029.53825999 18.354858394424035
52699259.31575657 18.354858962077245
55508680.300597996 18.354859458362153
58467872.7693759 18.354859911008834
61584821.10660254 18.354860316905935
64867935.34788508 18.35486068961955
68326073.87157391 18.35486101873983
71968567.30011514 18.354861312910977
75805243.67559262 18.354861586612184
79846454.97739078 18.354861823148035
84103105.05352604 18.35486204777272
88586679.04100814 18.35486224052903
93309274.35461664 18.354862419821348
98283633.32770011 18.354862577170277
103523177.59307377 18.35486272282075
109042044.29677527 18.35486285526286
114855124.24239345 18.354862971628688
120978102.06889038 18.354863073790323
127427498.57031322 18.354863169789578
134220715.2716012 18.354863256817104
141376081.38073614 18.354863333342696
148912903.24394056 18.354863402354653
156851516.43735445 18.354863466898042
165213340.63573685 18.35486352201076
174020937.40624848 18.354863573216825
183298071.08324376 18.354863619652534
193069772.88832456 18.35486366005513
203362408.46866703 18.35486369690075
214203749.0358383 18.35486373119465
225623046.2970626 18.354863762461047
237651111.38110778 18.35486378760495
250320397.97173202 18.354863800469058
263665089.87303555 18.354863855576
277721193.2429355 18.35486388461051
292526633.74366355 18.354863859781954
308121358.87140083 18.354863893990224
324547445.74113256 18.35486384212052
341849214.6175927 18.354863935605778
360073348.49856204 18.354863938163266
379269019.0732238 18.35486388634399
399488019.39541787 18.354863952665823
420784903.6297398 18.354863998624655
443217134.24760854 18.354863751882043
466845237.07037944 18.354863744606124
491732964.5779006 18.354863908615453
517947467.9231202 18.35486404948616
545559478.1168514 18.354863685723203
574643496.8715974 18.354863480766074
605277997.6193355 18.354864177240465
637545637.2456493 18.354864134495582
671533479.1115135 18.354863706046554
707333227.9644439 18.35486460077038
745041477.3728887 18.3548638503001
784759970.3514622 18.354864333810855
826595873.8801795 18.354863728942682
870662068.0585117 18.354863807064966
917077450.674293 18.35486431803705
965967258.0093802 18.35486342760888
1017463402.7476043 18.354862311549663
1071704829.8967092 18.35486363008838
1128837891.6846883 18.354862734212208
1189016742.44199 18.35486311202416
1252403754.5350692 18.354865247816857
1319169956.473569 18.354864665275954
1389495494.373136 18.354861081836564
1463570118.0190797 18.354864623288577
1541593692.8422735 18.354861507799036
1623776739.1887176 18.35485929604617
1710341000.337838 18.354869267066974
1801520040.802024 18.35486577253101
1897559876.5218503 18.354874982600595
1998719638.6572526 18.35485068153919
2105272272.7657027 18.354853937615665
2217505275.2539296 18.35488218394897
2335721469.0901213 18.354829846114946
2460239820.8697777 18.354847955307694
2591396301.439652 18.354887629758657
2729544792.402002 18.354847659679038
2875058040.944877 18.354904399839725
3028328665.5749454 18.354830499015215
3189770215.466325 18.354861644386055
3359818286.2837744 18.354907112395402
3538931695.4909844 18.3548062308213
3727593720.314938 18.354899369370084
3926313401.7068396 18.35491358614217
4135626917.8176975 18.35478882828594
4356099030.694599 18.354752211036015
4588324610.100841 18.355030438579757
4832930238.571753 18.354723233353628
5090575902.036687 18.35475731274408
5361956770.568806 18.35453630283744
5647805074.067546 18.355028124050378
5948892077.934331 18.354193180870986
6266030164.072656 18.355399521330156
6600075022.827075 18.35481866747616
6951927961.775591 18.354370148860152
7322538337.6045265 18.353994860761645
7712906117.627993 18.354956782163885
8124084577.862974 18.3543701935676
8557183144.939984 18.355544721793443
9013370389.51742 18.355224951793716
9493877179.27582 18.35331002126337
10000000000.0 18.35569332290175
10.0 -7.809345967920095
10.53310445370937 -11.511317778680429
11.094628943275218 -13.515546335794433
11.686088553466515 -4.722635510889222
12.309079138896024 -10.701608035875303
12.965281629896682 -11.27900469980035
13.65646656794611 -11.982958883946772
14.38449888287663 -11.939857576960296
15.15134292476053 -11.72478844137228
15.95906776404731 -12.072695736301476
16.80985277425364 -12.443909249070087
17.70599351226899 -16.702598905519608
18.64990791214297 -11.28700892833663
19.644142809066278 -15.646500777133028
20.6913808111479 -12.589451000560896
21.794447537529855 -5.980027462218507
22.956319242369098 -11.059836060081832
24.180130845257207 -11.457997291311152
25.4691843897454 -14.45348524803853
26.826957952797258 -10.09341630583054
28.257115029208283 -6.38564936910713
29.76351441631318 -9.370011561170745
31.350220625651154 3.4835960458458715
33.02151484968176 -9.941582448781372
34.7819065131413 -10.097500489156612
36.63614544020716 -18.423193018531
38.58923467029903 -11.23111292315631
40.646443957096295 -10.921641761246168
42.81332398719393 -12.545562022649237
45.095721356761466 -9.952842988822626
47.499794346614124 -11.82062333068554
50.03202953826004 -10.9015342780585
52.699259315756564 7.470362535318863
55.50868030059805 -5.17631538638224
58.467872769375894 -13.066440708036911
61.58482110660264 -11.661659796166187
64.86793534788511 -9.616006641814183
68.32607387157402 -13.50375936677622
71.96856730011521 -8.602738370107566
75.8052436755926 -14.295880765931116
79.84645497739086 -12.856725768685838
84.10310505352605 2.0944791548824377
88.58667904100822 -12.93589727655453
93.30927435461668 -8.95886959283249
98.28363332770026 -9.584422053341536
103.52317759307378 -6.55129904058845
109.04204429677526 -7.664484639781433
114.8551242423938 -3.9558814707771397
120.97810206889012 -15.401820185471365
127.42749857031335 -12.548116143345611
134.2207152716012 -20.54181028995036
141.37608138073614 -12.802797240253094
148.91290324394086 -8.776964319173928
156.85151643735477 -10.413485662424266
165.213340635737 -8.035584009405795
174.0209374062485 -13.227551068518721
183.29807108324357 -5.172940353005453
193.06977288832496 -10.857034177985769
203.36240846866724 -14.151424918581956
214.2037490358383 3.4273693420091345
225.62304629706352 -9.021316671676157
237.65111138110728 -9.107803652740827
250.32039797173255 -1.4214540025592042
263.6650898730358 -7.021090215461678
277.7211932429355 -8.54252106285517
292.5266337436645 -8.357304360220837
308.1213588714002 -9.35880142273817
324.54744574113323 -0.47663922552320276
341.84921461759274 -7.292605862251188
360.073348498562 -8.820291090359078
379.26901907322497 9.244098209917397
399.48801939541704 -2.092794531057307
420.78490362974026 -2.5182087985423625
443.21713424760856 -17.505303265261656
466.84523707037897 -3.074314210724627
491.73296457790156 -1.5085674293592644
517.9474679231213 -2.455458557206636
545.5594781168514 -4.055745246875536
574.6434968715973 -2.1272306337119224
605.2779976193349 11.244442242544935
637.5456372456507 2.5058732499210894
671.5334791115142 12.114903515207889
707.3332279644438 -9.169029078626046
745.0414773728917 -3.6691497748046653
784.7599703514607 -7.2525876014045885
826.5958738801812 -3.0418375998524643
870.6620680585127 -14.317194375280549
917.0774506742931 -1.369639350752454
965.9672580093833 -10.537994374289507
1017.4634027476063 -7.599729338114404
1071.7048298967104 -7.0677172750279835
1128.8378916846884 -10.751452112221429
1189.01674244199 -0.30585714814803244
1252.4037545350732 2.268272557159118
1319.1699564735716 0.9184636360005349
1389.4954943731375 -12.281094497947024
1463.5701180190797 -4.895538871056895
1541.5936928422718 -14.64912225291199
1623.776739188721 1.7714066071224113
1710.3410003378397 -4.84759790655722
1801.520040802024 -0.7511298409668967
1897.5598765218504 -15.45990353725643
1998.7196386572507 3.0990560858828764
2105.272272765707 -0.7695694747836825
2217.505275253932 -10.171004782846225
2335.7214690901214 6.609888660761896
2460.239820869775 -2.689904554381431
2591.3963014396572 -13.647004985101553
2729.5447924020073 -5.158195523241434
2875.0580409448803 -3.081585822094599
3028.3286655749457 -2.318600163951891
3189.7702154663216 -16.810584343498792
3359.818286283781 -3.173070621709211
3538.9316954909877 -12.223287512573524
3727.593720314938 -8.572753561157239
3926.3134017068355 -5.568896626735454
4135.626917817706 -15.493889695336973
4356.099030694608 0.4158201015838604
4588.324610100844 0.23571001590051557
4832.930238571752 -5.238912694184266
5090.575902036681 3.317676117967778
5361.956770568817 -4.137356957958594
5647.805074067552 8.071318715272868
5948.892077934331 -4.807910549839099
6266.030164072656 -5.914084042736464
6600.075022827095 -7.135197889432879
6951.927961775606 -12.354163717334467
7322.538337604534 -2.676689574962903
7712.906117627992 -10.017549234744017
8124.0845778629655 -4.856882189706374
8557.183144940002 13.66386899829309
9013.37038951743 1.7003594233032868
9493.87717927582 -11.047479458188906
10000.0 -20.142023130429703
10533.104453709382 -12.26639915028592
11094.628943275218 -13.7101924808168
11686.088553466498 -10.884364691196266
12309.079138896019 -11.964867858112548
12965.281629896688 -12.278807362050493
13656.466567946096 -18.37554033741782
14384.498882876629 -13.274739681009528
15151.342924760515 -11.941890884628563
15959.06776404731 -8.035360189115753
16809.852774253653 2.6156741358163886
17705.99351226898 -1.7772600500593638
18649.907912142942 -8.799546400579777
19644.142809066267 -9.185414244976366
20691.3808111479 -12.221913649321356
21794.447537529835 -28.110236986364523
22956.319242369096 3.7319392195264234
24180.13084525718 1.2969357020097172
25469.184389745402 9.647476126128929
26826.957952797275 -2.421574549077489
28257.115029208268 13.738123512253429
29763.51441631313 -5.284499816791982
31350.220625651124 18.64955517243153
33021.51484968176 -15.006216712212526
34781.90651314134 -2.8428717078940986
36636.14544020716 -19.072428961761766
38589.23467029899 -11.611394157586044
40646.44395709628 -14.778549304892705
42813.32398719396 -6.433400037301535
45095.721356761445 -7.7267541913795235
47499.79434661403 1.609102494446082
50032.029538259994 -8.702508367420274
52699.259315756564 -6.944880064824926
55508.680300598106 -12.999420257503173
58467.87276937589 -14.811328267141144
61584.82110660255 0.5883538133570178
64867.935347885075 4.081618699008271
68326.07387157406 -1.218010638770753
71968.56730011514 4.5209477928167505
75805.24367559262 -7.180164352085222
79846.45497739078 -18.95763410953545
84103.10505352604 9.432119054769185
88586.67904100832 9.296935737146946
93309.27435461663 -3.268447347052917
98283.63332770011 -9.969565994942077
103523.17759307378 -6.175447155103944
109042.04429677526 4.283301371501075
114855.12424239368 4.062529466198183
120978.10206889013 13.204032035211757
127427.49857031321 12.511209012257943
134220.7152716012 0.43933062545003276
141376.08138073614 -9.517272032579582
148912.90324394088 24.707082962597987
156851.5164373548 -2.671723283669282
165213.34063573685 -9.913941816720708
174020.9374062485 -7.330236007636338
183298.07108324338 -12.180215529743288
193069.77288832495 0.4599079887171151
203362.40846866704 -8.033563025169121
214203.74903583832 -12.159189569867237
225623.04629706353 2.055846218977699
237651.11138110727 4.391198733772346
250320.39797173254 -1.6852198371923386
263665.08987303555 12.91709328975233
277721.1932429355 -2.9208332028751105
292526.6337436642 -13.012321019171571
308121.35887140024 -3.5425193988797026
324547.44574113254 -13.821391409198622
341849.21461759275 -4.181211598320578
360073.348498562 11.200239358719568
379269.0190732246 12.782842403627747
399488.019395417 2.4839735658767865
420784.9036297398 -5.495526799875483
443217.13424760854 1.0140265171977174
466845.2370703785 -11.933083619268128
491732.9645779016 0.9244738590002101
517947.46792312124 4.2250295397710715
545559.4781168514 3.6049450419710833
574643.4968715974 -0.16972673791436843
605277.9976193343 -20.30671582134115
637545.6372456506 -14.956599857088937
671533.4791115135 -2.7795658603899347
707333.2279644439 2.402259462306467
745041.4773728917 4.720679902283444
784759.9703514606 5.299339900916404
826595.8738801812 5.568291015065119
870662.0680585118 -9.797533594792192
917077.4506742931 -1.6554580207742775
965967.2580093823 2.5465407652504823
1017463.4027476063 -14.491502738654455
1071704.8298967092 3.181700418579278
1128837.8916846884 -2.5197723336142386
1189016.74244199 5.526430172848134
1252403.7545350718 -5.779630034037757
1319169.9564735717 -11.004908959853545
1389495.494373136 -7.597270953955613
1463570.1180190798 -0.4475273063683688
1541593.6928422702 1.2357439237281227
1623776.739188721 -2.008461921662903
1710341.0003378377 -5.679208523158681
1801520.0408020238 -6.698797722845007
1897559.8765218505 1.0113620509021686
1998719.6386572486 1.9918568322226262
2105272.272765707 -25.16150860490772
2217505.2752539297 -4.586678660523329
2335721.4690901213 -13.781281335588107
2460239.8208697727 -0.4945835100820697
2591396.3014396573 -9.083058452178998
2729544.792402007 -22.6773860209977
2875058.040944877 -7.42399415513712
3028328.6655749455 14.70524630842512
3189770.215466318 -2.192941838328032
3359818.286283781 -9.424673675992295
3538931.6954909842 4.167996497721043
3727593.720314938 10.438599801283875
3926313.4017068394 -24.360147600088634
4135626.917817706 1.473553363872984
4356099.030694608 21.0677891051537
4588324.61010084 -31.171646028178923
4832930.238571752 -2.623598275938481
5090575.902036676 -6.418123210055313
5361956.770568817 3.1929887698407162
5647805.074067546 -1.6218130862239653
5948892.077934331 -9.275195525380592
6266030.164072656 -23.762413643287253
6600075.022827089 -6.769171963012584
6951927.961775606 -30.464148704161754
7322538.337604526 -1.4558341159852686
7712906.117627992 -2.022172948639482
8124084.5778629575 -3.2278233125126867
8557183.144940002 -6.54554811969697
9013370.38951742 3.142070231956317
9493877.17927582 1.0625324055535226
10000000.0 6.2015089356590725
10533104.45370936 -4.471744394480105
11094628.943275219 -34.95440183053007
11686088.553466497 -6.910998175676886
12309079.138896018 -15.094133167516857
12965281.629896663 -4.009331659177729
13656466.567946097 10.31249249075573
14384498.882876629 -7.784901961252694
15151342.924760515 -2.0647718723257955
15959067.76404731 -6.219584672935115
16809852.774253618 -3.5632940043717243
17705993.51226898 -10.2517858988945
18649907.912142944 6.796934423373733
19644142.809066266 -30.969743714754937
20691380.811147902 -43.549573747467406
21794447.537529834 9.733530340344766
22956319.242369097 -5.7457662352587215
24180130.84525718 -0.5686421268447515
25469184.3897454 -7.121761005244625
26826957.95279722 2.1784125666251613
28257115.02920827 3.869953184025648
29763514.41631313 -25.085423761462984
31350220.62565112 -2.6693790666526236
33021514.849681754 -14.721119434908374
34781906.51314127 -3.937534643604611
36636145.44020716 -5.527883401741748
38589234.67029899 -0.7525919728427289
40646443.95709628 -1.476189845679671
42813323.98719387 -26.621452771804144
45095721.35676145 -35.235016956990115
47499794.346614026 -7.699545827070508
50032029.53825999 -2.6667663965434323
52699259.31575657 -5.737128279191175
55508680.300597996 -17.511621027036682
58467872.7693759 16.46629658571547
61584821.10660254 -2.456921815698906
64867935.34788508 -6.138193248279796
68326073.87157391 -2.722659512185853
71968567.30011514 -15.8391966244991
75805243.67559262 3.711314716631006
79846454.97739078 -13.803300909622127
84103105.05352604 5.153244067584764
88586679.04100814 -7.12242310270978
93309274.35461664 -3.9875671885723474
98283633.32770011 -8.309885508064982
103523177.59307377 0.3479245313354504
109042044.29677527 -10.630494063294533
114855124.24239345 -2.5138014790216037
120978102.06889038 -6.468560380887144
127427498.57031322 -15.189375618805542
134220715.2716012 1.9162784648974005
141376081.38073614 -9.814677617016295
148912903.24394056 -0.8808446914436736
156851516.43735445 -4.305531596208729
165213340.63573685 -10.603897077511068
174020937.40624848 10.92814224268981
183298071.08324376 38.98107833745894
193069772.88832456 -10.547209265429382
203362408.46866703 -2.394655715703251
214203749.0358383 -7.558248702797429
225623046.2970626 13.901358299934017
237651111.38110778 -4.229856453186799
250320397.97173202 0.48488802482052074
263665089.87303555 -15.44070348560201
277721193.2429355 -3.235276093013591
292526633.74366355 40.689946990759466
308121358.87140083 -7.738482399911799
324547445.74113256 -1.6057796795971082
341849214.6175927 -14.90805682070686
360073348.49856204 17.77858455533748
379269019.0732238 9.119228437804596
399488019.39541787 -35.28839174969121
420784903.6297398 -4.666902175125802
443217134.24760854 -2.996155204650833
466845237.07037944 -36.304844203583784
491732964.5779006 -1.0475279642003417
517947467.9231202 -3.0436823657863386
545559478.1168514 -9.951495017162474
574643496.8715974 -24.051517330665174
605277997.6193355 1.4262891787630974
637545637.2456493 -5.0831008226675864
671533479.1115135 28.190649068171105
707333227.9644439 -3.4862139226969835
745041477.3728887 -19.595363499111492
784759970.3514622 -5.743369615979004
826595873.8801795 3.2236220974636036
870662068.0585117 -3.2139207464179047
917077450.674293 -23.16993044364878
965967258.0093802 -6.025528519934675
1017463402.7476043 -6.7404694414770425
1071704829.8967092 3.0225476759656242
1128837891.6846883 -5.6982529965925846
1189016742.44199 -9.63818404422107
1252403754.5350692 5.905670090343795
1319169956.473569 20.66871108719652
1389495494.373136 -20.246245919445983
1463570118.0190797 6.916464003430114
1541593692.8422735 -2.1218716276243677
1623776739.1887176 32.08231280009169
1710341000.337838 0.7712582827337232
1801520040.802024 -7.663059854112929
1897559876.5218503 2.2289952091994567
1998719638.6572526 -3.8354593659001552
2105272272.7657027 -4.205832762738952
2217505275.2539296 -6.606738901136175
2335721469.0901213 -12.95038751342437
2460239820.8697777 3.23447514880621
2591396301.439652 -8.384687944480332
2729544792.402002 -15.445574429179684
2875058040.944877 -4.935065053841096
3028328665.5749454 -2.2574613881596326
3189770215.466325 4.391992787670471
3359818286.2837744 4.604291750746153
3538931695.4909844 4.972492985481466
3727593720.314938 -9.894119842606854
3926313401.7068396 -0.44736964014009334
4135626917.8176975 -19.73160377929266
4356099030.694599 -8.8852936965502
4588324610.100841 -0.5954167318489172
4832930238.571753 -1.0077989286135671
5090575902.036687 -3.5081738659191957
5361956770.568806 -1.2278492578887694
5647805074.067546 -3.705902946793111
5948892077.934331 2.3442589657559405
6266030164.072656 -2.1743185973948944
6600075022.827075 4.820333581210283
6951927961.775591 13.73472064605389
7322538337.6045265 2.6287892819400587
7712906117.627993 2.301021274584552
8124084577.862974 -8.996260504405356
8557183144.939984 -5.902542440207447
9013370389.51742 24.660856622522523
9493877179.27582 6.424667341061721
10000000000.0 -7.775561941660932
