10.0 -0.5217067955631408
10.292747724096083 -0.5143111981883294
10.59406557118851 -0.5070305824523302
10.904204429677526 -0.49987803475855336
11.223422532664179 -0.4928657126665728
11.551985672964793 -0.486004868091325
11.890167424419898 -0.47930587377792705
12.238249369681931 -0.4727782523698719
12.596521334671401 -0.4664307074395647
12.965281629896682 -0.4602711559082236
13.344837298838383 -0.45430676132592285
13.735504373605137 -0.4485439675443013
14.137608138073606 -0.4429885323583829
14.551483398731937 -0.43764556075323163
14.977474763452017 -0.43251953742426547
15.415936928422726 -0.42761435830299505
15.867234973483178 -0.4229333608474627
16.331744666101677 -0.4184793529028145
16.80985277425364 -0.41425463997286815
17.301957388458945 -0.41026105077454467
17.808468253246822 -0.4064999609803748
18.329807108324356 -0.4029723150795165
18.866408039732583 -0.3996786463143584
19.418717841282557 -0.3966190946715732
19.987196386572506 -0.3937934229286735
20.57231701189556 -0.39120103077467233
21.174566910357118 -0.38884096704170573
21.794447537529855 -0.3867119400998485
22.432475028984193 -0.38481232648230124
23.089180630041927 -0.38314017782183185
23.765111138110754 -0.3816932261914476
24.46082935796799 -0.38046888795419315
25.17691457037277 -0.3794642662399068
25.913963014396586 -0.3786761521730902
26.672588383874054 -0.37810102499020914
27.453422338387142 -0.37773505119271583
28.257115029208283 -0.37757408288922295
29.08433564064048 -0.37761365548730924
29.935772947204903 -0.377848984910332
30.812135887140037 -0.37827496450645903
31.714154152689986 -0.3788861618416607
32.642578797673224 -0.3796768155533147
33.59818286283781 -0.3806408324617453
34.58176201952381 -0.38177178512787846
35.594135232168604 -0.3830629100523595
36.63614544020716 -0.3845071067135191
37.708660259934554 -0.38609693763398334
38.81257270691538 -0.3878246296728805
39.9488019395417 -0.38968207673506966
41.118294024358306 -0.3916608440798242
42.322022723792756 -0.39375217441682087
43.56099030694608 -0.39594699597169114
44.83622838411908 -0.39823593268793245
46.148798765769385 -0.400609316740626
47.499794346614124 -0.40305720352137075
48.890340015614456 -0.4055693892473695
50.32159359259993 -0.4081354313472886
51.7947467923121 -0.4107446717523853
53.31102621667033 -0.41338626323037714
54.87169437608604 -0.41604919885482505
56.47805074067555 -0.41872234471828
58.131432822247135 -0.42139447595081597
59.83321728796288 -0.4240543160859317
61.58482110660264 -0.42669057978185254
63.38770272838487 -0.4292920188756506
65.24336329932625 -0.43184747167073834
67.15334791115141 -0.4343459153487838
69.11924688779365 -0.43677652128450484
71.14269710955735 -0.43912871301245626
73.22538337604533 -0.4413922265009495
75.36903980898542 -0.4435571723036052
77.57545129612417 -0.4456140990977356
79.84645497739086 -0.4475540580067052
82.18394177456803 -0.4493686670580908
84.58985796574301 -0.45105017502369776
87.06620680585127 -0.4525915238521304
89.61505019466045 -0.4539864088336476
92.23851039358476 -0.45522933561569123
94.9387717927583 -0.45631567317450644
97.71808272983904 -0.45724170184088814
100.57875736205835 -0.4580046555355902
103.52317759307378 -0.458602757396942
106.55379505623053 -0.4590352480899185
109.67313315588179 -0.4593024061664071
112.88378916846884 -0.4594055599937094
116.18843640511002 -0.45934709088152337
119.58982643749793 -0.4591304272377886
123.09079138896018 -0.45876002967972657
126.69424629259063 -0.458241367280525
130.40319151841317 -0.4575808852237022
134.2207152716012 -0.45678596434374424
138.14999616383224 -0.45586487316415647
142.19430585991677 -0.4548267131761912
146.357011801908 -0.45368135821509736
150.64158001295928 -0.4524393888928001
155.05157798326255 -0.4511120230824146
159.5906776404731 -0.4497110435244493
164.26265840709303 -0.4482487236004476
169.071410347358 -0.44673775233642754
174.0209374062485 -0.44519115965749856
179.115360743323 -0.44362224283017077
184.3589221641488 -0.44204449500464754
189.75598765218504 -0.44047153663396266
195.3110510040631 -0.43891705047691354
201.02873757128856 -0.4373947207697267
206.913808111479 -0.4359181770484247
212.97116275234782 -0.4345009429956574
219.20584507173257 -0.4331563905627309
225.62304629706352 -0.43189769953503115
232.22810962777245 -0.4307378225959885
239.02653468423918 -0.4296894558630215
246.02398208697775 -0.42876501479839574
253.22627816987946 -0.4279766153166482
260.63941983143474 -0.427336059863145
268.26957952797244 -0.4268548281893063
276.1231104130753 -0.4265440725244643
284.2065516274511 -0.426414616796311
292.5266337436645 -0.4264769595589465
301.09028437025927 -0.42674128027062763
309.9046339199427 -0.4272174485569609
318.97702154663216 -0.42791503610652465
328.3150012563047 -0.4288433308564194
337.9263481967431 -0.43001135314053895
347.819065131413 -0.43142787348217615
358.00138910285807 -0.4331014317440724
368.48179829116765 -0.4350403573713153
379.26901907322497 -0.43725279047099325
390.37203328860926 -0.439746703513451
401.8000857182091 -0.4425299234524519
413.5626917817706 -0.4456101540916287
425.66964546078714 -0.44899499853586106
438.13102745333055 -0.4526919816001155
450.9572135676145 -0.45670857206364546
464.15888336127773 -0.46105220466615415
477.7470290335773 -0.4657303017759281
491.73296457790156 -0.47075029466363855
506.1283352022219 -0.4761196443332371
520.9451270253212 -0.48184586187515605
536.1956770568817 -0.48793652831472234
551.892683469738 -0.49439931394128445
568.0492161728429 -0.5012419971135501
584.6787276937589 -0.5084724825365127
601.7950643797334 -0.5160988190196002
619.412477926676 -0.5241292167307202
637.5456372456507 -0.5325720639540759
656.2096406767555 -0.5414359433783583
675.4200285605586 -0.5507296479331915
695.1927961775606 -0.5604621961979603
715.5444070664574 -0.5706428474082226
736.4918067322965 -0.5812811160836225
758.0524367559261 -0.5923867863051847
780.2442493165045 -0.6039699256640485
803.0857221391512 -0.6160408989083624
826.5958738801812 -0.6286103813087729
850.7942799627444 -0.6416893717688175
875.7010888760508 -0.6552892056936652
901.3370389517438 -0.6694215676407965
927.7234756314059 -0.6840985037659887
954.8823692395666 -0.6993324340764219
982.8363332770031 -0.7151361645051925
1011.6086432495807 -0.7315228988113579
1041.2232560483055 -0.7485062503113034
1071.7048298967104 -0.7661002534450704
1103.078744882215 -0.7843193751736591
1135.3711240885177 -0.803178526203289
1168.608855346651 -0.8226930720286771
1202.8196136227775 -0.8428788437829332
1238.0318840613968 -0.8637521488786045
1274.2749857031336 -0.8853297814202707
1311.5790958968503 -0.9076290323653418
1349.9752754264298 -0.9306676994059536
1389.4954943731375 -0.9544640965391739
1430.172658735088 -0.979037063290719
1472.0406378260013 -1.0044059735495408
1515.134292476053 -1.0305907439690911
1559.4895040582815 -1.0576118418814215
1605.1432043647615 -1.0854902926715273
1652.1334063573702 -1.114247686543598
1700.4992358187922 -1.143906184615113
1750.2809639301013 -1.1744885242583236
1801.520040802024 -1.2060180236084168
1854.2591299878522 -1.238518585143505
1908.542144006686 -1.2720146982387384
1964.4142809066266 -1.3065314405820487
2021.9220618983536 -1.3420944783312934
2081.1133700903947 -1.3787300648831622
2142.037490358383 -1.4164650381066377
2204.7451503814746 -1.4553268158890311
2269.288562880081 -1.4953433898201993
2335.7214690901214 -1.5365433168329148
2404.0991835099717 -1.5789557085963983
2474.47863995735 -1.6226102184465523
2546.91843897454 -1.667537025616372
2621.478896621356 -1.7137668165123592
2698.222094696536 -1.7613307627610657
2777.211932429355 -1.810260495730958
2858.5141796844714 -1.860588077210311
2942.196531724374 -1.9123459659004047
3028.3286655749457 -1.9655669793580262
3116.9822980411436 -2.020284250997314
3208.2312454210773 -2.076531181733335
3302.1514849681753 -2.134341385826876
3398.8212181526674 -2.1937486304586074
3498.320935775036 -2.254786768537307
3600.73348498562 -2.3174896642184906
3706.144138266228 -2.381891110582037
3814.640664431178 -2.448024738891995
3926.3134017068355 -2.515923918837299
4041.2553329506004 -2.585621649126614
4159.562163071847 -2.657150437790963
4281.332398719392 -2.7305421715266363
4406.667430301786 -2.805827973398998
4535.671616408702 -2.8830380482128906
4668.45237070379 -2.9622015148535503
4805.1202513612425 -3.043346224900081
4945.789053120639 -3.126498566825261
5090.575902036681 -3.211683255109963
5239.601353002645 -3.2989231036325517
5392.98949012887 -3.388238782732721
5550.868030059805 -3.479648559405029
5713.36842831558 -3.573168020149048
5880.625988746757 -3.66880977609354
6052.779976193349 -3.766583150121477
6229.973732441841 -3.8664938458574056
6412.354795576917 -3.9685435985370483
6600.075022827095 -4.072729807965363
6793.290717006696 -4.1790451539868965
6992.162756659375 -4.287477195141087
7196.856730011514 -4.3980079514591335
7407.543072847163 -4.5106134726797364
7624.397210419138 -4.625263393518258
7847.5997035146065 -4.741920478022787
8077.3363987967105 -4.86054015548438
8313.798583547334 -4.981070050844505
8557.183144940002 -5.103449513054405
8807.692733975462 -5.227609145384329
9065.53593421636 -5.353470342257383
9330.927435461663 -5.480944837780548
9604.08821250538 -5.609934271758803
9885.24570912827 -5.740329779600965
10174.634027476064 -5.87201161313846
10472.494122981476 -6.004848799975238
10779.074004992735 -6.138698849544066
11094.628943275218 -6.273407514547472
11419.421680558647 -6.4088086168884555
11753.722651306367 -6.544723947523034
12097.810206889013 -6.680963249867328
12451.97084735032 -6.817324296447809
12816.499459957597 -6.953593068354262
13191.699564735716 -7.089544046732835
13577.883567189278 -7.224940625001297
13975.373018422924 -7.359535649665107
14384.498882876629 -7.493072096545546
14805.6018138991 -7.62528388787935
15239.032437388305 -7.755896854112651
15685.151643735446 -7.884629842289462
16144.330888316019 -8.011195970736003
16616.952500776908 -8.135304027290196
17103.41000337838 -8.256660005650511
17604.108438655527 -8.374968771564738
18119.46470667122 -8.48993584760017
18649.907912142942 -8.60126930220525
19195.87972173111 -8.708681725753062
19757.834731786996 -8.811892273347846
20336.2408468667 -8.910628751456516
20931.579669325736 -9.004629722995764
21544.346900318822 -9.093646603455863
22175.052752539294 -9.1774457190575
22824.222375040976 -9.255810296907056
23492.396290496577 -9.328542356694571
24180.13084525718 -9.395464473729476
24887.998672586673 -9.456421384059313
25616.589169457267 -9.511281404072019
26366.508987303554 -9.55993763933939
27138.3825371428 -9.602308960469147
27932.85250948253 -9.638340727337916
28750.580409448772 -9.668005247195541
29592.247107579577 -9.691301956649648
30458.55340674284 -9.70825732234797
31350.220625651124 -9.718924460134032
32267.991199458116 -9.72338247743004
33212.62929793748 -9.72173554845435
34184.92146175927 -9.714111736485501
35185.677257392665 -9.700661581609081
36215.72995118075 -9.681556476132132
37275.93720314938 -9.656986853026297
38367.18178112649 -9.627160215304448
39490.37229576694 -9.592299036107008
40646.44395709628 -9.552638560448756
41836.359353200234 -9.508424540072046
43061.10925171165 -9.45991093268668
44321.713424760856 -9.407357596103763
45619.221498074585 -9.351028006451365
46954.71382493421 -9.291187027874363
48329.30238571752 -9.228098758945157
49744.13171377451 -9.162024478542792
51200.37984840882 -9.093220711278596
52699.259315756564 -9.021937429740468
54242.01813838024 -8.948416407978344
55829.94087441914 -8.872889737824616
57464.34968715974 -8.795578516896638
59146.605445917456 -8.716691714512228
60878.108859147556 -8.636425219293926
62660.30164072656 -8.554961069972933
64494.667710376205 -8.472466868836968
66382.73442923075 -8.389095375401938
68326.07387157406 -8.304984276218002
70326.30413380644 -8.22025612523688
72385.09068173247 -8.13501844784553
74504.14773728917 -8.049364000499372
76685.2397058701 -7.963371176837344
78930.18264543568 -7.87710455021762
81240.84577862974 -7.790615541753116
83619.15304916317 -7.703943202143678
86067.08472376158 -7.617115094879845
88586.67904100832 -7.530148267736179
91180.03390845681 -7.44305029887709
93849.3086494272 -7.355820403376155
96596.72580093842 -7.268450585515549
99424.57296427398 -7.180926821900145
102335.20470972576 -7.093230260215855
105331.04453709359 -7.005338418405994
108414.5868935835 -6.917226369152468
111588.3992507748 -6.828867894858127
114855.12424239368 -6.740236598842734
118217.48186466724 -6.651306959205725
121678.27174109229 -6.562055312774908
125240.3754535072 -6.472460757753893
128906.75894140244 -6.382505965084949
132680.47497147243 -6.292177890142937
136564.66567946097 -6.201468378138892
140562.56518642136 -6.110374658500502
144677.5022915648 -6.018899725471882
148912.90324394088 -5.927052604183192
153272.2945952612 -5.834848503435375
157759.30613623615 -5.742308858372913
162377.67391887208 -5.649461268027439
167131.2433672486 -5.556339334363999
172023.97247935992 -5.462982410907581
177059.9351226898 -5.369435270237121
182243.32442626648 -5.275747700587852
187578.45627201613 -5.181974042480816
193069.77288832495 -5.088172676701058
198721.84654880533 -4.994405475073771
204539.38337933904 -4.900737225359396
210527.22727657072 -4.807235041219812
216690.3639411181 -4.7139677676295335
223033.9250288494 -4.621005391349709
229563.19242369095 -4.528418465182161
236283.6026355175 -4.436277553713749
243200.7513267945 -4.3446527071838315
250320.39797173254 -4.253612968993613
257648.47065183744 -4.163225921259745
265191.0709918535 -4.073557271721178
272954.4792402007 -3.984670484266785
280945.1594981406 -3.8966264543772073
289169.76510202966 -3.809483229886997
297635.14416313195 -3.723295776681354
306348.3452696084 -3.638115788251804
315316.62335543614 -3.5539915374524313
324547.44574113254 -3.4709677683199596
334048.4983513244 -3.3890856254431485
343827.6921143307 -3.3083826180880047
353893.1695490984 -3.2288926160915703
364253.3115449638 -3.150645874426812
374916.74433988857 -3.0736690832986486
385892.3467029899 -2.9979854406520436
397189.25732733024 -2.9236147440435634
408816.88243912894 -2.8505734989420217
420784.9036297398 -2.778875040669387
433103.2859169001 -2.708529667365609
445782.28604197066 -2.6395447815498576
458832.461010084 -2.5719250380513037
472264.67688029545 -2.505672496288883
486090.117813063 -2.440786775085928
500320.2953825999 -2.37726520840974
514967.0581618343 -2.3151030006235223
530042.6015879672 -2.2542933800262683
545559.4781168514 -2.1948277496345554
561530.6076746266 -2.1366958343260154
577969.2884153313 -2.0798858236172117
594889.2077934331 -2.024384509488869
612304.4539605178 -1.970177418797961
630229.5274956024 -1.9172489399297217
648679.3534788508 -1.8655824434437895
667669.2939187557 -1.8151603965571843
687215.1605431122 -1.7659644713845881
707333.2279644439 -1.717975646922907
728040.2472308562 -1.6711743048239207
749353.4597735757 -1.6255403190471445
771290.6117627992 -1.5810531395242537
793869.9688838223 -1.5376918699990705
817110.3315457187 -1.4954353402328489
841031.0505352605 -1.4542621727847276
865652.0431290936 -1.4141508445917101
890993.8096776098 -1.375079743583475
917077.4506742931 -1.3370272205735902
943924.6843247664 -1.299971636672023
971557.8646301847 -1.2638914064644258
1000000.0 -1.2287650372018823
10.0 -0.09073043809148218
10.292747724096083 -0.09333986033023314
10.59406557118851 -0.09602157229612822
10.904204429677526 -0.09877732549834521
11.223422532664179 -0.10160889095738276
11.551985672964793 -0.10451805708447383
11.890167424419898 -0.10750662728231937
12.238249369681931 -0.11057641724338066
12.596521334671401 -0.11372925192042113
12.965281629896682 -0.11696696214240866
13.344837298838383 -0.12029138084727874
13.735504373605137 -0.12370433890141792
14.137608138073606 -0.12720766047408508
14.551483398731937 -0.13080315793335273
14.977474763452017 -0.134492626228545
15.415936928422726 -0.1382778367226038
15.867234973483178 -0.14216053043634366
16.331744666101677 -0.14614241066521577
16.80985277425364 -0.1502251349280136
17.301957388458945 -0.15441030620597265
17.808468253246822 -0.15869946342998625
18.329807108324356 -0.16309407117326946
18.866408039732583 -0.16759550850677207
19.418717841282557 -0.1722050569750925
19.987196386572506 -0.1769238876516466
20.57231701189556 -0.18175304723347346
21.174566910357118 -0.18669344313846284
21.794447537529855 -0.19174582757103448
22.432475028984193 -0.19691078052655092
23.089180630041927 -0.202188691710099
23.765111138110754 -0.20757974135191995
24.46082935796799 -0.21308387990978528
25.17691457037277 -0.21870080665824917
25.913963014396586 -0.2244299471760161
26.672588383874054 -0.23027042975587908
27.453422338387142 -0.2362210607769338
28.257115029208283 -0.24228029909617077
29.08433564064048 -0.24844622953628998
29.935772947204903 -0.2547165355686927
30.812135887140037 -0.26108847131522517
31.714154152689986 -0.26755883301938416
32.642578797673224 -0.2741239301673148
33.59818286283781 -0.28077955647100633
34.58176201952381 -0.28752096096041163
35.594135232168604 -0.2943428194675721
36.63614544020716 -0.3012392068238761
37.708660259934554 -0.30820357013082905
38.81257270691538 -0.31522870350459936
39.9488019395417 -0.32230672473436806
41.118294024358306 -0.32942905433328656
42.322022723792756 -0.3365863974975604
43.56099030694608 -0.3437687295226667
44.83622838411908 -0.3509652852545491
46.148798765769385 -0.358164553176418
47.499794346614124 -0.36535427474675913
48.890340015614456 -0.3725214496097266
50.32159359259993 -0.3796523472934335
51.7947467923121 -0.3867325259929745
53.31102621667033 -0.3937468590017044
54.87169437608604 -0.4006795693047088
56.47805074067555 -0.4075142727812926
58.131432822247135 -0.41423403037764994
59.83321728796288 -0.4208214095061364
61.58482110660264 -0.4272585548036528
63.38770272838487 -0.43352726823926124
65.24336329932625 -0.43960909840145473
67.15334791115141 -0.4454854386207288
69.11924688779365 -0.4511376333960257
71.14269710955735 -0.45654709239802727
73.22538337604533 -0.461695411122708
75.36903980898542 -0.4665644970702192
77.57545129612417 -0.47113670013291625
79.84645497739086 -0.4753949456985356
82.18394177456803 -0.4793228688165019
84.58985796574301 -0.48290494764371306
87.06620680585127 -0.4861266342869633
89.61505019466045 -0.4889744810979512
92.23851039358476 -0.49143626045814287
94.9387717927583 -0.4935010761180312
97.71808272983904 -0.4951594642304816
100.57875736205835 -0.4964034823411066
103.52317759307378 -0.497226784768641
106.55379505623053 -0.49762468302165286
109.67313315588179 -0.49759419014979334
112.88378916846884 -0.49713404821159185
116.18843640511002 -0.49624473834848404
119.58982643749793 -0.49492847327759637
123.09079138896018 -0.49318917234408016
126.69424629259063 -0.4910324195977742
130.40319151841317 -0.488465405669003
134.2207152716012 -0.4854968545054475
138.14999616383224 -0.4821369362881205
142.19430585991677 -0.4783971680631056
146.357011801908 -0.47429030380131665
150.64158001295928 -0.46983021572811146
155.05157798326255 -0.4650317688461431
159.5906776404731 -0.4599106906086233
164.26265840709303 -0.45448343768798855
169.071410347358 -0.4487670617297442
174.0209374062485 -0.4427790758878304
179.115360743323 -0.43653732381110044
184.3589221641488 -0.4300598525970868
189.75598765218504 -0.4233647910546465
195.3110510040631 -0.41647023442880876
201.02873757128856 -0.40939413654453455
206.913808111479 -0.40215421012770725
212.97116275234782 -0.3947678358661386
219.20584507173257 -0.3872519805862278
225.62304629706352 -0.37962312474459403
232.22810962777245 -0.3718971992731206
239.02653468423918 -0.36408953167115726
246.02398208697775 -0.3562148011125148
253.22627816987946 -0.3482870022274046
260.63941983143474 -0.3403194171313252
268.26957952797244 -0.33232459520291774
276.1231104130753 -0.324314340060551
284.2065516274511 -0.31629970315169065
292.5266337436645 -0.3082909833478485
301.09028437025927 -0.30029773193024417
309.9046339199427 -0.2923287623548559
318.97702154663216 -0.28439216419893387
328.3150012563047 -0.2764953207123168
337.9263481967431 -0.26864492942472945
347.819065131413 -0.2608470252926802
358.00138910285807 -0.2531070059057756
368.48179829116765 -0.245429658310419
379.26901907322497 -0.2378191870485001
390.37203328860926 -0.23027924304840391
401.8000857182091 -0.22281295304482168
413.5626917817706 -0.215422949242192
425.66964546078714 -0.2081113989728768
438.13102745333055 -0.20088003413604202
450.9572135676145 -0.1937301802350698
464.15888336127773 -0.18666278486160914
477.7470290335773 -0.17967844550132805
491.73296457790156 -0.17277743656132827
506.1283352022219 -0.16595973554121382
520.9451270253212 -0.15922504828955236
536.1956770568817 -0.15257283330444354
551.892683469738 -0.14600232505201247
568.0492161728429 -0.13951255628910375
584.6787276937589 -0.13310237938714903
601.7950643797334 -0.1267704866627536
619.412477926676 -0.12051542972763342
637.5456372456507 -0.11433563787541737
656.2096406767555 -0.10822943552702044
675.4200285605586 -0.10219505875834821
695.1927961775606 -0.09623067093528845
715.5444070664574 -0.09033437748123484
736.4918067322965 -0.08450423980128868
758.0524367559261 -0.07873828838532189
780.2442493165045 -0.0730345351102515
803.0857221391512 -0.0673909847578336
826.5958738801812 -0.06180564576169885
850.7942799627444 -0.056276540192523476
875.7010888760508 -0.05080171298679927
901.3370389517438 -0.04537924041982748
927.7234756314059 -0.0400072378200463
954.8823692395666 -0.03468386651713319
982.8363332770031 -0.029407340013332346
1011.6086432495807 -0.024175929364384032
1041.2232560483055 -0.018987967753835117
1071.7048298967104 -0.013841854243731074
1103.078744882215 -0.008736056683989168
1135.3711240885177 -0.0036691137642085626
1168.608855346651 0.0013603638061401413
1202.8196136227775 0.006353692998556998
1238.0318840613968 0.011312119051673163
1274.2749857031336 0.016236816938630248
1311.5790958968503 0.021128893702376434
1349.9752754264298 0.025989391634425308
1389.4954943731375 0.030819292258751265
1430.172658735088 0.035619521068752664
1472.0406378260013 0.04039095294780432
1515.134292476053 0.04513441818781391
1559.4895040582815 0.04985070900125528
1605.1432043647615 0.05454058640418022
1652.1334063573702 0.05920478732965126
1700.4992358187922 0.06384403181420974
1750.2809639301013 0.0684590300831131
1801.520040802024 0.07305048934788279
1854.2591299878522 0.07761912011770065
1908.542144006686 0.08216564181949253
1964.4142809066266 0.0866907875175639
2021.9220618983536 0.09119530752452898
2081.1133700903947 0.09567997170121226
2142.037490358383 0.10014557025338193
2204.7451503814746 0.10459291284943065
2269.288562880081 0.10902282590300524
2335.7214690901214 0.11343614789026829
2404.0991835099717 0.11783372260145414
2474.47863995735 0.12221639025880078
2546.91843897454 0.12658497646973538
2621.478896621356 0.13094027902328134
2698.222094696536 0.13528305257592615
2777.211932429355 0.13961399131636065
2858.5141796844714 0.14393370973554098
2942.196531724374 0.14824272167046434
3028.3286655749457 0.1525414178257546
3116.9822980411436 0.15683004201265124
3208.2312454210773 0.16110866637692764
3302.1514849681753 0.1653771659162573
3398.8212181526674 0.1696351926125392
3498.320935775036 0.17388214952691916
3600.73348498562 0.17811716522304089
3706.144138266228 0.18233906889832044
3814.640664431178 0.18654636661494248
3926.3134017068355 0.19073721902848878
4041.2553329506004 0.19490942101737568
4159.562163071847 0.19906038361642986
4281.332398719392 0.20318711865496744
4406.667430301786 0.20728622649406434
4535.671616408702 0.21135388724552231
4668.45237070379 0.21538585584204545
4805.1202513612425 0.21937746130676705
4945.789053120639 0.22332361054572167
5090.575902036681 0.22721879695428623
5239.601353002645 0.23105711409209848
5392.98949012887 0.23483227463273088
5550.868030059805 0.23853763474356854
5713.36842831558 0.24216622398724197
5880.625988746757 0.245710780767738
6052.779976193349 0.24916379326482946
6229.973732441841 0.2525175457164395
6412.354795576917 0.2557641698147978
6600.075022827095 0.2588957008851541
6793.290717006696 0.2619041384158345
6992.162756659375 0.2647815104040247
7196.856730011514 0.2675199408829525
7407.543072847163 0.2701117198955693
7624.397210419138 0.2725493750948709
7847.5997035146065 0.2748257440666137
8077.3363987967105 0.27693404640907315
8313.798583547334 0.27886795455293284
8557.183144940002 0.280621662277621
8807.692733975462 0.28218994987403434
9065.53593421636 0.2835682449185831
9330.927435461663 0.28475267766957035
9604.08821250538 0.2857401301609083
9885.24570912827 0.28652827816176635
10174.634027476064 0.28711562528449314
10472.494122981476 0.28750152865573564
10779.074004992735 0.2876862157213807
11094.628943275218 0.2876707919096473
11419.421680558647 0.28745723905865245
11753.722651306367 0.2870484046779206
12097.810206889013 0.28644798229108814
12451.97084735032 0.2856604832657774
12816.499459957597 0.2846912006893451
13191.699564735716 0.2835461659832462
13577.883567189278 0.2822320990623546
13975.373018422924 0.28075635293720175
14384.498882876629 0.279126853724764
14805.6018138991 0.27735203707291844
15239.032437388305 0.2754407820232911
15685.151643735446 0.27340234332620467
16144.330888316019 0.27124628319277616
16616.952500776908 0.26898240341969315
17103.41000337838 0.26662067875041995
17604.108438655527 0.2641711922602012
18119.46470667122 0.2616440734557224
18649.907912142942 0.25904943968257893
19195.87972173111 0.2563973413285156
19757.834731786996 0.25369771120953477
20336.2408468667 0.2509603184174842
20931.579669325736 0.24819472681586022
21544.346900318822 0.24541025827463236
22175.052752539294 0.24261596065117522
22824.222375040976 0.23982058045195473
23492.396290496577 0.23703254003996754
24180.13084525718 0.23425991920069916
24887.998672586673 0.23151044083139766
25616.589169457267 0.22879146048553128
26366.508987303554 0.22610995947155124
27138.3825371428 0.22347254119485715
27932.85250948253 0.22088543041288178
28750.580409448772 0.21835447507519565
29592.247107579577 0.21588515041941228
30458.55340674284 0.21348256500213758
31350.220625651124 0.21115146835246304
32267.991199458116 0.20889625995338043
33212.62929793748 0.20672099926962564
34184.92146175927 0.20462941656042022
35185.677257392665 0.20262492423537581
36215.72995118075 0.2007106285295456
37275.93720314938 0.1988893412942761
38367.18178112649 0.19716359172605158
39490.37229576694 0.19553563786187073
40646.44395709628 0.1940074777030126
41836.359353200234 0.19258085983606446
43061.10925171165 0.1912572934404085
44321.713424760856 0.19003805758911296
45619.221498074585 0.1889242097577095
46954.71382493421 0.18791659347766992
48329.30238571752 0.18701584507728383
49744.13171377451 0.18622239946327762
51200.37984840882 0.18553649491502064
52699.259315756564 0.18495817686496985
54242.01813838024 0.18448730064957117
55829.94087441914 0.18412353322932307
57464.34968715974 0.18386635388131706
59146.605445917456 0.18371505387160175
60878.108859147556 0.18366873513727164
62660.30164072656 0.1837263079986786
64494.667710376205 0.18388648794659254
66382.73442923075 0.18414779155313843
68326.07387157406 0.1845085315580029
70326.30413380644 0.18496681120956648
72385.09068173247 0.18552051793189375
74504.14773728917 0.1861673164155395
76685.2397058701 0.18690464123600045
78930.18264543568 0.18772968912050525
81240.84577862974 0.1886394109958365
83619.15304916317 0.1896305039612293
86067.08472376158 0.19069940336159544
88586.67904100832 0.19184227512931257
91180.03390845681 0.1930550085963145
93849.3086494272 0.194333209985902
96596.72580093842 0.19567219680935696
99424.57296427398 0.1970669934062865
102335.20470972576 0.19851232788356843
105331.04453709359 0.20000263070136826
108414.5868935835 0.20153203519105883
111588.3992507748 0.20309438025250373
114855.12424239368 0.2046832155219933
118217.48186466724 0.20629180924809992
121678.27174109229 0.2079131591432451
125240.3754535072 0.20954000642772846
128906.75894140244 0.21116485327444856
132680.47497147243 0.2127799838221385
136564.66567946097 0.21437748888457575
140562.56518642136 0.21594929443512736
144677.5022915648 0.21748719388387497
148912.90324394088 0.21898288410679514
153272.2945952612 0.22042800510963623
157759.30613623615 0.22181418313657808
162377.67391887208 0.2231330769485799
167131.2433672486 0.2243764269161925
172023.97247935992 0.22553610649234487
177059.9351226898 0.2266041755394663
182243.32442626648 0.22757293491700095
187578.45627201613 0.22843498167325388
193069.77288832495 0.2291832641077856
198721.84654880533 0.22981113593688962
204539.38337933904 0.23031240878365153
210527.22727657072 0.230681402151236
216690.3639411181 0.23091299010099267
223033.9250288494 0.23100264383716407
229563.19242369095 0.23094646948184477
236283.6026355175 0.23074124035486812
243200.7513267945 0.23038442318943406
250320.39797173254 0.2298741977935912
257648.47065183744 0.2292094697843187
265191.0709918535 0.22838987617121223
272954.4792402007 0.2274157836593945
280945.1594981406 0.22628827971091922
289169.76510202966 0.22500915652870584
297635.14416313195 0.22358088825071937
306348.3452696084 0.2220066017793155
315316.62335543614 0.22029004176261527
324547.44574113254 0.2184355303601154
334048.4983513244 0.21644792247296982
343827.6921143307 0.21433255721877073
353893.1695490984 0.21209520642763152
364253.3115449638 0.20974202096973477
374916.74433988857 0.20727947574329056
385892.3467029899 0.20471431409412957
397189.25732733024 0.20205349243245652
408816.88243912894 0.19930412575096582
420784.9036297398 0.19647343468091355
433103.2859169001 0.1935686946541062
445782.28604197066 0.19059718767945205
458832.461010084 0.187566157121331
472264.67688029545 0.18448276582896173
486090.117813063 0.1813540578468122
500320.2953825999 0.17818692388071902
514967.0581618343 0.17498807061523874
530042.6015879672 0.17176399389477007
545559.4781168514 0.16852095574949288
561530.6076746266 0.16526496515448036
577969.2884153313 0.16200176240529107
594889.2077934331 0.15873680692300926
612304.4539605178 0.1554752682897848
630229.5274956024 0.1522220202832329
648679.3534788508 0.14898163767345068
667669.2939187557 0.14575839552536443
687215.1605431122 0.14255627075036761
707333.2279644439 0.13937894565378203
728040.2472308562 0.1362298132275258
749353.4597735757 0.1331119839428025
771290.6117627992 0.1300282938222034
793869.9688838223 0.12698131355841233
817110.3315457187 0.12397335849310494
841031.0505352605 0.12100649925919646
865652.0431290936 0.11808257291991839
890993.8096776098 0.11520319445227274
917077.4506742931 0.11236976843253596
943924.6843247664 0.1095835008108918
971557.8646301847 0.10684541065826324
1000000.0 0.10415634180303514
