10.0 -0.4590282842504371
10.292747724096083 -0.4566642949401347
10.59406557118851 -0.45405836485605694
10.904204429677526 -0.4512195379273393
11.223422532664179 -0.4481571245159945
11.551985672964793 -0.44488064292934126
11.890167424419898 -0.4413997640751998
12.238249369681931 -0.43772425953290783
12.596521334671401 -0.4338639532203749
12.965281629896682 -0.4298286767368904
13.344837298838383 -0.4256282284690264
13.735504373605137 -0.421272336415352
14.137608138073606 -0.4167706246783777
14.551483398731937 -0.4121325835698492
14.977474763452017 -0.4073675432006386
15.415936928422726 -0.4024846504477709
15.867234973483178 -0.3974928491789978
16.331744666101677 -0.39240086360483745
16.80985277425364 -0.3872171845905805
17.301957388458945 -0.38195005883225175
17.808468253246822 -0.37660748069306826
18.329807108324356 -0.3711971865977501
18.866408039732583 -0.36572665175799574
19.418717841282557 -0.36020308908239496
19.987196386572506 -0.35463345008966896
20.57231701189556 -0.34902442756395047
21.174566910357118 -0.3433824597856179
21.794447537529855 -0.33771373608226196
22.432475028984193 -0.33202420344807443
23.089180630041927 -0.32631957402076733
23.765111138110754 -0.3206053331272885
24.46082935796799 -0.31488674769712993
25.17691457037277 -0.30916887477711874
25.913963014396586 -0.3034565699647964
26.672588383874054 -0.29775449553427985
27.453422338387142 -0.2920671280994604
28.257115029208283 -0.2863987656715385
29.08433564064048 -0.2807535339818546
29.935772947204903 -0.27513539201187354
30.812135887140037 -0.2695481366615995
31.714154152689986 -0.2639954065541987
32.642578797673224 -0.258480684981198
33.59818286283781 -0.2530073020401903
34.58176201952381 -0.24757843602168406
35.594135232168604 -0.24219711414387224
36.63614544020716 -0.23686621272598027
37.708660259934554 -0.23158845692194036
38.81257270691538 -0.2263664201337066
39.9488019395417 -0.22120252322339684
41.118294024358306 -0.2160990336532701
42.322022723792756 -0.21105806465787752
43.56099030694608 -0.20608157456284396
44.83622838411908 -0.2011713663437848
46.148798765769385 -0.19632908750636335
47.499794346614124 -0.19155623035247088
48.890340015614456 -0.18685413269288526
50.32159359259993 -0.18222397903614906
51.7947467923121 -0.17766680227756018
53.31102621667033 -0.1731834859080435
54.87169437608604 -0.1687747667233372
56.47805074067555 -0.16444123803102695
58.131432822247135 -0.16018335332129327
59.83321728796288 -0.15600143038215147
61.58482110660264 -0.15189565580158682
63.38770272838487 -0.14786608982949268
65.24336329932625 -0.14391267153806464
67.15334791115141 -0.1400352242432761
69.11924688779365 -0.13623346112443252
71.14269710955735 -0.1325069909994921
73.22538337604533 -0.12885532420952722
75.36903980898542 -0.12527787855215722
77.57545129612417 -0.12177398524087876
79.84645497739086 -0.11834289482552551
82.18394177456803 -0.11498378305791326
84.58985796574301 -0.11169575665646102
87.06620680585127 -0.10847785894255772
89.61505019466045 -0.10532907532310248
92.23851039358476 -0.10224833860346363
94.9387717927583 -0.0992345340977131
97.71808272983904 -0.09628650453925731
100.57875736205835 -0.09340305476733594
103.52317759307378 -0.09058295618606718
106.55379505623053 -0.08782495098808629
109.67313315588179 -0.0851277561433995
112.88378916846884 -0.08249006714914815
116.18843640511002 -0.07991056154029752
119.58982643749793 -0.07738790216984962
123.09079138896018 -0.0749207402532602
126.69424629259063 -0.07250771819492074
130.40319151841317 -0.07014747219087691
134.2207152716012 -0.06783863462070047
138.14999616383224 -0.06557983624248988
142.19430585991677 -0.06336970818533186
146.357011801908 -0.06120688376132253
150.64158001295928 -0.0590900000998034
155.05157798326255 -0.05701769961353041
159.5906776404731 -0.05498863130730137
164.26265840709303 -0.05300145193798245
169.071410347358 -0.05105482703311719
174.0209374062485 -0.04914743178059585
179.115360743323 -0.04727795179520557
184.3589221641488 -0.045445083770325655
189.75598765218504 -0.04364753602518248
195.3110510040631 -0.04188402895313516
201.02873757128856 -0.04015329538121171
206.913808111479 -0.038454080844933736
212.97116275234782 -0.036785143787087214
219.20584507173257 -0.035145255687452415
225.62304629706352 -0.0335332011292045
232.22810962777245 -0.03194777780819129
239.02653468423918 -0.030387796487922485
246.02398208697775 -0.02885208091248982
253.22627816987946 -0.027339467675363244
260.63941983143474 -0.02584880605229894
268.26957952797244 -0.024378957803179807
276.1231104130753 -0.02292879694668139
284.2065516274511 -0.021497209511621516
292.5266337436645 -0.020083093269973595
301.09028437025927 -0.018685357454290032
309.9046339199427 -0.017302922464927876
318.97702154663216 -0.015934719568406877
328.3150012563047 -0.01457969059402879
337.9263481967431 -0.013236787627850539
347.819065131413 -0.011904972710703595
358.00138910285807 -0.010583217543640068
368.48179829116765 -0.00927050320108427
379.26901907322497 -0.007965819859251128
390.37203328860926 -0.006668166539353784
401.8000857182091 -0.005376550872041756
413.5626917817706 -0.0040899888851652685
425.66964546078714 -0.002807504816877246
438.13102745333055 -0.0015281309621213012
450.9572135676145 -0.00025090755003096546
464.15888336127773 0.0010251173381661874
477.7470290335773 0.0023008878108963207
491.73296457790156 0.003577340161585899
506.1283352022219 0.0048554028145774055
520.9451270253212 0.006135996216796783
536.1956770568817 0.007420032670561835
551.892683469738 0.00870841610452323
568.0492161728429 0.010002041775944914
584.6787276937589 0.011301795902064374
601.7950643797334 0.012608555213643407
619.412477926676 0.013923186427617196
637.5456372456507 0.01524654563266593
656.2096406767555 0.01657947758383481
675.4200285605586 0.017922814901162955
695.1927961775606 0.019277377167166668
715.5444070664574 0.020643969919868672
736.4918067322965 0.02202338353550894
758.0524367559261 0.023416391998762536
780.2442493165045 0.024823751555795193
803.0857221391512 0.026246199247844253
826.5958738801812 0.027684451323232
850.7942799627444 0.029139201525824065
875.7010888760508 0.030611119260667136
901.3370389517438 0.03210084763672979
927.7234756314059 0.03360900138953571
954.8823692395666 0.035136164687448845
982.8363332770031 0.036682888827344697
1011.6086432495807 0.038249689827519126
1041.2232560483055 0.03983704592801661
1071.7048298967104 0.04144539501109909
1103.078744882215 0.04307513195767804
1135.3711240885177 0.044726605958337454
1168.608855346651 0.046400117801782985
1202.8196136227775 0.04809591716560513
1238.0318840613968 0.049814199940434116
1274.2749857031336 0.051555105620458556
1311.5790958968503 0.05331871479886304
1349.9752754264298 0.055105046810569026
1389.4954943731375 0.05691405756868268
1430.172658735088 0.0587456376457945
1472.0406378260013 0.06059961065479498
1515.134292476053 0.062475731987435966
1559.4895040582815 0.06437368797228187
1605.1432043647615 0.06629309551593025
1652.1334063573702 0.06823350229285147
1700.4992358187922 0.07019438754984454
1750.2809639301013 0.07217516359072548
1801.520040802024 0.07417517800413838
1854.2591299878522 0.07619371669406322
1908.542144006686 0.07823000776702604
1964.4142809066266 0.08028322632255072
2021.9220618983536 0.08235250018360363
2081.1133700903947 0.08443691659218547
2142.037490358383 0.08653552988183025
2204.7451503814746 0.08864737012208136
2269.288562880081 0.09077145271244695
2335.7214690901214 0.09290678888423214
2404.0991835099717 0.0950523970461856
2474.47863995735 0.09720731488924157
2546.91843897454 0.09937061214189394
2621.478896621356 0.10154140384564182
2698.222094696536 0.10371886399741193
2777.211932429355 0.10590223938587341
2858.5141796844714 0.10809086342938846
2942.196531724374 0.1102841698077713
3028.3286655749457 0.11248170566815907
3116.9822980411436 0.11468314417636863
3208.2312454210773 0.11688829618258068
3302.1514849681753 0.11909712077081931
3398.8212181526674 0.12130973446953085
3498.320935775036 0.12352641891209909
3600.73348498562 0.1257476267538361
3706.144138266228 0.1279739856746119
3814.640664431178 0.13020630032274325
3926.3134017068355 0.13244555208594647
4041.2553329506004 0.1346928966091669
4159.562163071847 0.1369496590132002
4281.332398719392 0.13921732680440968
4406.667430301786 0.14149754050135505
4535.671616408702 0.14379208203788763
4668.45237070379 0.14610286103489892
4805.1202513612425 0.1484318990606712
4945.789053120639 0.15078131202536027
5090.575902036681 0.15315329087477034
5239.601353002645 0.15555008076445423
5392.98949012887 0.15797395890557403
5550.868030059805 0.16042721127953516
5713.36842831558 0.16291210841954795
5880.625988746757 0.16543088045414542
6052.779976193349 0.16798569160077695
6229.973732441841 0.17057861428801577
6412.354795576917 0.1732116030729879
6600.075022827095 0.17588646850764986
6793.290717006696 0.17860485109333657
6992.162756659375 0.18136819545007576
7196.856730011514 0.18417772481426767
7407.543072847163 0.1870344159676312
7624.397210419138 0.18993897469209903
7847.5997035146065 0.19289181183884888
8077.3363987967105 0.19589302009775586
8313.798583547334 0.19894235155356133
8557.183144940002 0.20203919611947824
8807.692733975462 0.20518256094645917
9065.53593421636 0.20837105091719685
9330.927435461663 0.21160285034808152
9604.08821250538 0.21487570603897974
9885.24570912827 0.21818691182997033
10174.634027476064 0.22153329484479936
10472.494122981476 0.22491120362286873
10779.074004992735 0.22831649836352563
11094.628943275218 0.23174454352825447
11419.421680558647 0.23519020306610974
11753.722651306367 0.2386478385454182
12097.810206889013 0.24211131048846923
12451.97084735032 0.24557398321490623
12816.499459957597 0.24902873350266827
13191.699564735716 0.25246796337112754
13577.883567189278 0.2558836172789313
13975.373018422924 0.259267204007468
14384.498882876629 0.26260982346928075
14805.6018138991 0.2659021986383469
15239.032437388305 0.2691347127454077
15685.151643735446 0.27229745181646237
16144.330888316019 0.2753802525562547
16616.952500776908 0.2783727554915861
17103.41000337838 0.2812644631929956
17604.108438655527 0.2840448032888863
18119.46470667122 0.2867031958758936
18649.907912142942 0.2892291248154838
19195.87972173111 0.2916122122927122
19757.834731786996 0.29384229590164496
20336.2408468667 0.2959095074171651
20931.579669325736 0.2978043523185429
21544.346900318822 0.29951778904955484
22175.052752539294 0.3010413069376607
22824.222375040976 0.3023670016531771
23492.396290496577 0.3034876470722867
24180.13084525718 0.3043967624165358
24887.998672586673 0.3050886735782897
25616.589169457267 0.30555856760631395
26366.508987303554 0.3058025394180797
27138.3825371428 0.30581762992371897
27932.85250948253 0.30560185488821406
28750.580409448772 0.3051542240197814
29592.247107579577 0.3044747499489591
30458.55340674284 0.3035644469497107
31350.220625651124 0.30242531944512513
32267.991199458116 0.3010603405305015
33212.62929793748 0.2994734209298527
34184.92146175927 0.2976693689728486
35185.677257392665 0.29565384233308695
36215.72995118075 0.2934332924011041
37275.93720314938 0.29101490227353316
38367.18178112649 0.2884065194209773
39490.37229576694 0.28561658415044544
40646.44395709628 0.282654055003118
41836.359353200234 0.2795283322260109
43061.10925171165 0.2762491804281887
44321.713424760856 0.27282665148115914
45619.221498074585 0.26927100865212245
46954.71382493421 0.26559265287111505
48329.30238571752 0.2618020519328047
49744.13171377451 0.25790967332432624
51200.37984840882 0.2539259212559943
52699.259315756564 0.24986107835542373
54242.01813838024 0.24572525237070236
55829.94087441914 0.24152832811763816
57464.34968715974 0.2372799248019805
59146.605445917456 0.23298935875179888
60878.108859147556 0.22866561150919498
62660.30164072656 0.2243173031551678
64494.667710376205 0.21995267067710517
66382.73442923075 0.2155795511352803
68326.07387157406 0.21120536934248993
70326.30413380644 0.20683712973913587
72385.09068173247 0.20248141212392304
74504.14773728917 0.19814437088702103
76685.2397058701 0.19383173738704615
78930.18264543568 0.18954882511455506
81240.84577862974 0.18530053729189086
83619.15304916317 0.18109137657109978
86067.08472376158 0.17692545650740452
88586.67904100832 0.17280651450433757
91180.03390845681 0.16873792594741197
93849.3086494272 0.16472271926533713
96596.72580093842 0.16076359168067864
99424.57296427398 0.15686292543494704
102335.20470972576 0.15302280429592577
105331.04453709359 0.14924503017732518
108414.5868935835 0.1455311397221071
111588.3992507748 0.14188242072108748
114855.12424239368 0.13829992825731807
118217.48186466724 0.13478450048428797
121678.27174109229 0.131336773962106
125240.3754535072 0.1279571984904385
128906.75894140244 0.12464605139021834
132680.47497147243 0.12140345119788097
136564.66567946097 0.11822937074636655
140562.56518642136 0.11512364961625665
144677.5022915648 0.1120860059483948
148912.90324394088 0.10911604761617148
153272.2945952612 0.106213282761502
157759.30613623615 0.1033771297033879
162377.67391887208 0.1006069262320504
167131.2433672486 0.09790193830488143
172023.97247935992 0.09526136816311591
177059.9351226898 0.09268436189015589
182243.32442626648 0.09017001643399247
187578.45627201613 0.08771738611723755
193069.77288832495 0.08532548865896207
198721.84654880533 0.08299331073287347
204539.38337933904 0.08071981308643002
210527.22727657072 0.07850393524532327
216690.3639411181 0.07634459982738112
223033.9250288494 0.07424071648943466
229563.19242369095 0.07219118553002023
236283.6026355175 0.07019490117005854
243200.7513267945 0.06825075453279983
250320.39797173254 0.06635763634347544
257648.47065183744 0.0645144393681477
265191.0709918535 0.06272006061033272
272954.4792402007 0.060973403283016835
280945.1594981406 0.05927337857273955
289169.76510202966 0.05761890721148658
297635.14416313195 0.05600892087121334
306348.3452696084 0.054442363394931303
315316.62335543614 0.05291819187741781
324547.44574113254 0.05143537760777834
334048.4983513244 0.04999290688528773
343827.6921143307 0.04858978171916494
353893.1695490984 0.04722502042221483
364253.3115449638 0.04589765810756495
374916.74433988857 0.044606747097076675
385892.3467029899 0.04335135724938176
397189.25732733024 0.04213057621491807
408816.88243912894 0.04094350962477386
420784.9036297398 0.039789281219650065
433103.2859169001 0.03866703292474929
445782.28604197066 0.037575924875959066
458832.461010084 0.03651513540226495
472264.67688029545 0.03548386096893898
486090.117813063 0.03448131608568066
500320.2953825999 0.03350673318354504
514967.0581618343 0.03255936246417326
530042.6015879672 0.03163847172454884
545559.4781168514 0.030743346160226875
561530.6076746266 0.029873288149732714
577969.2884153313 0.029027617022590737
594889.2077934331 0.02820566881322822
612304.4539605178 0.027406796002796923
630229.5274956024 0.02663036725077784
648679.3534788508 0.025875767118053436
667669.2939187557 0.025142395782984432
687215.1605431122 0.02442966875188133
707333.2279644439 0.023737016565125068
728040.2472308562 0.02306388450007414
749353.4597735757 0.02240973227177952
771290.6117627992 0.021774033732430902
793869.9688838223 0.021156276570356312
817110.3315457187 0.02055596200932035
841031.0505352605 0.019972604508777095
865652.0431290936 0.019405731465672038
890993.8096776098 0.01885488291831025
917077.4506742931 0.018319611252758706
943924.6843247664 0.017799480912186985
971557.8646301847 0.017294068109504776
1000000.0 0.016802960543607828
10.0 -4.023956719230384
10.292747724096083 -4.046483653491858
10.59406557118851 -4.064694113816403
10.904204429677526 -4.0783522638389345
11.223422532664179 -4.087227943542758
11.551985672964793 -4.091098190385161
11.890167424419898 -4.089748754350129
12.238249369681931 -4.0829755858629015
12.596521334671401 -4.070586274792008
12.965281629896682 -4.052401418522336
13.344837298838383 -4.028255897346025
13.735504373605137 -3.9980000362090573
14.137608138073606 -3.9615006331749085
14.551483398731937 -3.918641836809728
14.977474763452017 -3.8693258570223965
15.415936928422726 -3.8134734966560258
15.867234973483178 -3.751024494256128
16.331744666101677 -3.681937671850991
16.80985277425364 -3.6061908851755144
17.301957388458945 -3.5237807774482777
17.808468253246822 -3.434722341466342
18.329807108324356 -3.339048298305862
18.866408039732583 -3.2368083042114884
19.418717841282557 -3.1280680002308805
19.987196386572506 -3.012907921726647
20.57231701189556 -2.891422287014935
21.174566910357118 -2.763717685995986
21.794447537529855 -2.6299116907309448
22.432475028984193 -2.4901314104794627
23.089180630041927 -2.344512013755265
23.765111138110754 -2.193195239512858
24.46082935796799 -2.036327918693023
25.17691457037277 -1.8740605260809486
25.913963014396586 -1.706545780836998
26.672588383874054 -1.533937312208992
27.453422338387142 -1.3563884049045811
28.257115029208283 -1.1740508364562587
29.08433564064048 -0.9870738167203682
29.935772947204903 -0.7956030374740678
30.812135887140037 -0.5997798379644101
31.714154152689986 -0.39974049026677405
32.642578797673224 -0.1956156064619835
33.59818286283781 0.012470332029932816
34.58176201952381 0.22439932409882224
35.594135232168604 0.4400600799882523
36.63614544020716 0.6593481372120442
37.708660259934554 0.8821658656851236
38.81257270691538 1.1084223670797466
39.9488019395417 1.338033273911411
41.118294024358306 1.5709204541879842
42.322022723792756 1.8070116276474628
43.56099030694608 2.0462398996778344
44.83622838411908 2.2885432189882104
46.148798765769385 2.5338637649973927
47.499794346614124 2.7821472707520623
48.890340015614456 3.033342286999567
50.32159359259993 3.2873993928415195
51.7947467923121 3.5442703581985606
53.31102621667033 3.803907263145765
54.87169437608604 4.066261579038596
56.47805074067555 4.33128321626347
58.131432822247135 4.598919543416224
59.83321728796288 4.869114382750326
61.58482110660264 5.141806986851557
63.38770272838487 5.416931001687354
65.24336329932625 5.694413421456176
67.15334791115141 5.974173541019486
69.11924688779365 6.256121912141241
71.14269710955735 6.54015931027599
73.22538337604533 6.8261757192400285
75.36903980898542 7.114049341750746
77.57545129612417 7.403645644525699
79.84645497739086 7.6948164473758585
82.18394177456803 7.9873990664878365
84.58985796574301 8.281215522853111
87.06620680585127 8.576071827538744
89.61505019466045 8.871757356180439
92.23851039358476 9.16804432568553
94.9387717927583 9.464687386627416
97.71808272983904 9.761423345159589
100.57875736205835 10.057971028445102
103.52317759307378 10.354031307543538
106.55379505623053 10.649287291393252
109.67313315588179 10.9434047049328
112.88378916846884 11.236032463495834
116.18843640511002 11.52680345435424
119.58982643749793 11.815335534666382
123.09079138896018 12.10123275308589
126.69424629259063 12.384086799906314
130.40319151841317 12.663478687863783
134.2207152716012 12.938980662613815
138.14999616383224 13.21015833847007
142.19430585991677 13.476573051292482
146.357011801908 13.737784416498876
150.64158001295928 13.993353076119377
155.05157798326255 14.242843614707189
159.5906776404731 14.485827619854195
164.26265840709303 14.721886859141197
169.071410347358 14.950616541695142
174.0209374062485 15.171628629227632
179.115360743323 15.384555158620193
184.3589221641488 15.589051535879554
189.75598765218504 15.784799759728694
195.3110510040631 15.971511532287849
201.02873757128856 16.14893121430357
206.913808111479 16.316838583239452
212.97116275234782 16.47505135427276
219.20584507173257 16.623427426827043
225.62304629706352 16.761866822692163
232.22810962777245 16.89031328597164
239.02653468423918 17.008755519970457
246.02398208697775 17.117228041594167
253.22627816987946 17.215811639742437
260.63941983143474 17.304633430412963
268.26957952797244 17.383866507630422
276.1231104130753 17.45372919572973
284.2065516274511 17.514483914790663
292.5266337436645 17.566435677003792
301.09028437025927 17.609930237282555
309.9046339199427 17.645351926423125
318.97702154663216 17.673121199413945
328.3150012563047 17.693691935054783
337.9263481967431 17.707548525759858
347.819065131413 17.715202798294197
358.00138910285807 17.71719080716731
368.48179829116765 17.714069542547865
379.26901907322497 17.70641359384572
390.37203328860926 17.69481180864608
401.8000857182091 17.67986398450361
413.5626917817706 17.66217762834047
425.66964546078714 17.642364814908056
438.13102745333055 17.62103917211001
450.9572135676145 17.598813017020788
464.15888336127773 17.576294662321384
477.7470290335773 17.554085908665133
491.73296457790156 17.532779734335787
506.1283352022219 17.51295818951548
520.9451270253212 17.49519049863678
536.1956770568817 17.480031370714787
551.892683469738 17.468019514288578
568.0492161728429 17.45967635067695
584.6787276937589 17.45550491672452
601.7950643797334 17.455988946050457
619.412477926676 17.4615921160423
637.5456372456507 17.47275744646201
656.2096406767555 17.489906834497603
675.4200285605586 17.513440710414898
695.1927961775606 17.543737797597817
715.5444070664574 17.581154960680863
736.4918067322965 17.626027125642626
758.0524367559261 17.678667256126364
780.2442493165045 17.739366370820242
803.0857221391512 17.80839358747604
826.5958738801812 17.885996180013016
850.7942799627444 17.972399636114705
875.7010888760508 18.067807703809443
901.3370389517438 18.172402416623076
927.7234756314059 18.286344088092445
954.8823692395666 18.40977126762039
982.8363332770031 18.542800650911012
1011.6086432495807 18.685526939474915
1041.2232560483055 18.838022644981177
1071.7048298967104 19.000337835517815
1103.078744882215 19.1724998221321
1135.3711240885177 19.35451278534278
1168.608855346651 19.546357342618514
1202.8196136227775 19.747990059188634
1238.0318840613968 19.959342905860616
1274.2749857031336 20.180322668888614
1311.5790958968503 20.41081031828903
1349.9752754264298 20.65066034233706
1389.4954943731375 20.899700057321297
1430.172658735088 21.157728902955625
1472.0406378260013 21.4245177350959
1515.134292476053 21.69980812867615
1559.4895040582815 21.98331170487273
1605.1432043647615 22.27470949762163
1652.1334063573702 22.573651375478914
1700.4992358187922 22.8797555356554
1750.2809639301013 23.19260808762349
1801.520040802024 23.511762744094863
1854.2591299878522 23.83674063734235
1908.542144006686 24.167030278715913
1964.4142809066266 24.502087678799864
2021.9220618983536 24.841336644947805
2081.1133700903947 25.18416927189506
2142.037490358383 25.52994663973968
2204.7451503814746 25.877999731870297
2269.288562880081 26.22763058334667
2335.7214690901214 26.578113667840576
2404.0991835099717 26.928697528582454
2474.47863995735 27.27860665581925
2546.91843897454 27.6270436101139
2621.478896621356 27.973191387570207
2698.222094696536 28.316216019641846
2777.211932429355 28.65526939680176
2858.5141796844714 28.9894923020067
2942.196531724374 29.318017636672653
3028.3286655749457 29.63997381889682
3116.9822980411436 29.9544883309258
3208.2312454210773 30.26069139052133
3302.1514849681753 30.55771971884803
3398.8212181526674 30.844720376048254
3498.320935775036 31.120854634494894
3600.73348498562 31.38530185921618
3706.144138266228 31.6372633648126
3814.640664431178 31.875966218525644
3926.3134017068355 32.10066695993399
4041.2553329506004 32.310655208864745
4159.562163071847 32.505257134612926
4281.332398719392 32.68383876134293
4406.667430301786 32.845809086449556
4535.671616408702 32.99062299086146
4668.45237070379 33.11778392236697
4805.1202513612425 33.22684633529946
4945.789053120639 33.31741787209406
5090.575902036681 33.38916127431217
5239.601353002645 33.44179601276193
5392.98949012887 33.47509962819311
5550.868030059805 33.48890877585123
5713.36842831558 33.48311996876269
5880.625988746757 33.45769001618744
6052.779976193349 33.41263615510637
6229.973732441841 33.34803587403151
6412.354795576917 33.264026429769565
6600.075022827095 33.160804059189275
6793.290717006696 33.03862288953561
6992.162756659375 32.897793552253546
7196.856730011514 32.73868150706173
7407.543072847163 32.561705084667096
7624.397210419138 32.367333258478915
7847.5997035146065 32.156083157619975
8077.3363987967105 31.928517335698366
8313.798583547334 31.685240811957154
8557.183144940002 31.426897903628046
8807.692733975462 31.15416887050318
9065.53593421636 30.86776639488519
9330.927435461663 30.568431921957522
9604.08821250538 30.256931887490182
9885.24570912827 29.934053861201587
10174.634027476064 29.600602635257548
10472.494122981476 29.25739628823413
10779.074004992735 28.9052622551049
11094.628943275218 28.545033433835208
11419.421680558647 28.177544358419727
11753.722651306367 27.803627467314715
12097.810206889013 27.42410949455323
12451.97084735032 27.03980800895869
12816.499459957597 26.6515281244893
13191.699564735716 26.260059402096594
13577.883567189278 25.866172960514806
13975.373018422924 25.470618810231052
14384.498882876629 25.074123421660754
14805.6018138991 24.677387535193844
15239.032437388305 24.281084217488566
15685.151643735446 23.885857165225122
16144.330888316019 23.49231925444468
16616.952500776908 23.10105133091133
17103.41000337838 22.712601234275084
17604.108438655527 22.3274830466512
18119.46470667122 21.946176554376557
18649.907912142942 21.569126910101563
19195.87972173111 21.19674448128124
19757.834731786996 20.82940487020177
20336.2408468667 20.467449090363086
20931.579669325736 20.11118388373131
21544.346900318822 19.76088216367927
22175.052752539294 19.416783568760277
22824.222375040976 19.079095113227854
23492.396290496577 18.747991921052694
24180.13084525718 18.423618031281322
24887.998672586673 18.106087263773507
25616.589169457267 17.795484135687122
26366.508987303554 17.4918648204188
27138.3825371428 17.195258142176414
27932.85250948253 16.905666600707193
28750.580409448772 16.623067422134962
29592.247107579577 16.34741363321291
30458.55340674284 16.078635157418244
31350.220625651124 15.816639932620769
32267.991199458116 15.561315050859202
33212.62929793748 15.312527921745945
34184.92146175927 15.070127461611191
35185.677257392665 14.833945310864884
36215.72995118075 14.603797082490704
37275.93720314938 14.379483644398505
38367.18178112649 14.16079243831663
39490.37229576694 13.947498837311015
40646.44395709628 13.739367543471708
41836.359353200234 13.536154026267518
43061.10925171165 13.337606001065291
44321.713424760856 13.143464945953546
45619.221498074585 12.953467653532277
46954.71382493421 12.767347812762159
48329.30238571752 12.584837614287386
49744.13171377451 12.405669371014087
51200.37984840882 12.229577143895565
52699.259315756564 12.056298361462227
54242.01813838024 11.885575420104367
55829.94087441914 11.717157250814413
57464.34968715974 11.550800837327515
59146.605445917456 11.386272669654126
60878.108859147556 11.22335011693751
62660.30164072656 11.061822703646405
64494.667710376205 10.901493273416502
66382.73442923075 10.742179026155199
68326.07387157406 10.583712415061601
70326.30413380644 10.425941892221005
72385.09068173247 10.268732493388297
74504.14773728917 10.11196625514941
76685.2397058701 9.955542460144956
78930.18264543568 9.799377709032479
81240.84577862974 9.64340582059367
83619.15304916317 9.487577564465099
86067.08472376158 9.33186023348505
88586.67904100832 9.17623706564048
91180.03390845681 9.02070652748573
93849.3086494272 8.86528147338516
96596.72580093842 8.709988196217774
99424.57296427398 8.554865386778594
102335.20470972576 8.399963019577525
105331.04453709359 8.245341183504348
108414.5868935835 8.091068875534647
111588.3992507748 7.93722277534558
114855.12424239368 7.783886018017783
118217.48186466724 7.631146980677835
121678.27174109229 7.479098097923262
125240.3754535072 7.327834718894072
128906.75894140244 7.1774540176829
132680.47497147243 7.028053966398434
136564.66567946097 6.879732378880422
140562.56518642136 6.732586030918796
144677.5022915648 6.586709861256626
148912.90324394088 6.4421962558738715
153272.2945952612 6.29913441660553
157759.30613623615 6.157609813719643
162377.67391887208 6.0177037208602435
167131.2433672486 5.879492829665489
172023.97247935992 5.7430489405935115
177059.9351226898 5.608438725665861
182243.32442626648 5.475723558320682
187578.45627201613 5.34495940527254
193069.77288832495 5.216196774853721
198721.84654880533 5.089480716349536
204539.38337933904 4.964850864723839
210527.22727657072 4.84234152525684
216690.3639411181 4.7219817927806025
223033.9250288494 4.603795700386975
229563.19242369095 4.487802392811376
236283.6026355175 4.374016319968694
243200.7513267945 4.262447446464019
250320.39797173254 4.153101473242876
257648.47065183744 4.045980067983459
265191.0709918535 3.9410811010075104
272954.4792402007 3.8383988840803682
280945.1594981406 3.737924409575228
289169.76510202966 3.639645587974448
297635.14416313195 3.5435474818698203
306348.3452696084 3.4496125349474576
315316.62335543614 3.357820794711539
324547.44574113254 3.268150127911203
334048.4983513244 3.1805764278551543
343827.6921143307 3.0950738130033595
353893.1695490984 3.0116148163862184
364253.3115449638 2.9301705655232633
374916.74433988857 2.8507109527107373
385892.3467029899 2.7732047955767967
397189.25732733024 2.6976199879694382
408816.88243912894 2.623923641275427
420784.9036297398 2.5520822163749437
433103.2859169001 2.4820616464403393
445782.28604197066 2.4138274508898054
458832.461010084 2.347344840807388
472264.67688029545 2.28257881615105
486090.117813063 2.219494255153247
500320.2953825999 2.1580559962438057
514967.0581618343 2.0982289129042146
530042.6015879672 2.0399779818294297
545559.4781168514 1.9832683447763424
561530.6076746266 1.9280653644766
577969.2884153313 1.8743346749776404
594889.2077934331 1.822042226792467
612304.4539605178 1.7711543271642696
630229.5274956024 1.721637675826195
648679.3534788508 1.6734593965440863
667669.2939187557 1.6265870647632124
687215.1605431122 1.5809887316531845
707333.2279644439 1.5366329448117155
728040.2472308562 1.4934887659105318
749353.4597735757 1.451525785513098
771290.6117627992 1.4107141353097215
793869.9688838223 1.3710244979750847
817110.3315457187 1.3324281148632946
841031.0505352605 1.294896791728454
865652.0431290936 1.2584029026449743
890993.8096776098 1.2229193923060289
917077.4506742931 1.1884197768313027
943924.6843247664 1.1548781432585344
971557.8646301847 1.1222691478229272
1000000.0 1.090568013167292
