10.0 18.685722603205534
10.53310445370937 17.830176774659588
11.094628943275218 16.99740870567212
11.686088553466515 16.18988731013282
12.309079138896024 15.310393771709379
12.965281629896682 14.473962959843206
13.65646656794611 13.652797554688615
14.38449888287663 12.85405431836268
15.15134292476053 12.027153054387936
15.95906776404731 11.225420285548896
16.80985277425364 10.430659443890349
17.70599351226899 9.643360725257569
18.64990791214297 8.87013063549777
19.644142809066278 8.101208044888269
20.6913808111479 7.343096595763987
21.794447537529855 6.607319196549428
22.956319242369098 5.880499189259542
24.180130845257207 5.166534311573383
25.4691843897454 4.463670884466061
26.826957952797258 3.7786474231169893
28.257115029208283 3.106239697705806
29.76351441631318 2.4485606715061294
31.350220625651154 1.8120868582592922
33.02151484968176 1.186972515838506
34.7819065131413 0.5810619594387294
36.63614544020716 -0.00788027138219974
38.58923467029903 -0.5780303330614057
40.646443957096295 -1.1307335484024519
42.81332398719393 -1.6638329389077176
45.095721356761466 -2.1800943346663386
47.499794346614124 -2.6778010572399897
50.03202953826004 -3.1556699368216585
52.699259315756564 -3.6161591898375454
55.50868030059805 -4.057118861188133
58.467872769375894 -4.479360103976411
61.58482110660264 -4.88282745601407
64.86793534788511 -5.267928888457456
68.32607387157402 -5.63447423679024
71.96856730011521 -5.9827874619405215
75.8052436755926 -6.312917438102827
79.84645497739086 -6.625405218917843
84.10310505352605 -6.920421074158599
88.58667904100822 -7.198434244678551
93.30927435461668 -7.4599903421512455
98.28363332770026 -7.705284079451401
103.52317759307378 -7.934769266405946
109.04204429677526 -8.149334856180609
114.8551242423938 -8.349281318868728
120.97810206889012 -8.535212380930048
127.42749857031335 -8.707984030694249
134.2207152716012 -8.868004056544152
141.37608138073614 -9.01609549225083
148.91290324394086 -9.152709380556141
156.85151643735477 -9.278625156956794
165.213340635737 -9.394484297541382
174.0209374062485 -9.500962114998519
183.29807108324357 -9.598539689621976
193.06977288832496 -9.688032082114132
203.36240846866724 -9.769724937232217
214.2037490358383 -9.844494455612274
225.62304629706352 -9.912658262650467
237.65111138110728 -9.974878796340068
250.32039797173255 -10.031486856674638
263.6650898730358 -10.082988308327913
277.7211932429355 -10.129862052142933
292.5266337436645 -10.172419715433627
308.1213588714002 -10.211044128592665
324.54744574113323 -10.246099789375606
341.84921461759274 -10.277863815469724
360.073348498562 -10.306637274537291
379.26901907322497 -10.332717444906397
399.48801939541704 -10.3563376820002
420.78490362974026 -10.377696306906007
443.21713424760856 -10.39703071941824
466.84523707037897 -10.414501976334966
491.73296457790156 -10.430307538250027
517.9474679231213 -10.444580636763162
545.5594781168514 -10.457482209205363
574.6434968715973 -10.469140772380577
605.2779976193349 -10.479662539999762
637.5456372456507 -10.489175376290392
671.5334791115142 -10.497749627253786
707.3332279644438 -10.50549296502316
745.0414773728917 -10.512485651487886
784.7599703514607 -10.518793303263488
826.5958738801812 -10.52448840173182
870.6620680585127 -10.52962257436194
917.0774506742931 -10.534259270118614
965.9672580093833 -10.538436279108694
1017.4634027476063 -10.542210332019666
1071.7048298967104 -10.545610576911438
1128.8378916846884 -10.548680587554758
1189.01674244199 -10.551449650062306
1252.4037545350732 -10.553945676979195
1319.1699564735716 -10.556197083680907
1389.4954943731375 -10.558230853691317
1463.5701180190797 -10.560064249045656
1541.5936928422718 -10.561717697065431
1623.776739188721 -10.563210052141205
1710.3410003378397 -10.564558600966807
1801.520040802024 -10.565775857893689
1897.5598765218504 -10.566873056640905
1998.7196386572507 -10.567867006184903
2105.272272765707 -10.568764468435358
2217.505275253932 -10.569575885093009
2335.7214690901214 -10.570310782284732
2460.239820869775 -10.570975824532558
2591.3963014396572 -10.5715788013603
2729.5447924020073 -10.572127008258125
2875.0580409448803 -10.572625045620114
3028.3286655749457 -10.57307950745107
3189.7702154663216 -10.573494163950105
3359.818286283781 -10.573873992044883
3538.9316954909877 -10.574223049354545
3727.593720314938 -10.574545768278023
3926.3134017068355 -10.574844294919544
4135.626917817706 -10.575122452967987
4356.099030694608 -10.575383696194411
4588.324610100844 -10.575630081176952
4832.930238571752 -10.575864911836517
5090.575902036681 -10.576090146192747
5361.956770568817 -10.57630861578517
5647.805074067552 -10.576522490209666
5948.892077934331 -10.576733987127584
6266.030164072656 -10.576945354857601
6600.075022827095 -10.57715895720573
6951.927961775606 -10.577377015046965
7322.538337604534 -10.577601816142838
7712.906117627992 -10.57783556112774
8124.0845778629655 -10.578080944355214
8557.183144940002 -10.578340260010698
9013.37038951743 -10.578616307444753
9493.87717927582 -10.578911767175223
10000.0 -10.579229723768604
10533.104453709382 -10.579573287400525
11094.628943275218 -10.5799458275444
11686.088553466498 -10.58035098518584
12309.079138896019 -10.58079268716595
12965.281629896688 -10.581275000064103
13656.466567946096 -10.581802507302045
14384.498882876629 -10.582379979200613
15151.342924760515 -10.58301255461414
15959.06776404731 -10.583705769130564
16809.852774253653 -10.584465518732067
17705.99351226898 -10.585298086860245
18649.907912142942 -10.586210129885622
19644.142809066267 -10.587208702696518
20691.3808111479 -10.588301208826088
21794.447537529835 -10.589495358566936
22956.319242369096 -10.59079922122675
24180.13084525718 -10.592221033551434
25469.184389745402 -10.593769248332475
26826.957952797275 -10.595452347901357
28257.115029208268 -10.597278785194153
29763.51441631313 -10.599256815220588
31350.220625651124 -10.601394326449254
33021.51484968176 -10.603698691147356
34781.90651314134 -10.606176489841335
36636.14544020716 -10.60883334178202
38589.23467029899 -10.6116736077743
40646.44395709628 -10.614700160351218
42813.32398719396 -10.617914111391237
45095.721356761445 -10.62131456568654
47499.79434661403 -10.624898390232403
50032.029538259994 -10.628660016412937
52699.259315756564 -10.632591303097879
55508.680300598106 -10.636681438350763
58467.87276937589 -10.640916942159723
61584.82110660255 -10.645281738340442
64867.935347885075 -10.649757315494481
68326.07387157406 -10.6543229889696
71968.56730011514 -10.658956239334538
75805.24367559262 -10.663633132403286
79846.45497739078 -10.668328805814639
84103.10505352604 -10.673017984236337
88586.67904100832 -10.677675523915708
93309.27435461663 -10.682276946591575
98283.63332770011 -10.686798946686103
103523.17759307378 -10.69121983835508
109042.04429677526 -10.695519944264289
114855.12424239368 -10.699681895022824
120978.10206889013 -10.703690837987565
127427.49857031321 -10.70753455939873
134220.7152716012 -10.711203516445224
141376.08138073614 -10.71469078672515
148912.90324394088 -10.71799195394222
156851.5164373548 -10.72110493352634
165213.34063573685 -10.724029758238448
174020.9374062485 -10.72676833567867
183298.07108324338 -10.729324191334559
193069.77288832495 -10.731702205425155
203362.40846866704 -10.733908357749073
214203.74903583832 -10.735949484302708
225623.04629706353 -10.737833052281829
237651.11138110727 -10.739566957343724
250320.39797173254 -10.741159342939671
263665.08987303555 -10.742618446252683
277721.1932429355 -10.743952466110375
292526.6337436642 -10.745169454372721
308121.35887140024 -10.746277227795218
324547.44574113254 -10.747283298486842
341849.21461759275 -10.748194821367195
360073.348498562 -10.749018555191213
379269.0190732246 -10.749760836057972
399488.019395417 -10.75042756044054
420784.9036297398 -10.751024176607757
443217.13424760854 -10.751555681707055
466845.2370703785 -10.752026624498384
491732.9645779016 -10.752441110752011
517947.46792312124 -10.752802811135904
545559.4781168514 -10.753114970721075
574643.4968715974 -10.753380418599326
605277.9976193343 -10.753601577538781
637545.6372456506 -10.753780472711533
671533.4791115135 -10.753918739268208
707333.2279644439 -10.754017628183234
745041.4773728917 -10.754078009879569
784759.9703514606 -10.754100375810031
826595.8738801812 -10.754084837081471
870662.0680585118 -10.754031120346486
917077.4506742931 -10.753938560562421
965967.2580093823 -10.75380609021539
1017463.4027476063 -10.75363222498839
1071704.8298967092 -10.753415045543493
1128837.8916846884 -10.753152174998323
1189016.74244199 -10.752840751978308
1252403.7545350718 -10.752477398763904
1319169.9564735717 -10.752058184220175
1389495.494373136 -10.751578581060212
1463570.1180190798 -10.751033416963525
1541593.6928422702 -10.750416819042306
1623776.739188721 -10.74972215105518
1710341.0003378377 -10.748941942740348
1801520.0408020238 -10.748067810533215
1897559.8765218505 -10.747090368817865
1998719.6386572486 -10.74599913097499
2105272.272765707 -10.74478239909549
2217505.2752539297 -10.743427141417303
2335721.4690901213 -10.741918856237032
2460239.8208697727 -10.740241421078498
2591396.3014396573 -10.73837692573083
2729544.792402007 -10.736305487623241
2875058.040944877 -10.734005047931479
3028328.6655749455 -10.731451146674225
3189770.215466318 -10.728616674921856
3359818.286283781 -10.72547160211215
3538931.6954909842 -10.72198267638106
3727593.720314938 -10.718113095681634
3926313.4017068394 -10.713822147361494
4135626.917817706 -10.709064813842845
4356099.030694608 -10.703791341967383
4588324.61010084 -10.697946773602421
4832930.238571752 -10.691470435117981
5090575.902036676 -10.684295383536169
5361956.770568817 -10.676347807306325
5647805.074067546 -10.667546380033151
5948892.077934331 -10.657801565923922
6266030.164072656 -10.647014876360261
6600075.022827089 -10.635078077850205
6951927.961775606 -10.621872352663422
7322538.337604526 -10.607267414809925
7712906.117627992 -10.591120585739336
8124084.5778629575 -10.573275836132478
8557183.144940002 -10.553562802660624
9013370.38951742 -10.531795791546104
9493877.17927582 -10.50777278405062
10000000.0 -10.48127446309386
10533104.45370936 -10.452063284537578
11094628.943275219 -10.419882621508007
11686088.553466497 -10.384456015588322
12309079.138896018 -10.345486573994814
12965281.629896663 -10.302656557641772
13656466.567946097 -10.255627210236087
14384498.882876629 -10.204038883326124
15151342.924760515 -10.147511515906206
15959067.76404731 -10.085645529225399
16809852.774253618 -10.018023197208844
17705993.51226898 -9.94421054971151
18649907.912142944 -9.863759858875682
19644142.809066266 -9.776212747664744
20691380.811147902 -9.681103943645462
21794447.537529834 -9.577965679879327
22956319.242369097 -9.466332718845408
24180130.84525718 -9.345747944911833
25469184.3897454 -9.215768437375115
26826957.95279722 -9.075971901204273
28257115.02920827 -8.925963298681449
29763514.41631313 -8.765381494831443
31350220.62565112 -8.5939057060275
33021514.849681754 -8.411261527044617
34781906.51314127 -8.217226309858896
36636145.44020716 -8.011633679037537
38589234.67029899 -7.794376994277684
40646443.95709628 -7.565411609474369
42813323.98719387 -7.324755827766298
45095721.35676145 -7.072490509376081
47499794.346614026 -6.808757350048406
50032029.53825999 -6.533755907269545
52699259.31575657 -6.2477395050556765
55508680.300597996 -5.951010192023989
58467872.7693759 -5.6439129588132015
61584821.10660254 -5.326829438406521
64867935.34788508 -5.000171316533636
68326073.87157391 -4.664373669958174
71968567.30011514 -4.319888430602671
75805243.67559262 -3.9671781456617423
79846454.97739078 -3.606710171029514
84103105.05352604 -3.238951400615698
88586679.04100814 -2.864363599772375
93309274.35461664 -2.4833993791624924
98283633.32770011 -2.0964988175533215
103523177.59307377 -1.7040867186697717
109042044.29677527 -1.3065704691886924
114855124.24239345 -0.9043384517157121
120978102.06889038 -0.49775895795058633
127427498.57031322 -0.08717954255950283
134220715.2716012 0.32707324312554514
141376081.38073614 0.7446937971564962
148912903.24394056 1.1653971496395308
156851516.43735445 1.5889184339688516
165213340.63573685 2.015012194001003
174020937.40624848 2.4434515686243046
183298071.08324376 2.8740273897330084
193069772.88832456 3.3065472242603304
203362408.46866703 3.740834385764314
214203749.0358383 4.176726936521988
225623046.2970626 4.614076696909669
237651111.38110778 5.0527482752122745
250320397.97173202 5.492618127884519
263665089.87303555 5.9335736577620555
277721193.2429355 6.375512355128804
292526633.74366355 6.8183409853012735
308121358.87140083 7.261974824306096
324547445.74113256 7.706336943261519
341849214.6175927 8.151357541667895
360073348.49856204 8.59697332789448
379269019.0732238 9.043126946023373
399488019.39541787 9.489766446569766
420784903.6297398 9.936844799454112
443217134.24760854 10.384319446525021
466845237.07037944 10.832151891174131
491732964.5779006 11.280307323110172
517947467.9231202 11.728754275350408
545559478.1168514 12.177464311068707
574643496.8715974 12.626411738509871
605277997.6193355 13.075573351509956
637545637.2456493 13.524928193141182
671533479.1115135 13.974457341628428
707333227.9644439 14.42414371523898
745041477.3728887 14.873971896103031
784759970.3514622 15.32392796984291
826595873.8801795 15.773999380579749
870662068.0585117 16.2241747993951
917077450.674293 16.67444400597406
965967258.0093802 17.124797780302035
1017463402.7476043 17.575227805937516
1071704829.8967092 18.025726582189844
1128837891.6846883 18.476287343312872
1189016742.44199 18.926903988869523
1252403754.5350692 19.377571016763454
1319169956.473569 19.82828346565593
1389495494.373136 20.27903686224495
1463570118.0190797 20.729827172931795
1541593692.8422735 21.18065076087543
1623776739.1887176 21.631504346815383
1710341000.337838 22.08238497462583
1801520040.802024 22.53328997903008
1897559876.5218503 22.984216957345645
1998719638.6572526 23.435163742470895
2105272272.7657027 23.886128384065803
2217505275.2539296 24.337109119116963
2335721469.0901213 24.788104361470896
2460239820.8697777 25.2391126812619
2591396301.439652 25.690132788328363
2729544792.402002 26.141163520367247
2875058040.944877 26.592203830091886
3028328665.5749454 27.0432527711162
3189770215.466325 27.49430949359177
3359818286.2837744 27.945373230442783
3538931695.4909844 28.396443288555556
3727593720.314938 28.847519045178885
3926313401.7068396 29.29859993742828
4135626917.8176975 29.749685461158954
4356099030.694599 30.200775153677792
4588324610.100841 30.651868611534532
4832930238.571753 31.102965456413486
5090575902.036687 31.55406535853927
5361956770.568806 32.00516801566371
5647805074.067546 32.456273153360506
5948892077.934331 32.907380531330354
6266030164.072656 33.358489926222305
6600075022.827075 33.809601137821176
6951927961.775591 34.26071398471115
7322538337.6045265 34.711828305935434
7712906117.627993 35.16294397134371
8124084577.862974 35.61406082630051
8557183144.939984 36.06517876832486
9013370389.51742 36.5162976872498
9493877179.27582 36.96741747695502
10000000000.0 37.41853805990684
10.0 18.685722603205534
10.53310445370937 17.830176774659588
11.094628943275218 16.99740870567212
11.686088553466515 16.18988731013282
12.309079138896024 15.310393771709379
12.965281629896682 14.473962959843206
13.65646656794611 13.652797554688615
14.38449888287663 12.85405431836268
15.15134292476053 12.027153054387936
15.95906776404731 11.225420285548896
16.80985277425364 10.430659443890349
17.70599351226899 9.643360725257569
18.64990791214297 8.87013063549777
19.644142809066278 8.101208044888269
20.6913808111479 7.343096595763987
21.794447537529855 6.607319196549428
22.956319242369098 5.880499189259542
24.180130845257207 5.166534311573383
25.4691843897454 4.463670884466061
26.826957952797258 3.7786474231169893
28.257115029208283 3.106239697705806
29.76351441631318 2.4485606715061294
31.350220625651154 1.8120868582592922
33.02151484968176 1.186972515838506
34.7819065131413 0.5810619594387294
36.63614544020716 -0.00788027138219974
38.58923467029903 -0.5780303330614057
40.646443957096295 -1.1307335484024519
42.81332398719393 -1.6638329389077176
45.095721356761466 -2.1800943346663386
47.499794346614124 -2.6778010572399897
50.03202953826004 -3.1556699368216585
52.699259315756564 -3.6161591898375454
55.50868030059805 -4.057118861188133
58.467872769375894 -4.479360103976411
61.58482110660264 -4.88282745601407
64.86793534788511 -5.267928888457456
68.32607387157402 -5.63447423679024
71.96856730011521 -5.9827874619405215
75.8052436755926 -6.312917438102827
79.84645497739086 -6.625405218917843
84.10310505352605 -6.920421074158599
88.58667904100822 -7.198434244678551
93.30927435461668 -7.4599903421512455
98.28363332770026 -7.705284079451401
103.52317759307378 -7.934769266405946
109.04204429677526 -8.149334856180609
114.8551242423938 -8.349281318868728
120.97810206889012 -8.535212380930048
127.42749857031335 -8.707984030694249
134.2207152716012 -8.868004056544152
141.37608138073614 -9.01609549225083
148.91290324394086 -9.152709380556141
156.85151643735477 -9.278625156956794
165.213340635737 -9.394484297541382
174.0209374062485 -9.500962114998519
183.29807108324357 -9.598539689621976
193.06977288832496 -9.688032082114132
203.36240846866724 -9.769724937232217
214.2037490358383 -9.844494455612274
225.62304629706352 -9.912658262650467
237.65111138110728 -9.974878796340068
250.32039797173255 -10.031486856674638
263.6650898730358 -10.082988308327913
277.7211932429355 -10.129862052142933
292.5266337436645 -10.172419715433627
308.1213588714002 -10.211044128592665
324.54744574113323 -10.246099789375606
341.84921461759274 -10.277863815469724
360.073348498562 -10.306637274537291
379.26901907322497 -10.332717444906397
399.48801939541704 -10.3563376820002
420.78490362974026 -10.377696306906007
443.21713424760856 -10.39703071941824
466.84523707037897 -10.414501976334966
491.73296457790156 -10.430307538250027
517.9474679231213 -10.444580636763162
545.5594781168514 -10.457482209205363
574.6434968715973 -10.469140772380577
605.2779976193349 -10.479662539999762
637.5456372456507 -10.489175376290392
671.5334791115142 -10.497749627253786
707.3332279644438 -10.50549296502316
745.0414773728917 -10.512485651487886
784.7599703514607 -10.518793303263488
826.5958738801812 -10.52448840173182
870.6620680585127 -10.52962257436194
917.0774506742931 -10.534259270118614
965.9672580093833 -10.538436279108694
1017.4634027476063 -10.542210332019666
1071.7048298967104 -10.545610576911438
1128.8378916846884 -10.548680587554758
1189.01674244199 -10.551449650062306
1252.4037545350732 -10.553945676979195
1319.1699564735716 -10.556197083680907
1389.4954943731375 -10.558230853691317
1463.5701180190797 -10.560064249045656
1541.5936928422718 -10.561717697065431
1623.776739188721 -10.563210052141205
1710.3410003378397 -10.564558600966807
1801.520040802024 -10.565775857893689
1897.5598765218504 -10.566873056640905
1998.7196386572507 -10.567867006184903
2105.272272765707 -10.568764468435358
2217.505275253932 -10.569575885093009
2335.7214690901214 -10.570310782284732
2460.239820869775 -10.570975824532558
2591.3963014396572 -10.5715788013603
2729.5447924020073 -10.572127008258125
2875.0580409448803 -10.572625045620114
3028.3286655749457 -10.57307950745107
3189.7702154663216 -10.573494163950105
3359.818286283781 -10.573873992044883
3538.9316954909877 -10.574223049354545
3727.593720314938 -10.574545768278023
3926.3134017068355 -10.574844294919544
4135.626917817706 -10.575122452967987
4356.099030694608 -10.575383696194411
4588.324610100844 -10.575630081176952
4832.930238571752 -10.575864911836517
5090.575902036681 -10.576090146192747
5361.956770568817 -10.57630861578517
5647.805074067552 -10.576522490209666
5948.892077934331 -10.576733987127584
6266.030164072656 -10.576945354857601
6600.075022827095 -10.57715895720573
6951.927961775606 -10.577377015046965
7322.538337604534 -10.577601816142838
7712.906117627992 -10.57783556112774
8124.0845778629655 -10.578080944355214
8557.183144940002 -10.578340260010698
9013.37038951743 -10.578616307444753
9493.87717927582 -10.578911767175223
10000.0 -10.579229723768604
10533.104453709382 -10.579573287400525
11094.628943275218 -10.5799458275444
11686.088553466498 -10.58035098518584
12309.079138896019 -10.58079268716595
12965.281629896688 -10.581275000064103
13656.466567946096 -10.581802507302045
14384.498882876629 -10.582379979200613
15151.342924760515 -10.58301255461414
15959.06776404731 -10.583705769130564
16809.852774253653 -10.584465518732067
17705.99351226898 -10.585298086860245
18649.907912142942 -10.586210129885622
19644.142809066267 -10.587208702696518
20691.3808111479 -10.588301208826088
21794.447537529835 -10.589495358566936
22956.319242369096 -10.59079922122675
24180.13084525718 -10.592221033551434
25469.184389745402 -10.593769248332475
26826.957952797275 -10.595452347901357
28257.115029208268 -10.597278785194153
29763.51441631313 -10.599256815220588
31350.220625651124 -10.601394326449254
33021.51484968176 -10.603698691147356
34781.90651314134 -10.606176489841335
36636.14544020716 -10.60883334178202
38589.23467029899 -10.6116736077743
40646.44395709628 -10.614700160351218
42813.32398719396 -10.617914111391237
45095.721356761445 -10.62131456568654
47499.79434661403 -10.624898390232403
50032.029538259994 -10.628660016412937
52699.259315756564 -10.632591303097879
55508.680300598106 -10.636681438350763
58467.87276937589 -10.640916942159723
61584.82110660255 -10.645281738340442
64867.935347885075 -10.649757315494481
68326.07387157406 -10.6543229889696
71968.56730011514 -10.658956239334538
75805.24367559262 -10.663633132403286
79846.45497739078 -10.668328805814639
84103.10505352604 -10.673017984236337
88586.67904100832 -10.677675523915708
93309.27435461663 -10.682276946591575
98283.63332770011 -10.686798946686103
103523.17759307378 -10.69121983835508
109042.04429677526 -10.695519944264289
114855.12424239368 -10.699681895022824
120978.10206889013 -10.703690837987565
127427.49857031321 -10.70753455939873
134220.7152716012 -10.711203516445224
141376.08138073614 -10.71469078672515
148912.90324394088 -10.71799195394222
156851.5164373548 -10.72110493352634
165213.34063573685 -10.724029758238448
174020.9374062485 -10.72676833567867
183298.07108324338 -10.729324191334559
193069.77288832495 -10.731702205425155
203362.40846866704 -10.733908357749073
214203.74903583832 -10.735949484302708
225623.04629706353 -10.737833052281829
237651.11138110727 -10.739566957343724
250320.39797173254 -10.741159342939671
263665.08987303555 -10.742618446252683
277721.1932429355 -10.743952466110375
292526.6337436642 -10.745169454372721
308121.35887140024 -10.746277227795218
324547.44574113254 -10.747283298486842
341849.21461759275 -10.748194821367195
360073.348498562 -10.749018555191213
379269.0190732246 -10.749760836057972
399488.019395417 -10.75042756044054
420784.9036297398 -10.751024176607757
443217.13424760854 -10.751555681707055
466845.2370703785 -10.752026624498384
491732.9645779016 -10.752441110752011
517947.46792312124 -10.752802811135904
545559.4781168514 -10.753114970721075
574643.4968715974 -10.753380418599326
605277.9976193343 -10.753601577538781
637545.6372456506 -10.753780472711533
671533.4791115135 -10.753918739268208
707333.2279644439 -10.754017628183234
745041.4773728917 -10.754078009879569
784759.9703514606 -10.754100375810031
826595.8738801812 -10.754084837081471
870662.0680585118 -10.754031120346486
917077.4506742931 -10.753938560562421
965967.2580093823 -10.75380609021539
1017463.4027476063 -10.75363222498839
1071704.8298967092 -10.753415045543493
1128837.8916846884 -10.753152174998323
1189016.74244199 -10.752840751978308
1252403.7545350718 -10.752477398763904
1319169.9564735717 -10.752058184220175
1389495.494373136 -10.751578581060212
1463570.1180190798 -10.751033416963525
1541593.6928422702 -10.750416819042306
1623776.739188721 -10.74972215105518
1710341.0003378377 -10.748941942740348
1801520.0408020238 -10.748067810533215
1897559.8765218505 -10.747090368817865
1998719.6386572486 -10.74599913097499
2105272.272765707 -10.74478239909549
2217505.2752539297 -10.743427141417303
2335721.4690901213 -10.741918856237032
2460239.8208697727 -10.740241421078498
2591396.3014396573 -10.73837692573083
2729544.792402007 -10.736305487623241
2875058.040944877 -10.734005047931479
3028328.6655749455 -10.731451146674225
3189770.215466318 -10.728616674921856
3359818.286283781 -10.72547160211215
3538931.6954909842 -10.72198267638106
3727593.720314938 -10.718113095681634
3926313.4017068394 -10.713822147361494
4135626.917817706 -10.709064813842845
4356099.030694608 -10.703791341967383
4588324.61010084 -10.697946773602421
4832930.238571752 -10.691470435117981
5090575.902036676 -10.684295383536169
5361956.770568817 -10.676347807306325
5647805.074067546 -10.667546380033151
5948892.077934331 -10.657801565923922
6266030.164072656 -10.647014876360261
6600075.022827089 -10.635078077850205
6951927.961775606 -10.621872352663422
7322538.337604526 -10.607267414809925
7712906.117627992 -10.591120585739336
8124084.5778629575 -10.573275836132478
8557183.144940002 -10.553562802660624
9013370.38951742 -10.531795791546104
9493877.17927582 -10.50777278405062
10000000.0 -10.48127446309386
10533104.45370936 -10.452063284537578
11094628.943275219 -10.419882621508007
11686088.553466497 -10.384456015588322
12309079.138896018 -10.345486573994814
12965281.629896663 -10.302656557641772
13656466.567946097 -10.255627210236087
14384498.882876629 -10.204038883326124
15151342.924760515 -10.147511515906206
15959067.76404731 -10.085645529225399
16809852.774253618 -10.018023197208844
17705993.51226898 -9.94421054971151
18649907.912142944 -9.863759858875682
19644142.809066266 -9.776212747664744
20691380.811147902 -9.681103943645462
21794447.537529834 -9.577965679879327
22956319.242369097 -9.466332718845408
24180130.84525718 -9.345747944911833
25469184.3897454 -9.215768437375115
26826957.95279722 -9.075971901204273
28257115.02920827 -8.925963298681449
29763514.41631313 -8.765381494831443
31350220.62565112 -8.5939057060275
33021514.849681754 -8.411261527044617
34781906.51314127 -8.217226309858896
36636145.44020716 -8.011633679037537
38589234.67029899 -7.794376994277684
40646443.95709628 -7.565411609474369
42813323.98719387 -7.324755827766298
45095721.35676145 -7.072490509376081
47499794.346614026 -6.808757350048406
50032029.53825999 -6.533755907269545
52699259.31575657 -6.2477395050556765
55508680.300597996 -5.951010192023989
58467872.7693759 -5.6439129588132015
61584821.10660254 -5.326829438406521
64867935.34788508 -5.000171316533636
68326073.87157391 -4.664373669958174
71968567.30011514 -4.319888430602671
75805243.67559262 -3.9671781456617423
79846454.97739078 -3.606710171029514
84103105.05352604 -3.238951400615698
88586679.04100814 -2.864363599772375
93309274.35461664 -2.4833993791624924
98283633.32770011 -2.0964988175533215
103523177.59307377 -1.7040867186697717
109042044.29677527 -1.3065704691886924
114855124.24239345 -0.9043384517157121
120978102.06889038 -0.49775895795058633
127427498.57031322 -0.08717954255950283
134220715.2716012 0.32707324312554514
141376081.38073614 0.7446937971564962
148912903.24394056 1.1653971496395308
156851516.43735445 1.5889184339688516
165213340.63573685 2.015012194001003
174020937.40624848 2.4434515686243046
183298071.08324376 2.8740273897330084
193069772.88832456 3.3065472242603304
203362408.46866703 3.740834385764314
214203749.0358383 4.176726936521988
225623046.2970626 4.614076696909669
237651111.38110778 5.0527482752122745
250320397.97173202 5.492618127884519
263665089.87303555 5.9335736577620555
277721193.2429355 6.375512355128804
292526633.74366355 6.8183409853012735
308121358.87140083 7.261974824306096
324547445.74113256 7.706336943261519
341849214.6175927 8.151357541667895
360073348.49856204 8.59697332789448
379269019.0732238 9.043126946023373
399488019.39541787 9.489766446569766
420784903.6297398 9.936844799454112
443217134.24760854 10.384319446525021
466845237.07037944 10.832151891174131
491732964.5779006 11.280307323110172
517947467.9231202 11.728754275350408
545559478.1168514 12.177464311068707
574643496.8715974 12.626411738509871
605277997.6193355 13.075573351509956
637545637.2456493 13.524928193141182
671533479.1115135 13.974457341628428
707333227.9644439 14.42414371523898
745041477.3728887 14.873971896103031
784759970.3514622 15.32392796984291
826595873.8801795 15.773999380579749
870662068.0585117 16.2241747993951
917077450.674293 16.67444400597406
965967258.0093802 17.124797780302035
1017463402.7476043 17.575227805937516
1071704829.8967092 18.025726582189844
1128837891.6846883 18.476287343312872
1189016742.44199 18.926903988869523
1252403754.5350692 19.377571016763454
1319169956.473569 19.82828346565593
1389495494.373136 20.27903686224495
1463570118.0190797 20.729827172931795
1541593692.8422735 21.18065076087543
1623776739.1887176 21.631504346815383
1710341000.337838 22.08238497462583
1801520040.802024 22.53328997903008
1897559876.5218503 22.984216957345645
1998719638.6572526 23.435163742470895
2105272272.7657027 23.886128384065803
2217505275.2539296 24.337109119116963
2335721469.0901213 24.788104361470896
2460239820.8697777 25.2391126812619
2591396301.439652 25.690132788328363
2729544792.402002 26.141163520367247
2875058040.944877 26.592203830091886
3028328665.5749454 27.0432527711162
3189770215.466325 27.49430949359177
3359818286.2837744 27.945373230442783
3538931695.4909844 28.396443288555556
3727593720.314938 28.847519045178885
3926313401.7068396 29.29859993742828
4135626917.8176975 29.749685461158954
4356099030.694599 30.200775153677792
4588324610.100841 30.651868611534532
4832930238.571753 31.102965456413486
5090575902.036687 31.55406535853927
5361956770.568806 32.00516801566371
5647805074.067546 32.456273153360506
5948892077.934331 32.907380531330354
6266030164.072656 33.358489926222305
6600075022.827075 33.809601137821176
6951927961.775591 34.26071398471115
7322538337.6045265 34.711828305935434
7712906117.627993 35.16294397134371
8124084577.862974 35.61406082630051
8557183144.939984 36.06517876832486
9013370389.51742 36.5162976872498
9493877179.27582 36.96741747695502
10000000000.0 37.41853805990684
10.0 -2.772626658610813
10.53310445370937 -2.7733403803333094
11.094628943275218 -2.7741310310004503
11.686088553466515 -2.775006795685227
12.309079138896024 -2.7759767129282906
12.965281629896682 -2.77705076152479
13.65646656794611 -2.7782399559869146
14.38449888287663 -2.77955645154804
15.15134292476053 -2.781013659647452
15.95906776404731 -2.7826263749027413
16.80985277425364 -2.7844109146347504
17.70599351226899 -2.7863852720506728
18.64990791214297 -2.788569284206562
19.644142809066278 -2.7909848158514676
20.6913808111479 -2.793655960192555
21.794447537529855 -2.7966092575033348
22.956319242369098 -2.7998739323156836
24.180130845257207 -2.803482149681921
25.4691843897454 -2.8074692906560506
26.826957952797258 -2.8118742467160276
28.257115029208283 -2.8167397323218895
29.76351441631318 -2.8221126141676094
31.350220625651154 -2.8280442549254485
33.02151484968176 -2.8345908683824517
34.7819065131413 -2.841813881809714
36.63614544020716 -2.8497803001603748
38.58923467029903 -2.8585630652328975
40.646443957096295 -2.8682414012336683
42.81332398719393 -2.878901136199512
45.095721356761466 -2.890634986478247
47.499794346614124 -2.9035427889080796
50.03202953826004 -2.9177316625008123
52.699259315756564 -2.9333160783644763
55.50868030059805 -2.950417813381378
58.467872769375894 -2.9691657599204833
61.58482110660264 -2.989695560796709
64.86793534788511 -3.012149036052885
68.32607387157402 -3.036673366263349
71.96856730011521 -3.0634199963514885
75.8052436755926 -3.092543224861296
79.84645497739086 -3.124198446770561
84.10310505352605 -3.1585400238622046
88.58667904100822 -3.1957187659516273
93.30927435461668 -3.2358790194031997
98.28363332770026 -3.27915537670122
103.52317759307378 -3.325669042458089
109.04204429677526 -3.3755239168588362
114.8551242423938 -3.4288024863912865
120.97810206889012 -3.485561642452231
127.42749857031335 -3.545828579089014
134.2207152716012 -3.6095969491704842
141.37608138073614 -3.676823480636427
148.91290324394086 -3.747425267853548
156.85151643735477 -3.821277954299207
165.213340635737 -3.898215009108126
174.0209374062485 -3.978028269750298
183.29807108324357 -4.0604698759920606
193.06977288832496 -4.14525565782777
203.36240846866724 -4.232069965660262
214.2037490358383 -4.320571849834528
225.62304629706352 -4.4104024152318475
237.65111138110728 -4.50119310223698
250.32039797173255 -4.592574585048926
263.6650898730358 -4.684185937983957
277.7211932429355 -4.775683704186652
292.5266337436645 -4.866750510617479
308.1213588714002 -4.957102907223766
324.54744574113323 -5.046498163182692
341.84921461759274 -5.134739823369
360.073348498562 -5.2216819068450455
379.26901907322497 -5.30723170896305
399.48801939541704 -5.391351242919549
420.78490362974026 -5.4740574198762975
443.21713424760856 -5.555421115336452
466.84523707037897 -5.635565301488178
491.73296457790156 -5.714662440605861
517.9474679231213 -5.792931334681528
545.5594781168514 -5.870633613600957
574.6434968715973 -5.948070021280543
605.2779976193349 -6.0255766292813995
637.5456372456507 -6.103521073386659
671.5334791115142 -6.1822988729880635
707.3332279644438 -6.262329857986483
745.0414773728917 -6.344054694987341
784.7599703514607 -6.427931475278548
826.5958738801812 -6.514432302614458
870.6620680585127 -6.604039800257611
917.0774506742931 -6.697243445012505
965.9672580093833 -6.794535631965445
1017.4634027476063 -6.896407377979105
1071.7048298967104 -7.003343585046324
1128.8378916846884 -7.1158178063368265
1189.01674244199 -7.234286487593157
1252.4037545350732 -7.35918269324697
1319.1699564735716 -7.490909368372377
1389.4954943731375 -7.629832231875558
1463.5701180190797 -7.776272440120838
1541.5936928422718 -7.930499200159393
1623.776739188721 -8.092722544440116
1710.3410003378397 -8.26308650118992
1801.520040802024 -8.441662904026447
1897.5598765218504 -8.62844607924959
1998.7196386572507 -8.823348629329391
2105.272272765707 -9.02619849742681
2217.505275253932 -9.236737452765318
2335.7214690901214 -9.454621083868215
2460.239820869775 -9.679420330390569
2591.3963014396572 -9.910624529044433
2729.5447924020073 -10.147645899157984
2875.0580409448803 -10.389825352101791
3028.3286655749457 -10.63643947830916
3189.7702154663216 -10.886708546629794
3359.818286283781 -11.139805342578619
3538.9316954909877 -11.394864672746277
3727.593720314938 -11.650993369439638
3926.3134017068355 -11.907280639338293
4135.626917817706 -12.162808609492972
4356.099030694608 -12.416662930792913
4588.324610100844 -12.667943301419403
4832.930238571752 -12.915773770220627
5090.575902036681 -13.159312673010584
5361.956770568817 -13.397762045234757
5647.805074067552 -13.630376344841848
5948.892077934331 -13.85647031263926
6266.030164072656 -14.075425797030114
6600.075022827095 -14.286697378538435
6951.927961775606 -14.489816648756227
7322.538337604534 -14.684395028897006
7712.906117627992 -14.870125054206875
8124.0845778629655 -15.046780099872057
8557.183144940002 -15.214212578407874
9013.37038951743 -15.372350693703973
9493.87717927582 -15.521193888581141
10000.0 -15.660807166851587
10533.104453709382 -15.791314504237857
11094.628943275218 -15.912891583019643
11686.088553466498 -16.025758092192504
12309.079138896019 -16.1301698287815
12965.281629896688 -16.22641081840161
13656.466567946096 -16.314785646633702
14384.498882876629 -16.39561216015625
15151.342924760515 -16.46921466077795
15959.06776404731 -16.535917679274267
16809.852774253653 -16.59604038151653
17705.99351226898 -16.649891628522337
18649.907912142942 -16.69776568588126
19644.142809066267 -16.739938557106843
20691.3808111479 -16.776664899950777
21794.447537529835 -16.80817547434912
22956.319242369096 -16.834675064968934
24180.13084525718 -16.856340819663252
25469.184389745402 -16.87332094684413
26826.957952797275 -16.885733719183435
28257.115029208268 -16.893666737536183
29763.51441631313 -16.89717641702035
31350.220625651124 -16.8962876663352
33021.51484968176 -16.89099374128993
34781.90651314134 -16.88125626385061
36636.14544020716 -16.86700540854066
38589.23467029899 -16.848140268519604
40646.44395709628 -16.82452942387991
42813.32398719396 -16.79601174437635
45095.721356761445 -16.762397467618513
47499.79434661403 -16.72346960132118
50032.029538259994 -16.678985704045736
52699.259315756564 -16.628680102416297
55508.680300598106 -16.57226660342554
58467.87276937589 -16.509441757481817
61584.82110660255 -16.439888720626556
64867.935347885075 -16.363281752286753
68326.07387157406 -16.279291367613318
71968.56730011514 -16.187590140770965
75805.24367559262 -16.087859127763352
79846.45497739078 -15.979794845273913
84103.10505352604 -15.863116706922577
88586.67904100832 -15.737574782214343
93309.27435461663 -15.602957708736637
98283.63332770011 -15.459100557680356
103523.17759307378 -15.305892429456108
109042.04429677526 -15.143283542806959
114855.12424239368 -14.971291579567119
120978.10206889013 -14.790007059346017
127427.49857031321 -14.599597544010553
134220.7152716012 -14.400310509628838
141376.08138073614 -14.192474770975096
148912.90324394088 -13.976500397161082
156851.5164373548 -13.752877112187532
165213.34063573685 -13.522171226802728
174020.9374062485 -13.285021194037967
183298.07108324338 -13.042131917108922
193069.77288832495 -12.794267963242644
203362.40846866704 -12.542245850088168
214203.74903583832 -12.286925573730391
225623.04629706353 -12.029201541204317
237651.11138110727 -11.769993058804108
250320.39797173254 -11.51023451374257
263665.08987303555 -11.250865374073719
277721.1932429355 -10.992820122897895
292526.6337436642 -10.737018239465193
308121.35887140024 -10.484354342565943
324547.44574113254 -10.235688619963966
341849.21461759275 -9.991837679946075
360073.348498562 -9.753565974729517
379269.0190732246 -9.521577957341165
399488.019395417 -9.296511140207953
420784.9036297398 -9.078930222141095
443217.13424760854 -8.869322438219271
466845.2370703785 -8.668094263190795
491732.9645779016 -8.475569563555332
517947.46792312124 -8.291989248178051
545559.4781168514 -8.117512415019101
574643.4968715974 -7.952218936281092
605277.9976193343 -7.796113370358472
637545.6372456506 -7.6491300407174165
671533.4791115135 -7.511139082903159
707333.2279644439 -7.381953234074991
745041.4773728917 -7.261335125872678
784759.9703514606 -7.149004841572278
826595.8738801812 -7.044647510587916
870662.0680585118 -6.9479207360142095
917077.4506742931 -6.858461680719401
965967.2580093823 -6.775893672030112
1017463.4027476063 -6.699832221258129
1071704.8298967092 -6.629890389727231
1128837.8916846884 -6.565683465592828
1189016.74244199 -6.506832944451698
1252403.7545350718 -6.452969830234153
1319169.9564735717 -6.403737291533985
1389495.494373136 -6.358792721726061
1463570.1180190798 -6.317809260162664
1541593.6928422702 -6.280476836334289
1623776.739188721 -6.246502800299122
1710341.0003378377 -6.215612201528685
1801520.0408020238 -6.187547775033908
1897559.8765218505 -6.162069689346898
1998719.6386572486 -6.1389551055308145
2105272.272765707 -6.117997590832797
2217505.2752539297 -6.09900642486787
2335721.4690901213 -6.081805830683306
2460239.8208697727 -6.066234157904923
2591396.3014396573 -6.052143040399812
2729544.792402007 -6.039396546640084
2875058.040944877 -6.0278703372387366
3028328.6655749455 -6.017450840884683
3189770.215466318 -6.008034457136785
3359818.286283781 -5.999526792281165
3538931.6954909842 -5.991841932451811
3727593.720314938 -5.984901756721324
3926313.4017068394 -5.978635291596552
4135626.917817706 -5.972978107312883
4356099.030694608 -5.967871755608113
4588324.61010084 -5.963263248008586
4832930.238571752 -5.959104573279984
5090575.902036676 -5.955352252319245
5361956.770568817 -5.951966928638487
5647805.074067546 -5.948912992401739
5948892.077934331 -5.946158235914759
6266030.164072656 -5.943673538518679
6600075.022827089 -5.941432578787787
6951927.961775606 -5.93941157204947
7322538.337604526 -5.937589031268134
7712906.117627992 -5.9359455494456235
8124084.5778629575 -5.934463601844736
8557183.144940002 -5.933127366307963
9013370.38951742 -5.931922560216547
9493877.17927582 -5.930836292596355
10000000.0 -5.9298569300869355
10533104.45370936 -5.928973975517662
11094628.943275219 -5.928177957975862
11686088.553466497 -5.9274603333105
12309079.138896018 -5.9268133941213295
12965281.629896663 -5.926230188386535
13656466.567946097 -5.925704445860265
14384498.882876629 -5.9252305115929715
15151342.924760515 -5.924803285843795
15959067.76404731 -5.924418169817619
16809852.774253618 -5.924071016645055
17705993.51226898 -5.923758087143659
18649907.912142944 -5.923476009857859
19644142.809066266 -5.923221745001168
20691380.811147902 -5.9229925519231195
21794447.537529834 -5.922785959731768
22956319.242369097 -5.922599740801776
24180130.84525718 -5.922431886874207
25469184.3897454 -5.922280587485018
26826957.95279722 -5.922144210522563
28257115.02920827 -5.922021284670784
29763514.41631313 -5.9219104836022325
31350220.62565112 -5.921810611694922
33021514.849681754 -5.921720591171738
34781906.51314127 -5.921639450490809
36636145.44020716 -5.921566313887289
38589234.67029899 -5.921500391939206
40646443.95709628 -5.921440973054075
42813323.98719387 -5.921387415806617
45095721.35676145 -5.921339142020763
47499794.346614026 -5.921295630540882
50032029.53825999 -5.921256411596851
52699259.31575657 -5.9212210617630925
55508680.300597996 -5.921189199361487
58467872.7693759 -5.9211604803658355
61584821.10660254 -5.921134594686225
64867935.34788508 -5.921111262809664
68326073.87157391 -5.921090232800398
71968567.30011514 -5.921071277575115
75805243.67559262 -5.921054192446831
79846454.97739078 -5.921038792918363
84103105.05352604 -5.921024912703964
88586679.04100814 -5.921012401905221
93309274.35461664 -5.921001125422313
98283633.32770011 -5.9209909614829295
103523177.59307377 -5.920981800324637
109042044.29677527 -5.92097354301298
114855124.24239345 -5.920966100378816
120978102.06889038 -5.9209593920414765
127427498.57031322 -5.920953345561038
134220715.2716012 -5.920947895634612
141376081.38073614 -5.920942983407383
148912903.24394056 -5.920938555828103
156851516.43735445 -5.9209345650850835
165213340.63573685 -5.9209309680753455
174020937.40624848 -5.920927725955978
183298071.08324376 -5.920924803710058
193069772.88832456 -5.920922169777518
203362408.46866703 -5.920919795717596
214203749.0358383 -5.920917655887798
225623046.2970626 -5.920915727179993
237651111.38110778 -5.92091398876155
250320397.97173202 -5.920912421858693
263665089.87303555 -5.9209110095528334
277721193.2429355 -5.920909736587305
292526633.74366355 -5.920908589218815
308121358.87140083 -5.920907555051631
324547445.74113256 -5.920906622915883
341849214.6175927 -5.920905782750622
360073348.49856204 -5.920905025476692
379269019.0732238 -5.92090434291449
399488019.39541787 -5.920903727699473
420784903.6297398 -5.920903173184443
443217134.24760854 -5.92090267337599
466845237.07037944 -5.920902222880154
491732964.5779006 -5.920901816834791
517947467.9231202 -5.92090145084967
545559478.1168514 -5.920901120971745
574643496.8715974 -5.920900823641935
605277997.6193355 -5.920900555649643
637545637.2456493 -5.920900314096729
671533479.1115135 -5.9209000963750995
707333227.9644439 -5.920899900134148
745041477.3728887 -5.920899723257672
784759970.3514622 -5.9208995638282005
826595873.8801795 -5.920899420131632
870662068.0585117 -5.920899290612031
917077450.674293 -5.920899173871383
965967258.0093802 -5.9208990686475635
1017463402.7476043 -5.920898973805744
1071704829.8967092 -5.920898888321346
1128837891.6846883 -5.920898811271033
1189016742.44199 -5.920898741823626
1252403754.5350692 -5.920898679227346
1319169956.473569 -5.9208986228078135
1389495494.373136 -5.920898571954295
1463570118.0190797 -5.9208985261176
1541593692.8422735 -5.920898484803461
1623776739.1887176 -5.920898447565524
1710341000.337838 -5.92089841400289
1801520040.802024 -5.920898383749893
1897559876.5218503 -5.920898356481992
1998719638.6572526 -5.920898331905353
2105272272.7657027 -5.920898309753259
2217505275.2539296 -5.920898289787494
2335721469.0901213 -5.920898271790551
2460239820.8697777 -5.920898255568824
2591396301.439652 -5.920898240947803
2729544792.402002 -5.920898227769069
2875058040.944877 -5.92089821589218
3028328665.5749454 -5.9208982051845975
3189770215.466325 -5.9208981955344475
3359818286.2837744 -5.920898186838222
3538931695.4909844 -5.920898178998469
3727593720.314938 -5.9208981719337075
3926313401.7068396 -5.920898165563892
4135626917.8176975 -5.920898159823898
4356099030.694599 -5.920898154650176
4588324610.100841 -5.920898149985404
4832930238.571753 -5.9208981457821555
5090575902.036687 -5.920898141993268
5361956770.568806 -5.920898138577446
5647805074.067546 -5.920898135499655
5948892077.934331 -5.920898132725849
6266030164.072656 -5.920898130225742
6600075022.827075 -5.92089812797202
6951927961.775591 -5.920898125940051
7322538337.6045265 -5.920898124108936
7712906117.627993 -5.920898122458384
8124084577.862974 -5.92089812097107
8557183144.939984 -5.920898119629592
9013370389.51742 -5.9208981184215705
9493877179.27582 -5.9208981173317055
10000000000.0 -5.920898116349816
