10.0 0.05171233633672793
10.292747724096083 0.05322619928309278
10.59406557118851 0.054784379867260355
10.904204429677526 0.05638817544585476
11.223422532664179 0.058038921352414286
11.551985672964793 0.05973799200889397
11.890167424419898 0.06148680206968393
12.238249369681931 0.06328680759909225
12.596521334671401 0.06513950728327002
12.965281629896682 0.06704644367758496
13.344837298838383 0.06900920449047752
13.735504373605137 0.07102942390486555
14.137608138073606 0.07310878393819166
14.551483398731937 0.07524901584224364
14.977474763452017 0.07745190154390598
15.415936928422726 0.07971927512803703
15.867234973483178 0.08205302436370142
16.331744666101677 0.08445509227502045
16.80985277425364 0.08692747875794148
17.301957388458945 0.08947224224426552
17.808468253246822 0.09209150141430783
18.329807108324356 0.09478743695961056
18.866408039732583 0.09756229339716241
19.418717841282557 0.10041838093662628
19.987196386572506 0.10335807740211658
20.57231701189556 0.10638383021011315
21.174566910357118 0.10949815840514371
21.794447537529855 0.11270365475491487
22.432475028984193 0.11600298790661726
23.089180630041927 0.11939890460618226
23.765111138110754 0.12289423198231877
24.46082935796799 0.12649187989720467
25.17691457037277 0.13019484336577208
25.913963014396586 0.13400620504556912
26.672588383874054 0.13792913779924282
27.453422338387142 0.1419669073317485
28.257115029208283 0.14612287490444095
29.08433564064048 0.15040050012827444
29.935772947204903 0.1548033438383939
30.812135887140037 0.15933507105246403
31.714154152689986 0.16399945401515464
32.642578797673224 0.16880037533125983
33.59818286283781 0.1737418311900018
34.58176201952381 0.1788279346831439
35.594135232168604 0.1840629192196007
36.63614544020716 0.1894511420393166
37.708660259934554 0.19499708782925604
38.81257270691538 0.20070537244442227
39.9488019395417 0.2065807467369114
41.118294024358306 0.21262810049607608
42.322022723792756 0.21885246650296508
43.56099030694608 0.2252590247022933
44.83622838411908 0.2318531064952661
46.148798765769385 0.23864019915669107
47.499794346614124 0.2456259503798846
48.890340015614456 0.2528161729529797
50.32159359259993 0.2602168495703319
51.7947467923121 0.26783413778281684
53.31102621667033 0.27567437509090614
54.87169437608604 0.28374408418450925
56.47805074067555 0.29204997833366986
58.131432822247135 0.30059896693429633
59.83321728796288 0.3093981612132219
61.58482110660264 0.3184548800969788
63.38770272838487 0.3277766562487885
65.24336329932625 0.3373712422783631
67.15334791115141 0.34724661712921984
69.11924688779365 0.35741099264832793
71.14269710955735 0.36787282034300006
73.22538337604533 0.3786407983300462
75.36903980898542 0.3897238784823268
77.57545129612417 0.40113127377793817
79.84645497739086 0.4128724658573542
82.18394177456803 0.4249572127939864
84.58985796574301 0.43739555708368194
87.06620680585127 0.45019783385881434
89.61505019466045 0.4633746793326902
92.23851039358476 0.4769370394801082
94.9387717927583 0.49089617895998516
97.71808272983904 0.5052636902860315
100.57875736205835 0.5200515032515821
103.52317759307378 0.5352718946147008
106.55379505623053 0.5509374980497838
109.67313315588179 0.5670613143719256
112.88378916846884 0.5836567220403603
116.18843640511002 0.6007374879473156
119.58982643749793 0.6183177784986515
123.09079138896018 0.6364121709926615
126.69424629259063 0.6550356653033971
130.40319151841317 0.6742036958748495
134.2207152716012 0.6939321440322965
138.14999616383224 0.7142373506170374
142.19430585991677 0.7351361289506351
146.357011801908 0.7566457781347017
150.64158001295928 0.7787840966920826
155.05157798326255 0.8015693965551179
159.5906776404731 0.8250205174064572
164.26265840709303 0.8491568413776044
169.071410347358 0.873998308110128
174.0209374062485 0.8995654301840308
179.115360743323 0.9258793089174492
184.3589221641488 0.9529616505413281
189.75598765218504 0.9808347827521839
195.3110510040631 1.009521671645497
201.02873757128856 1.03904593903154
206.913808111479 1.0694318801347116
212.97116275234782 1.1007044816765381
219.20584507173257 1.1328894403415775
225.62304629706352 1.1660131816243064
232.22810962777245 1.2001028790539263
239.02653468423918 1.2351864737926124
246.02398208697775 1.2712926946012586
253.22627816987946 1.3084510781651035
260.63941983143474 1.346691989769784
268.26957952797244 1.386046644316299
276.1231104130753 1.426547127661145
284.2065516274511 1.4682264182654214
292.5266337436645 1.5111184091339178
301.09028437025927 1.5552579300222593
309.9046339199427 1.6006807698868304
318.97702154663216 1.6474236995486558
328.3150012563047 1.6955244945383425
337.9263481967431 1.7450219580849593
347.819065131413 1.7959559442068824
358.00138910285807 1.8483673808574714
368.48179829116765 1.9022982930728076
379.26901907322497 1.9577918260624048
390.37203328860926 2.0148922681771535
401.8000857182091 2.0736450736813894
413.5626917817706 2.1340968852478333
425.66964546078714 2.196295556085572
438.13102745333055 2.2602901716016572
450.9572135676145 2.326131070486684
464.15888336127773 2.3938698651034254
477.7470290335773 2.463559461045569
491.73296457790156 2.535254075720462
506.1283352022219 2.6090092557955384
520.9451270253212 2.684881893332731
536.1956770568817 2.762930240418697
551.892683469738 2.843213922080681
568.0492161728429 2.9257939472585988
584.6787276937589 3.0107327175832856
601.7950643797334 3.0980940336883855
619.412477926676 3.1879430987596025
637.5456372456507 3.2803465189992425
656.2096406767555 3.3753723006566543
675.4200285605586 3.4730898432457025
695.1927961775606 3.5735699285392144
715.5444070664574 3.676884704896938
736.4918067322965 3.783107666448306
758.0524367559261 3.8923136266134213
780.2442493165045 4.004578685406424
803.0857221391512 4.119980189923035
826.5958738801812 4.238596687370366
850.7942799627444 4.360507869950634
875.7010888760508 4.48579451086228
901.3370389517438 4.614538390631446
927.7234756314059 4.746822212935068
954.8823692395666 4.882729509022697
982.8363332770031 5.022344529789245
1011.6086432495807 5.165752124494792
1041.2232560483055 5.313037605070552
1071.7048298967104 5.464286594893523
1103.078744882215 5.61958486085578
1135.3711240885177 5.77901812749911
1168.608855346651 5.9426718719328955
1202.8196136227775 6.110631098202689
1238.0318840613968 6.2829800897316375
1274.2749857031336 6.459802138416207
1311.5790958968503 6.641179248924906
1349.9752754264298 6.827191816724445
1389.4954943731375 7.017918278344051
1430.172658735088 7.2134347323884835
1472.0406378260013 7.413814529825326
1515.134292476053 7.619127832104929
1559.4895040582815 7.829441135725814
1605.1432043647615 8.044816761936671
1652.1334063573702 8.265312310371764
1700.4992358187922 8.490980075554562
1750.2809639301013 8.721866425375987
1801.520040802024 8.958011140865462
1854.2591299878522 9.199446716827714
1908.542144006686 9.446197623219378
1964.4142809066266 9.69827952749282
2021.9220618983536 9.955698478542047
2081.1133700903947 10.218450053351543
2142.037490358383 10.486518467976987
2204.7451503814746 10.75987565507705
2269.288562880081 11.038480310872355
2335.7214690901214 11.322276915128976
2404.0991835099717 11.611194728550029
2474.47863995735 11.905146772806235
2546.91843897454 12.204028799341772
2621.478896621356 12.507718254046724
2698.222094696536 12.816073245884583
2777.211932429355 13.128931528589506
2858.5141796844714 13.446109505589403
2942.196531724374 13.767401269350028
3028.3286655749457 14.09257768735
3116.9822980411436 14.421385547865292
3208.2312454210773 14.75354677963495
3302.1514849681753 15.088757760270894
3398.8212181526674 15.426688728929353
3498.320935775036 15.766983319249062
3600.73348498562 16.10925822884385
3706.144138266228 16.45310304168621
3814.640664431178 16.7980802194941
3926.3134017068355 17.143725277710384
4041.2553329506004 17.48954716081424
4159.562163071847 17.835028830503575
4281.332398719392 18.179628078725116
4406.667430301786 18.522778575595883
4535.671616408702 18.863891159958616
4668.45237070379 19.202355377660595
4805.1202513612425 19.537541269660295
4945.789053120639 19.868801408792525
5090.575902036681 20.195473180500436
5239.601353002645 20.516881299140955
5392.98949012887 20.83234054765078
5550.868030059805 21.141158724507893
5713.36842831558 21.442639778122313
5880.625988746757 21.736087105129506
6052.779976193349 22.02080698563503
6229.973732441841 22.296112125357
6412.354795576917 22.56132527192465
6600.075022827095 22.815782870390727
6793.290717006696 23.05883872137487
6992.162756659375 23.28986760422775
7196.856730011514 23.508268827231234
7407.543072847163 23.71346966715446
7624.397210419138 23.90492866146868
7847.5997035146065 24.082138718179348
8077.3363987967105 24.244630010523878
8313.798583547334 24.39197262666651
8557.183144940002 24.52377894792639
8807.692733975462 24.639705732931453
9065.53593421636 24.73945588930274
9330.927435461663 24.822779918949333
9604.08821250538 24.88947702768558
9885.24570912827 24.93939589456388
10174.634027476064 24.97243510094412
10472.494122981476 24.988543223786362
10779.074004992735 24.98771860186462
11094.628943275218 24.970008787465417
11419.421680558647 24.935509699577256
11753.722651306367 24.884364497538254
12097.810206889013 24.816762196534622
12451.97084735032 24.732936048209194
12816.499459957597 24.633161710930114
13191.699564735716 24.517755234994418
13577.883567189278 24.387070888223008
13975.373018422924 24.241498847084568
14384.498882876629 24.08146277772328
14805.6018138991 23.907417330127092
15239.032437388305 23.719845567239975
15685.151643735446 23.51925634917585
16144.330888316019 23.30618169092139
16616.952500776908 23.081174110101152
17103.41000337838 22.84480397960084
17604.108438655527 22.597656898169042
18119.46470667122 22.34033109060034
18649.907912142942 22.073434847779094
19195.87972173111 21.797584015763423
19757.834731786996 21.513399542212294
20336.2408468667 21.221505087801024
20931.579669325736 20.922524709809256
21544.346900318822 20.617080624762398
22175.052752539294 20.305791056825655
22824.222375040976 19.989268178536246
23492.396290496577 19.668116150370263
24180.13084525718 19.342929265523935
24887.998672586673 19.014290206107965
25616.589169457267 18.68276841666954
26366.508987303554 18.348918600544852
27138.3825371428 18.01327934399385
27932.85250948253 17.676371872367397
28750.580409448772 17.338698941717098
29592.247107579577 17.00074386828836
30458.55340674284 16.662969697264987
31350.220625651124 16.325818510982792
32267.991199458116 15.989710875633362
33212.62929793748 15.65504542427302
34184.92146175927 15.322198572762986
35185.677257392665 14.991524364138275
36215.72995118075 14.663354435847749
37275.93720314938 14.337998103365981
38367.18178112649 14.015742552857414
39490.37229576694 13.696853134892763
40646.44395709628 13.381573750687007
41836.359353200234 13.070127321946718
43061.10925171165 12.762716335183114
44321.713424760856 12.459523451261006
45619.221498074585 12.160712171000107
46954.71382493421 11.86642754781564
48329.30238571752 11.57679693866332
49744.13171377451 11.291930784925173
51200.37984840882 11.011923415320881
52699.259315756564 10.736853863438741
54242.01813838024 10.466786693036163
55829.94087441914 10.201772824842822
57464.34968715974 9.941850359205302
59146.605445917456 9.687045389517925
60878.108859147556 9.437372801987234
62660.30164072656 9.192837057865972
64494.667710376205 8.95343295485773
66382.73442923075 8.71914636493019
68326.07387157406 8.489954946282014
70326.30413380644 8.265828827675623
72385.09068173247 8.046731263780512
74504.14773728917 7.832619260564189
76685.2397058701 7.623444170120736
78930.18264543568 7.4191522546412845
81240.84577862974 7.219685219509482
83619.15304916317 7.0249807157440785
86067.08472376158 6.8349728122209505
88586.67904100832 6.649592438279937
91180.03390845681 6.468767797471167
93849.3086494272 6.292424753313117
96596.72580093842 6.120487188031825
99424.57296427398 5.952877335322788
102335.20470972576 5.789516088231672
105331.04453709359 5.630323283287687
108414.5868935835 5.475217962042951
111588.3992507748 5.324118611182677
114855.12424239368 5.176943382365482
118217.48186466724 5.03361029294436
121678.27174109229 4.8940374086953415
125240.3754535072 4.758143009658054
128906.75894140244 4.625845740157628
132680.47497147243 4.497064744043963
136564.66567946097 4.371719786143051
140562.56518642136 4.249731360875953
144677.5022915648 4.13102078895743
148912.90324394088 4.015510303040347
153272.2945952612 3.9031231231320973
157759.30613623615 3.793783522561247
162377.67391887208 3.6874168852307774
167131.2433672486 3.583949754852403
172023.97247935992 3.4833098768111967
177059.9351226898 3.385426233275619
182243.32442626648 3.2902290721202205
187578.45627201613 3.197649930199304
193069.77288832495 3.1076216514688992
198721.84654880533 3.020078400420101
204539.38337933904 2.9349556712568137
210527.22727657072 2.8521902932181065
216690.3639411181 2.7717204324161884
223033.9250288494 2.693485590533853
229563.19242369095 2.617426600698982
236283.6026355175 2.5434856208302055
243200.7513267945 2.4716061247231713
250320.39797173254 2.401732891126293
257648.47065183744 2.3338119910364084
265191.0709918535 2.267790773422576
272954.4792402007 2.2036178495720584
280945.1594981406 2.1412430762352797
289169.76510202966 2.0806175377306455
297635.14416313195 2.0216935271567666
306348.3452696084 1.9644245268479088
315316.62335543614 1.9087651881941312
324547.44574113254 1.8546713109381558
334048.4983513244 1.8020998220498783
343827.6921143307 1.7510087542721544
353893.1695490984 1.7013572244178188
364253.3115449638 1.6531054114969548
374916.74433988857 1.6062145347381753
385892.3467029899 1.5606468315683768
397189.25732733024 1.5163655356037824
408816.88243912894 1.473334854700539
420784.9036297398 1.4315199491108668
433103.2859169001 1.3908869097822236
445782.28604197066 1.351402736833385
458832.461010084 1.313035318238638
472264.67688029545 1.2757534087487057
486090.117813063 1.239526609066799
500320.2953825999 1.2043253453059728
514967.0581618343 1.1701208487419132
530042.6015879672 1.1368851358746155
545559.4781168514 1.104590988819308
561530.6076746266 1.0732119360251815
577969.2884153313 1.0427222333418682
594889.2077934331 1.013096845435142
612304.4539605178 0.9843114275567811
630229.5274956024 0.9563423076761545
648679.3534788508 0.9291664689714869
667669.2939187557 0.9027615326888694
687215.1605431122 0.8771057413626211
707333.2279644439 0.8521779424003807
728040.2472308562 0.8279575720344966
749353.4597735757 0.8044246396308481
771290.6117627992 0.7815597123595017
793869.9688838223 0.7593439002186929
817110.3315457187 0.7377588414154426
841031.0505352605 0.7167866880894698
865652.0431290936 0.6964100923843535
890993.8096776098 0.6766121928581246
917077.4506742931 0.657376601227353
943924.6843247664 0.638687389438724
971557.8646301847 0.6205290770688314
1000000.0 0.6028866190371345
10.0 -1.7390973979245348
10.292747724096083 -1.7851541680409095
10.59406557118851 -1.8321479388273778
10.904204429677526 -1.8800829564220425
11.223422532664179 -1.9289629183381838
11.551985672964793 -1.978791021488794
11.890167424419898 -2.0295700241474663
12.238249369681931 -2.0813023227984973
12.596521334671401 -2.1339900447210964
12.965281629896682 -2.1876351569937373
13.344837298838383 -2.2422395924298666
13.735504373605137 -2.297805392730613
14.137608138073606 -2.354334868890352
14.551483398731937 -2.4118307786006867
14.977474763452017 -2.4702965200821345
15.415936928422726 -2.529736341435254
15.867234973483178 -2.5901555642369867
16.331744666101677 -2.6515608197415106
16.80985277425364 -2.7139602956726936
17.301957388458945 -2.777363991226388
17.808468253246822 -2.8417839775668874
18.329807108324356 -2.907234660781053
18.866408039732583 -2.973733043992239
19.418717841282557 -3.0412989851225287
19.987196386572506 -3.109955446643899
20.57231701189556 -3.1797287335927127
21.174566910357118 -3.2506487161272695
21.794447537529855 -3.322749033009391
22.432475028984193 -3.396067272575927
23.089180630041927 -3.470645128036454
23.765111138110754 -3.546528524285953
24.46082935796799 -3.6237677138489754
25.17691457037277 -3.7024173400544154
25.913963014396586 -3.7825364660801473
26.672588383874054 -3.86418856906621
27.453422338387142 -3.947441499079434
28.257115029208283 -4.032367403285219
29.08433564064048 -4.119042616236862
29.935772947204903 -4.207547517703369
30.812135887140037 -4.297966359919084
31.714154152689986 -4.3903870665244344
32.642578797673224 -4.484901005783895
33.59818286283781 -4.5816027408884255
34.58176201952381 -4.680589760291787
35.594135232168604 -4.78196219107211
36.63614544020716 -4.885822498274195
37.708660259934554 -4.9922751730612775
38.81257270691538 -5.1014264123134065
39.9488019395417 -5.213383792045691
41.118294024358306 -5.328255936709903
42.322022723792756 -5.446152186088404
43.56099030694608 -5.56718226110989
44.83622838411908 -5.691455929520657
46.148798765769385 -5.819082671944942
47.499794346614124 -5.950171348477957
48.890340015614456 -6.084829865580252
50.32159359259993 -6.223164842693332
51.7947467923121 -6.365281277683581
53.31102621667033 -6.511282209945394
54.87169437608604 -6.661268379760887
56.47805074067555 -6.815337882331715
58.131432822247135 -6.973585814761688
59.83321728796288 -7.13610391418628
61.58482110660264 -7.302980185212568
63.38770272838487 -7.474298514855105
65.24336329932625 -7.650138273227588
67.15334791115141 -7.830573898376086
69.11924688779365 -8.015674463820497
71.14269710955735 -8.2055032276049
73.22538337604533 -8.400117161940349
75.36903980898542 -8.599566462868554
77.57545129612417 -8.803894039762433
79.84645497739086 -9.013134984934206
82.18394177456803 -9.22731602411662
84.58985796574301 -9.446454949146984
87.06620680585127 -9.670560034788723
89.61505019466045 -9.899629442295891
92.23851039358476 -10.13365061303638
94.9387717927583 -10.372599656260132
97.71808272983904 -10.616440735905254
100.57875736205835 -10.865125462184961
103.52317759307378 -11.118592294578114
106.55379505623053 -11.376765963746823
109.67313315588179 -11.63955692081455
112.88378916846884 -11.906860823340958
116.18843640511002 -12.178558068209382
119.58982643749793 -12.454513382474097
123.09079138896018 -12.734575483981592
126.69424629259063 -13.018576824245391
130.40319151841317 -13.306333426598671
134.2207152716012 -13.597644833035078
138.14999616383224 -13.892294173343968
142.19430585991677 -14.190048370122579
146.357011801908 -14.49065849296295
150.64158001295928 -14.79386027454217
155.05157798326255 -15.099374800456175
159.5906776404731 -15.406909383403383
164.26265840709303 -15.716158630739406
169.071410347358 -16.02680571244573
174.0209374062485 -16.338523834225125
179.115360743323 -16.650977917717785
184.3589221641488 -16.963826486776895
189.75598765218504 -17.276723755366252
195.3110510040631 -17.58932190899871
201.02873757128856 -17.901273567783544
206.913808111479 -18.212234415157674
212.97116275234782 -18.521865972341953
219.20584507173257 -18.82983849456399
225.62304629706352 -19.135833961253912
232.22810962777245 -19.439549128829793
239.02653468423918 -19.740698611483037
246.02398208697775 -20.039017952643174
253.22627816987946 -20.334266647655056
260.63941983143474 -20.626231076737493
268.26957952797244 -20.914727306574825
276.1231104130753 -21.19960371900168
284.2065516274511 -21.480743426191818
292.5266337436645 -21.758066433590756
301.09028437025927 -22.031531514503335
309.9046339199427 -22.301137763744375
318.97702154663216 -22.566925802003762
328.3150012563047 -22.82897860747655
337.9263481967431 -23.087421956763333
347.819065131413 -23.342424462912586
358.00138910285807 -23.594197204617913
368.48179829116765 -23.842992946836013
379.26901907322497 -24.089104959315463
390.37203328860926 -24.33286544554226
401.8000857182091 -24.574643600284706
413.5626917817706 -24.81484331912023
425.66964546078714 -25.05390058791889
438.13102745333055 -25.29228058416327
450.9572135676145 -25.530474525115938
464.15888336127773 -25.76899630016556
477.7470290335773 -26.008378926163704
491.73296457790156 -26.2491708652236
506.1283352022219 -26.491932244311442
520.9451270253212 -26.737231015083115
536.1956770568817 -26.98563909087757
551.892683469738 -27.23772849566291
568.0492161728429 -27.494067557145687
584.6787276937589 -27.755217173314062
601.7950643797334 -28.02172717849728
619.412477926676 -28.294132831709046
637.5456372456507 -28.57295144670132
656.2096406767555 -28.858679179896782
675.4200285605586 -29.15178798927313
695.1927961775606 -29.45272277442022
715.5444070664574 -29.761898705445493
736.4918067322965 -30.079698746204063
758.0524367559261 -30.40647137550593
780.2442493165045 -30.742528508526064
803.0857221391512 -31.08814361959953
826.5958738801812 -31.44355006691486
850.7942799627444 -31.80893961929532
875.7010888760508 -32.18446118523687
901.3370389517438 -32.57021974460587
927.7234756314059 -32.96627548383678
954.8823692395666 -33.37264313603866
982.8363332770031 -33.7892915280688
1011.6086432495807 -34.21614333728225
1041.2232560483055 -34.65307506126405
1071.7048298967104 -35.099917204324335
1103.078744882215 -35.55645468483978
1135.3711240885177 -36.022427467591115
1168.608855346651 -36.49753142505252
1202.8196136227775 -36.981419431082244
1238.0318840613968 -37.47370268964007
1274.2749857031336 -37.973952299992874
1311.5790958968503 -38.48170105837946
1349.9752754264298 -38.99644549429719
1389.4954943731375 -39.517648137482254
1430.172658735088 -40.04474000931999
1472.0406378260013 -40.57712332989859
1515.134292476053 -41.11417442926924
1559.4895040582815 -41.65524684877027
1605.1432043647615 -42.19967461559069
1652.1334063573702 -42.746775671160584
1700.4992358187922 -43.295855431552404
1750.2809639301013 -43.84621045591611
1801.520040802024 -44.39713219713528
1854.2591299878522 -44.94791080742521
1908.542144006686 -45.49783897054914
1964.4142809066266 -46.04621573173412
2021.9220618983536 -46.592350296236866
2081.1133700903947 -47.13556576784399
2142.037490358383 -47.67520279937022
2204.7451503814746 -48.210623128411825
2269.288562880081 -48.741212973174484
2335.7214690901214 -49.26638626506804
2404.0991835099717 -49.78558769687746
2474.47863995735 -50.298295567612755
2546.91843897454 -50.804024407530505
2621.478896621356 -51.30232736923993
2698.222094696536 -51.792798373182784
2777.211932429355 -52.27507399804872
2858.5141796844714 -52.74883510880572
2942.196531724374 -53.213808216940485
3028.3286655749457 -53.66976656919558
3116.9822980411436 -54.116530962536615
3208.2312454210773 -54.55397028428405
3302.1514849681753 -54.98200177731318
3398.8212181526674 -55.40059103098463
3498.320935775036 -55.80975169904972
3600.73348498562 -56.20954494623241
3706.144138266228 -56.60007862556346
3814.640664431178 -56.98150618889974
3926.3134017068355 -57.354025333455326
4041.2553329506004 -57.71787638766694
4159.562163071847 -58.07334044036323
4281.332398719392 -58.42073721806538
4406.667430301786 -58.7604227163524
4535.671616408702 -59.09278659261329
4668.45237070379 -59.418249329201366
4805.1202513612425 -59.73725917800582
4945.789053120639 -60.05028889975847
5090.575902036681 -60.35783231396444
5239.601353002645 -60.66040067814827
5392.98949012887 -60.95851891808593
5550.868030059805 -61.25272173375438
5713.36842831558 -61.54354960882102
5880.625988746757 -61.831544754475516
6052.779976193349 -62.11724702121161
6229.973732441841 -62.40118981465073
6412.354795576917 -62.683896053585215
6600.075022827095 -62.96587420997638
6793.290717006696 -63.24761447159531
6992.162756659375 -63.52958506824821
7196.856730011514 -63.81222880203142
7407.543072847163 -64.09595982075679
7624.397210419138 -64.38116067157189
7847.5997035146065 -64.6681796688712
8077.3363987967105 -64.9573286068846
8313.798583547334 -65.24888084290822
8557.183144940002 -65.54306977208763
8807.692733975462 -65.84008770908059
9065.53593421636 -66.14008518595469
9330.927435461663 -66.4431706694402
9604.08821250538 -66.74941069432562
9885.24570912827 -67.05883040350119
10174.634027476064 -67.37141447908417
10472.494122981476 -67.68710844334328
10779.074004992735 -68.00582030292017
11094.628943275218 -68.32742250524115
11419.421680558647 -68.65175417212399
11753.722651306367 -68.97862357248529
12097.810206889013 -69.30781079380468
12451.97084735032 -69.63907057061563
12816.499459957597 -69.97213522777452
13191.699564735716 -70.3067176965853
13577.883567189278 -70.64251456296724
13975.373018422924 -70.97920910869054
14384.498882876629 -71.31647430917087
14805.6018138991 -71.65397575432156
15239.032437388305 -71.99137446239186
15685.151643735446 -72.32832956047324
16144.330888316019 -72.66450080931068
16616.952500776908 -72.99955095410995
17103.41000337838 -73.33314788708503
17604.108438655527 -73.66496661144687
18119.46470667122 -73.9946910003168
18649.907912142942 -74.32201534759376
19195.87972173111 -74.64664571104828
19757.834731786996 -74.9683010508334
20336.2408468667 -75.28671416915356
20931.579669325736 -75.60163245901236
21544.346900318822 -75.91281847176144
22175.052752539294 -76.22005031460561
22824.222375040976 -76.52312189029759
23492.396290496577 -76.82184299200348
24180.13084525718 -77.11603926676452
24887.998672586673 -77.40555206115114
25616.589169457267 -77.69023816263842
26366.508987303554 -77.96996944995863
27138.3825371428 -78.24463246524189
27932.85250948253 -78.51412792017264
28750.580409448772 -78.77837014769922
29592.247107579577 -79.03728651006172
30458.55340674284 -79.29081677307995
31350.220625651124 -79.53891245578768
32267.991199458116 -79.78153616363171
33212.62929793748 -80.01866091259471
34184.92146175927 -80.2502694507578
35185.677257392665 -80.47635358300852
36215.72995118075 -80.69691350382791
37275.93720314938 -80.911957142365
38367.18178112649 -81.12149952333013
39490.37229576694 -81.32556214661747
40646.44395709628 -81.52417238799738
41836.359353200234 -81.71736292270444
43061.10925171165 -81.90517117328787
44321.713424760856 -82.08763878267858
45619.221498074585 -82.26481111306892
46954.71382493421 -82.43673677088503
48329.30238571752 -82.60346715786193
49744.13171377451 -82.76505604799868
51200.37984840882 -82.92155918997805
52699.259315756564 -83.07303393447135
54242.01813838024 -83.21953888561949
55829.94087441914 -83.36113357587439
57464.34968715974 -83.49787816330522
59146.605445917456 -83.62983315041168
60878.108859147556 -83.75705912344573
62660.30164072656 -83.87961651121518
64494.667710376205 -83.99756536233008
66382.73442923075 -84.11096513985123
68326.07387157406 -84.21987453230679
70326.30413380644 -84.32435128006047
72385.09068173247 -84.42445201603537
74504.14773728917 -84.52023211982653
76685.2397058701 -84.61174558426544
78930.18264543568 -84.69904489353556
81240.84577862974 -84.78218091197444
83619.15304916317 -84.86120278273609
86067.08472376158 -84.93615783552733
88586.67904100832 -85.00709150267113
91180.03390845681 -85.07404724278977
93849.3086494272 -85.13706647144005
96596.72580093842 -85.19618849807088
99424.57296427398 -85.25145046871233
102335.20470972576 -85.30288731384027
105331.04453709359 -85.35053170089705
108414.5868935835 -85.39441399098264
111588.3992507748 -85.43456219926216
114855.12424239368 -85.47100195866796
118217.48186466724 -85.50375648650333
121678.27174109229 -85.53284655358311
125240.3754535072 -85.55829045557316
128906.75894140244 -85.58010398621593
132680.47497147243 -85.59830041215365
136564.66567946097 -85.6128904490819
140562.56518642136 -85.62388223898971
144677.5022915648 -85.63128132826036
148912.90324394088 -85.6350906464276
153272.2945952612 -85.63531048539897
157759.30613623615 -85.63193847897581
162377.67391887208 -85.62496958251432
167131.2433672486 -85.61439605258923
172023.97247935992 -85.60020742653393
177059.9351226898 -85.58239050174691
182243.32442626648 -85.56092931466593
187578.45627201613 -85.53580511932547
193069.77288832495 -85.50699636542458
198721.84654880533 -85.47447867584454
204539.38337933904 -85.43822482356735
210527.22727657072 -85.3982047079583
216690.3639411181 -85.35438533038632
223033.9250288494 -85.30673076916784
229563.19242369095 -85.25520215383156
236283.6026355175 -85.19975763871301
243200.7513267945 -85.14035237589849
250320.39797173254 -85.07693848755258
257648.47065183744 -85.00946503767351
265191.0709918535 -84.93787800333445
272954.4792402007 -84.8621202454831
280945.1594981406 -84.782131479385
289169.76510202966 -84.69784824481128
297635.14416313195 -84.6092038760874
306348.3452696084 -84.51612847213633
315316.62335543614 -84.41854886666641
324547.44574113254 -84.31638859867412
334048.4983513244 -84.20956788345049
343827.6921143307 -84.09800358430387
353893.1695490984 -83.98160918523051
364253.3115449638 -83.86029476479389
374916.74433988857 -83.73396697149516
385892.3467029899 -83.60252900094773
397189.25732733024 -83.46588057519837
408816.88243912894 -83.3239179245673
420784.9036297398 -83.17653377241757
433103.2859169001 -83.0236173232937
445782.28604197066 -82.86505425491617
458832.461010084 -82.70072671455185
472264.67688029545 -82.5305133203288
486090.117813063 -82.3542891681072
500320.2953825999 -82.17192584456785
514967.0581618343 -81.98329144723108
530042.6015879672 -81.78825061217209
545559.4781168514 -81.58666455025522
561530.6076746266 -81.37839109276936
577969.2884153313 -81.16328474740867
594889.2077934331 -80.9411967656034
612304.4539605178 -80.71197522227561
630229.5274956024 -80.47546510915936
648679.3534788508 -80.23150844289316
667669.2939187557 -79.97994438916523
687215.1605431122 -79.72060940425791
707333.2279644439 -79.4533373954104
728040.2472308562 -79.17795990148522
749353.4597735757 -78.8943062954901
771290.6117627992 -78.60220401056914
793869.9688838223 -78.30147879113629
817110.3315457187 -77.99195497087089
841031.0505352605 -77.67345577934542
865652.0431290936 -77.34580367908147
890993.8096776098 -77.0088207348543
917077.4506742931 -76.66232901707356
943924.6843247664 -76.30615104105134
971557.8646301847 -75.9401102439428
1000000.0 -75.5640315010837
