10.0 0.3949201625792886
10.292747724096083 0.40638358488208437
10.59406557118851 0.4181738703955539
10.904204429677526 0.4302998053985069
11.223422532664179 0.4427703638924229
11.551985672964793 0.45559470700323584
11.890167424419898 0.46878218184341075
12.238249369681931 0.48234231977571684
12.596521334671401 0.49628483401512685
12.965281629896682 0.5106196165000041
13.344837298838383 0.5253567339580877
13.735504373605137 0.5405064230868936
14.137608138073606 0.5560790847616313
14.551483398731937 0.5720852771771123
14.977474763452017 0.5885357078229009
15.415936928422726 0.6054412241834596
15.867234973483178 0.6228128030471409
16.331744666101677 0.6406615382994059
16.80985277425364 0.6589986270671687
17.301957388458945 0.6778353540719615
17.808468253246822 0.697183074040254
18.329807108324356 0.7170531920096725
18.866408039732583 0.7374571413597824
19.418717841282557 0.7584063593862662
19.987196386572506 0.7799122602267818
20.57231701189556 0.8019862049369175
21.174566910357118 0.8246394685043735
21.794447537529855 0.8478832035796784
22.432475028984193 0.8717284006924023
23.089180630041927 0.8961858447129388
23.765111138110754 0.9212660673119688
24.46082935796799 0.9469792951628836
25.17691457037277 0.9733353936269581
25.913963014396586 1.0003438056572644
26.672588383874054 1.0280134856560037
27.453422338387142 1.0563528280206351
28.257115029208283 1.0853695901186171
29.08433564064048 1.115070809438137
29.935772947204903 1.145462714674449
30.812135887140037 1.1765506305281617
31.714154152689986 1.2083388760149583
32.642578797673224 1.2408306561147846
33.59818286283781 1.2740279466255096
34.58176201952381 1.3079313721306343
35.594135232168604 1.3425400770442324
36.63614544020716 1.3778515897607573
37.708660259934554 1.413861680011954
38.81257270691538 1.4505642096206732
39.9488019395417 1.4879509769412462
41.118294024358306 1.5260115553902007
42.322022723792756 1.5647331265996731
43.56099030694608 1.604100308869423
44.83622838411908 1.6440949817530128
46.148798765769385 1.6846961077880211
47.499794346614124 1.725879552571168
48.890340015614456 1.7676179045833944
50.32159359259993 1.8098802963893024
51.7947467923121 1.8526322290648503
53.31102621667033 1.895835401947521
54.87169437608604 1.9394475500484123
56.47805074067555 1.9834222917139122
58.131432822247135 2.027708989369511
59.83321728796288 2.0722526264146612
61.58482110660264 2.1169937035582587
63.38770272838487 2.1618681580814223
65.24336329932625 2.2068073096794256
67.15334791115141 2.2517378366572474
69.11924688779365 2.296581786324378
71.14269710955735 2.3412566234417
73.22538337604533 2.3856753205076835
75.36903980898542 2.4297464935191626
77.57545129612417 2.473374586596545
79.84645497739086 2.5164601085124962
82.18394177456803 2.5588999237017305
84.58985796574301 2.6005875997509054
87.06620680585127 2.6414138126702302
89.61505019466045 2.6812668104334647
92.23851039358476 2.7200329343456646
94.9387717927583 2.7575971967681423
97.71808272983904 2.7938439126134953
100.57875736205835 2.828657380837855
103.52317759307378 2.8619226109314915
106.55379505623053 2.8935260881678655
109.67313315588179 2.9233565701535262
112.88378916846884 2.9513059060613815
116.18843640511002 2.9772698688683406
119.58982643749793 3.001148989996275
123.09079138896018 3.022849385010762
126.69424629259063 3.042283558502814
130.40319151841317 3.0593711759969744
134.2207152716012 3.074039790720501
138.14999616383224 3.0862255133494982
142.19430585991677 3.095873613430111
146.357011801908 3.102939042050474
150.64158001295928 3.107386866500679
155.05157798326255 3.109192609080686
159.5906776404731 3.108342483861495
164.26265840709303 3.1048335270328975
169.071410347358 3.0986736184277324
174.0209374062485 3.089881393840524
179.115360743323 3.0784860497996154
184.3589221641488 3.064527044441497
189.75598765218504 3.0480537000201284
195.3110510040631 3.029124714304123
201.02873757128856 3.007807589626278
206.913808111479 2.9841779896145826
212.97116275234782 2.9583190346206942
219.20584507173257 2.9303205475575065
225.62304629706352 2.900278262251801
232.22810962777245 2.8682930065177557
239.02653468423918 2.8344698719753785
246.02398208697775 2.798917382199378
253.22627816987946 2.761746670115053
260.63941983143474 2.72307067469892
268.26957952797244 2.68300336602612
276.1231104130753 2.6416590065788315
284.2065516274511 2.5991514555271538
292.5266337436645 2.5555935214560876
301.09028437025927 2.511096367773861
309.9046339199427 2.465768973830501
318.97702154663216 2.4197176536265688
328.3150012563047 2.3730456329244123
337.9263481967431 2.3258526846020637
347.819065131413 2.2782348212282106
358.00138910285807 2.2302840430894766
368.48179829116765 2.1820881392731537
379.26901907322497 2.1337305388978334
390.37203328860926 2.085290209187967
401.8000857182091 2.0368415967977773
413.5626917817706 1.9884546085989296
425.66964546078714 1.9401946280440552
438.13102745333055 1.8921225631938572
450.9572135676145 1.8442949225389853
464.15888336127773 1.796763914848789
477.7470290335773 1.7495775694248397
491.73296457790156 1.7027798733221935
506.1283352022219 1.6564109223119472
520.9451270253212 1.6105070825910626
536.1956770568817 1.5651011604900373
551.892683469738 1.5202225776803255
568.0492161728429 1.4758975496380888
584.6787276937589 1.4321492653716048
601.7950643797334 1.3889980666661976
619.412477926676 1.3464616253390314
637.5456372456507 1.3045551172234113
656.2096406767555 1.263291391820265
675.4200285605586 1.2226811367581398
695.1927961775606 1.1827330363951076
715.5444070664574 1.1434539240743373
736.4918067322965 1.1048489277097913
758.0524367559261 1.0669216085299325
780.2442493165045 1.029674092944549
803.0857221391512 0.9931071976236837
826.5958738801812 0.9572205479873274
850.7942799627444 0.9220126904004268
875.7010888760508 0.8874811984490697
901.3370389517438 0.8536227737408236
927.7234756314059 0.820433341724865
954.8823692395666 0.7879081430650472
982.8363332770031 0.7560418211220888
1011.6086432495807 0.7248285061092498
1041.2232560483055 0.6942618964792728
1071.7048298967104 0.6643353380801884
1103.078744882215 0.6350419015828048
1135.3711240885177 0.6063744586367611
1168.608855346651 0.5783257571523623
1202.8196136227775 0.5508884960374253
1238.0318840613968 0.524055399639326
1274.2749857031336 0.49781929205744035
1311.5790958968503 0.47217317139954035
1349.9752754264298 0.44711028395968444
1389.4954943731375 0.42262419819748964
1430.172658735088 0.398708878298888
1472.0406378260013 0.37535875700044613
1515.134292476053 0.3525688072621056
1559.4895040582815 0.3303346122798996
1605.1432043647615 0.3086524332407348
1652.1334063573702 0.287519274136804
1700.4992358187922 0.26693294287874025
1750.2809639301013 0.24689210787470534
1801.520040802024 0.2273963491778311
1854.2591299878522 0.20844620324814475
1908.542144006686 0.19004320032704897
1964.4142809066266 0.17218989338543247
2021.9220618983536 0.15488987757954809
2081.1133700903947 0.13814779913603772
2142.037490358383 0.12196935258815098
2204.7451503814746 0.10636126530371515
2269.288562880081 0.09133126828247833
2335.7214690901214 0.07688805225949835
2404.0991835099717 0.06304120823498016
2474.47863995735 0.04980115166139274
2546.91843897454 0.037179029659534686
2621.478896621356 0.025186610807243062
2698.222094696536 0.013836157250950458
2777.211932429355 0.003140279130829185
2858.5141796844714 -0.006888228414206438
2942.196531724374 -0.016236565085857704
3028.3286655749457 -0.024892121194975525
3116.9822980411436 -0.03284268807593306
3208.2312454210773 -0.04007668147526301
3302.1514849681753 -0.04658337584023585
3398.8212181526674 -0.052353147025255994
3498.320935775036 -0.057377720532300135
3600.73348498562 -0.061650422017705146
3706.144138266228 -0.06516642644484302
3814.640664431178 -0.06792300195528621
3926.3134017068355 -0.06991974428242625
4041.2553329506004 -0.07115879735759177
4159.562163071847 -0.07164505567013654
4281.332398719392 -0.07138634395221048
4406.667430301786 -0.0703935698756468
4535.671616408702 -0.06868084567690101
4668.45237070379 -0.06626557497125693
4805.1202513612425 -0.06316850147703301
4945.789053120639 -0.0594137169393265
5090.575902036681 -0.055028626212978014
5239.601353002645 -0.05004386821995222
5392.98949012887 -0.044493192322698105
5550.868030059805 -0.03841329052958577
5713.36842831558 -0.031843586849489604
5880.625988746757 -0.024825986012941142
6052.779976193349 -0.017404584654596444
6229.973732441841 -0.009625348874020855
6412.354795576917 -0.0015357628408538507
6600.075022827095 0.0068155462417214836
6793.290717006696 0.015379200973673797
6992.162756659375 0.024105478160758892
7196.856730011514 0.03294471830473936
7407.543072847163 0.04184773361491551
7624.397210419138 0.05076620804388045
7847.5997035146065 0.05965308307385247
8077.3363987967105 0.06846292335156838
8313.798583547334 0.07715225677398722
8557.183144940002 0.0856798842500417
8807.692733975462 0.09400715508311687
9065.53593421636 0.10209820471330791
9330.927435461663 0.10992015240207899
9604.08821250538 0.11744325731170704
9885.24570912827 0.12464103229881625
10174.634027476064 0.13149031558578395
10472.494122981476 0.1379713012694809
10779.074004992735 0.1440675303579056
11094.628943275218 0.14976584467310908
11419.421680558647 0.15505630651073657
11753.722651306367 0.1599320873966855
12097.810206889013 0.16438932962081854
12451.97084735032 0.1684269844591839
12816.499459957597 0.1720466311201725
13191.699564735716 0.17525228047414895
13577.883567189278 0.178050167556388
13975.373018422924 0.1804485366820912
14384.498882876629 0.1824574227939397
14805.6018138991 0.18408843238263514
15239.032437388305 0.1853545270029815
15685.151643735446 0.18626981205626503
16144.330888316019 0.18684933314176982
16616.952500776908 0.18710888190580896
17103.41000337838 0.1870648129457816
17604.108438655527 0.18673387296888813
18119.46470667122 0.18613304306800324
18649.907912142942 0.18527939466222648
19195.87972173111 0.18418995936949784
19757.834731786996 0.18288161282511708
20336.2408468667 0.18137097224340806
20931.579669325736 0.1796743073355469
21544.346900318822 0.17780746404531417
22175.052752539294 0.17578580044487577
22824.222375040976 0.17362413404097513
23492.396290496577 0.171336699679491
24180.13084525718 0.16893711719437896
24887.998672586673 0.1664383679287416
25616.589169457267 0.16385277925438488
26366.508987303554 0.1611920162288985
27138.3825371428 0.1584670795563677
27932.85250948253 0.1556883090528821
28750.580409448772 0.1528653918608843
29592.247107579577 0.15000737470549444
30458.55340674284 0.14712267953654534
31350.220625651124 0.1442191219551344
32267.991199458116 0.14130393187678722
33212.62929793748 0.13838377593735435
34184.92146175927 0.1354647812004986
35185.677257392665 0.13255255977553243
36215.72995118075 0.1296522340018828
37275.93720314938 0.12676846190221203
38367.18178112649 0.12390546264644113
39490.37229576694 0.1210670418085333
40646.44395709628 0.11825661623179856
41836.359353200234 0.11547723835083139
43061.10925171165 0.11273161984572966
44321.713424760856 0.11002215453135879
45619.221498074585 0.10735094040405095
46954.71382493421 0.10471980079060454
48329.30238571752 0.10213030455987047
49744.13171377451 0.09958378537207063
51200.37984840882 0.09708135995481651
52699.259315756564 0.09462394540409716
54242.01813838024 0.09221227551820925
55829.94087441914 0.08984691618027779
57464.34968715974 0.08752827981029582
59146.605445917456 0.08525663891326432
60878.108859147556 0.0830321387530133
62660.30164072656 0.08085480918528305
64494.667710376205 0.0787245756839829
66382.73442923075 0.07664126959799376
68326.07387157406 0.07460463767480266
70326.30413380644 0.07261435088899382
72385.09068173247 0.07067001261251393
74504.14773728917 0.06877116616390434
76685.2397058701 0.06691730177258143
78930.18264543568 0.06510786299353129
81240.84577862974 0.06334225260654316
83619.15304916317 0.06161983803300693
86067.08472376158 0.059939956302003994
88586.67904100832 0.0583019185957566
91180.03390845681 0.05670501440355588
93849.3086494272 0.0551485153114461
96596.72580093842 0.05363167845359336
99424.57296427398 0.05215374964999435
102335.20470972576 0.0507139662536227
105331.04453709359 0.04931155972867039
108414.5868935835 0.04794575798050315
111588.3992507748 0.04661578745633329
114855.12424239368 0.04532087503450139
118217.48186466724 0.044060249719298006
121678.27174109229 0.04283314415666563
125240.3754535072 0.04163879598542165
128906.75894140244 0.0404764490376869
132680.47497147243 0.03934535440074652
136564.66567946097 0.038244771352261626
140562.56518642136 0.03717396817952378
144677.5022915648 0.03613222289283383
148912.90324394088 0.03511882384212552
153272.2945952612 0.03413307024551159
157759.30613623615 0.03317427263762703
162377.67391887208 0.032241753244989776
167131.2433672486 0.03133484629519138
172023.97247935992 0.03045289826605629
177059.9351226898 0.02959526808038857
182243.32442626648 0.02876132725175977
187578.45627201613 0.02795045998586798
193069.77288832495 0.02716206324210956
198721.84654880533 0.026395546759325005
204539.38337933904 0.025650333049399125
210527.22727657072 0.024925857362194905
216690.3639411181 0.02422156762490167
223033.9250288494 0.023536924358635365
229563.19242369095 0.02287140057486101
236283.6026355175 0.022224481654174764
243200.7513267945 0.021595665209326455
250320.39797173254 0.020984460934772655
257648.47065183744 0.020390390444310697
265191.0709918535 0.01981298709857979
272954.4792402007 0.019251795823839228
280945.1594981406 0.018706372923423215
289169.76510202966 0.018176285883025025
297635.14416313195 0.017661113171003287
306348.3452696084 0.01716044403464085
315316.62335543614 0.016673878293313397
324547.44574113254 0.01620102612932498
334048.4983513244 0.01574150787720308
343827.6921143307 0.015294953812061484
353893.1695490984 0.014861003937653904
364253.3115449638 0.014439307774647341
374916.74433988857 0.01402952414952692
385892.3467029899 0.013631320984657348
397189.25732733024 0.013244375089757334
408816.88243912894 0.012868371955198141
420784.9036297398 0.012503005547387156
433103.2859169001 0.012147978106464452
445782.28604197066 0.011802999946560649
458832.461010084 0.011467789258835303
472264.67688029545 0.01114207191735656
486090.117813063 0.01082558128809277
500320.2953825999 0.010518058041025072
514967.0581618343 0.010219249965556445
530042.6015879672 0.009928911789218217
545559.4781168514 0.009646804999821668
561530.6076746266 0.009372697671029892
577969.2884153313 0.009106364291427794
594889.2077934331 0.008847585597100858
612304.4539605178 0.008596148407720933
630229.5274956024 0.00835184546616987
648679.3534788508 0.008114475281660585
667669.2939187557 0.00788384197638397
687215.1605431122 0.007659755135611635
707333.2279644439 0.0074420296612764305
728040.2472308562 0.007230485628958268
749353.4597735757 0.0070249481482715795
771290.6117627992 0.006825247226596422
793869.9688838223 0.006631217636107214
817110.3315457187 0.006442698784067626
841031.0505352605 0.0062595345863299245
865652.0431290936 0.006081573343986425
890993.8096776098 0.005908667623133376
917077.4506742931 0.005740674137676163
943924.6843247664 0.005577453635124892
971557.8646301847 0.0054188707853413155
1000000.0 0.005264794072139589
