10.0 -11.855519166396675
10.292747724096083 -12.147054930310478
10.59406557118851 -12.442759685381777
10.904204429677526 -12.742448497820881
11.223422532664179 -13.04591421612503
11.551985672964793 -13.352926519416103
11.890167424419898 -13.663231019304948
12.238249369681931 -13.976548429315507
12.596521334671401 -14.292573816705357
12.965281629896682 -14.610975952328557
13.344837298838383 -14.93139677484898
13.735504373605137 -15.253450986194904
14.137608138073606 -15.576725795198872
14.551483398731937 -15.900780826660043
14.977474763452017 -16.2251482125284
15.415936928422726 -16.54933288161487
15.867234973483178 -16.872813063100192
16.331744666101677 -17.195041017971857
16.80985277425364 -17.515444010913725
17.301957388458945 -17.833425533059625
17.808468253246822 -18.148366783725567
18.329807108324356 -18.45962841645498
18.866408039732583 -18.76655255164775
19.418717841282557 -19.068465054723436
19.987196386572506 -19.36467807495057
20.57231701189556 -19.654492836587693
21.174566910357118 -19.937202669718545
21.794447537529855 -20.2120962643504
22.432475028984193 -20.47846112737006
23.089180630041927 -20.73558721806641
23.765111138110754 -20.98277073432277
24.46082935796799 -21.21931801823334
25.17691457037277 -21.44454954688979
25.913963014396586 -21.657803971606878
26.672588383874054 -21.858442166678923
27.453422338387142 -22.045851247451484
28.257115029208283 -22.21944851645083
29.08433564064048 -22.37868529604469
29.935772947204903 -22.523050606584185
30.812135887140037 -22.65207464974745
31.714154152689986 -22.76533205856747
32.642578797673224 -22.86244487766196
33.59818286283781 -22.943085239966155
34.58176201952381 -23.006977709418962
35.594135232168604 -23.05390126273871
36.63614544020716 -23.08369088744202
37.708660259934554 -23.096238777607425
38.81257270691538 -23.0914951135076
39.9488019395417 -23.069468416080692
41.118294024358306 -23.03022547203824
42.322022723792756 -22.97389083054355
43.56099030694608 -22.90064587722127
44.83622838411908 -22.8107274962865
46.148798765769385 -22.70442633622123
47.499794346614124 -22.582084699053357
48.890340015614456 -22.444094077464282
50.32159359259993 -22.29089236793591
51.7947467923121 -22.122960791581885
53.31102621667033 -21.94082055739553
54.87169437608604 -21.745029305137432
56.47805074067555 -21.536177367072522
58.131432822247135 -21.314883889131664
59.83321728796288 -21.081792852822687
61.58482110660264 -20.837569039368013
63.38770272838487 -20.582893977020866
65.24336329932625 -20.318461911436305
67.15334791115141 -20.04497583727124
69.11924688779365 -19.7631436269749
71.14269710955735 -19.47367429001792
73.22538337604533 -19.177274392716434
75.36903980898542 -18.87464466531172
77.57545129612417 -18.566476819294014
79.84645497739086 -18.253450594029857
82.18394177456803 -17.936231047805066
84.58985796574301 -17.61546610439816
87.06620680585127 -17.29178436239754
89.61505019466045 -16.965793170721987
92.23851039358476 -16.63807697025381
94.9387717927583 -16.309195898226136
97.71808272983904 -15.979684649035056
100.57875736205835 -15.65005158253108
103.52317759307378 -15.320778068587035
106.55379505623053 -14.992318054860432
109.67313315588179 -14.665097843168025
112.88378916846884 -14.339516058750567
116.18843640511002 -14.015943795920602
119.58982643749793 -13.6947249231327
123.09079138896018 -13.376176530351184
126.69424629259063 -13.0605895017074
130.40319151841317 -12.748229196780201
134.2207152716012 -12.439336224379664
138.14999616383224 -12.134127293426543
142.19430585991677 -11.832796126362869
146.357011801908 -11.535514421470893
150.64158001295928 -11.2424328514947
155.05157798326255 -10.953682087013707
159.5906776404731 -10.669373834099238
164.26265840709303 -10.389601876859613
169.071410347358 -10.114443116541471
174.0209374062485 -9.843958599881423
179.115360743323 -9.578194530384561
184.3589221641488 -9.317183257137353
189.75598765218504 -9.060944236631858
195.3110510040631 -8.80948496388349
201.02873757128856 -8.56280186986708
206.913808111479 -8.320881182964207
212.97116275234782 -8.083699752723154
219.20584507173257 -7.8512258347710295
225.62304629706352 -7.623419836196544
232.22810962777245 -7.400235021136528
239.02653468423918 -7.181618176662716
246.02398208697775 -6.967510239374279
253.22627816987946 -6.7578468833602825
260.63941983143474 -6.5525590704143974
268.26957952797244 -6.35157356356235
276.1231104130753 -6.154813405100131
284.2065516274511 -5.962198360454759
292.5266337436645 -5.773645329255692
301.09028437025927 -5.589068725065945
309.9046339199427 -5.40838082525301
318.97702154663216 -5.231492092498556
328.3150012563047 -5.058311469446308
337.9263481967431 -4.888746647973641
347.819065131413 -4.722704314550386
358.00138910285807 -4.560090373115888
368.48179829116765 -4.40081014686457
379.26901907322497 -4.24476856028538
390.37203328860926 -4.0918703027516585
401.8000857182091 -3.942019974903509
413.5626917817706 -3.795122219011629
425.66964546078714 -3.6510818344541414
438.13102745333055 -3.5098038793824333
450.9572135676145 -3.3711937595947257
464.15888336127773 -3.2351573055814375
477.7470290335773 -3.1016008386509135
491.73296457790156 -2.9704312269919444
506.1283352022219 -2.841555932477235
520.9451270253212 -2.7148830489636264
536.1956770568817 -2.590321332796721
551.892683469738 -2.467780226183322
568.0492161728429 -2.347169874051863
584.6787276937589 -2.2284011349816004
601.7950643797334 -2.1113855867419105
619.412477926676 -1.9960355269497663
637.5456372456507 -1.882263969317984
656.2096406767555 -1.7699846359386116
675.4200285605586 -1.6591119460147676
695.1927961775606 -1.5495610014307108
715.5444070664574 -1.441247569524205
736.4918067322965 -1.3340880634043726
758.0524367559261 -1.2279995201382994
780.2442493165045 -1.122899577112644
803.0857221391512 -1.0187064468601148
826.5958738801812 -0.9153388906281434
850.7942799627444 -0.8127161909546319
875.7010888760508 -0.7107581235064679
901.3370389517438 -0.609384928428141
927.7234756314059 -0.5085172814421057
954.8823692395666 -0.40807626493771915
982.8363332770031 -0.30798333928374
1011.6086432495807 -0.20816031459753653
1041.2232560483055 -0.1085293232058956
1071.7048298967104 -0.009012793034557574
1103.078744882215 0.09046657783206911
1135.3711240885177 0.18998584517345313
1168.608855346651 0.2896218409824963
1202.8196136227775 0.38945119387714333
1238.0318840613968 0.48955034729799274
1274.2749857031336 0.5899955752027976
1311.5790958968503 0.6908629949537595
1349.9752754264298 0.7922285770770541
1389.4954943731375 0.8941681515554333
1430.172658735088 0.9967574102943773
1472.0406378260013 1.1000719053802874
1515.134292476053 1.20418704272513
1559.4895040582815 1.3091780706660192
1605.1432043647615 1.4151200630603402
1652.1334063573702 1.5220878963883737
1700.4992358187922 1.6301562203430238
1750.2809639301013 1.7393994213545825
1801.520040802024 1.849891578462894
1854.2591299878522 1.961706410915014
1908.542144006686 2.074917216827856
1964.4142809066266 2.189596802218702
2021.9220618983536 2.3058173996671
2081.1133700903947 2.4236505758330935
2142.037490358383 2.543167127017065
2204.7451503814746 2.6644369619097095
2269.288562880081 2.7875289706416595
2335.7214690901214 2.9125108792084937
2404.0991835099717 3.039449088313441
2474.47863995735 3.1684084956419216
2546.91843897454 3.299452300556949
2621.478896621356 3.4326417901871946
2698.222094696536 3.5680361058679098
2777.211932429355 3.7056919888937196
2858.5141796844714 3.84566350455018
2942.196531724374 3.9880017434140145
3028.3286655749457 4.132754498946711
3116.9822980411436 4.27996592046155
3208.2312454210773 4.429676140616414
3302.1514849681753 4.581920876682277
3398.8212181526674 4.736731004958048
3498.320935775036 4.8941321078544995
3600.73348498562 5.054143993352006
3706.144138266228 5.216780186756125
3814.640664431178 5.382047394931687
3926.3134017068355 5.5499449434966746
4041.2553329506004 5.720464187801606
4159.562163071847 5.893587898914857
4281.332398719392 6.0692896262784854
4406.667430301786 6.2475330391986255
4535.671616408702 6.428271249886255
4668.45237070379 6.611446121373464
4805.1202513612425 6.796987564292593
4945.789053120639 6.984812827221059
5090.575902036681 7.174825786058788
5239.601353002645 7.366916238713219
5392.98949012887 7.560959212209995
5550.868030059805 7.756814290216895
5713.36842831558 7.954324969850691
5880.625988746757 8.153318057516865
6052.779976193349 8.353603114390404
6229.973732441841 8.554971962963835
6412.354795576917 8.757198266836593
6600.075022827095 8.96003719657741
6793.290717006696 9.163225195021887
6992.162756659375 9.366479855743298
7196.856730011514 9.5694999286207
7407.543072847163 9.771965466392604
7624.397210419138 9.97353812578689
7847.5997035146065 10.173861636237305
8077.3363987967105 10.372562448290765
8313.798583547334 10.569250572565446
8557.183144940002 10.763520618508757
8807.692733975462 10.954953040222026
9065.53593421636 11.143115594259656
9330.927435461663 11.327565011582319
9604.08821250538 11.50784888277338
9885.24570912827 11.683507752239386
10174.634027476064 11.854077413465454
10472.494122981476 12.019091393540737
10779.074004992735 12.178083611183174
11094.628943275218 12.330591188463499
11419.421680558647 12.476157392454123
11753.722651306367 12.614334679209286
12097.810206889013 12.744687808936979
12451.97084735032 12.866796998052413
12816.499459957597 12.980261071125527
13191.699564735716 13.084700573649133
13577.883567189278 13.179760805151325
13975.373018422924 13.265114731537585
14384.498882876629 13.340465735728916
14805.6018138991 13.405550166700754
15239.032437388305 13.460139648938874
15685.151643735446 13.50404311709293
16144.330888316019 13.537108544194094
16616.952500776908 13.559224336137946
17103.41000337838 13.570320370130176
17604.108438655527 13.570368660333513
18119.46470667122 13.559383639917591
18649.907912142942 13.537422054938038
19195.87972173111 13.504582471818322
19757.834731786996 13.461004406505836
20336.2408468667 13.406867089471294
20931.579669325736 13.342387886465026
21544.346900318822 13.267820400197259
22175.052752539294 13.183452282748041
22824.222375040976 13.089602792442028
23492.396290496577 12.986620132054105
24180.13084525718 12.874878607507457
24887.998672586673 12.754775647648431
25616.589169457267 12.626728726240671
26366.508987303554 12.491172227038819
27138.3825371428 12.34855429172891
27932.85250948253 12.19933368872987
28750.580409448772 12.043976738420373
29592.247107579577 11.882954327391701
30458.55340674284 11.716739040933842
31350.220625651124 11.5458024392477
32267.991199458116 11.370612498960929
33212.62929793748 11.191631237503875
34184.92146175927 11.009312533888561
35185.677257392665 10.82410015550874
36215.72995118075 10.636425996830468
37275.93720314938 10.446708532331257
38367.18178112649 10.255351482831596
39490.37229576694 10.062742691476698
40646.44395709628 9.869253203105346
41836.359353200234 9.675236538591655
43061.10925171165 9.48102815397171
44321.713424760856 9.286945072761904
45619.221498074585 9.093285678824893
46954.71382493421 8.9003296564147
48329.30238571752 8.708338063617578
49744.13171377451 8.51755352525413
51200.37984840882 8.328200531402896
52699.259315756564 8.140485828000848
54242.01813838024 7.954598886442025
55829.94087441914 7.770712439701162
57464.34968715974 7.588983073221247
59146.605445917456 7.409551859593261
60878.108859147556 7.232545026899843
62660.30164072656 7.058074651468644
64494.667710376205 6.886239366663428
66382.73442923075 6.717125080218336
68326.07387157406 6.550805693477061
70326.30413380644 6.387343816723485
72385.09068173247 6.226791475574032
74504.14773728917 6.069190804140799
76685.2397058701 5.914574721359711
78930.18264543568 5.762967587511052
81240.84577862974 5.614385838537935
83619.15304916317 5.468838596288956
86067.08472376158 5.326328253282038
88586.67904100832 5.18685103100068
91180.03390845681 5.0503975111015995
93849.3086494272 4.916953139231665
96596.72580093842 4.786498701428112
99424.57296427398 4.659010773310945
102335.20470972576 4.53446214247489
105331.04453709359 4.412822204653138
108414.5868935835 4.294057334358633
111588.3992507748 4.178131230816846
114855.12424239368 4.065005240086468
118217.48186466724 3.954638654326521
121678.27174109229 3.846988989212961
125240.3754535072 3.742012240533835
128906.75894140244 3.639663121007799
132680.47497147243 3.539895278371794
136564.66567946097 3.442661495777108
140562.56518642136 3.3479138755168156
144677.5022915648 3.255604007086142
148912.90324394088 3.165683120549292
153272.2945952612 3.07810222615444
157759.30613623615 2.9928122411047378
162377.67391887208 2.9097641043547404
167131.2433672486 2.8289088802637967
172023.97247935992 2.7501978518980796
177059.9351226898 2.6735826047327977
182243.32442626648 2.599015101465944
187578.45627201613 2.5264477486157912
193069.77288832495 2.4558334555349517
198721.84654880533 2.3871256864361334
204539.38337933904 2.320278505987819
210527.22727657072 2.2552466190026803
216690.3639411181 2.191985404707201
223033.9250288494 2.130450946048545
229563.19242369095 2.0706000544635326
236283.6026355175 2.0123902905047535
243200.7513267945 1.9557799806911484
250320.39797173254 1.9007282309235585
257648.47065183744 1.8471949367809763
265191.0709918535 1.7951407909893937
272954.4792402007 1.7445272883334015
280945.1594981406 1.6953167282596342
289169.76510202966 1.6474722154020134
297635.14416313195 1.600957658240377
306348.3452696084 1.5557377660875347
315316.62335543614 1.5117780445834714
324547.44574113254 1.4690447898615129
334048.4983513244 1.427505081536872
343827.6921143307 1.3871267746560525
353893.1695490984 1.3478784907332002
364253.3115449638 1.3097296079892518
374916.74433988857 1.2726502508992936
385892.3467029899 1.2366112791442532
397189.25732733024 1.2015842760548183
408816.88243912894 1.1675415366270496
420784.9036297398 1.1344560551823266
433103.2859169001 1.1023015127372222
445782.28604197066 1.0710522641428681
458832.461010084 1.040683325047629
472264.67688029545 1.0111703587316447
486090.117813063 0.9824896628571107
500320.2953825999 0.9546181561735428
514967.0581618343 0.9275333652134901
530042.6015879672 0.9012134110102
545559.4781168514 0.8756369958655685
561530.6076746266 0.8507833901934347
577969.2884153313 0.8266324194605428
594889.2077934331 0.8031644512448632
612304.4539605178 0.7803603824286252
630229.5274956024 0.7582016265412146
648679.3534788508 0.7366701012651834
667669.2939187557 0.7157482161167876
687215.1605431122 0.6954188603108651
707333.2279644439 0.675665390818408
728040.2472308562 0.6564716206237811
749353.4597735757 0.6378218071874157
771290.6117627992 0.6197006411186687
793869.9688838223 0.6020932350624856
817110.3315457187 0.5849851128027758
841031.0505352605 0.5683621985843879
865652.0431290936 0.5522108066550833
890993.8096776098 0.5365176310280024
917077.4506742931 0.5212697354648166
943924.6843247664 0.5064545436789897
971557.8646301847 0.4920598297582468
1000000.0 0.47807370880494876
