10.0 38.22551138955022
10.292747724096083 39.205478095312806
10.59406557118851 40.19122733688404
10.904204429677526 41.18182173264428
11.223422532664179 42.17631850228681
11.551985672964793 43.173773617686585
11.890167424419898 44.17324596197429
12.238249369681931 45.1738014689785
12.596521334671401 46.17451721510892
12.965281629896682 47.17448543593438
13.344837298838383 48.172817440191835
13.735504373605137 49.16864739477204
14.137608138073606 50.16113595537944
14.551483398731937 51.149473719072596
14.977474763452017 52.132884476753254
15.415936928422726 53.11062824588138
15.867234973483178 54.08200406623859
16.331744666101677 55.046352544409665
16.80985277425364 56.00305813578317
17.301957388458945 56.95155115624199
17.808468253246822 57.891309519285876
18.329807108324356 58.821860198058985
18.866408039732583 59.742780415596656
19.418717841282557 60.65369857051712
19.987196386572506 61.55429490931803
20.57231701189556 62.444301960360285
21.174566910357118 63.323504748495814
21.794447537529855 64.19174081310099
22.432475028984193 65.04890005599464
23.089180630041927 65.89492444935702
23.765111138110754 66.729807637329
24.46082935796799 67.55359446850419
25.17691457037277 68.3663805000891
25.913963014396586 69.16831151817405
26.672588383874054 69.95958312246789
27.453422338387142 70.74044042814052
28.257115029208283 71.51117794230917
29.08433564064048 72.27213967844726
29.935772947204903 73.02371957892106
30.812135887140037 73.76636232439148
31.714154152689986 74.50056461947356
32.642578797673224 75.22687705751042
33.59818286283781 75.94590668444488
34.58176201952381 76.65832040368099
35.594135232168604 77.36484939197562
36.63614544020716 78.06629473270091
37.708660259934554 78.76353451982632
38.81257270691538 79.45753274711187
39.9488019395417 80.14935037692499
41.118294024358306 80.84015908817096
42.322022723792756 81.53125834188121
43.56099030694608 82.22409658837458
44.83622838411908 82.92029768905984
46.148798765769385 83.62169396385347
47.499794346614124 84.33036773802823
48.890340015614456 85.04870390312747
50.32159359259993 85.77945690426232
51.7947467923121 86.52583683964512
53.31102621667033 87.29162118995406
54.87169437608604 88.08130136921652
56.47805074067555 88.90027725626632
58.131432822247135 89.75511885614902
59.83321728796288 90.65392346028166
61.58482110660264 91.6068111629248
63.38770272838487 92.62662488818104
65.24336329932625 93.72993949329818
67.15334791115141 94.9385496203933
69.11924688779365 96.2817197264783
71.14269710955735 97.79968523351052
73.22538337604533 99.54927879622923
75.36903980898542 101.61330597729741
77.57545129612417 104.11681709364674
79.84645497739086 107.25663056875295
82.18394177456803 111.35738465974849
84.58985796574301 116.98187964340786
87.06620680585127 125.1464928082675
89.61505019466045 137.66124943022893
92.23851039358476 157.0056026682298
94.9387717927583 -177.11700626968104
97.71808272983904 -152.4167469533038
100.57875736205835 -134.97196565665004
103.52317759307378 -123.76774007436815
106.55379505623053 -116.37274163655299
109.67313315588179 -111.20597666685568
112.88378916846884 -107.39227105964079
116.18843640511002 -104.4431829176267
119.58982643749793 -102.07348616964863
123.09079138896018 -100.10815703394852
126.69424629259063 -98.4347920242767
130.40319151841317 -96.9782673274841
134.2207152716012 -95.68661306142079
138.14999616383224 -94.52278803371617
142.19430585991677 -93.45969695011014
146.357011801908 -92.47706354267244
150.64158001295928 -91.55940606057857
155.05157798326255 -90.6946896694629
159.5906776404731 -89.87340706801197
164.26265840709303 -89.0879373204257
169.071410347358 -88.33208983090421
174.0209374062485 -87.60077421285165
179.115360743323 -86.88975745470988
184.3589221641488 -86.19548270257353
189.75598765218504 -85.5149322442105
195.3110510040631 -84.84552267550482
201.02873757128856 -84.18502382056825
206.913808111479 -83.53149540684807
212.97116275234782 -82.88323716763568
219.20584507173257 -82.23874921049294
225.62304629706352 -81.59670031494136
232.22810962777245 -80.95590241358295
239.02653468423918 -80.31528993897294
246.02398208697775 -79.67390303225382
253.22627816987946 -79.03087384168552
260.63941983143474 -78.38541531260908
268.26957952797244 -77.73681200105385
276.1231104130753 -77.08441254243343
284.2065516274511 -76.42762348273143
292.5266337436645 -75.76590423806563
301.09028437025927 -75.09876299384945
309.9046339199427 -74.4257533900716
318.97702154663216 -73.74647186683683
328.3150012563047 -73.06055556598727
337.9263481967431 -72.3676807016916
347.819065131413 -71.66756132634117
358.00138910285807 -70.959948428703
368.48179829116765 -70.24462930964428
379.26901907322497 -69.52142718733731
390.37203328860926 -68.79020098903301
401.8000857182091 -68.05084529056388
413.5626917817706 -67.3032903679344
425.66964546078714 -66.54750232788987
438.13102745333055 -65.78348328636274
450.9572135676145 -65.01127156535404
464.15888336127773 -64.23094188020563
477.7470290335773 -63.44260549048098
491.73296457790156 -62.646410288884105
506.1283352022219 -61.84254080388596
520.9451270253212 -61.03121809307138
536.1956770568817 -60.21269950572335
551.892683469738 -59.38727829487295
568.0492161728429 -58.555283061011366
584.6787276937589 -57.71707701189565
601.7950643797334 -56.87305702541581
619.412477926676 -56.02365250531688
637.5456372456507 -55.169324022677145
656.2096406767555 -54.310561739413636
675.4200285605586 -53.44788361366797
695.1927961775606 -52.58183339068129
715.5444070664574 -51.71297838661596
736.4918067322965 -50.84190707666824
758.0524367559261 -49.96922650263539
780.2442493165045 -49.09555951878144
803.0857221391512 -48.22154189828665
826.5958738801812 -47.34781932567339
850.7942799627444 -46.47504430329751
875.7010888760508 -45.6038730021842
901.3370389517438 -44.73496208912027
927.7234756314059 -43.86896556291543
954.8823692395666 -43.006531633093545
982.8363332770031 -42.148299673941324
1011.6086432495807 -41.29489728582505
1041.2232560483055 -40.44693749401908
1071.7048298967104 -39.60501611300452
1103.078744882215 -38.76970930134688
1135.3711240885177 -37.94157132895094
1168.608855346651 -37.12113257477584
1202.8196136227775 -36.30889776910196
1238.0318840613968 -35.50534449027257
1274.2749857031336 -34.710921921592416
1311.5790958968503 -33.92604986988693
1349.9752754264298 -33.15111804316709
1389.4954943731375 -32.38648558107134
1430.172658735088 -31.632480828279004
1472.0406378260013 -30.88940133803606
1515.134292476053 -30.157514090325787
1559.4895040582815 -29.437055907103694
1605.1432043647615 -28.728234045413686
1652.1334063573702 -28.031226948111573
1700.4992358187922 -27.34618513132767
1750.2809639301013 -26.673232187692484
1801.520040802024 -26.012465884641745
1854.2591299878522 -25.363959337822525
1908.542144006686 -24.727762240636988
1964.4142809066266 -24.103902132222906
2021.9220618983536 -23.49238568767508
2081.1133700903947 -22.893200015902817
2142.037490358383 -22.306313952241453
2204.7451503814746 -21.73167933464644
2269.288562880081 -21.16923225400985
2335.7214690901214 -20.61889427079271
2404.0991835099717 -20.080573591709204
2474.47863995735 -19.55416620163557
2546.91843897454 -19.039556947227773
2621.478896621356 -18.536620569866937
2698.222094696536 -18.04522268657571
2777.211932429355 -17.565220718385543
2858.5141796844714 -17.096464766353677
2942.196531724374 -16.638798436009242
3028.3286655749457 -16.192059611449164
3116.9822980411436 -15.756081180660466
3208.2312454210773 -15.330691713880501
3302.1514849681753 -14.915716096984319
3398.8212181526674 -14.510976121968568
3498.320935775036 -14.116291036661107
3600.73348498562 -13.731478055763596
3706.144138266228 -13.356352835313137
3814.640664431178 -12.990729912580791
3926.3134017068355 -12.634423113344141
4041.2553329506004 -12.287245928396468
4159.562163071847 -11.949011861045342
4281.332398719392 -11.619534747273057
4406.667430301786 -11.298629050131773
4535.671616408702 -10.986110129856181
4668.45237070379 -10.681794491095893
4805.1202513612425 -10.385500008589073
4945.789053120639 -10.097046132526659
5090.575902036681 -9.816254074783817
5239.601353002645 -9.542946977145032
5392.98949012887 -9.276950062582051
5550.868030059805 -9.018090770596721
5713.36842831558 -8.766198877593112
5880.625988746757 -8.521106603198403
6052.779976193349 -8.282648703410208
6229.973732441841 -8.050662551409491
6412.354795576917 -7.8249882068414545
6600.075022827095 -7.6054684743336525
6793.290717006696 -7.391948951979737
6992.162756659375 -7.1842780704969975
7196.856730011514 -6.982307123719294
7407.543072847163 -6.785890291069844
7624.397210419138 -6.594884652616734
7847.5997035146065 -6.4091501972936245
8077.3363987967105 -6.228549824832526
8313.798583547334 -6.052949341931042
8557.183144940002 -5.882217453146412
8807.692733975462 -5.7162257469842235
9065.53593421636 -5.554848677621323
9330.927435461663 -5.397963542676009
9604.08821250538 -5.245450457416968
9885.24570912827 -5.097192325775982
10174.634027476064 -4.9530748085052725
10472.494122981476 -4.812986288801235
10779.074004992735 -4.6768178356918835
11094.628943275218 -4.544463165465604
11419.421680558647 -4.415818601399863
11753.722651306367 -4.290783032028555
12097.810206889013 -4.169257868169733
12451.97084735032 -4.051146998918326
12816.499459957597 -3.936356746791329
13191.699564735716 -3.8247958221996514
13577.883567189278 -3.716375277405425
13975.373018422924 -3.6110084601091197
14384.498882876629 -3.5086109668005685
14805.6018138991 -3.4091005959946323
15239.032437388305 -3.3123973014602104
15685.151643735446 -3.2184231455437198
16144.330888316019 -3.127102252675685
16616.952500776908 -3.038360763142133
17103.41000337838 -2.9521267871926864
17604.108438655527 -2.868330359550534
18119.46470667122 -2.7869033943821275
18649.907912142942 -2.7077796407765566
19195.87972173111 -2.6308946387812084
19757.834731786996 -2.5561856760314448
20336.2408468667 -2.483591745008762
20931.579669325736 -2.4130535009578207
21544.346900318822 -2.344513220485319
22175.052752539294 -2.2779147608637316
22824.222375040976 -2.2132035200555285
23492.396290496577 -2.150326397472861
24180.13084525718 -2.0892317554834015
24887.998672586673 -2.0298693816703013
25616.589169457267 -1.9721904518520321
26366.508987303554 -1.916147493865884
27138.3825371428 -1.8616943521156946
27932.85250948253 -1.8087861528839901
28750.580409448772 -1.757379270406569
29592.247107579577 -1.7074312937048286
30458.55340674284 -1.6589009941723931
31350.220625651124 -1.6117482939085652
32267.991199458116 -1.5659342347922078
33212.62929793748 -1.5214209482883283
34184.92146175927 -1.4781716259771156
35185.677257392665 -1.4361504907973044
36215.72995118075 -1.3953227689931162
37275.93720314938 -1.3556546627536705
38367.18178112649 -1.3171133235344723
39490.37229576694 -1.2796668260488133
40646.44395709628 -1.243284142917756
41836.359353200234 -1.2079351199661832
43061.10925171165 -1.1735904521529192
44321.713424760856 -1.140221660122502
45619.221498074585 -1.107801067365912
46954.71382493421 -1.0763017779777946
48329.30238571752 -1.045697654997681
49744.13171377451 -1.0159632993222572
51200.37984840882 -0.9870740291765787
52699.259315756564 -0.9590058601311606
54242.01813838024 -0.9317354856530576
55829.94087441914 -0.90524025817832
57464.34968715974 -0.8794981706934216
59146.605445917456 -0.8544878388140481
60878.108859147556 -0.8301884833489411
62660.30164072656 -0.8065799133371145
64494.667710376205 -0.7836425095469469
66382.73442923075 -0.7613572084254646
68326.07387157406 -0.7397054864869309
70326.30413380644 -0.7186693451293349
72385.09068173247 -0.6982312958681867
74504.14773728917 -0.6783743459767211
76685.2397058701 -0.6590819845223979
78930.18264543568 -0.6403381687890083
81240.84577862974 -0.6221273110747193
83619.15304916317 -0.604434265856085
86067.08472376158 -0.5872443173084156
88586.67904100832 -0.5705431671729052
91180.03390845681 -0.5543169229618023
93849.3086494272 -0.5385520864920287
96596.72580093842 -0.523235542738887
99424.57296427398 -0.5083545490010715
102335.20470972576 -0.49389672436867377
105331.04453709359 -0.4798500394859117
108414.5868935835 -0.466202806600717
111588.3992507748 -0.4529436698932371
114855.12424239368 -0.44006159607584383
118217.48186466724 -0.4275458652569791
121678.27174109229 -0.4153860620618794
125240.3754535072 -0.4035720670029263
128906.75894140244 -0.392094048092815
132680.47497147243 -0.3809424526939881
136564.66567946097 -0.37010799959755997
140562.56518642136 -0.359581671325603
144677.5022915648 -0.3493547066505003
148912.90324394088 -0.33941859332534635
153272.2945952612 -0.32976506101964537
157759.30613623615 -0.32038607445438844
162377.67391887208 -0.3112738267311817
167131.2433672486 -0.3024207328498509
172023.97247935992 -0.2938194234093172
177059.9351226898 -0.28546273848671283
182243.32442626648 -0.27734372168952837
187578.45627201613 -0.26945561437617155
193069.77288832495 -0.2617918500401415
198721.84654880533 -0.2543460488531371
204539.38337933904 -0.24711201236279326
210527.22727657072 -0.2400837183405775
216690.3639411181 -0.23325531577571793
223033.9250288494 -0.22662112001094892
229563.19242369095 -0.22017560801620467
236283.6026355175 -0.21391341379627715
243200.7513267945 -0.20782932392872502
250320.39797173254 -0.2019182732283064
257648.47065183744 -0.19617534053442978
265191.0709918535 -0.19059574461811082
272954.4792402007 -0.18517484020503802
280945.1594981406 -0.17990811411155036
289169.76510202966 -0.1747911814902486
297635.14416313195 -0.16981978218217367
306348.3452696084 -0.1649897771725795
315316.62335543614 -0.16029714514728008
324547.44574113254 -0.15573797914682228
334048.4983513244 -0.15130848331565602
343827.6921143307 -0.14700496974362537
353893.1695490984 -0.14282385539714054
364253.3115449638 -0.13876165913759034
374916.74433988857 -0.134814998824372
385892.3467029899 -0.13098058850027094
397189.25732733024 -0.12725523565678248
408816.88243912894 -0.12363583857713249
420784.9036297398 -0.12011938375480773
433103.2859169001 -0.11670294338542776
445782.28604197066 -0.1133836729298796
458832.461010084 -0.11015880874674215
472264.67688029545 -0.10702566579193852
486090.117813063 -0.10398163538383162
500320.2953825999 -0.10102418303177609
514967.0581618343 -0.09815084632645592
530042.6015879672 -0.09535923289011797
545559.4781168514 -0.09264701838513534
561530.6076746266 -0.09001194457913074
577969.2884153313 -0.08745181746513545
594889.2077934331 -0.08496450543516713
612304.4539605178 -0.08254793750574539
630229.5274956024 -0.08020010159384697
648679.3534788508 -0.07791904284187331
667669.2939187557 -0.07570286199025439
687215.1605431122 -0.07354971379630065
707333.2279644439 -0.07145780549803712
728040.2472308562 -0.06942539532168808
749353.4597735757 -0.06745079103161737
771290.6117627992 -0.06553234852149131
793869.9688838223 -0.06366847044550093
817110.3315457187 -0.06185760488850878
841031.0505352605 -0.0600982440740051
865652.0431290936 -0.058388923108808194
890993.8096776098 -0.056728218763462845
917077.4506742931 -0.055114748287302985
943924.6843247664 -0.053547168257235926
971557.8646301847 -0.05202417345924003
1000000.0 -0.05054449580168286
10.0 -2.9431429632244552
10.292747724096083 -2.9455051933766185
10.59406557118851 -2.9453513332244157
10.904204429677526 -2.942666166450112
11.223422532664179 -2.9374445724576077
11.551985672964793 -2.929691583359105
11.890167424419898 -2.9194223381826316
12.238249369681931 -2.9066619352520733
12.596521334671401 -2.8914451856036703
12.965281629896682 -2.8738162721293214
13.344837298838383 -2.853828320822361
13.735504373605137 -2.831542892002977
14.137608138073606 -2.8070294006741117
14.551483398731937 -2.780364476178605
14.977474763452017 -2.751631272073482
15.415936928422726 -2.7209187375980317
15.867234973483178 -2.688320862290873
16.331744666101677 -2.653935905218382
16.80985277425364 -2.6178656199316044
17.301957388458945 -2.5802144856981757
17.808468253246822 -2.5410889547918707
18.329807108324356 -2.5005967247011323
18.866408039732583 -2.458846043076695
19.418717841282557 -2.4159450521154815
19.987196386572506 -2.372001177910927
20.57231701189556 -2.327120569121544
21.174566910357118 -2.2814075881521996
21.794447537529855 -2.2349643569329536
22.432475028984193 -2.1878903583382585
23.089180630041927 -2.140282093336154
23.765111138110754 -2.0922327930998845
24.46082935796799 -2.0438321845656566
25.17691457037277 -1.9951663072811419
25.913963014396586 -1.9463173788597934
26.672588383874054 -1.8973637059342745
27.453422338387142 -1.8483796371808638
28.257115029208283 -1.7994355547602063
29.08433564064048 -1.7505979003766206
29.935772947204903 -1.701929232091287
30.812135887140037 -1.653488308022527
31.714154152689986 -1.6053301931181065
32.642578797673224 -1.5575063852838211
33.59818286283781 -1.510064957286083
34.58176201952381 -1.4630507110087394
35.594135232168604 -1.4165053408287847
36.63614544020716 -1.3704676030727685
37.708660259934554 -1.3249734887245588
38.81257270691538 -1.2800563967682794
39.9488019395417 -1.2357473057663348
41.118294024358306 -1.1920749414893377
42.322022723792756 -1.1490659386297393
43.56099030694608 -1.106744994845437
44.83622838411908 -1.065135015592026
46.148798765769385 -1.0242572484132206
47.499794346614124 -0.9841314055703687
48.890340015614456 -0.9447757741021237
50.32159359259993 -0.9062073126181688
51.7947467923121 -0.8684417343439337
53.31102621667033 -0.8314935761492538
54.87169437608604 -0.79537625351113
56.47805074067555 -0.7601021015793951
58.131432822247135 -0.7256824027324136
59.83321728796288 -0.6921274012262763
61.58482110660264 -0.6594463057524853
63.38770272838487 -0.6276472809227203
65.24336329932625 -0.5967374288909079
67.15334791115141 -0.5667227624987604
69.11924688779365 -0.5376081714855291
71.14269710955735 -0.5093973834328538
73.22538337604533 -0.4820929212151299
75.36903980898542 -0.4556960587918531
77.57545129612417 -0.4302067772068083
79.84645497739086 -0.40562372264726665
82.18394177456803 -0.38194416836312933
84.58985796574301 -0.35916398215079726
87.06620680585127 -0.3372776009707113
89.61505019466045 -0.316278014093594
92.23851039358476 -0.29615675596228497
94.9387717927583 -0.27690390971951084
97.71808272983904 -0.2585081220927142
100.57875736205835 -0.2409566300534979
103.52317759307378 -0.2242352993885848
106.55379505623053 -0.20832867504008729
109.67313315588179 -0.19322004280366342
112.88378916846884 -0.17889150172118284
116.18843640511002 -0.16532404627701822
119.58982643749793 -0.152497657310245
123.09079138896018 -0.14039140039287384
126.69424629259063 -0.12898353030078702
130.40319151841317 -0.11825160012037206
134.2207152716012 -0.10817257349068903
138.14999616383224 -0.09872293847694959
142.19430585991677 -0.08987882160375416
146.357011801908 -0.08161610064259292
150.64158001295928 -0.07391051484273975
155.05157798326255 -0.06673777141368101
159.5906776404731 -0.06007364720424064
164.26265840709303 -0.053894084674310436
169.071410347358 -0.04817528141330421
174.0209374062485 -0.04289377262054365
179.115360743323 -0.03802650612240297
184.3589221641488 -0.033550909654498536
189.75598765218504 -0.02944495028199195
195.3110510040631 -0.0256871859638322
201.02873757128856 -0.022256809385930398
206.913808111479 -0.019133684292328663
212.97116275234782 -0.016298374631590153
219.20584507173257 -0.013732166908056937
225.62304629706352 -0.01141708618401427
232.22810962777245 -0.009335906220464795
239.02653468423918 -0.007472154271584811
246.02398208697775 -0.005810111062523047
253.22627816987946 -0.004334806483211621
260.63941983143474 -0.003032011523785512
268.26957952797244 -0.0018882269615135064
276.1231104130753 -0.0008906692861925497
284.2065516274511 -2.7254322426537713e-05
292.5266337436645 0.0007134210258972815
301.09028437025927 0.0013420985197649638
309.9046339199427 0.0018688794667668519
318.97702154663216 0.002303246428460736
328.3150012563047 0.0026540854804479423
337.9263481967431 0.002929708790533664
347.819065131413 0.003137877316940053
358.00138910285807 0.003285823463233633
368.48179829116765 0.0033802735584638603
379.26901907322497 0.003427470060035172
390.37203328860926 0.0034331934024849193
401.8000857182091 0.003402783437606284
413.5626917817706 0.0033411604300771216
425.66964546078714 0.0032528455879981457
438.13102745333055 0.0031419811196242734
450.9572135676145 0.0030123498161976144
464.15888336127773 0.002867394166534135
477.7470290335773 0.002710235012105112
491.73296457790156 0.0025436897521966383
506.1283352022219 0.0023702901076907428
520.9451270253212 0.0021922994495553873
536.1956770568817 0.002011729694627772
551.892683469738 0.001830357767138743
568.0492161728429 0.0016497416200828663
584.6787276937589 0.001471235806245831
601.7950643797334 0.0012960065848560103
619.412477926676 0.0011250465465626595
637.5456372456507 0.0009591887370386475
656.2096406767555 0.0007991202579853698
675.4200285605586 0.000645395323841381
695.1927961775606 0.0004984477529552864
715.5444070664574 0.00035860287344374563
736.4918067322965 0.00022608882624552086
758.0524367559261 0.00010104725092480576
780.2442493165045 -1.6456656562620165e-05
803.0857221391512 -0.0001264247208613594
826.5958738801812 -0.00022891700127144264
850.7942799627444 -0.0003240436406949677
875.7010888760508 -0.00041195734279178634
901.3370389517438 -0.0004928464663347763
927.7234756314059 -0.0005669287216696801
954.8823692395666 -0.0006344454504711396
982.8363332770031 -0.000695656466711736
1011.6086432495807 -0.000750835433927451
1041.2232560483055 -0.000800265751580072
1071.7048298967104 -0.0008442369215318754
1103.078744882215 -0.0008830413643584787
1135.3711240885177 -0.0009169716544495096
1168.608855346651 -0.0009463181425186774
1202.8196136227775 -0.0009713669342167053
1238.0318840613968 -0.0009923981940064195
1274.2749857031336 -0.0010096847442355136
1311.5790958968503 -0.0010234909303706615
1349.9752754264298 -0.0010340717246458194
1389.4954943731375 -0.0010416720417797223
1430.172658735088 -0.0010465262420081324
1472.0406378260013 -0.0010488577982927295
1515.134292476053 -0.0010488791062758709
1559.4895040582815 -0.0010467914172463233
1605.1432043647615 -0.0010427848760727171
1652.1334063573702 -0.0010370386477207927
1700.4992358187922 -0.0010297211175587335
1750.2809639301013 -0.0010209901521970241
1801.520040802024 -0.0010109934090468215
1854.2591299878522 -0.0009998686841413164
1908.542144006686 -0.0009877442890386882
1964.4142809066266 -0.0009747394487787386
2021.9220618983536 -0.0009609647139532954
2081.1133700903947 -0.0009465223809185305
2142.037490358383 -0.0009315069150667307
2204.7451503814746 -0.0009160053728699548
2269.288562880081 -0.0009000978191225201
2335.7214690901214 -0.0008838577364401278
2404.0991835099717 -0.0008673524246358547
2474.47863995735 -0.0008506433880829786
2546.91843897454 -0.0008337867096052181
2621.478896621356 -0.0008168334098054147
2698.222094696536 -0.0007998297910655331
2777.211932429355 -0.0007828177657254984
2858.5141796844714 -0.0007658351681760414
2942.196531724374 -0.0007489160508039622
3028.3286655749457 -0.0007320909638814908
3116.9822980411436 -0.0007153872196314246
3208.2312454210773 -0.0006988291408046041
3302.1514849681753 -0.0006824382941923117
3398.8212181526674 -0.0006662337095645082
3498.320935775036 -0.0006502320845727912
3600.73348498562 -0.0006344479761943467
3706.144138266228 -0.0006188939793175922
3814.640664431178 -0.0006035808930837474
3926.3134017068355 -0.0005885178756045829
4041.2553329506004 -0.0005737125876729191
4159.562163071847 -0.0005591713260804661
4281.332398719392 -0.0005448991471393561
4406.667430301786 -0.0005308999809942697
4535.671616408702 -0.0005171767372890526
4668.45237070379 -0.0005037314027346945
4805.1202513612425 -0.0004905651311013712
4945.789053120639 -0.00047767832613512595
5090.575902036681 -0.0004650707178762887
5239.601353002645 -0.0004527414328326212
5392.98949012887 -0.0004406890584355046
5550.868030059805 -0.00042891170218425977
5713.36842831558 -0.0004174070458626127
5880.625988746757 -0.0004061723951830524
6052.779976193349 -0.00039520472520039476
6229.973732441841 -0.0003845007218071447
6412.354795576917 -0.0003740568196096952
6600.075022827095 -0.00036386923645909293
6793.290717006696 -0.00035393400489648413
6992.162756659375 -0.0003442470007519973
7196.856730011514 -0.0003348039691218718
7407.543072847163 -0.00032560054793101225
7624.397210419138 -0.0003166322892751728
7847.5997035146065 -0.0003078946787207008
8077.3363987967105 -0.0002993831527288907
8313.798583547334 -0.0002910931143592602
8557.183144940002 -0.0002830199473925044
8807.692733975462 -0.00027515902900686985
9065.53593421636 -0.0002675057411278195
9330.927435461663 -0.0002600554805649745
9604.08821250538 -0.00025280366803877476
9885.24570912827 -0.0002457457561930054
10174.634027476064 -0.00023887723668159823
10472.494122981476 -0.00023219364641020553
10779.074004992735 -0.00022569057300784358
11094.628943275218 -0.00021936365959716498
11419.421680558647 -0.00021320860892643913
11753.722651306367 -0.00020722118692140373
12097.810206889013 -0.00020139722571054677
12451.97084735032 -0.00019573262617240579
12816.499459957597 -0.000190223360050126
13191.699564735716 -0.00018486547167474723
13577.883567189278 -0.00017965507933376257
13975.373018422924 -0.00017458837632144944
14384.498882876629 -0.00016966163170098946
14805.6018138991 -0.00016487119080818325
15239.032437388305 -0.0001602134755232072
15685.151643735446 -0.00015568498433444995
16144.330888316019 -0.00015128229221658652
16616.952500776908 -0.0001470020503434165
17103.41000337838 -0.00014284098565338758
17604.108438655527 -0.00013879590028513834
18119.46470667122 -0.00013486367089790143
18649.907912142942 -0.0001310412478912148
19195.87972173111 -0.00012732565453615075
19757.834731786996 -0.00012371398602984885
20336.2408468667 -0.00012020340848389565
20931.579669325736 -0.00011679115785587331
21544.346900318822 -0.00011347453883271889
22175.052752539294 -0.00011025092367386009
22824.222375040976 -0.00010711775102098704
23492.396290496577 -0.00010407252468105228
24180.13084525718 -0.0001011128123879087
24887.998672586673 -9.823624454829238e-05
25616.589169457267 -9.544051297618277e-05
26366.508987303554 -9.272336962021116e-05
27138.3825371428 -9.008262528781856e-05
27932.85250948253 -8.751614836929704e-05
28750.580409448772 -8.50218635646508e-05
29592.247107579577 -8.259775061655125e-05
30458.55340674284 -8.024184305090111e-05
31350.220625651124 -7.79522269277985e-05
32267.991199458116 -7.572703960431184e-05
33212.62929793748 -7.356446851094686e-05
34184.92146175927 -7.146274994310434e-05
35185.677257392665 -6.942016786872646e-05
36215.72995118075 -6.743505275331198e-05
37275.93720314938 -6.550578040312162e-05
38367.18178112649 -6.363077082740519e-05
39490.37229576694 -6.180848712020823e-05
40646.44395709628 -6.003743436243958e-05
41836.359353200234 -5.83161585445139e-05
43061.10925171165 -5.6643245509916744e-05
44321.713424760856 -5.501731992014794e-05
45619.221498074585 -5.343704424099505e-05
46954.71382493421 -5.190111775033821e-05
48329.30238571752 -5.040827556770641e-05
49744.13171377451 -4.895728770547211e-05
51200.37984840882 -4.754695814157943e-05
52699.259315756564 -4.617612391407641e-05
54242.01813838024 -4.484365423697948e-05
55829.94087441914 -4.354844963755974e-05
57464.34968715974 -4.228944111495656e-05
59146.605445917456 -4.10655893197413e-05
60878.108859147556 -3.987588375450723e-05
62660.30164072656 -3.871934199505997e-05
64494.667710376205 -3.7595008932190337e-05
66382.73442923075 -3.650195603362178e-05
68326.07387157406 -3.543928062563349e-05
70326.30413380644 -3.440610519781467e-05
72385.09068173247 -3.3401576718959e-05
74504.14773728917 -3.242486598368382e-05
76685.2397058701 -3.1475166968314364e-05
78930.18264543568 -3.05516962145678e-05
81240.84577862974 -2.9653692223809593e-05
83619.15304916317 -2.878041487138324e-05
86067.08472376158 -2.7931144849285748e-05
88586.67904100832 -2.7105183112852954e-05
91180.03390845681 -2.6301850347701512e-05
93849.3086494272 -2.552048646998802e-05
96596.72580093842 -2.4760450122348598e-05
99424.57296427398 -2.4021118201972565e-05
102335.20470972576 -2.3301885399210176e-05
105331.04453709359 -2.2602163757494914e-05
108414.5868935835 -2.19213822476863e-05
111588.3992507748 -2.1258986356669734e-05
114855.12424239368 -2.061443769958174e-05
118217.48186466724 -1.9987213641437732e-05
121678.27174109229 -1.937680693780055e-05
125240.3754535072 -1.8782725393242175e-05
128906.75894140244 -1.8204491529571802e-05
132680.47497147243 -1.7641642278923364e-05
136564.66567946097 -1.709372868164244e-05
140562.56518642136 -1.656031560707144e-05
144677.5022915648 -1.6040981485640776e-05
148912.90324394088 -1.5535318052991343e-05
153272.2945952612 -1.5042930112415482e-05
157759.30613623615 -1.456343530665946e-05
162377.67391887208 -1.4096463903695648e-05
167131.2433672486 -1.364165859327532e-05
172023.97247935992 -1.3198674295449354e-05
177059.9351226898 -1.2767177977331067e-05
182243.32442626648 -1.23468484807246e-05
187578.45627201613 -1.1937376355694999e-05
193069.77288832495 -1.1538463701590665e-05
198721.84654880533 -1.1149824012914236e-05
204539.38337933904 -1.0771182025377326e-05
210527.22727657072 -1.0402273569026383e-05
216690.3639411181 -1.0042845416889189e-05
223033.9250288494 -9.692655130240543e-06
229563.19242369095 -9.351470903465902e-06
236283.6026355175 -9.019071397695068e-06
243200.7513267945 -8.695245565855167e-06
250320.39797173254 -8.379792467790085e-06
257648.47065183744 -8.072521067728716e-06
265191.0709918535 -7.773250015314422e-06
272954.4792402007 -7.481807409150606e-06
280945.1594981406 -7.198030532836774e-06
289169.76510202966 -6.921765571896188e-06
297635.14416313195 -6.652867299886933e-06
306348.3452696084 -6.391198736680534e-06
315316.62335543614 -6.13663077616721e-06
324547.44574113254 -5.889041783013652e-06
334048.4983513244 -5.648317156248978e-06
343827.6921143307 -5.414348860761572e-06
353893.1695490984 -5.187034926554703e-06
364253.3115449638 -4.966278918316469e-06
374916.74433988857 -4.7519893743540515e-06
385892.3467029899 -4.544079222426309e-06
397189.25732733024 -4.342465170044687e-06
408816.88243912894 -4.147067078980149e-06
420784.9036297398 -3.957807325653039e-06
433103.2859169001 -3.774610155084734e-06
445782.28604197066 -3.5974010327621056e-06
458832.461010084 -3.4261060043761905e-06
472264.67688029545 -3.2606510684260897e-06
486090.117813063 -3.100961568727442e-06
500320.2953825999 -2.946961618195948e-06
514967.0581618343 -2.798573558290137e-06
530042.6015879672 -2.655717459059439e-06
545559.4781168514 -2.518310676082861e-06
561530.6076746266 -2.386267457684963e-06
577969.2884153313 -2.2594986180955174e-06
594889.2077934331 -2.1379112747487178e-06
612304.4539605178 -2.0214086567729988e-06
630229.5274956024 -1.9098899827421758e-06
648679.3534788508 -1.8032504119210494e-06
667669.2939187557 -1.7013810661544707e-06
687215.1605431122 -1.604169120684488e-06
707333.2279644439 -1.5114979619921148e-06
728040.2472308562 -1.4232474066342517e-06
749353.4597735757 -1.3392939770230762e-06
771290.6117627992 -1.2595112270456808e-06
793869.9688838223 -1.1837701114069274e-06
817110.3315457187 -1.111939390735257e-06
841031.0505352605 -1.0438860648327326e-06
865652.0431290936 -9.794758275325004e-07
890993.8096776098 -9.185735314867367e-07
917077.4506742931 -8.610436613407073e-07
943924.6843247664 -8.067508028159217e-07
971557.8646301847 -7.5556010320133e-07
1000000.0 -7.073377189139475e-07
