10.0 -4.122032979121699
10.292747724096083 -4.241836331568417
10.59406557118851 -4.365069024292711
10.904204429677526 -4.491824505765732
11.223422532664179 -4.622198347038556
11.551985672964793 -4.756288250707394
11.890167424419898 -4.894194055668842
12.238249369681931 -5.0360177372003285
12.596521334671401 -5.181863401840786
12.965281629896682 -5.331837276523073
13.344837298838383 -5.4860476913636695
13.735504373605137 -5.6446050554549165
14.137608138073606 -5.807621824974829
14.551483398731937 -5.975212462886221
14.977474763452017 -6.147493389406462
15.415936928422726 -6.32458292242846
15.867234973483178 -6.506601206973619
16.331744666101677 -6.693670132718636
16.80985277425364 -6.885913238597575
17.301957388458945 -7.083455603370713
17.808468253246822 -7.286423721050771
18.329807108324356 -7.494945359968027
18.866408039732583 -7.7091494042505
19.418717841282557 -7.92916567636025
19.987196386572506 -8.155124739365617
20.57231701189556 -8.387157677503023
21.174566910357118 -8.625395853580697
21.794447537529855 -8.869970641704892
22.432475028984193 -9.121013133832918
23.089180630041927 -9.378653818549504
23.765111138110754 -9.64302223055599
24.46082935796799 -9.914246569274605
25.17691457037277 -10.192453285088224
25.913963014396586 -10.477766631664494
26.672588383874054 -10.770308183005385
27.453422338387142 -11.070196313855858
28.257115029208283 -11.37754564227821
29.08433564064048 -11.692466433362904
29.935772947204903 -12.01506396317311
30.812135887140037 -12.345437842366028
31.714154152689986 -12.68368129908926
32.642578797673224 -13.029880421184107
33.59818286283781 -13.384113358032328
34.58176201952381 -13.746449482858328
35.594135232168604 -14.116948516775512
36.63614544020716 -14.495659616423252
37.708660259934554 -14.882620427625817
38.81257270691538 -15.277856108245274
39.9488019395417 -15.681378324024989
41.118294024358306 -16.09318422208904
42.322022723792756 -16.513255387600264
43.56099030694608 -16.941556789854854
44.83622838411908 -17.378035725139917
46.148798765769385 -17.82262076451483
47.499794346614124 -18.275220715626116
48.890340015614456 -18.73572360864444
50.32159359259993 -19.20399571720216
51.7947467923121 -19.67988062616459
53.31102621667033 -20.16319835867158
54.87169437608604 -20.65374457564594
56.47805074067555 -21.15128986138197
58.131432822247135 -21.65557910913373
59.83321728796288 -22.166331020770404
61.58482110660264 -22.683237734387884
63.38770272838487 -23.205964593341072
65.24336329932625 -23.73415006952457
67.15334791115141 -24.267405852605947
69.11924688779365 -24.80531711562605
71.14269710955735 -25.34744296563814
73.22538337604533 -25.893317086009667
75.36903980898542 -26.44244857465545
77.57545129612417 -26.994322979731344
79.84645497739086 -27.548403531443913
82.18394177456803 -28.104132565302784
84.58985796574301 -28.660933128990585
87.06620680585127 -29.218210761364283
89.61505019466045 -29.77535542881383
92.23851039358476 -30.33174360076409
94.9387717927583 -30.88674044284993
97.71808272983904 -31.439702103519995
100.57875736205835 -31.989978067035594
103.52317759307378 -32.53691354401323
106.55379505623053 -33.079851868902985
109.67313315588179 -33.618136872975036
112.88378916846884 -34.15111520122272
116.18843640511002 -34.67813854199807
119.58982643749793 -35.19856573950754
123.09079138896018 -35.7117647613172
126.69424629259063 -36.2171144957966
130.40319151841317 -36.7140063576535
134.2207152716012 -37.201845684015176
138.14999616383224 -37.680052907764306
142.19430585991677 -38.14806449991503
146.357011801908 -38.60533367791531
150.64158001295928 -39.051330882149074
155.05157798326255 -39.485544028092825
159.5906776404731 -39.90747854680924
164.26265840709303 -40.3166572311995
169.071410347358 -40.71261990982113
174.0209374062485 -41.09492297389559
179.115360743323 -41.46313878613337
184.3589221641488 -41.81685500247905
189.75598765218504 -42.1556738393345
195.3110510040631 -42.47921131948322
201.02873757128856 -42.787096529774665
206.913808111479 -43.07897092264363
212.97116275234782 -43.35448769163349
219.20584507173257 -43.613311248742484
225.62304629706352 -43.855116828137675
232.22810962777245 -44.079590237245824
239.02653468423918 -44.286427772222204
246.02398208697775 -44.47533631049897
253.22627816987946 -44.64603358879953
260.63941983143474 -44.79824867057556
268.26957952797244 -44.93172260264283
276.1231104130753 -45.04620925667117
284.2065516274511 -45.14147634753231
292.5266337436645 -45.21730661712081
301.09028437025927 -45.27349916931785
309.9046339199427 -45.30987093924546
318.97702154663216 -45.32625827795879
328.3150012563047 -45.322518632001874
337.9263481967431 -45.29853229608768
347.819065131413 -45.25420421629041
358.00138910285807 -45.189465820548875
368.48179829116765 -45.10427685303979
379.26901907322497 -44.99862718890323
390.37203328860926 -44.87253860589657
401.8000857182091 -44.726066489806
413.5626917817706 -44.55930145077841
425.66964546078714 -44.372370828153294
438.13102745333055 -44.16544006189055
450.9572135676145 -43.93871390922848
464.15888336127773 -43.692437485920934
477.7470290335773 -43.42689711217465
491.73296457790156 -43.142420944389734
506.1283352022219 -42.83937937493384
520.9451270253212 -42.5181851836447
536.1956770568817 -42.17929342639933
551.892683469738 -41.82320104817902
568.0492161728429 -41.45044621038121
584.6787276937589 -41.061607324947026
601.7950643797334 -40.657301791000656
619.412477926676 -40.238184433175775
637.5456372456507 -39.80494564467514
656.2096406767555 -39.35830924215551
675.4200285605586 -38.89903004387833
695.1927961775606 -38.42789118687897
715.5444070664574 -37.945701203369026
736.4918067322965 -37.453290880745115
758.0524367559261 -36.95150993360754
780.2442493165045 -36.44122351976007
803.0857221391512 -35.92330863526458
826.5958738801812 -35.39865042603367
850.7942799627444 -34.868138455264734
875.7010888760508 -34.33266296690568
901.3370389517438 -33.79311118552851
927.7234756314059 -33.25036369225888
954.8823692395666 -32.705290914900694
982.8363332770031 -32.15874976806939
1011.6086432495807 -31.611580476147285
1041.2232560483055 -31.064603608260487
1071.7048298967104 -30.51861735034467
1103.078744882215 -29.974395034897547
1135.3711240885177 -29.432682944311146
1168.608855346651 -28.89419839884536
1202.8196136227775 -28.3596281355506
1238.0318840613968 -27.82962697984225
1274.2749857031336 -27.304816807045704
1311.5790958968503 -26.78578578727937
1349.9752754264298 -26.27308790345856
1389.4954943731375 -25.76724272910561
1430.172658735088 -25.268735450106185
1472.0406378260013 -24.778017112475954
1515.134292476053 -24.29550507666928
1559.4895040582815 -23.82158365793509
1605.1432043647615 -23.35660493165474
1652.1334063573702 -22.90088968244081
1700.4992358187922 -22.454728476023313
1750.2809639301013 -22.01838283350261
1801.520040802024 -21.592086488384812
1854.2591299878522 -21.17604670785384
1908.542144006686 -20.77044566095629
1964.4142809066266 -20.375441817714968
2021.9220618983536 -19.99117136458203
2081.1133700903947 -19.617749623102437
2142.037490358383 -19.2552724600881
2204.7451503814746 -18.903817679039808
2269.288562880081 -18.563446383918727
2335.7214690901214 -18.23420430766947
2404.0991835099717 -17.91612309913421
2474.47863995735 -17.609221563115327
2546.91843897454 -17.3135068494016
2621.478896621356 -17.028975587496603
2698.222094696536 -16.755614964646654
2777.211932429355 -16.49340374549856
2858.5141796844714 -16.24231323238528
2942.196531724374 -16.00230816579449
3028.3286655749457 -15.773347565065139
3116.9822980411436 -15.555385509770893
3208.2312454210773 -15.34837186258361
3302.1514849681753 -15.152252934705794
3398.8212181526674 -14.966972095170888
3498.320935775036 -14.792470325515747
3600.73348498562 -14.628686721445582
3706.144138266228 -14.475558943244925
3814.640664431178 -14.333023616750095
3926.3134017068355 -14.201016686772448
4041.2553329506004 -14.079473724900728
4159.562163071847 -13.968330193644007
4281.332398719392 -13.867521668910166
4406.667430301786 -13.776984022838189
4535.671616408702 -13.696653569030346
4668.45237070379 -13.6264671722784
4805.1202513612425 -13.566362324903126
4945.789053120639 -13.51627719190967
5090.575902036681 -13.476150627216288
5239.601353002645 -13.445922163312995
5392.98949012887 -13.42553197682075
5550.868030059805 -13.414920832541894
5713.36842831558 -13.414030008756178
5880.625988746757 -13.422801206678228
6052.779976193349 -13.441176447188388
6229.973732441841 -13.469097958158825
6412.354795576917 -13.506508055917434
6600.075022827095 -13.553349024630657
6793.290717006696 -13.60956299762581
6992.162756659375 -13.675091844919711
7196.856730011514 -13.749877071450337
7407.543072847163 -13.83385973072984
7624.397210419138 -13.92698035883365
7847.5997035146065 -14.029178933786687
8077.3363987967105 -14.140394865525707
8313.798583547334 -14.260567021645342
8557.183144940002 -14.389633794109793
8807.692733975462 -14.527533211976165
9065.53593421636 -14.67420310494016
9330.927435461663 -14.829581322158244
9604.08821250538 -14.99360601030396
9885.24570912827 -15.166215954177552
10174.634027476064 -15.347350982397318
10472.494122981476 -15.536952439745138
10779.074004992735 -15.73496372662962
11094.628943275218 -15.941330904864753
11419.421680558647 -16.156003367549353
11753.722651306367 -16.378934569298885
12097.810206889013 -16.610082811434825
12451.97084735032 -16.849412075030912
12816.499459957597 -17.0968928929548
13191.699564735716 -17.352503250311212
13577.883567189278 -17.61622950099199
13975.373018422924 -17.888067286466306
14384.498882876629 -18.168022441512274
14805.6018138991 -18.456111870386195
15239.032437388305 -18.75236437597785
15685.151643735446 -19.056821423862843
16144.330888316019 -19.369537822877444
16616.952500776908 -19.690582303933674
17103.41000337838 -20.020037979278353
17604.108438655527 -20.358002665294087
18119.46470667122 -20.704589053217965
18649.907912142942 -21.059924713813366
19195.87972173111 -21.42415192400889
19757.834731786996 -21.797427305794116
20336.2408468667 -22.179921270147336
20931.579669325736 -22.571817261419422
21544.346900318822 -22.973310800320867
22175.052752539294 -23.384608326391145
22824.222375040976 -23.805925843481972
23492.396290496577 -24.237487374313137
24180.13084525718 -24.679523232467695
24887.998672586673 -25.13226812226574
25616.589169457267 -25.595959078725286
26366.508987303554 -26.07083326127851
27138.3825371428 -26.557125616049394
27932.85250948253 -27.055066422307736
28750.580409448772 -27.564878739230416
29592.247107579577 -28.086775769336725
30458.55340674284 -28.620958154968328
31350.220625651124 -29.167611224002165
32267.991199458116 -29.7269022006615
33212.62929793748 -30.29897739688551
34184.92146175927 -30.88395939927762
35185.677257392665 -31.481944266228492
36215.72995118075 -32.09299874944322
37275.93720314938 -32.71715755382969
38367.18178112649 -33.35442064954946
39490.37229576694 -34.00475065002123
40646.44395709628 -34.668070269793
41836.359353200234 -35.34425987647321
43061.10925171165 -36.0331551513123
44321.713424760856 -36.734544873538574
45619.221498074585 -37.44816884413411
46954.71382493421 -38.17371596537664
48329.30238571752 -38.91082249309221
49744.13171377451 -39.659070479151666
51200.37984840882 -40.417986422228296
52699.259315756564 -41.18704014517202
54242.01813838024 -41.965643917507506
55829.94087441914 -42.75315184147064
57464.34968715974 -43.54885951963055
59146.605445917456 -44.35200402146326
60878.108859147556 -45.161764165229066
62660.30164072656 -45.97726113012382
64494.667710376205 -46.79755941194191
66382.73442923075 -47.6216681333839
68326.07387157406 -48.44854271768953
70326.30413380644 -49.277086931490196
72385.09068173247 -50.106155299697996
74504.14773728917 -50.934555891898924
76685.2397058701 -51.761053476160804
78930.18264543568 -52.584373032444454
81240.84577862974 -53.40320361397386
83619.15304916317 -54.21620254104209
86067.08472376158 -55.021999907857754
88586.67904100832 -55.81920337923193
91180.03390845681 -56.60640325023349
93849.3086494272 -57.382177738441456
96596.72580093842 -58.14509847516466
99424.57296427398 -58.89373615902004
102335.20470972576 -59.62666633261217
105331.04453709359 -60.342475240773055
108414.5868935835 -61.03976572695388
111588.3992507748 -61.71716312292187
114855.12424239368 -62.373321085964086
118217.48186466724 -63.0069273373337
121678.27174109229 -63.616709255741405
125240.3754535072 -64.20143928029302
128906.75894140244 -64.75994007843526
132680.47497147243 -65.29108943618562
136564.66567946097 -65.79382483020068
140562.56518642136 -66.26714764407389
144677.5022915648 -66.71012699461748
148912.90324394088 -67.12190313777049
153272.2945952612 -67.50169042812819
157759.30613623615 -67.8487798108755
162377.67391887208 -68.16254083006255
167131.2433672486 -68.44242314262341
172023.97247935992 -68.68795753321913
177059.9351226898 -68.89875643081463
182243.32442626648 -69.07451393376654
187578.45627201613 -69.21500535601005
193069.77288832495 -69.32008631259099
198721.84654880533 -69.38969136818046
204539.38337933904 -69.42383227722952
210527.22727657072 -69.42259584898655
216690.3639411181 -69.38614147458848
223033.9250288494 -69.31469835679661
229563.19242369095 -69.20856248557952
236283.6026355175 -69.0680934046087
243200.7513267945 -68.89371081477987
250320.39797173254 -68.68589106107484
257648.47065183744 -68.44516354844767
265191.0709918535 -68.17210713095086
272954.4792402007 -67.86734651606135
280945.1594981406 -67.53154872317516
289169.76510202966 -67.16541963158
297635.14416313195 -66.76970064898421
306348.3452696084 -66.34516552697507
315316.62335543614 -65.8926173447162
324547.44574113254 -65.41288567689189
334048.4983513244 -64.90682395649267
343827.6921143307 -64.37530703763754
353893.1695490984 -63.81922895836956
364253.3115449638 -63.23950089835901
374916.74433988857 -62.63704932181831
385892.3467029899 -62.01281429176757
397189.25732733024 -61.367747938184266
408816.88243912894 -60.702813059592586
420784.9036297398 -60.01898183534489
433103.2859169001 -59.317234624282065
445782.28604197066 -58.59855882461318
458832.461010084 -57.863947769769254
472264.67688029545 -57.11439963561525
486090.117813063 -56.35091633572645
500320.2953825999 -55.574502383398595
514967.0581618343 -54.786163701596756
530042.6015879672 -53.98690636507669
545559.4781168514 -53.177735262336704
561530.6076746266 -52.35965266878794
577969.2884153313 -51.53365672644376
594889.2077934331 -50.70073982942081
612304.4539605178 -49.861886918499735
630229.5274956024 -49.01807369180458
648679.3534788508 -48.17026474221638
667669.2939187557 -47.3194116353497
687215.1605431122 -46.46645094470854
707333.2279644439 -45.61230226292149
728040.2472308562 -44.75786620970289
749353.4597735757 -43.904022458342794
771290.6117627992 -43.051627803098285
793869.9688838223 -42.20151428983113
817110.3315457187 -41.35448743164974
841031.0505352605 -40.511324530189
865652.0431290936 -39.67277312157279
890993.8096776098 -38.83954956409617
917077.4506742931 -38.012337782330505
943924.6843247664 -37.191788179763755
971557.8646301847 -36.37851672932225
1000000.0 -35.57310424827523
10.0 -0.01126931329039706
10.292747724096083 -0.011610504105344503
10.59406557118851 -0.011962606002792652
10.904204429677526 -0.012326022327941338
11.223422532664179 -0.012701175464132866
11.551985672964793 -0.013088508001712263
11.890167424419898 -0.013488483989590455
12.238249369681931 -0.013901590275793541
12.596521334671401 -0.014328337942656618
12.965281629896682 -0.014769263843852451
13.344837298838383 -0.015224932249532013
13.735504373605137 -0.015695936607325368
14.137608138073606 -0.016182901426595855
14.551483398731937 -0.016686484293995274
14.977474763452017 -0.01720737802860997
15.415936928422726 -0.017746312985197157
15.867234973483178 -0.018304059514722887
16.331744666101677 -0.01888143059104726
16.80985277425364 -0.019479284613380828
17.301957388458945 -0.020098528393830688
17.808468253246822 -0.02074012033995875
18.329807108324356 -0.021405073841637035
18.866408039732583 -0.02209446087204874
19.418717841282557 -0.022809415811959183
19.987196386572506 -0.023551139506393974
20.57231701189556 -0.024320903562018277
21.174566910357118 -0.025120054893214925
21.794447537529855 -0.02595002052360788
22.432475028984193 -0.026812312648771475
23.089180630041927 -0.027708533964630386
23.765111138110754 -0.028640383264028513
24.46082935796799 -0.029609661302118263
25.17691457037277 -0.030618276928926998
25.913963014396586 -0.031668253484462665
26.672588383874054 -0.03276173544841736
27.453422338387142 -0.03390099533341532
28.257115029208283 -0.035088440806017744
29.08433564064048 -0.036326622015238494
29.935772947204903 -0.03761823910337473
30.812135887140037 -0.038966149868019676
31.714154152689986 -0.04037337753820912
32.642578797673224 -0.04184311862096797
33.59818286283781 -0.04337875076678333
34.58176201952381 -0.04498384059627744
35.594135232168604 -0.0466621514215339
36.63614544020716 -0.048417650787416215
37.708660259934554 -0.05025451775135576
38.81257270691538 -0.05217714981012708
39.9488019395417 -0.05419016937649429
41.118294024358306 -0.05629842969946084
42.322022723792756 -0.05850702011661821
43.56099030694608 -0.06082127052112635
44.83622838411908 -0.06324675492176575
46.148798765769385 -0.06578929397253355
47.499794346614124 -0.06845495634697141
48.890340015614456 -0.07125005883612844
50.32159359259993 -0.07418116505228202
51.7947467923121 -0.07725508262978359
53.31102621667033 -0.08047885882574879
54.87169437608604 -0.08385977443765663
56.47805074067555 -0.08740533597602453
58.131432822247135 -0.09112326605062147
59.83321728796288 -0.09502149195874707
61.58482110660264 -0.09910813249249914
63.38770272838487 -0.1033914830183841
65.24336329932625 -0.1078799989172691
67.15334791115141 -0.11258227751590803
69.11924688779365 -0.11750703867877291
71.14269710955735 -0.12266310427331953
73.22538337604533 -0.12805937676160822
75.36903980898542 -0.1337048172103161
77.57545129612417 -0.13960842304844404
79.84645497739086 -0.14577920593221216
82.18394177456803 -0.1522261701031764
84.58985796574301 -0.1589582916435216
87.06620680585127 -0.16598449904398918
89.61505019466045 -0.17331365550031283
92.23851039358476 -0.18095454334531888
94.9387717927583 -0.18891585100783762
97.71808272983904 -0.1972061628590102
100.57875736205835 -0.20583395226939508
103.52317759307378 -0.2148075781565202
106.55379505623053 -0.22413528524485352
109.67313315588179 -0.2338252082036478
112.88378916846884 -0.24388537976357594
116.18843640511002 -0.25432374284504194
119.58982643749793 -0.26514816666696217
123.09079138896018 -0.27636646673837895
126.69424629259063 -0.2879864285743377
130.40319151841317 -0.30001583492342004
134.2207152716012 -0.3124624962432789
138.14999616383224 -0.32533428412312715
142.19430585991677 -0.33863916732115
146.357011801908 -0.3523852500619109
150.64158001295928 -0.36658081223214534
155.05157798326255 -0.3812343511086617
159.5906776404731 -0.39635462426610146
164.26265840709303 -0.41195069332444617
169.071410347358 -0.4280319682263873
174.0209374062485 -0.4446082517640505
179.115360743323 -0.4616897841126289
184.3589221641488 -0.47928728716856317
189.75598765218504 -0.49741200853552797
195.3110510040631 -0.5160757650429381
201.02873757128856 -0.5352909857286038
206.913808111479 -0.5550707542615996
212.97116275234782 -0.575428850818834
219.20584507173257 -0.5963797934724492
225.62304629706352 -0.6179388791770828
232.22810962777245 -0.640122224480167
239.02653468423918 -0.6629468061040849
246.02398208697775 -0.6864305015720992
253.22627816987946 -0.7105921300726583
260.63941983143474 -0.7354514937676431
268.26957952797244 -0.7610294197605825
276.1231104130753 -0.7873478029531858
284.2065516274511 -0.8144296500136633
292.5266337436645 -0.8422991246880203
301.09028437025927 -0.8709815946731029
309.9046339199427 -0.9005036802717155
318.97702154663216 -0.9308933050320343
328.3150012563047 -0.9621797485649901
337.9263481967431 -0.9943937017136165
347.819065131413 -1.0275673242334444
358.00138910285807 -1.061734305110547
368.48179829116765 -1.0969299256275946
379.26901907322497 -1.1331911252526148
390.37203328860926 -1.1705565703890013
401.8000857182091 -1.2090667259896293
413.5626917817706 -1.2487639299966393
425.66964546078714 -1.2896924705102903
438.13102745333055 -1.3318986655488918
450.9572135676145 -1.3754309451867959
464.15888336127773 -1.4203399358046
477.7470290335773 -1.4666785461013963
491.73296457790156 -1.5145020544429761
506.1283352022219 -1.5638681970281432
520.9451270253212 -1.61483725626387
536.1956770568817 -1.667472148632887
551.892683469738 -1.7218385112280143
568.0492161728429 -1.7780047860100372
584.6787276937589 -1.83604230072718
601.7950643797334 -1.8960253452961504
619.412477926676 -1.9580312423304427
637.5456372456507 -2.022140410352693
656.2096406767555 -2.088436418109416
675.4200285605586 -2.1570060282754815
695.1927961775606 -2.2279392287152384
715.5444070664574 -2.3013292493650837
736.4918067322965 -2.377272562702126
758.0524367559261 -2.455868865709353
780.2442493165045 -2.537221041177199
803.0857221391512 -2.621435096205033
826.5958738801812 -2.7086200757560612
850.7942799627444 -2.7988879492162564
875.7010888760508 -2.8923534680166507
901.3370389517438 -2.9891339925547378
927.7234756314059 -3.08934928688571
954.8823692395666 -3.1931212799661544
982.8363332770031 -3.3005737925780503
1011.6086432495807 -3.4118322295174974
1041.2232560483055 -3.5270232371269943
1071.7048298967104 -3.64627432680452
1103.078744882215 -3.769713465770119
1135.3711240885177 -3.8974686370274894
1168.608855346651 -4.029667371185044
1202.8196136227775 -4.166436253530707
1238.0318840613968 -4.30790041051845
1274.2749857031336 -4.454182980573311
1311.5790958968503 -4.605404574826936
1349.9752754264298 -4.761682734076623
1389.4954943731375 -4.923131388867468
1430.172658735088 -5.089860330112899
1472.0406378260013 -5.261974698057584
1515.134292476053 -5.4395744976980875
1559.4895040582815 -5.622754148877521
1605.1432043647615 -5.81160207929732
1652.1334063573702 -6.006200368479412
1700.4992358187922 -6.206624450403293
1750.2809639301013 -6.412942882036051
1801.520040802024 -6.625217184321106
1854.2591299878522 -6.8435017614037195
1908.542144006686 -7.067843902947449
1964.4142809066266 -7.298283873347088
2021.9220618983536 -7.5348550905162925
2081.1133700903947 -7.7775843957269775
2142.037490358383 -8.026492414677474
2204.7451503814746 -8.281594008705474
2269.288562880081 -8.542898813692517
2335.7214690901214 -8.81041186289844
2404.0991835099717 -9.084134288639806
2474.47863995735 -9.364064096426038
2546.91843897454 -9.650197003891165
2621.478896621356 -9.942527335661076
2698.222094696536 -10.241048964120376
2777.211932429355 -10.545756284937614
2858.5141796844714 -10.85664521521861
2942.196531724374 -11.173714201221916
3028.3286655749457 -11.49696522176973
3116.9822980411436 -11.826404772823313
3208.2312454210773 -12.162044818180345
3302.1514849681753 -12.503903690889464
3398.8212181526674 -12.852006929880442
3498.320935775036 -13.206388036348791
3600.73348498562 -13.567089134800908
3706.144138266228 -13.934161524204347
3814.640664431178 -14.307666105587693
3926.3134017068355 -14.687673673459058
4041.2553329506004 -15.074265059902324
4159.562163071847 -15.46753112171692
4281.332398719392 -15.867572562883607
4406.667430301786 -16.274499586618354
4535.671616408702 -16.688431373512365
4668.45237070379 -17.109495384478322
4805.1202513612425 -17.537826489618357
4945.789053120639 -17.973565926472535
5090.575902036681 -18.416860093351755
5239.601353002645 -18.867859185742734
5392.98949012887 -19.32671568577435
5550.868030059805 -19.793582716656832
5713.36842831558 -20.26861227564767
5880.625988746757 -20.751953360612198
6052.779976193349 -21.243750006392094
6229.973732441841 -21.744139248215525
6412.354795576917 -22.25324903012817
6600.075022827095 -22.77119607689922
6793.290717006696 -23.298083748260535
6992.162756659375 -23.833999894418653
7196.856730011514 -24.37901473180673
7407.543072847163 -24.933178757932883
7624.397210419138 -25.496520723927745
7847.5997035146065 -26.069045683087015
8077.3363987967105 -26.650733133362
8313.798583547334 -27.241535271247677
8557.183144940002 -27.841375374079593
8807.692733975462 -28.450146327153853
9065.53593421636 -29.06770931145019
9330.927435461663 -29.69389266702919
9604.08821250538 -30.328490946287744
9885.24570912827 -30.971264170351347
10174.634027476064 -31.621937300656477
10472.494122981476 -32.28019993652524
10779.074004992735 -32.9457062479945
11094.628943275218 -33.61807515136089
11419.421680558647 -34.296890733021115
11753.722651306367 -34.9817029249332
12097.810206889013 -35.67202843257287
12451.97084735032 -36.3673519137529
12816.499459957597 -37.067127403742376
13191.699564735716 -37.7707799793362
13577.883567189278 -38.47770765148191
13975.373018422924 -39.187283473058656
14384.498882876629 -39.898857845526244
14805.6018138991 -40.611761005247
15239.032437388305 -41.32530566776808
15685.151643735446 -42.03878980593551
16144.330888316019 -42.75149953574008
16616.952500776908 -43.46271208217412
17103.41000337838 -44.17169879625909
17604.108438655527 -44.87772819376219
18119.46470667122 -45.58006898591017
18649.907912142942 -46.277993072945385
19195.87972173111 -46.97077847215395
19757.834731786996 -47.6577121535291
20336.2408468667 -48.33809275806512
20931.579669325736 -49.01123317601426
21544.346900318822 -49.67646296510266
22175.052752539294 -50.33313059162141
22824.222375040976 -50.98060548053975
23492.396290496577 -51.61827986399742
24180.13084525718 -52.24557042090113
24887.998672586673 -52.86191970373474
25616.589169457267 -53.466797351776805
26366.508987303554 -54.05970109313873
27138.3825371428 -54.64015754073914
27932.85250948253 -55.20772279002906
28750.580409448772 -55.761982828507996
29592.247107579577 -56.302553769060545
30458.55340674284 -56.82908192080521
31350.220625651124 -57.34124371238556
32267.991199458116 -57.83874548369884
33212.62929793748 -58.32132316260829
34184.92146175927 -58.78874184358528
35185.677257392665 -59.240795285287184
36215.72995118075 -59.67730534386583
37275.93720314938 -60.09812135838058
38367.18178112649 -60.5031195041477
39490.37229576694 -60.892202128933015
40646.44395709628 -61.26529708615424
41836.359353200234 -61.622357078056844
43061.10925171165 -61.96335902081155
44321.713424760856 -62.28830344224295
45619.221498074585 -62.59721392162802
46954.71382493421 -62.890136579797826
48329.30238571752 -63.16713962637278
49744.13171377451 -63.42831296967278
51200.37984840882 -63.67376789357289
52699.259315756564 -63.90363680413206
54242.01813838024 -64.11807304753967
55829.94087441914 -64.3172507996107
57464.34968715974 -64.50136502567625
59146.605445917456 -64.67063150839101
60878.108859147556 -64.82528693964885
62660.30164072656 -64.96558907149607
64494.667710376205 -65.09181691949883
66382.73442923075 -65.20427101084357
68326.07387157406 -65.30327366795937
70326.30413380644 -65.3891693173642
72385.09068173247 -65.4623248119604
74504.14773728917 -65.52312975392739
76685.2397058701 -65.57199680419535
78930.18264543568 -65.6093619632738
81240.84577862974 -65.63568480745285
83619.15304916317 -65.65144866328325
86067.08472376158 -65.65716070286618
88586.67904100832 -65.65335194165365
91180.03390845681 -65.64057712051533
93849.3086494272 -65.61941445351776
96596.72580093842 -65.59046522338203
99424.57296427398 -65.55435320702345
102335.20470972576 -65.511723914545
105331.04453709359 -65.4632436263835
108414.5868935835 -65.40959821502923
111588.3992507748 -65.35149173973262
114855.12424239368 -65.28964480515151
118217.48186466724 -65.22479267771854
121678.27174109229 -65.15768315675336
125240.3754535072 -65.08907420089632
128906.75894140244 -65.01973131403241
132680.47497147243 -64.95042469941284
136564.66567946097 -64.88192619418527
140562.56518642136 -64.81500600145165
144677.5022915648 -64.75042924069555
148912.90324394088 -64.68895234190026
153272.2945952612 -64.63131931237189
157759.30613623615 -64.57825790907174
162377.67391887208 -64.53047575229111
167131.2433672486 -64.48865641954576
172023.97247935992 -64.4534555602896
177059.9351226898 -64.42549707416592
182243.32442626648 -64.4053693958089
187578.45627201613 -64.39362192983604
193069.77288832495 -64.39076167869253
198721.84654880533 -64.3972501048559
204539.38337933904 -64.41350026680821
210527.22727657072 -64.43987426520302
216690.3639411181 -64.47668103241585
223033.9250288494 -64.52417449434294
229563.19242369095 -64.58255212882429
236283.6026355175 -64.6519539399947
243200.7513267945 -64.73246186230695
250320.39797173254 -64.82409960240126
257648.47065183744 -64.92683292101636
265191.0709918535 -65.04057035143245
272954.4792402007 -65.16516434482773
280945.1594981406 -65.3004128274246
289169.76510202966 -65.44606114902233
297635.14416313195 -65.60180439716177
306348.3452696084 -65.76729004699324
315316.62335543614 -65.94212091261251
324547.44574113254 -66.1258583625243
334048.4983513244 -66.31802575884832
343827.6921143307 -66.51811207829503
353893.1695490984 -66.72557567122556
364253.3115449638 -66.9398481151869
374916.74433988857 -67.16033811885586
385892.3467029899 -67.38643543394805
397189.25732733024 -67.61751473382972
408816.88243912894 -67.85293942008231
420784.9036297398 -68.0920653207862
433103.2859169001 -68.33424424787628
445782.28604197066 -68.57882738436783
458832.461010084 -68.82516847607971
472264.67688029545 -69.07262680681596
486090.117813063 -69.32056993999788
500320.2953825999 -69.56837621397075
514967.0581618343 -69.815436982277
530042.6015879672 -70.06115859419067
545559.4781168514 -70.30496411452039
561530.6076746266 -70.54629478493236
577969.2884153313 -70.78461123248805
594889.2077934331 -71.01939443331956
612304.4539605178 -71.25014644227566
630229.5274956024 -71.47639090082411
648679.3534788508 -71.69767333737401
667669.2939187557 -71.91356127531179
687215.1605431122 -72.12364416469067
707333.2279644439 -72.32753315438825
728040.2472308562 -72.52486072126257
749353.4597735757 -72.71528017326303
771290.6117627992 -72.89846504271637
793869.9688838223 -73.07410838580027
817110.3315457187 -73.24192200334684
841031.0505352605 -73.40163559751001
865652.0431290936 -73.55299587769903
890993.8096776098 -73.69576562846042
917077.4506742931 -73.82972275077873
943924.6843247664 -73.95465928736586
971557.8646301847 -74.07038044146417
1000000.0 -74.17670359761938
