10.0 -0.6378205924402734
10.292747724096083 -0.5702040226879325
10.59406557118851 -0.5023826377762265
10.904204429677526 -0.4343738052570987
11.223422532664179 -0.3661930353147928
11.551985672964793 -0.2978542912777474
11.890167424419898 -0.22937031016789128
12.238249369681931 -0.16075293182349218
12.596521334671401 -0.09201343516158879
12.965281629896682 -0.023162880146777056
13.344837298838383 0.045787545972818706
13.735504373605137 0.11482617966492871
14.137608138073606 0.18394053091397952
14.551483398731937 0.25311693349090564
14.977474763452017 0.32234019749012743
15.415936928422726 0.39159326606023825
15.867234973483178 0.46085687842319645
16.331744666101677 0.5301092414382692
16.80985277425364 0.5993257121531803
17.301957388458945 0.6684784939543411
17.808468253246822 0.7375363491195265
18.329807108324356 0.8064643307399714
18.866408039732583 0.8752235371413571
19.418717841282557 0.9437708920828608
19.987196386572506 1.0120589541202505
20.57231701189556 1.0800357586231215
21.174566910357118 1.1476446959748683
21.794447537529855 1.214824429506548
22.432475028984193 1.2815088566624964
23.089180630041927 1.34762711680425
23.765111138110754 1.4131036488887367
24.46082935796799 1.477858302017214
25.17691457037277 1.541806501528154
25.913963014396586 1.604859472907387
26.672588383874054 1.6669245252705807
27.453422338387142 1.7279053955899224
28.257115029208283 1.7877026541289702
29.08433564064048 1.8462141707604711
29.935772947204903 1.903335640943905
30.812135887140037 1.9589611691841278
31.714154152689986 2.0129839067243487
32.642578797673224 2.0652967391524895
33.59818286283781 2.1157930184464333
34.58176201952381 2.164367332861176
35.594135232168604 2.210916306942726
36.63614544020716 2.2553394228963572
37.708660259934554 2.297539853581838
38.81257270691538 2.3374252965797293
39.9488019395417 2.3749087981100545
41.118294024358306 2.409909555133652
42.322022723792756 2.442353683739554
43.56099030694608 2.472174941959593
44.83622838411908 2.4993153954589773
46.148798765769385 2.523726015147062
47.499794346614124 2.545367196625753
48.890340015614456 2.5642091925361323
50.32159359259993 2.580232450257836
51.7947467923121 2.5934278490150353
53.31102621667033 2.603796832224034
54.87169437608604 2.6113514328149727
56.47805074067555 2.6161141912252575
58.131432822247135 2.618117967746628
59.83321728796288 2.6174056528285643
61.58482110660264 2.6140297807743567
63.38770272838487 2.60805205392891
65.24336329932625 2.5995427859243274
67.15334791115141 2.588580273776981
69.11924688779365 2.575250109588875
71.14269710955735 2.55964444327798
73.22538337604533 2.5418612081506273
75.36903980898542 2.522003321226029
77.57545129612417 2.5001778700458255
79.84645497739086 2.4764952972812746
82.18394177456803 2.4510685937984067
84.58985796574301 2.424012510009871
87.06620680585127 2.3954427943580185
89.61505019466045 2.3654754666740136
92.23851039358476 2.334226132994426
94.9387717927583 2.3018093472076884
97.71808272983904 2.268338023704806
100.57875736205835 2.2339229040306416
103.52317759307378 2.198672079415102
106.55379505623053 2.1626905700285506
109.67313315588179 2.1260799608547645
112.88378916846884 2.088938093239111
116.18843640511002 2.0513588104432303
119.58982643749793 2.013431754925671
123.09079138896018 1.9752422145706259
126.69424629259063 1.9368710147057144
130.40319151841317 1.8983944524644214
134.2207152716012 1.859884269867083
138.14999616383224 1.821407661894441
142.19430585991677 1.7830273158075194
146.357011801908 1.744801478011061
150.64158001295928 1.7067840448552671
155.05157798326255 1.6690246739166656
159.5906776404731 1.631568912475923
164.26265840709303 1.5944583401164196
169.071410347358 1.5577307225888646
174.0209374062485 1.5214201743250497
179.115360743323 1.4855573272186935
184.3589221641488 1.450169503532776
189.75598765218504 1.4152808910275134
195.3110510040631 1.380912718628201
201.02873757128856 1.3470834311689819
206.913808111479 1.3138088619526975
212.97116275234782 1.2811024020553137
219.20584507173257 1.2489751654800187
225.62304629706352 1.2174361494248842
232.22810962777245 1.1864923890746073
239.02653468423918 1.1561491064553195
246.02398208697775 1.12640985300982
253.22627816987946 1.0972766456516174
260.63941983143474 1.0687500961472913
268.26957952797244 1.0408295337550961
276.1231104130753 1.013513121113793
284.2065516274511 0.9867979634352271
292.5266337436645 0.9606802111014975
301.09028437025927 0.9351551558075886
309.9046339199427 0.9102173204252282
318.97702154663216 0.885860542788672
328.3150012563047 0.8620780536249393
337.9263481967431 0.8388625488673773
347.819065131413 0.8162062566022654
358.00138910285807 0.7941009989055623
368.48179829116765 0.7725382488329852
379.26901907322497 0.7515091828255328
390.37203328860926 0.7310047287934688
401.8000857182091 0.711015610137143
413.5626917817706 0.6915323859593697
425.66964546078714 0.6725454877158675
438.13102745333055 0.654045252543659
450.9572135676145 0.6360219534984582
464.15888336127773 0.6184658269215062
477.7470290335773 0.6013670971474511
491.73296457790156 0.5847159987534518
506.1283352022219 0.568502796539114
520.9451270253212 0.5527178034160767
536.1956770568817 0.5373513963752224
551.892683469738 0.522394030688687
568.0492161728429 0.5078362524933628
584.6787276937589 0.4936687098926502
601.7950643797334 0.4798821627032304
619.412477926676 0.46646749096427165
637.5456372456507 0.4534157023178851
656.2096406767555 0.44071793836066914
675.4200285605586 0.42836548005909303
695.1927961775606 0.41634975231319354
715.5444070664574 0.40466232774681316
736.4918067322965 0.39329492979588304
758.0524367559261 0.38223943516016545
780.2442493165045 0.3714878756789999
803.0857221391512 0.3610324396856413
826.5958738801812 0.35086547289090786
850.7942799627444 0.3409794788421511
875.7010888760508 0.33136711899970256
901.3370389517438 0.3220212124696793
927.7234756314059 0.3129347354280993
954.8823692395666 0.3041008202690211
982.8363332770031 0.29551275450596287
1011.6086432495807 0.2871639794540471
1041.2232560483055 0.27904808871725284
1071.7048298967104 0.2711588265037147
1103.078744882215 0.26349008578971417
1135.3711240885177 0.25603590635127876
1168.608855346651 0.24879047268082033
1202.8196136227775 0.24174811180461417
1238.0318840613968 0.23490329101557184
1274.2749857031336 0.22825061553458958
1311.5790958968503 0.221784826112475
1349.9752754264298 0.21550079658344654
1389.4954943731375 0.2093935313803538
1430.172658735088 0.2034581630204907
1472.0406378260013 0.19768994957043967
1515.134292476053 0.19208427209737994
1559.4895040582815 0.1866366321137492
1605.1432043647615 0.18134264902124142
1652.1334063573702 0.17619805755970902
1700.4992358187922 0.17119870526619024
1750.2809639301013 0.1663405499480067
1801.520040802024 0.16161965717459117
1854.2591299878522 0.15703219779094102
1908.542144006686 0.15257444545638935
1964.4142809066266 0.14824277421114185
2021.9220618983536 0.1440336560731259
2081.1133700903947 0.13994365866745256
2142.037490358383 0.1359694428900231
2204.7451503814746 0.13210776060723559
2269.288562880081 0.12835545239282142
2335.7214690901214 0.12470944530321482
2404.0991835099717 0.12116675069223692
2474.47863995735 0.11772446206593316
2546.91843897454 0.11437975297805165
2621.478896621356 0.11112987496680501
2698.222094696536 0.10797215553302637
2777.211932429355 0.10490399615993605
2858.5141796844714 0.10192287037479202
2942.196531724374 0.09902632185208297
3028.3286655749457 0.09621196255843056
3116.9822980411436 0.09347747093885644
3208.2312454210773 0.09082059014416355
3302.1514849681753 0.08823912629912302
3398.8212181526674 0.08573094681111701
3498.320935775036 0.08329397871871214
3600.73348498562 0.0809262070797591
3706.144138266228 0.07862567339843422
3814.640664431178 0.07639047409076229
3926.3134017068355 0.07421875898791411
4041.2553329506004 0.07210872987680392
4159.562163071847 0.07005863907725236
4281.332398719392 0.0680667880551247
4406.667430301786 0.06613152607080612
4535.671616408702 0.06425124886230643
4668.45237070379 0.062424397362301605
4805.1202513612425 0.06064945644851584
4945.789053120639 0.058924953726661185
5090.575902036681 0.05724945834531601
5239.601353002645 0.05562157984200347
5392.98949012887 0.0540399670198705
5550.868030059805 0.05250330685414574
5713.36842831558 0.0510103234278579
5880.625988746757 0.04955977689599176
6052.779976193349 0.04815046247755186
6229.973732441841 0.046781209474783
6412.354795576917 0.04545088031890268
6600.075022827095 0.04415836964176449
6793.290717006696 0.04290260337275397
6992.162756659375 0.04168253786031807
7196.856730011514 0.04049715901752374
7407.543072847163 0.0393454814910244
7624.397210419138 0.03822654785285627
7847.5997035146065 0.03713942781445772
8077.3363987967105 0.036083217462387664
8313.798583547334 0.035057038515124476
8557.183144940002 0.034060037600443745
8807.692733975462 0.03309138555281441
9065.53593421636 0.032150276730291014
9330.927435461663 0.031235928350395795
9604.08821250538 0.030347579844463093
9885.24570912827 0.029484492230018006
10174.634027476064 0.028645947500594283
10472.494122981476 0.02783124803264956
10779.074004992735 0.02703971600903649
11094.628943275218 0.026270692858607392
11419.421680558647 0.025523538711507282
11753.722651306367 0.024797631869754203
12097.810206889013 0.02409236829265547
12451.97084735032 0.023407161096678508
12816.499459957597 0.022741440069383268
13191.699564735716 0.022094651197000416
13577.883567189278 0.021466256205314137
13975.373018422924 0.02085573211347801
14384.498882876629 0.020262570800383673
14805.6018138991 0.01968627858325345
15239.032437388305 0.01912637580812719
15685.151643735446 0.01858239645189535
16144.330888316019 0.018053887735555562
16616.952500776908 0.017540409748407024
17103.41000337838 0.017041535082854838
17604.108438655527 0.01655684847952307
18119.46470667122 0.016085946482416173
18649.907912142942 0.015628437103823452
19195.87972173111 0.015183939498713491
19757.834731786996 0.014752083648320681
20336.2408468667 0.0143325100527103
20931.579669325736 0.013924869432039981
21544.346900318822 0.01352882243627851
22175.052752539294 0.013144039363146912
22824.222375040976 0.01277019988406282
23492.396290496577 0.012406992777834617
24180.13084525718 0.012054115671917642
24887.998672586673 0.011711274790998243
25616.589169457267 0.011378184712710768
26366.508987303554 0.011054568130281023
27138.3825371428 0.010740155621902928
27932.85250948253 0.010434685426661303
28750.580409448772 0.01013790322680259
29592.247107579577 0.009849561936196276
30458.55340674284 0.009569421494792901
31350.220625651124 0.00929724866891641
32267.991199458116 0.009032816857231023
33212.62929793748 0.008775905902209613
34184.92146175927 0.008526301906960644
35185.677257392665 0.008283797057255321
36215.72995118075 0.008048189448604371
37275.93720314938 0.007819282918257564
38367.18178112649 0.007596886881960844
39490.37229576694 0.007380816175360352
40646.44395709628 0.007170890899909475
41836.359353200234 0.0069669362731509836
43061.10925171165 0.0067687824832566605
44321.713424760856 0.006576264547698517
45619.221498074585 0.0063892221759326295
46954.71382493421 0.006207499635991243
48329.30238571752 0.006030945624862525
49744.13171377451 0.005859413142553258
51200.37984840882 0.00569275936973111
52699.259315756564 0.005530845548845015
54242.01813838024 0.005373536868630144
55829.94087441914 0.005220702351881518
57464.34968715974 0.00507221474643297
59146.605445917456 0.004927950419225909
60878.108859147556 0.004787789253392369
62660.30164072656 0.004651614548264204
64494.667710376205 0.004519312922221742
66382.73442923075 0.00439077421831036
68326.07387157406 0.004265891412534088
70326.30413380644 0.0041445605247593794
72385.09068173247 0.004026680532152745
74504.14773728917 0.003912153285078137
76685.2397058701 0.0038008834253856626
78930.18264543568 0.0036927783070238684
81240.84577862974 0.0035877479189110506
83619.15304916317 0.003485704809995581
86067.08472376158 0.003386564016450899
88586.67904100832 0.003290242990938812
91180.03390845681 0.0031966615338857537
93849.3086494272 0.0031057417267101647
96596.72580093842 0.0030174078669527667
99424.57296427398 0.0029315864052485087
102335.20470972576 0.0028482058840916076
105331.04453709359 0.002767196878341782
108414.5868935835 0.0026884919374233654
111588.3992507748 0.0026120255291675804
114855.12424239368 0.002537733985250447
118217.48186466724 0.0024655554481840905
121678.27174109229 0.00239542981981534
125240.3754535072 0.0023272987112876453
128906.75894140244 0.002261105394427871
132680.47497147243 0.002196794754514034
136564.66567946097 0.0021343132443867358
140562.56518642136 0.0020736088398668573
144677.5022915648 0.002014630996438572
148912.90324394088 0.001957330607166811
153272.2945952612 0.0019016599618099659
157759.30613623615 0.0018475727070969181
162377.67391887208 0.0017950238081314745
167131.2433672486 0.0017439695108966778
172023.97247935992 0.0016943673058248336
177059.9351226898 0.0016461758924025205
182243.32442626648 0.0015993551447842924
187578.45627201613 0.0015538660783822884
193069.77288832495 0.0015096708174077217
198721.84654880533 0.001466732563334129
204539.38337933904 0.0014250155642586849
210527.22727657072 0.0013844850851341256
216690.3639411181 0.0013451073788479644
223033.9250288494 0.0013068496581233506
229563.19242369095 0.0012696800682201123
236283.6026355175 0.001233567660411778
243200.7513267945 0.001198482366215689
250320.39797173254 0.0011643949723594204
257648.47065183744 0.0011312770964549493
265191.0709918535 0.0010991011633680419
272954.4792402007 0.0010678403822576507
280945.1594981406 0.0010374687242696312
289169.76510202966 0.0010079609008641626
297635.14416313195 0.0009792923427597298
306348.3452696084 0.0009514391794763793
315316.62335543614 0.0009243782194598887
324547.44574113254 0.0008980869307718752
334048.4983513244 0.0008725434223296345
343827.6921143307 0.0008477264256782514
353893.1695490984 0.0008236152772821979
364253.3115449638 0.0008001899013199373
374916.74433988857 0.0007774307929685315
385892.3467029899 0.0007553190021629341
397189.25732733024 0.0007338361178177323
408816.88243912894 0.0007129642524975278
420784.9036297398 0.0006926860275230002
433103.2859169001 0.0006729845585011066
445782.28604197066 0.0006538434412666794
458832.461010084 0.0006352467382233968
472264.67688029545 0.0006171789650736737
486090.117813063 0.000599625077926439
500320.2953825999 0.0005825704607700109
514967.0581618343 0.0005660009133035827
530042.6015879672 0.0005499026391126599
545559.4781168514 0.0005342622341818946
561530.6076746266 0.0005190666757346764
577969.2884153313 0.0005043033113896172
594889.2077934331 0.0004899598486258156
612304.4539605178 0.0004760243445479461
630229.5274956024 0.0004624851959417703
648679.3534788508 0.00044933112961299674
667669.2939187557 0.0004365511930011223
687215.1605431122 0.0004241347450596596
707333.2279644439 0.0004120714473959303
728040.2472308562 0.00040035125566316394
749353.4597735757 0.00038896441119736164
771290.6117627992 0.0003779014328913638
793869.9688838223 0.0003671531093010776
817110.3315457187 0.00035671049097534615
841031.0505352605 0.00034656488300448734
865652.0431290936 0.00033670783778052665
890993.8096776098 0.00032713114796352715
917077.4506742931 0.00031782683964756947
943924.6843247664 0.00030878716572182844
971557.8646301847 0.00030000459941962226
1000000.0 0.0002914718280515906
10.0 -1.7488674612231403
10.292747724096083 -1.7993933751628541
10.59406557118851 -1.851338269369272
10.904204429677526 -1.9047383354435459
11.223422532664179 -1.959630354698132
11.551985672964793 -2.0160516750473003
11.890167424419898 -2.074040183888064
12.238249369681931 -2.1336342765994676
12.596521334671401 -2.194872820262206
12.965281629896682 -2.2577951121712068
13.344837298838383 -2.3224408326848383
13.735504373605137 -2.3888499919243324
14.137608138073606 -2.457062869803822
14.551483398731937 -2.52711994884028
14.977474763452017 -2.599061839158231
15.415936928422726 -2.6729291950713328
15.867234973483178 -2.748762622587428
16.331744666101677 -2.826602577150899
16.80985277425364 -2.906489250902226
17.301957388458945 -2.9884624487022
17.808468253246822 -3.072561452137701
18.329807108324356 -3.1588248706965656
18.866408039732583 -3.24729047927494
19.418717841282557 -3.3379950411574795
19.987196386572506 -3.4309741155954065
20.57231701189556 -3.5262618490962607
21.174566910357118 -3.6238907495366166
21.794447537529855 -3.7238914422159977
22.432475028984193 -3.8262924069854227
23.089180630041927 -3.931119695615358
23.765111138110754 -4.038396628610578
24.46082935796799 -4.1481434707415055
25.17691457037277 -4.260377084640202
25.913963014396586 -4.375110561913061
26.672588383874054 -4.492352831347279
27.453422338387142 -4.612108243942456
28.257115029208283 -4.734376134683545
29.08433564064048 -4.859150361188674
29.935772947204903 -4.986418819618809
30.812135887140037 -5.11616293853052
31.714154152689986 -5.248357151687521
32.642578797673224 -5.382968351227312
33.59818286283781 -5.519955323003123
34.58176201952381 -5.659268166398574
35.594135232168604 -5.8008477014307065
36.63614544020716 -5.944624866530838
37.708660259934554 -6.090520111007092
38.81257270691538 -6.238442786856017
39.9488019395417 -6.388290545287335
41.118294024358306 -6.539948744062839
42.322022723792756 -6.693289872505722
43.56099030694608 -6.848173001808548
44.83622838411908 -7.004443269041327
46.148798765769385 -7.161931404014735
47.499794346614124 -7.320453308879393
48.890340015614456 -7.479809701003118
50.32159359259993 -7.6397858302598625
51.7947467923121 -7.8001512823373895
53.31102621667033 -7.960659880019579
54.87169437608604 -8.121049694572795
56.47805074067555 -8.281043179349656
58.131432822247135 -8.44034743747434
59.83321728796288 -8.59865463496908
61.58482110660264 -8.75564256989
63.38770272838487 -8.910975406938213
65.24336329932625 -9.06430458558551
67.15334791115141 -9.215269907979966
69.11924688779365 -9.363500810788425
71.14269710955735 -9.508617822677403
73.22538337604533 -9.650234206368912
75.36903980898542 -9.787957781145353
77.57545129612417 -9.921392918376197
79.84645497739086 -10.050142699140517
82.18394177456803 -10.173811219411718
84.58985796574301 -10.292006024611247
87.06620680585127 -10.404340651743942
89.61505019466045 -10.510437253880573
92.23851039358476 -10.609929278564998
94.9387717927583 -10.702464168904012
97.71808272983904 -10.787706053753222
100.57875736205835 -10.865338391625201
103.52317759307378 -10.935066531833122
106.55379505623053 -10.996620155992886
109.67313315588179 -11.04975556339986
112.88378916846884 -11.094257765010894
116.18843640511002 -11.129942352802624
119.58982643749793 -11.156657114114015
123.09079138896018 -11.17428336418124
126.69424629259063 -11.182736974357889
130.40319151841317 -11.181969078378625
134.2207152716012 -11.17196644436548
138.14999616383224 -11.152751505939543
142.19430585991677 -11.124382051650645
146.357011801908 -11.08695057781346
150.64158001295928 -11.040583315577543
155.05157798326255 -10.985438948523974
159.5906776404731 -10.921707042107212
164.26265840709303 -10.849606210755725
169.071410347358 -10.769382052262525
174.0209374062485 -10.681304882195514
179.115360743323 -10.58566730334933
184.3589221641488 -10.48278164673758
189.75598765218504 -10.372977321273046
195.3110510040631 -10.256598109128095
201.02873757128856 -10.13399944286748
206.913808111479 -10.00554569883712
212.97116275234782 -9.871607539101504
219.20584507173257 -9.732559331500322
225.62304629706352 -9.588776674276826
232.22810962777245 -9.440634048305709
239.02653468423918 -9.288502616331646
246.02398208697775 -9.132748184915227
253.22627816987946 -8.973729341074868
260.63941983143474 -8.811795771995419
268.26957952797244 -8.64728677271102
276.1231104130753 -8.480529943440054
284.2065516274511 -8.311840075291538
292.5266337436645 -8.141518220414799
301.09028437025927 -7.969850940353684
309.9046339199427 -7.797109724406644
318.97702154663216 -7.6235505681802795
328.3150012563047 -7.449413701265945
337.9263481967431 -7.274923452033948
347.819065131413 -7.10028823692303
358.00138910285807 -6.925700661276387
368.48179829116765 -6.751337718704466
379.26901907322497 -6.577361076122219
390.37203328860926 -6.403917431972935
401.8000857182091 -6.231138935683751
413.5626917817706 -6.059143657072723
425.66964546078714 -5.88803609520534
438.13102745333055 -5.717907717060361
450.9572135676145 -5.548837517275737
464.15888336127773 -5.38089259118427
477.7470290335773 -5.214128714295449
491.73296457790156 -5.0485909223041
506.1283352022219 -4.884314086608415
520.9451270253212 -4.721323481165045
536.1956770568817 -4.559635337298141
551.892683469738 -4.399257383802005
568.0492161728429 -4.240189370320547
584.6787276937589 -4.082423572554404
601.7950643797334 -3.925945278331922
619.412477926676 -3.7707332539867995
637.5456372456507 -3.616760190815666
656.2096406767555 -3.4639931316482597
675.4200285605586 -3.312393877755474
695.1927961775606 -3.1619193764600184
715.5444070664574 -3.012522089899228
736.4918067322965 -2.8641503454441657
758.0524367559261 -2.7167486682948363
780.2442493165045 -2.570258096775181
803.0857221391512 -2.4246164808369297
826.5958738801812 -2.2797587642745274
850.7942799627444 -2.135617251137988
875.7010888760508 -1.9921218568420944
901.3370389517438 -1.8492003444817176
927.7234756314059 -1.7067785469124126
954.8823692395666 -1.5647805752088186
982.8363332770031 -1.4231290142047817
1011.6086432495807 -1.2817451059189222
1041.2232560483055 -1.1405489218030704
1071.7048298967104 -0.9994595248843052
1103.078744882215 -0.8583951230285867
1135.3711240885177 -0.7172732147149188
1168.608855346651 -0.5760107288614998
1202.8196136227775 -0.43452416041080544
1238.0318840613968 -0.29272970350811506
1274.2749857031336 -0.15054338424724933
1311.5790958968503 -0.007881195049682238
1349.9752754264298 0.1353407671764071
1389.4954943731375 0.27920615691205536
1430.172658735088 0.42379822773718495
1472.0406378260013 0.5691996697081939
1515.134292476053 0.7154924342933584
1559.4895040582815 0.8627575448604352
1605.1432043647615 1.0110748908492986
1652.1334063573702 1.1605230039285224
1700.4992358187922 1.311178814632726
1750.2809639301013 1.4631173882153534
1801.520040802024 1.6164116386805267
1854.2591299878522 1.7711320202429166
1908.542144006686 1.927346195722388
1964.4142809066266 2.0851186816695324
2021.9220618983536 2.244510470290557
2081.1133700903947 2.405578628515294
2142.037490358383 2.5683758748024568
2204.7451503814746 2.7329501345232683
2269.288562880081 2.8993440749746924
2335.7214690901214 3.067594621272104
2404.0991835099717 3.2377324545368906
2474.47863995735 3.4097814939371696
2546.91843897454 3.583758364268264
2621.478896621356 3.7596718508539166
2698.222094696536 3.9375223436581845
2777.211932429355 4.117301272583832
2858.5141796844714 4.298990536050024
2942.196531724374 4.482561925053932
3028.3286655749457 4.667976545108426
3116.9822980411436 4.855184238629406
3208.2312454210773 5.04412301065226
3302.1514849681753 5.234718461061104
3398.8212181526674 5.4268832269692435
3498.320935775036 5.620516439362192
3600.73348498562 5.815503198733313
3706.144138266228 6.011714075079538
3814.640664431178 6.209004638404281
3926.3134017068355 6.407215026638161
4041.2553329506004 6.606169558770044
4159.562163071847 6.805676401812647
4281.332398719392 7.005527301086894
4406.667430301786 7.20549738410975
4535.671616408702 7.405345049087613
4668.45237070379 7.6048119496060025
4805.1202513612425 7.803623087545046
4945.789053120639 8.00148702646828
5090.575902036681 8.198096237704485
5239.601353002645 8.393127591039038
5392.98949012887 8.586243001284876
5550.868030059805 8.777090241043563
5713.36842831558 8.965303928582374
5880.625988746757 9.150506698047355
6052.779976193349 9.33231055706718
6229.973732441841 9.510318434335238
6412.354795576917 9.684125916853352
6600.075022827095 9.853323173365041
6793.290717006696 10.017497057009134
6992.162756659375 10.176233376578727
7196.856730011514 10.329119321930431
7407.543072847163 10.475746025242803
7624.397210419138 10.615711236007025
7847.5997035146065 10.748622083960322
8077.3363987967105 10.87409790081269
8313.798583547334 10.991773068562669
8557.183144940002 11.101299859714661
8807.692733975462 11.202351232741258
9065.53593421636 11.294623544895494
9330.927435461663 11.377839143980491
9604.08821250538 11.45174880098364
9885.24570912827 11.516133946645283
10174.634027476064 11.570808677044964
10472.494122981476 11.615621496130682
10779.074004992735 11.650456766721838
11094.628943275218 11.67523584589272
11419.421680558647 11.68991788557282
11753.722651306367 11.69450028466983
12097.810206889013 11.68901878481736
12451.97084735032 11.67354720787625
12816.499459957597 11.64819683939501
13191.699564735716 11.613115468163178
13577.883567189278 11.568486097722575
13975.373018422924 11.514525350946533
14384.498882876629 11.451481593569651
14805.6018138991 11.379632806585803
15239.032437388305 11.299284240856073
15685.151643735446 11.210765889714834
16144.330888316019 11.114429817157614
16616.952500776908 11.010647379982515
17103.41000337838 10.899806382331496
17604.108438655527 10.782308200309332
18119.46470667122 10.658564912874873
18649.907912142942 10.52899647309602
19195.87972173111 10.394027951177332
19757.834731786996 10.25408687759995
20336.2408468667 10.109600711224351
20931.579669325736 9.96099445358688
21544.346900318822 9.808688426813477
22175.052752539294 9.6530962287932
22824.222375040976 9.494622875504316
23492.396290496577 9.333663136840968
24180.13084525718 9.170600068906909
24887.998672586673 9.005803742671134
25616.589169457267 8.839630166115612
26366.508987303554 8.672420394558028
27138.3825371428 8.504499821773395
27932.85250948253 8.336177642796288
28750.580409448772 8.167746477936493
29592.247107579577 7.999482146495011
30458.55340674284 7.831643577939086
31350.220625651124 7.664472847894847
32267.991199458116 7.4981953260998555
33212.62929793748 7.333019923560474
34184.92146175927 7.169139426372479
35185.677257392665 7.006730904101471
36215.72995118075 6.84595618115125
37275.93720314938 6.68696236021205
38367.18178112649 6.529882387583425
39490.37229576694 6.374835650969052
40646.44395709628 6.221928601114643
41836.359353200234 6.071255389508124
43061.10925171165 5.922898515145388
44321.713424760856 5.776929474174921
45619.221498074585 5.63340940698334
46954.71382493421 5.492389738030081
48329.30238571752 5.35391280440155
49744.13171377451 5.218012469706239
51200.37984840882 5.084714720516642
52699.259315756564 4.954038243091575
54242.01813838024 4.825994978608423
55829.94087441914 4.700590655563014
57464.34968715974 4.57782529838034
59146.605445917456 4.457693711626591
60878.108859147556 4.34018593950191
62660.30164072656 4.225287700555479
64494.667710376205 4.11298079778271
66382.73442923075 4.003243504440502
68326.07387157406 3.896050926093053
70326.30413380644 3.791375339490444
72385.09068173247 3.689186509020775
74504.14773728917 3.5894519815270547
76685.2397058701 3.492137360351622
78930.18264543568 3.397206559509862
81240.84577862974 3.304622038921341
83619.15304916317 3.214345021640626
86067.08472376158 3.126335694033859
88586.67904100832 3.0405533898416004
91180.03390845681 2.9569567590542922
93849.3086494272 2.875503922507515
96596.72580093842 2.7961526130816425
99424.57296427398 2.7188603043604136
102335.20470972576 2.643584327569731
105331.04453709359 2.5702819775912014
108414.5868935835 2.498910608802512
111588.3992507748 2.429427721466308
114855.12424239368 2.361791039348127
118217.48186466724 2.295958579215409
121678.27174109229 2.231888712823914
125240.3754535072 2.169540221970716
128906.75894140244 2.1088723471539472
132680.47497147243 2.0498448303503256
136564.66567946097 1.9924179523799408
140562.56518642136 1.9365525653132873
144677.5022915648 1.882210120326038
148912.90324394088 1.8293526913950873
153272.2945952612 1.777942995193238
157759.30613623615 1.727944407519487
162377.67391887208 1.6793209765712782
167131.2433672486 1.6320374333524703
172023.97247935992 1.586059199477436
177059.9351226898 1.5413523926226549
182243.32442626648 1.4978838298491377
187578.45627201613 1.4556210290090836
193069.77288832495 1.4145322084270149
198721.84654880533 1.374586285035429
204539.38337933904 1.3357528711272622
210527.22727657072 1.2980022698765754
216690.3639411181 1.2613054697638784
223033.9250288494 1.225634138033651
229563.19242369095 1.19096061329923
236283.6026355175 1.1572578974001622
243200.7513267945 1.124499646610293
250320.39797173254 1.0926601622828398
257648.47065183744 1.0617143810137761
265191.0709918535 1.0316378643965227
272954.4792402007 1.0024067884345211
280945.1594981406 0.9739979326714616
289169.76510202966 0.9463886690941139
297635.14416313195 0.9195569508572005
306348.3452696084 0.8934813008755893
315316.62335543614 0.8681408003229832
324547.44574113254 0.8435150770741875
334048.4983513244 0.8195842941231828
343827.6921143307 0.7963291380068492
353893.1695490984 0.773730807259293
364253.3115449638 0.7517710009211016
374916.74433988857 0.7304319071238288
385892.3467029899 0.7096961917678924
397189.25732733024 0.6895469873101444
408816.88243912894 0.6699678816753247
420784.9036297398 0.6509429073038664
433103.2859169001 0.632456530346489
445782.28604197066 0.6144936400152532
458832.461010084 0.5970395380985308
472264.67688029545 0.5800799286469142
486090.117813063 0.5636009078358444
500320.2953825999 0.5475889540087177
514967.0581618343 0.5320309179047467
530042.6015879672 0.5169140130747124
545559.4781168514 0.5022258064856399
561530.6076746266 0.48795420931703176
577969.2884153313 0.47408746794855944
594889.2077934331 0.4606141551400479
612304.4539605178 0.44752316140344967
630229.5274956024 0.4348036865658263
648679.3534788508 0.422445231523266
667669.2939187557 0.410437590183104
687215.1605431122 0.39877084159425424
707333.2279644439 0.38743534226234433
728040.2472308562 0.37642171864895946
749353.4597735757 0.3657208598512786
771290.6117627992 0.3553239104608037
793869.9688838223 0.3452222635978027
817110.3315457187 0.33540755411900536
841031.0505352605 0.3258716519956078
865652.0431290936 0.3166066558587145
890993.8096776098 0.3076048867089815
917077.4506742931 0.29885888178765063
943924.6843247664 0.29036138860570243
971557.8646301847 0.2821053591278487
1000000.0 0.27408394410843595
