10.0 -0.1724498204104214
10.292747724096083 -0.17749814005690764
10.59406557118851 -0.18269423820282127
10.904204429677526 -0.18804244013420393
11.223422532664179 -0.19354719767786122
11.551985672964793 -0.19921309289850217
11.890167424419898 -0.20504484190344524
12.238249369681931 -0.21104729875797634
12.596521334671401 -0.21722545951454428
12.965281629896682 -0.22358446635906207
13.344837298838383 -0.2301296118776417
13.735504373605137 -0.23686634344722043
14.137608138073606 -0.24380026775362545
14.551483398731937 -0.2509371554406643
14.977474763452017 -0.2582829458940253
15.415936928422726 -0.2658437521637532
15.867234973483178 -0.2736258660292891
16.331744666101677 -0.2816357632110579
16.80985277425364 -0.2898801087327523
17.301957388458945 -0.2983657624385846
17.808468253246822 -0.3070997846698106
18.329807108324356 -0.316089442105023
18.866408039732583 -0.3253422137687856
19.418717841282557 -0.33486579721327936
19.987196386572506 -0.3446681148778017
20.57231701189556 -0.3547573206309985
21.174566910357118 -0.36514180650089473
21.794447537529855 -0.37583020959791297
22.432475028984193 -0.3868314192360943
23.089180630041927 -0.3981545842579869
23.765111138110754 -0.40980912056870017
24.46082935796799 -0.421804718884789
25.17691457037277 -0.43415135270373795
25.913963014396586 -0.44685928649989154
26.672588383874054 -0.45993908415295714
27.453422338387142 -0.4734016176151103
28.257115029208283 -0.48725807582300684
29.08433564064048 -0.5015199738610788
29.935772947204903 -0.5161991623826072
30.812135887140037 -0.5313078372951648
31.714154152689986 -0.5468585497171152
32.642578797673224 -0.5628642162120854
33.59818286283781 -0.5793381293081802
34.58176201952381 -0.5962939683090884
35.594135232168604 -0.6137458104040868
36.63614544020716 -0.6317081420841556
37.708660259934554 -0.6501958708714786
38.81257270691538 -0.6692243373695576
39.9488019395417 -0.6888093276413353
41.118294024358306 -0.7089670859228046
42.322022723792756 -0.7297143276793123
43.56099030694608 -0.7510682530121484
44.83622838411908 -0.7730465604227443
46.148798765769385 -0.7956674609418483
47.499794346614124 -0.818949692630947
48.890340015614456 -0.8429125354632093
50.32159359259993 -0.8675758265910046
51.7947467923121 -0.892959976006977
53.31102621667033 -0.9190859826054267
54.87169437608604 -0.9459754506506167
56.47805074067555 -0.9736506066581997
58.131432822247135 -1.002134316695911
59.83321728796288 -1.0314501041089819
61.58482110660264 -1.0616221676756814
63.38770272838487 -1.092675400197627
65.24336329932625 -1.1246354075290352
67.15334791115141 -1.1575285280487229
69.11924688779365 -1.191381852577475
71.14269710955735 -1.226223244743168
73.22538337604533 -1.262081361794744
75.36903980898542 -1.29898567586536
77.57545129612417 -1.336966495683965
79.84645497739086 -1.3760549887332287
82.18394177456803 -1.4162832038503919
84.58985796574301 -1.4576840942664262
87.06620680585127 -1.5002915410768214
89.61505019466045 -1.5441403771357698
92.23851039358476 -1.5892664113636428
94.9387717927583 -1.6357064534549854
97.71808272983904 -1.6834983389727196
100.57875736205835 -1.7326809548105095
103.52317759307378 -1.78329426500358
106.55379505623053 -1.8353793368640663
109.67313315588179 -1.8889783674146188
112.88378916846884 -1.9441347100891901
116.18843640511002 -2.0008929016669414
119.58982643749793 -2.0592986894001273
123.09079138896018 -2.1193990582924274
126.69424629259063 -2.181242258478813
130.40319151841317 -2.24487783265292
134.2207152716012 -2.310356643481198
138.14999616383224 -2.3777309009373906
142.19430585991677 -2.4470541894832487
146.357011801908 -2.518381495014263
150.64158001295928 -2.5917692314809186
155.05157798326255 -2.6672752670869806
159.5906776404731 -2.7449589499575864
164.26265840709303 -2.8248811331589168
169.071410347358 -2.907104198941158
174.0209374062485 -2.9916920820642194
179.115360743323 -3.078710292053722
184.3589221641488 -3.168225934220648
189.75598765218504 -3.260307729264604
195.3110510040631 -3.3550260312643543
201.02873757128856 -3.452452843843236
206.913808111479 -3.552661834279809
212.97116275234782 -3.65572834531387
219.20584507173257 -3.7617294043791754
225.62304629706352 -3.870743729971464
232.22810962777245 -3.982851734837237
239.02653468423918 -4.098135525644292
246.02398208697775 -4.2166788987667445
253.22627816987946 -4.338567331790498
260.63941983143474 -4.46388797031175
268.26957952797244 -4.59272960957004
276.1231104130753 -4.725182670419761
284.2065516274511 -4.861339169106598
292.5266337436645 -5.001292680273845
301.09028437025927 -5.145138292578296
309.9046339199427 -5.292972556249032
318.97702154663216 -5.444893421870046
328.3150012563047 -5.601000169613448
337.9263481967431 -5.7613933280912155
347.819065131413 -5.92617458193156
358.00138910285807 -6.095446667119033
368.48179829116765 -6.2693132530688915
379.26901907322497 -6.447878810331831
390.37203328860926 -6.631248462748126
401.8000857182091 -6.819527822793641
413.5626917817706 -7.012822808774942
425.66964546078714 -7.21123944245131
438.13102745333055 -7.414883625577665
450.9572135676145 -7.623860893781342
464.15888336127773 -7.838276146107916
477.7470290335773 -8.058233348498769
491.73296457790156 -8.283835209396141
506.1283352022219 -8.51518282561946
520.9451270253212 -8.752375296610895
536.1956770568817 -8.995509305126614
551.892683469738 -9.244678662442594
568.0492161728429 -9.49997381616372
584.6787276937589 -9.76148131877542
601.7950643797334 -10.029283255151539
619.412477926676 -10.303456627356889
637.5456372456507 -10.58407269523757
656.2096406767555 -10.87119627149984
675.4200285605586 -11.164884970235464
695.1927961775606 -11.46518840815986
715.5444070664574 -11.77214735820448
736.4918067322965 -12.085792855530244
758.0524367559261 -12.406145256530062
780.2442493165045 -12.733213251952002
803.0857221391512 -13.066992835903056
826.5958738801812 -13.407466233198347
850.7942799627444 -13.754600788285975
875.7010888760508 -14.108347819814565
901.3370389517438 -14.468641445805323
927.7234756314059 -14.835397385344168
954.8823692395666 -15.208511743713904
982.8363332770031 -15.587859788928858
1011.6086432495807 -15.973294728706449
1041.2232560483055 -16.36464649799564
1071.7048298967104 -16.76172056826726
1103.078744882215 -17.16429679083163
1135.3711240885177 -17.572128287463517
1168.608855346651 -17.984940402564273
1202.8196136227775 -18.402429731938923
1238.0318840613968 -18.82426324398944
1274.2749857031336 -19.25007750969484
1311.5790958968503 -19.67947805812408
1349.9752754264298 -20.112038874391214
1389.4954943731375 -20.54730205687191
1430.172658735088 -20.98477765013624
1472.0406378260013 -21.423943669387473
1515.134292476053 -21.864246331215604
1559.4895040582815 -22.30510050416201
1605.1432043647615 -22.745890390942343
1652.1334063573702 -23.185970452202884
1700.4992358187922 -23.624666579391146
1750.2809639301013 -24.06127752173589
1801.520040802024 -24.495076569499293
1854.2591299878522 -24.925313492608524
1908.542144006686 -25.35121673056955
1964.4142809066266 -25.771995826269187
2021.9220618983536 -26.186844092946934
2081.1133700903947 -26.594941500343676
2142.037490358383 -26.99545776289493
2204.7451503814746 -27.387555609881204
2269.288562880081 -27.770394214784844
2335.7214690901214 -28.14313275875706
2404.0991835099717 -28.504934101157573
2474.47863995735 -28.854968528617416
2546.91843897454 -29.192417553022995
2621.478896621356 -29.516477728257573
2698.222094696536 -29.82636445543808
2777.211932429355 -30.121315746759176
2858.5141796844714 -30.40059591885846
2942.196531724374 -30.663499187801985
3028.3286655749457 -30.90935313932142
3116.9822980411436 -31.13752204971843
3208.2312454210773 -31.347410034867444
3302.1514849681753 -31.538464006872605
3398.8212181526674 -31.710176420154774
3498.320935775036 -31.86208779095187
3600.73348498562 -31.993788976387005
3706.144138266228 -32.10492320133168
3814.640664431178 -32.19518782323154
3926.3134017068355 -32.26433582685714
4041.2553329506004 -32.312177042566525
4159.562163071847 -32.338579083137354
4281.332398719392 -32.343467995545815
4406.667430301786 -32.32682862526766
4535.671616408702 -32.28870469178712
4668.45237070379 -32.22919857505006
4805.1202513612425 -32.14847081364808
4945.789053120639 -32.04673931658969
5090.575902036681 -31.924278291667022
5239.601353002645 -31.781416894678834
5392.98949012887 -31.61853760515773
5550.868030059805 -31.43607433580016
5713.36842831558 -31.234510284497112
5880.625988746757 -31.01437553973489
6052.779976193349 -30.77624445214071
6229.973732441841 -30.520732787070777
6412.354795576917 -30.248494675332125
6600.075022827095 -29.96021938134687
6793.290717006696 -29.6566279102457
6992.162756659375 -29.338469477454254
7196.856730011514 -29.006517866239882
7407.543072847163 -28.661567700356027
7624.397210419138 -28.304430660279145
7847.5997035146065 -27.9359316725379
8077.3363987967105 -27.556905102222597
8313.798583547334 -27.16819097890313
8557.183144940002 -26.77063128585632
8807.692733975462 -26.36506634169102
9065.53593421636 -25.952331302176987
9330.927435461663 -25.53325280835077
9604.08821250538 -25.108645804819627
9885.24570912827 -24.67931054967631
10174.634027476064 -24.24602983461392
10472.494122981476 -23.80956643077924
10779.074004992735 -23.37066077268255
11094.628943275218 -22.93002888917687
11419.421680558647 -22.488360587201466
11753.722651306367 -22.04631789072871
12097.810206889013 -21.6045337342222
12451.97084735032 -21.16361090696875
12816.499459957597 -20.724121241943443
13191.699564735716 -20.286605040433518
13577.883567189278 -19.85157072152332
13975.373018422924 -19.419494683749033
14384.498882876629 -18.990821364765722
14805.6018138991 -18.565963483745087
15239.032437388305 -18.145302450422005
15685.151643735446 -17.729188924218168
16144.330888316019 -17.317943506670733
16616.952500776908 -16.911857550457334
17103.41000337838 -16.51119406860354
17604.108438655527 -16.116188727957173
18119.46470667122 -15.72705091168324
18649.907912142942 -15.343964836335244
19195.87972173111 -14.9670907099774
19757.834731786996 -14.5965659188173
20336.2408468667 -14.232506230857473
20931.579669325736 -13.875007006139315
21544.346900318822 -13.524144404232716
22175.052752539294 -13.1799765806869
22824.222375040976 -12.84254486519501
23492.396290496577 -12.511874915221245
24180.13084525718 -12.187977839785333
24887.998672586673 -11.8708512889882
25616.589169457267 -11.560480505688881
26366.508987303554 -11.25683933650184
27138.3825371428 -10.959891199977674
27932.85250948253 -10.669590010454678
28750.580409448772 -10.38588105662663
29592.247107579577 -10.108701834366796
30458.55340674284 -9.837982833779773
31350.220625651124 -9.573648280826353
32267.991199458116 -9.31561683418611
33212.62929793748 -9.063802238290457
34184.92146175927 -8.818113933680666
35185.677257392665 -8.578457626025603
36215.72995118075 -8.344735815274879
37275.93720314938 -8.116848286530628
38367.18178112649 -7.894692564299036
39490.37229576694 -7.678164331832685
40646.44395709628 -7.467157817302778
41836.359353200234 -7.261566148549404
43061.10925171165 -7.061281678147111
44321.713424760856 -6.866196280501969
45619.221498074585 -6.6762016226612255
46954.71382493421 -6.49118941047172
48329.30238571752 -6.3110516116731565
49744.13171377451 -6.13568065745392
51200.37984840882 -5.964969623935953
52699.259315756564 -5.798812394990672
54242.01813838024 -5.637103807721963
55829.94087441914 -5.47973978188396
57464.34968715974 -5.326617434435356
59146.605445917456 -5.177635180364522
60878.108859147556 -5.032692820854073
62660.30164072656 -4.891691619790004
64494.667710376205 -4.754534369557771
66382.73442923075 -4.621125447008497
68326.07387157406 -4.491370860419981
70326.30413380644 -4.365178288223001
72385.09068173247 -4.242457110209783
74504.14773728917 -4.123118431892786
76685.2397058701 -4.007075102633471
78930.18264543568 -3.894241728116564
81240.84577862974 -3.7845346777030926
83619.15304916317 -3.677872087155588
86067.08472376158 -3.574173857191369
88586.67904100832 -3.4733616482853527
91180.03390845681 -3.3753588721104193
93849.3086494272 -3.2800906799732643
96596.72580093842 -3.187483948574663
99424.57296427398 -3.097467263396763
102335.20470972576 -3.0099708999947876
105331.04453709359 -2.9249268034479132
108414.5868935835 -2.8422685662021747
111588.3992507748 -2.7619314045186627
114855.12424239368 -2.6838521337214774
118217.48186466724 -2.6079691424232005
121678.27174109229 -2.5342223658895553
125240.3754535072 -2.462553258690049
128906.75894140244 -2.392904766768578
132680.47497147243 -2.3252212990546335
136564.66567946097 -2.2594486987248517
140562.56518642136 -2.1955342142137746
144677.5022915648 -2.1334264700630103
148912.90324394088 -2.0730754376888774
153272.2945952612 -2.0144324061405823
157759.30613623615 -1.957449952913249
162377.67391887208 -1.9020819148732198
167131.2433672486 -1.848283359346782
172023.97247935992 -1.7960105554176076
177059.9351226898 -1.7452209454728898
182243.32442626648 -1.6958731170334862
187578.45627201613 -1.6479267748988904
193069.77288832495 -1.6013427136339415
198721.84654880533 -1.5560827904205965
204539.38337933904 -1.5121098982949877
210527.22727657072 -1.4693879397870198
216690.3639411181 -1.4278818009771903
223033.9250288494 -1.3875573259831704
229563.19242369095 -1.3483812918866571
236283.6026355175 -1.3103213841093144
243200.7513267945 -1.2733461722450157
250320.39797173254 -1.2374250863546914
257648.47065183744 -1.2025283937286773
265191.0709918535 -1.1686271761209643
272954.4792402007 -1.135693307458943
280945.1594981406 -1.1036994320318565
289169.76510202966 -1.0726189431609139
297635.14416313195 -1.0424259623537875
306348.3452696084 -1.0130953189463439
315316.62335543614 -0.9846025302343323
324547.44574113254 -0.9569237820982398
334048.4983513244 -0.9300359101244897
343827.6921143307 -0.9039163812265678
353893.1695490984 -0.8785432757700145
364253.3115449638 -0.853895270205305
374916.74433988857 -0.8299516202131961
385892.3467029899 -0.8066921443667795
397189.25732733024 -0.7840972083150041
408816.88243912894 -0.7621477094918773
420784.9036297398 -0.7408250623554167
433103.2859169001 -0.7201111841597412
445782.28604197066 -0.6999884812628672
458832.461010084 -0.6804398359715566
472264.67688029545 -0.6614485939230947
486090.117813063 -0.6429985520020276
500320.2953825999 -0.6250739467875958
514967.0581618343 -0.6076594435252058
530042.6015879672 -0.5907401256121936
545559.4781168514 -0.57430148458505
561530.6076746266 -0.5583294105918044
577969.2884153313 -0.5428101833295351
594889.2077934331 -0.5277304634233392
612304.4539605178 -0.5130772842191034
630229.5274956024 -0.49883804395900183
648679.3534788508 -0.48500049830483677
667669.2939187557 -0.4715527531714515
687215.1605431122 -0.45848325782958427
707333.2279644439 -0.44578079823549926
728040.2472308562 -0.43343449054327066
749353.4597735757 -0.4214337747550108
771290.6117627992 -0.4097684084645521
793869.9688838223 -0.39842846065136694
817110.3315457187 -0.3874043054834552
841031.0505352605 -0.3766866160912273
865652.0431290936 -0.3662663582781362
890993.8096776098 -0.3561347841387006
917077.4506742931 -0.34628342555996827
943924.6843247664 -0.33670408758834625
971557.8646301847 -0.3273888416502344
1000000.0 -0.3183300186212233
