10.0 43.45116419206587
10.292747724096083 43.08090331608008
10.59406557118851 42.69294318104842
10.904204429677526 42.28796304665115
11.223422532664179 41.86667195697043
11.551985672964793 41.429807226040005
11.890167424419898 40.97813274671698
12.238249369681931 40.51243712424593
12.596521334671401 40.03353163908871
12.965281629896682 39.542248046861815
13.344837298838383 39.03943622647568
13.735504373605137 38.5259616907296
14.137608138073606 38.00270297659024
14.551483398731937 37.47054893509422
14.977474763452017 36.93039594318541
15.415936928422726 36.38314506175771
15.867234973483178 35.82969916566251
16.331744666101677 35.27096007241377
16.80985277425364 34.707825696748024
17.301957388458945 34.1411872580595
17.808468253246822 33.571926567031475
18.329807108324356 33.00091341654298
18.866408039732583 32.4290031001763
19.418717841282557 31.857034079439487
19.987196386572506 31.285825818199537
20.57231701189556 30.71617679987627
21.174566910357118 30.148862739741276
21.794447537529855 29.584635001286497
22.432475028984193 29.024219222154006
23.089180630041927 28.46831415162546
23.765111138110754 27.91759069824116
24.46082935796799 27.372691182815334
25.17691457037277 26.834228788998324
25.913963014396586 26.302787200665588
26.672588383874054 25.7789204128209
27.453422338387142 25.26315270042499
28.257115029208283 24.75597872762578
29.08433564064048 24.257863778281163
29.935772947204903 23.76924408744284
30.812135887140037 23.290527252608072
31.714154152689986 22.822092703042298
32.642578797673224 22.364292205318865
33.59818286283781 21.917450383408294
34.58176201952381 21.481865232157773
35.594135232168604 21.05780860382944
36.63614544020716 20.645526648494798
37.708660259934554 20.245240190504223
38.81257270691538 19.8571450249569
39.9488019395417 19.48141212007496
41.118294024358306 19.11818771363374
42.322022723792756 18.7675932941064
43.56099030694608 18.429725459938975
44.83622838411908 18.104655653373527
46.148798765769385 17.792429768469
47.499794346614124 17.49306763641333
48.890340015614456 17.206562394859706
50.32159359259993 16.93287975181925
51.7947467923121 16.67195715856827
53.31102621667033 16.423702910028712
54.87169437608604 16.187995195095823
56.47805074067555 15.964681123342764
58.131432822247135 15.753575758337078
59.83321728796288 15.55446119135837
61.58482110660264 15.367085692487361
63.38770272838487 15.191162978716958
65.24336329932625 15.026371640771123
67.15334791115141 14.872354771559818
69.11924688779365 14.728719839499655
71.14269710955735 14.595038849142243
73.22538337604533 14.470848829550015
75.36903980898542 14.35565268753025
77.57545129612417 14.248920458112348
79.84645497739086 14.150090978498753
82.18394177456803 14.058574004161926
84.58985796574301 13.973752776883542
87.06620680585127 13.894987044493707
89.61505019466045 13.82161652109057
92.23851039358476 13.752964764901705
94.9387717927583 13.688343439040986
97.71808272983904 13.627056908629926
100.57875736205835 13.568407116531185
103.52317759307378 13.5116986697381
106.55379505623053 13.456244059726481
109.67313315588179 13.401368933210856
112.88378916846884 13.346417325105685
116.18843640511002 13.290756763338903
119.58982643749793 13.23378315566333
123.09079138896018 13.174925371807538
126.69424629259063 13.113649440132233
130.40319151841317 13.049462286216338
134.2207152716012 12.981914951193382
138.14999616383224 12.910605239797569
142.19430585991677 12.835179761500875
146.357011801908 12.755335342320235
150.64158001295928 12.670819799323342
155.05157798326255 12.581432084052725
159.5906776404731 12.487021814542233
164.26265840709303 12.387488227899574
169.071410347358 12.282778596228603
174.0209374062485 12.17288615770458
179.115360743323 12.057847621723202
184.3589221641488 11.93774031214103
189.75598765218504 11.812679015711375
195.3110510040631 11.682812603975375
201.02873757128856 11.548320496234142
206.913808111479 11.409409028995626
212.97116275234782 11.26630779368345
219.20584507173257 11.119265999665396
225.62304629706352 10.968548914059381
232.22810962777245 10.814434423558
239.02653468423918 10.657209756920137
246.02398208697775 10.497168400028373
253.22627816987946 10.33460722870065
260.63941983143474 10.169823877938555
268.26957952797244 10.0031143601324
276.1231104130753 9.83477093902916
284.2065516274511 9.665080261085926
292.5266337436645 9.49432174122687
301.09028437025927 9.322766196033788
309.9046339199427 9.150674714026831
318.97702154663216 8.978297749939665
328.3150012563047 8.805874427728995
337.9263481967431 8.633632035460568
347.819065131413 8.461785694135301
358.00138910285807 8.290538181923168
368.48179829116765 8.120079895102034
379.26901907322497 7.950588927212005
390.37203328860926 7.782231248473963
401.8000857182091 7.615160968338277
413.5626917817706 7.449520665073422
425.66964546078714 7.285441767526468
438.13102745333055 7.123044975541519
450.9572135676145 6.962440706964337
464.15888336127773 6.803729560650696
477.7470290335773 6.647002786393176
491.73296457790156 6.492342754153849
506.1283352022219 6.33982341640685
520.9451270253212 6.18951075872913
536.1956770568817 6.04146323500977
551.892683469738 5.895732184758533
568.0492161728429 5.752362230974846
584.6787276937589 5.611391657877505
601.7950643797334 5.472852768494563
619.412477926676 5.3367722226712955
637.5456372456507 5.203171356478667
656.2096406767555 5.072066484304076
675.4200285605586 4.943469185091967
695.1927961775606 4.817386574288466
715.5444070664574 4.69382156304563
736.4918067322965 4.572773106173988
758.0524367559261 4.454236440212382
780.2442493165045 4.3382033128250495
803.0857221391512 4.224662204555056
826.5958738801812 4.113598543768959
850.7942799627444 4.004994915433815
875.7010888760508 3.898831264182187
901.3370389517438 3.7950850919498427
927.7234756314059 3.693731650321243
954.8823692395666 3.5947441275905367
982.8363332770031 3.4980938304448626
1011.6086432495807 3.4037503600997954
1041.2232560483055 3.311681782665525
1071.7048298967104 3.2218547934926343
1103.078744882215 3.134234875237657
1135.3711240885177 3.0487864493961867
1168.608855346651 2.965473021074763
1202.8196136227775 2.8842573168050456
1238.0318840613968 2.8051014152465616
1274.2749857031336 2.727966870670723
1311.5790958968503 2.6528148291688773
1349.9752754264298 2.5796061375777626
1389.4954943731375 2.508301445165118
1430.172658735088 2.438861298165168
1472.0406378260013 2.371246227296908
1515.134292476053 2.3054168284369276
1559.4895040582815 2.241333836652505
1605.1432043647615 2.178958193829245
1652.1334063573702 2.1182511101511623
1700.4992358187922 2.0591741197093696
1750.2809639301013 2.001689130529074
1801.520040802024 1.945758469313724
1854.2591299878522 1.8913449212097353
1908.542144006686 1.8384117648967506
1964.4142809066266 1.7869228033061737
2021.9220618983536 1.73684239026621
2081.1133700903947 1.6881354533643451
2142.037490358383 1.6407675133095216
2204.7451503814746 1.594704700065751
2269.288562880081 1.5499137660174083
2335.7214690901214 1.506362096414096
2404.0991835099717 1.4640177173299838
2474.47863995735 1.4228493013596177
2546.91843897454 1.3828261712584575
2621.478896621356 1.3439183017236904
2698.222094696536 1.3060963194974684
2777.211932429355 1.2693315019623435
2858.5141796844714 1.2335957743862156
2942.196531724374 1.1988617059626057
3028.3286655749457 1.1651025047805286
3116.9822980411436 1.1322920118479152
3208.2312454210773 1.1004046942821766
3302.1514849681753 1.069415637772307
3398.8212181526674 1.0393005384076686
3498.320935775036 1.0100356939607362
3600.73348498562 0.9815979947029243
3706.144138266228 0.9539649138256706
3814.640664431178 0.9271144975322569
3926.3134017068355 0.9010253548595155
4041.2553329506004 0.8756766472831099
4159.562163071847 0.8510480781546084
4281.332398719392 0.8271198820138995
4406.667430301786 0.8038728138159524
4535.671616408702 0.7812881381069334
4668.45237070379 0.7593476181809089
4805.1202513612425 0.7380335052449764
4945.789053120639 0.7173285276175507
5090.575902036681 0.6972158799816518
5239.601353002645 0.6776792127125043
5392.98949012887 0.6587026212963191
5550.868030059805 0.6402706358550081
5713.36842831558 0.6223682107896316
5880.625988746757 0.6049807145535363
6052.779976193349 0.5880939195645795
6229.973732441841 0.5716939922643134
6412.354795576917 0.5557674833306554
6600.075022827095 0.540301318049411
6793.290717006696 0.5252827868488023
6992.162756659375 0.510699536000245
7196.856730011514 0.4965395584876587
7407.543072847163 0.4827911850467328
7624.397210419138 0.46944307537486724
7847.5997035146065 0.4564842095117869
8077.3363987967105 0.4439038793901924
8313.798583547334 0.43169168055525353
8557.183144940002 0.41983750405120845
8807.692733975462 0.4083315284728691
9065.53593421636 0.397164212179393
9330.927435461663 0.3863262856672358
9604.08821250538 0.37580874409889387
9885.24570912827 0.36560283998363635
10174.634027476064 0.3557000760061594
10472.494122981476 0.3460921979987721
10779.074004992735 0.3367711880524442
11094.628943275218 0.3277292577618244
11419.421680558647 0.3189588415990801
11753.722651306367 0.31045259041119033
12097.810206889013 0.30220336503514994
12451.97084735032 0.2942042300253145
12816.499459957597 0.28644844748702275
13191.699564735716 0.2789294710104211
13577.883567189278 0.2716409396983209
13975.373018422924 0.26457667228183585
14384.498882876629 0.25773066131743877
14805.6018138991 0.25109706745905375
15239.032437388305 0.24467021379878395
15685.151643735446 0.23844458026989968
16144.330888316019 0.2324147981057686
16616.952500776908 0.22657564434857158
17103.41000337838 0.22092203640176034
17604.108438655527 0.21544902662050602
18119.46470667122 0.21015179693470346
18649.907912142942 0.20502565349944316
19195.87972173111 0.20006602136842674
19757.834731786996 0.1952684391863493
20336.2408468667 0.1906285538970006
20931.579669325736 0.18614211546469914
21544.346900318822 0.18180497160762632
22175.052752539294 0.1776130625427864
22824.222375040976 0.17356241574362066
23492.396290496577 0.16964914071275883
24180.13084525718 0.16586942377408934
24887.998672586673 0.16221952289014757
25616.589169457267 0.15869576251290937
26366.508987303554 0.15529452847829778
27138.3825371428 0.1520122629571918
27932.85250948253 0.14884545947834724
28750.580409448772 0.1457906580414535
29592.247107579577 0.14284444034153787
30458.55340674284 0.14000342512900388
31350.220625651124 0.1372642637327777
32267.991199458116 0.13462363577725003
33212.62929793748 0.1320782451268931
34184.92146175927 0.1296248160954969
35185.677257392665 0.1272600899599028
36215.72995118075 0.12498082182069352
37275.93720314938 0.1227837778545285
38367.18178112649 0.12066573300450756
39490.37229576694 0.11862346915598941
40646.44395709628 0.11665377384552891
41836.359353200234 0.11475343954995405
43061.10925171165 0.11291926360080003
44321.713424760856 0.11114804876641625
45619.221498074585 0.10943660453974934
46954.71382493421 0.10778174916410832
48329.30238571752 0.10618031242203578
49744.13171377451 0.10462913920366303
51200.37984840882 0.10312509386069707
52699.259315756564 0.10166506534048557
54242.01813838024 0.10024597308154974
55829.94087441914 0.09886477363781081
57464.34968715974 0.09751846798361254
59146.605445917456 0.0962041094359859
60878.108859147556 0.09491881211468338
62660.30164072656 0.09365975984487317
64494.667710376205 0.09242421539241534
66382.73442923075 0.09120952990788879
68326.07387157406 0.09001315244356504
70326.30413380644 0.0888326393977556
72385.09068173247 0.08766566373394775
74504.14773728917 0.0865100238183023
76685.2397058701 0.0853636517187026
78930.18264543568 0.0842246208119543
81240.84577862974 0.08309115255295031
83619.15304916317 0.08196162227070412
86067.08472376158 0.08083456387090829
88586.67904100832 0.07970867334279773
91180.03390845681 0.07858281098915916
93849.3086494272 0.07745600232173303
96596.72580093842 0.07632743758940609
99424.57296427398 0.07519646993263297
102335.20470972576 0.07406261218381173
105331.04453709359 0.07292553235896186
108414.5868935835 0.07178504791033544
111588.3992507748 0.07064111883176821
114855.12424239368 0.06949383972808361
118217.48186466724 0.06834343097616814
121678.27174109229 0.06719022911808285
125240.3754535072 0.06603467663553345
128906.75894140244 0.06487731126012725
132680.47497147243 0.0637187549751221
136564.66567946097 0.06255970286203877
140562.56518642136 0.06140091193985013
144677.5022915648 0.060243190135872135
148912.90324394088 0.05908738551640829
153272.2945952612 0.05793437589216355
157759.30613623615 0.05678505889895469
162377.67391887208 0.05564034263880907
167131.2433672486 0.05450113695070035
172023.97247935992 0.05336834536428948
177059.9351226898 0.052242857774664586
182243.32442626648 0.05112554386137552
187578.45627201613 0.050017247261484585
193069.77288832495 0.048918780493998185
198721.84654880533 0.047830920622111785
204539.38337933904 0.0467544056302779
210527.22727657072 0.045689931485171385
216690.3639411181 0.0446381498432707
223033.9250288494 0.04359966636280226
229563.19242369095 0.042575039574259343
236283.6026355175 0.04156478026138161
243200.7513267945 0.04056935130332092
250320.39797173254 0.039589167928524564
257648.47065183744 0.038624598331558076
265191.0709918535 0.0376759646054468
272954.4792402007 0.03674354394410984
280945.1594981406 0.035827570071839135
289169.76510202966 0.0349282348595457
297635.14416313195 0.034045690090457256
306348.3452696084 0.03318004934106928
315316.62335543614 0.03233138994631275
324547.44574113254 0.031499755021076034
334048.4983513244 0.030685155513289618
343827.6921143307 0.029887572266800156
353893.1695490984 0.029106958075071125
364253.3115449638 0.02834323970944738
374916.74433988857 0.027596319908204985
385892.3467029899 0.026866079314895926
397189.25732733024 0.026152378356612577
408816.88243912894 0.025455059054673167
420784.9036297398 0.024773946761951333
433103.2859169001 0.024108851822566942
445782.28604197066 0.0234595711510078
458832.461010084 0.02282588972889991
472264.67688029545 0.022207582018654547
486090.117813063 0.021604413294090036
500320.2953825999 0.02101614088883715
514967.0581618343 0.0204425153639601
530042.6015879672 0.019883281596712626
545559.4781168514 0.019338179792757676
561530.6076746266 0.018806946424488404
577969.2884153313 0.018289315098335524
594889.2077934331 0.017785017354115414
612304.4539605178 0.017293783399595083
630229.5274956024 0.016815342783515427
648679.3534788508 0.016349425010344247
667669.2939187557 0.015895760100022457
687215.1605431122 0.015454079095928783
707333.2279644439 0.01502411452422998
728040.2472308562 0.01460560080770133
749353.4597735757 0.014198274637010483
771290.6117627992 0.013801875302346785
793869.9688838223 0.013416144988167646
817110.3315457187 0.013040829033708476
841031.0505352605 0.012675676161779446
865652.0431290936 0.012320438678244061
890993.8096776098 0.011974872644448535
917077.4506742931 0.011638738024741678
943924.6843247664 0.011311798811103549
971557.8646301847 0.010993823126776724
1000000.0 0.010684583310676118
10.0 -7.622836028453667
10.292747724096083 -7.77010980336411
10.59406557118851 -7.917435856112905
10.904204429677526 -8.064678429399367
11.223422532664179 -8.211702449141358
11.551985672964793 -8.358374264067074
11.890167424419898 -8.504562362126764
12.238249369681931 -8.650138048271813
12.596521334671401 -8.79497606774192
12.965281629896682 -8.938955158983209
13.344837298838383 -9.081958520735522
13.735504373605137 -9.223874178659438
14.137608138073606 -9.364595238152306
14.551483398731937 -9.504020011767409
14.977474763452017 -9.642052011759615
15.415936928422726 -9.778599800871694
15.867234973483178 -9.913576697315973
16.331744666101677 -10.046900333105892
16.80985277425364 -10.178492068199198
17.301957388458945 -10.308276266428901
17.808468253246822 -10.436179442668529
18.329807108324356 -10.562129294124786
18.866408039732583 -10.686053631905288
19.418717841282557 -10.807879232083378
19.987196386572506 -10.927530628130734
20.57231701189556 -11.044928868957609
21.174566910357118 -11.159990268630056
21.794447537529855 -11.272625175180929
22.432475028984193 -11.382736786774032
23.089180630041927 -11.490220043701376
23.765111138110754 -11.59496062439366
24.46082935796799 -11.69683407270336
25.17691457037277 -11.795705082285314
25.913963014396586 -11.891426961860118
26.672588383874054 -11.983841302656046
27.453422338387142 -12.072777866295343
28.257115029208283 -12.158054707967786
29.08433564064048 -12.239478545907318
29.935772947204903 -12.316845384010195
30.812135887140037 -12.389941390035297
31.714154152689986 -12.458544027177204
32.642578797673224 -12.522423432060213
33.59818286283781 -12.581344027417908
34.58176201952381 -12.635066352972947
35.594135232168604 -12.68334909344109
36.63614544020716 -12.725951278218236
37.708660259934554 -12.762634623313017
38.81257270691538 -12.793165982497284
39.9488019395417 -12.817319871643699
41.118294024358306 -12.834881027806793
42.322022723792756 -12.845646962939144
43.56099030694608 -12.849430471241682
44.83622838411908 -12.846062049082986
46.148798765769385 -12.835392187241261
47.499794346614124 -12.8172934968925
48.890340015614456 -12.791662633324805
50.32159359259993 -12.758421984692653
51.7947467923121 -12.7175210972378
53.31102621667033 -12.66893781313939
54.87169437608604 -12.612679102443995
56.47805074067555 -12.54878157621203
58.131432822247135 -12.477311673952359
59.83321728796288 -12.398365524454169
61.58482110660264 -12.312068485101538
63.38770272838487 -12.21857437051466
65.24336329932625 -12.118064386746354
67.15334791115141 -12.010745792164474
69.11924688779365 -11.896850310429166
71.14269710955735 -11.776632324538813
73.22538337604533 -11.650366883736242
75.36903980898542 -11.518347557049427
77.57545129612417 -11.380884168404727
79.84645497739086 -11.238300448617606
82.18394177456803 -11.09093163913874
84.58985796574301 -10.939122081309891
87.06620680585127 -10.783222823112851
89.61505019466045 -10.62358927308088
92.23851039358476 -10.46057892829263
94.9387717927583 -10.29454920025437
97.71808272983904 -10.125855359153537
100.57875736205835 -9.95484861350053
103.52317759307378 -9.781874338666535
106.55379505623053 -9.607270464390224
109.67313315588179 -9.431366028002058
112.88378916846884 -9.254479896995273
116.18843640511002 -9.076919661700925
119.58982643749793 -8.898980696232625
123.09079138896018 -8.720945383592108
126.69424629259063 -8.54308249887619
130.40319151841317 -8.365646742903374
134.2207152716012 -8.188878417283963
138.14999616383224 -8.013003230970016
142.19430585991677 -7.838232227627304
146.357011801908 -7.664761822744214
150.64158001295928 -7.4927739392019514
155.05157798326255 -7.322436230056065
159.5906776404731 -7.153902377478242
164.26265840709303 -6.987312457158951
169.071410347358 -6.822793357951618
174.0209374062485 -6.660459247099015
179.115360743323 -6.500412072028545
184.3589221641488 -6.342742090386964
189.75598765218504 -6.187528420694885
195.3110510040631 -6.034839606734601
201.02873757128856 -5.884734189493564
206.913808111479 -5.737261281200869
212.97116275234782 -5.592461136665684
219.20584507173257 -5.450365717774115
225.62304629706352 -5.310999247611954
232.22810962777245 -5.174378751238873
239.02653468423918 -5.040514580668362
246.02398208697775 -4.909410922075573
253.22627816987946 -4.781066283689838
260.63941983143474 -4.655473963211892
268.26957952797244 -4.532622493938511
276.1231104130753 -4.412496069074545
284.2065516274511 -4.295074943983286
292.5266337436645 -4.1803358163381175
301.09028437025927 -4.068252184348361
309.9046339199427 -3.9587946833778274
318.97702154663216 -3.8519314014222164
328.3150012563047 -3.7476281740133417
337.9263481967431 -3.645848859207522
347.819065131413 -3.546555593389406
358.00138910285807 -3.4497090286600023
368.48179829116765 -3.355268552628142
379.26901907322497 -3.263192491436612
390.37203328860926 -3.1734382968688264
401.8000857182091 -3.0859627183856606
413.5626917817706 -3.0007219609327516
425.66964546078714 -2.917671829346727
438.13102745333055 -2.8367678601729858
450.9572135676145 -2.757965441681944
464.15888336127773 -2.681219922846523
477.7470290335773 -2.606486712015937
491.73296457790156 -2.533721365987837
506.1283352022219 -2.4628796701543565
520.9451270253212 -2.3939177103586777
536.1956770568817 -2.3267919370722576
551.892683469738 -2.2614592224675265
568.0492161728429 -2.197876910927556
584.6787276937589 -2.1360028635060297
601.7950643797334 -2.075795496817277
619.412477926676 -2.017213816806454
637.5456372456507 -1.9602174478237462
656.2096406767555 -1.9047666573950082
675.4200285605586 -1.850822377058155
695.1927961775606 -1.7983462196078122
715.5444070664574 -1.7473004930664668
736.4918067322965 -1.6976482116791172
758.0524367559261 -1.6493531042057406
780.2442493165045 -1.6023796197661178
803.0857221391512 -1.5566929314732039
826.5958738801812 -1.512258938072027
850.7942799627444 -1.4690442637859895
875.7010888760508 -1.4270162565555058
901.3370389517438 -1.3861429848405684
927.7234756314059 -1.3463932331440767
954.8823692395666 -1.3077364964015892
982.8363332770031 -1.2701429733689793
1011.6086432495807 -1.2335835591327422
1041.2232560483055 -1.198029836852518
1071.7048298967104 -1.1634540688404933
1103.078744882215 -1.1298291870709933
1135.3711240885177 -1.0971287832068315
1168.608855346651 -1.0653270982219056
1202.8196136227775 -1.034399011690841
1238.0318840613968 -1.0043200308137916
1274.2749857031336 -0.9750662792345076
1311.5790958968503 -0.9466144857090141
1349.9752754264298 -0.9189419726733568
1389.4954943731375 -0.8920266447575158
1430.172658735088 -0.8658469772875623
1472.0406378260013 -0.840382004813357
1515.134292476053 -0.8156113096980642
1559.4895040582815 -0.7915150108006184
1605.1432043647615 -0.7680737522807839
1652.1334063573702 -0.7452686925532255
1700.4992358187922 -0.7230814934150126
1750.2809639301013 -0.701494309369167
1801.520040802024 -0.6804897771641767
1854.2591299878522 -0.6600510055679536
1908.542144006686 -0.6401615653937478
1964.4142809066266 -0.6208054797926613
2021.9220618983536 -0.6019672148271382
2081.1133700903947 -0.58363167033756
2142.037490358383 -0.5657841711133959
2204.7451503814746 -0.5484104583786027
2269.288562880081 -0.5314966815996205
2335.7214690901214 -0.5150293906230654
2404.0991835099717 -0.49899552814907244
2474.47863995735 -0.4833824225440321
2546.91843897454 -0.468177780995486
2621.478896621356 -0.4533696830100128
2698.222094696536 -0.43894657425290656
2777.211932429355 -0.42489726072649825
2858.5141796844714 -0.41121090328172893
2942.196531724374 -0.3978770124549565
3028.3286655749457 -0.3848854436192315
3116.9822980411436 -0.37222639243635763
3208.2312454210773 -0.3598903905925369
3302.1514849681753 -0.3478683017969901
3398.8212181526674 -0.3361513180188778
3498.320935775036 -0.32473095593369256
3600.73348498562 -0.31359905354594736
3706.144138266228 -0.3027477669499316
3814.640664431178 -0.2921695671857591
3926.3134017068355 -0.2818572371424194
4041.2553329506004 -0.27180386845478016
4159.562163071847 -0.2620028583358544
4281.332398719392 -0.25244790628079167
4406.667430301786 -0.24313301057419942
4535.671616408702 -0.23405246452774323
4668.45237070379 -0.22520085237121273
4805.1202513612425 -0.21657304471686095
4945.789053120639 -0.20816419351473608
5090.575902036681 -0.19996972641537555
5239.601353002645 -0.19198534045697985
5392.98949012887 -0.18420699499530022
5550.868030059805 -0.1766309037991952
5713.36842831558 -0.16925352623973133
5880.625988746757 -0.16207155750937263
6052.779976193349 -0.15508191781764918
6229.973732441841 -0.14828174052318654
6412.354795576917 -0.14166835917678983
6600.075022827095 -0.13523929346835353
6793.290717006696 -0.12899223409057797
6992.162756659375 -0.12292502655432318
7196.856730011514 -0.11703565401479119
7407.543072847163 -0.11132221919251158
7624.397210419138 -0.10578292549916855
7847.5997035146065 -0.10041605750430134
8077.3363987967105 -0.09521996090407663
8313.798583547334 -0.09019302217703626
8557.183144940002 -0.08533364813335487
8807.692733975462 -0.08064024558208908
9065.53593421636 -0.07611120135537283
9330.927435461663 -0.07174486293774318
9604.08821250538 -0.06753951995309844
9885.24570912827 -0.06349338675964612
10174.634027476064 -0.05960458639553615
10472.494122981476 -0.05587113610306398
10779.074004992735 -0.05229093463938259
11094.628943275218 -0.04886175155477514
11419.421680558647 -0.045581218588351596
11753.722651306367 -0.042446823294930366
12097.810206889013 -0.03945590497743207
12451.97084735032 -0.036605652957521405
12816.499459957597 -0.033893107174492614
13191.699564735716 -0.03131516105983931
13577.883567189278 -0.02886856659422062
13975.373018422924 -0.02654994141505171
14384.498882876629 -0.024355777808821526
14805.6018138991 -0.022282453392434867
15239.032437388305 -0.020326243263812892
15685.151643735446 -0.018483333383733445
16144.330888316019 -0.016749834939105392
16616.952500776908 -0.01512179943206828
17103.41000337838 -0.013595234239951265
17604.108438655527 -0.012166118397175033
18119.46470667122 -0.010830418361677852
18649.907912142942 -0.00958410354415598
19195.87972173111 -0.008423161398064316
19757.834731786996 -0.007343611890613708
20336.2408468667 -0.006341521199524606
20931.579669325736 -0.005413014505773345
21544.346900318822 -0.004554287778639361
22175.052752539294 -0.0037616184749756166
22824.222375040976 -0.0030313750993461596
23492.396290496577 -0.002360025594990897
24180.13084525718 -0.001744144556910694
24887.998672586673 -0.0011804192776347017
25616.589169457267 -0.000665654653082305
26366.508987303554 -0.00019677699031001494
27138.3825371428 0.0002291632291701183
27932.85250948253 0.0006149895673796617
28750.580409448772 0.0009633987588816322
29592.247107579577 0.0012769606756053897
30458.55340674284 0.0015581190492106251
31350.220625651124 0.0018091928715786346
32267.991199458116 0.0020323783941935923
33212.62929793748 0.0022297516487939117
34184.92146175927 0.002403271414368253
35185.677257392665 0.002554782558958901
36215.72995118075 0.00268601968897678
37275.93720314938 0.002798611043351477
38367.18178112649 0.0028940825746713345
39490.37229576694 0.00297386216472546
40646.44395709628 0.00303928392686461
41836.359353200234 0.0030915925527629814
43061.10925171165 0.003131947666093666
44321.713424760856 0.003161428150410823
45619.221498074585 0.003181036422965212
46954.71382493421 0.0031917026305053123
48329.30238571752 0.0031942887468914367
49744.13171377451 0.0031895925560778667
51200.37984840882 0.0031783515071579583
52699.259315756564 0.0031612464311837766
54242.01813838024 0.003138905112066106
55829.94087441914 0.0031119057061749006
57464.34968715974 0.003080780007338863
59146.605445917456 0.003046016555647755
60878.108859147556 0.003008063590052165
62660.30164072656 0.0029673318459836123
64494.667710376205 0.002924197200364309
66382.73442923075 0.0028790031672107277
68326.07387157406 0.0028320632478285976
70326.30413380644 0.002783663140107144
72385.09068173247 0.0027340628119414726
74504.14773728917 0.0026834984440717415
76685.2397058701 0.0026321842479128726
78930.18264543568 0.0025803141640654676
81240.84577862974 0.0025280634472609727
83619.15304916317 0.002475590143540106
86067.08472376158 0.002423036465355881
88586.67904100832 0.002370530070277095
91180.03390845681 0.002318185248765737
93849.3086494272 0.002266104026424419
96596.72580093842 0.0022143771858770607
99424.57296427398 0.0021630852132840245
102335.20470972576 0.0021122991742874454
105331.04453709359 0.0020620815239638275
108414.5868935835 0.0020124868551433
111588.3992507748 0.0019635625892645537
114855.12424239368 0.0019153496136602827
118217.48186466724 0.0018678828690296796
121678.27174109229 0.001821191890572937
125240.3754535072 0.0017753013060991996
128906.75894140244 0.0017302312942218975
132680.47497147243 0.001685998005525815
136564.66567946097 0.0016426139494576703
140562.56518642136 0.0016000883494741503
144677.5022915648 0.0015584274688367262
148912.90324394088 0.0015176349092717476
153272.2945952612 0.0014777118845712659
157759.30613623615 0.0014386574710540205
162377.67391887208 0.0014004688366937234
167131.2433672486 0.0013631414505625922
172023.97247935992 0.0013266692741515128
177059.9351226898 0.0012910449359862795
182243.32442626648 0.0012562598908891518
187578.45627201613 0.0012223045650906238
193069.77288832495 0.001189168488348955
198721.84654880533 0.0011568404141283392
204539.38337933904 0.0011253084287997294
210527.22727657072 0.001094560050771044
216690.3639411181 0.0010645823203779894
223033.9250288494 0.0010353618812952358
229563.19242369095 0.0010068850541759963
236283.6026355175 0.0009791379031776635
243200.7513267945 0.0009521062959624103
250320.39797173254 0.0009257759577326198
257648.47065183744 0.000900132519808087
265191.0709918535 0.0008751615632112855
272954.4792402007 0.0008508486576920243
280945.1594981406 0.0008271793965867587
289169.76510202966 0.0008041394278763867
297635.14416313195 0.0007817144817759431
306348.3452696084 0.0007598903951636988
315316.62335543614 0.0007386531331319132
324547.44574113254 0.0007179888079134516
334048.4983513244 0.0006978836954277806
343827.6921143307 0.0006783242496582656
353893.1695490984 0.0006592971150614976
364253.3115449638 0.0006407891371945606
374916.74433988857 0.0006227873717218014
385892.3467029899 0.0006052790919568358
397189.25732733024 0.0005882517950829862
408816.88243912894 0.0005716932071747125
420784.9036297398 0.0005555912871416233
433103.2859169001 0.0005399342296992816
445782.28604197066 0.0005247104674679659
458832.461010084 0.0005099086722856347
472264.67688029545 0.0004955177558192288
486090.117813063 0.0004815268695467649
500320.2953825999 0.0004679254041803707
514967.0581618343 0.00045470298859035896
530042.6015879672 0.00044184948828744007
545559.4781168514 0.00042935500351520746
561530.6076746266 0.0004172098669985379
577969.2884153313 0.00040540464139011
594889.2077934331 0.0003939301164566886
612304.4539605178 0.000382777306034399
630229.5274956024 0.00037193744479205646
648679.3534788508 0.0003614019848244656
667669.2939187557 0.00035116259210755024
687215.1605431122 0.0003412111428344804
707333.2279644439 0.00033153971965646734
728040.2472308562 0.0003221406078476545
749353.4597735757 0.00031300629140974036
771290.6117627992 0.00030412944913296085
793869.9688838223 0.00029550295062807865
817110.3315457187 0.0002871198523402587
841031.0505352605 0.00027897339355994783
865652.0431290936 0.0002710569924309941
890993.8096776098 0.0002633642419803172
917077.4506742931 0.0002558889061612897
943924.6843247664 0.0002486249159325625
971557.8646301847 0.00024156636536104242
1000000.0 0.00023470750777461837
