10.0 -1.4332408961834124
10.292747724096083 -1.4246266382470825
10.59406557118851 -1.416266265730887
10.904204429677526 -1.4081990618520448
11.223422532664179 -1.400462944654582
11.551985672964793 -1.3930944742651723
11.890167424419898 -1.3861288684668074
12.238249369681931 -1.379600025354186
12.596521334671401 -1.3735405520339
12.965281629896682 -1.3679817983625273
13.344837298838383 -1.3629538948759643
13.735504373605137 -1.358485794103872
14.137608138073606 -1.3546053146583792
14.551483398731937 -1.3513391874581073
14.977474763452017 -1.3487131036308222
15.415936928422726 -1.3467517636315793
15.867234973483178 -1.3454789272384249
16.331744666101677 -1.3449174640853896
16.80985277425364 -1.345089404493983
17.301957388458945 -1.3460159903358646
17.808468253246822 -1.3477177257741157
18.329807108324356 -1.3502144276846904
18.866408039732583 -1.3535252756318594
19.418717841282557 -1.3576688612705352
19.987196386572506 -1.362663237103667
20.57231701189556 -1.368525964474462
21.174566910357118 -1.3752741607843986
21.794447537529855 -1.382924545868497
22.432475028984193 -1.3914934875372422
23.089180630041927 -1.4009970462668138
23.765111138110754 -1.4114510191009257
24.46082935796799 -1.42287098278485
25.17691457037277 -1.4352723362360504
25.913963014396586 -1.4486703424328489
26.672588383874054 -1.4630801698656493
27.453422338387142 -1.4785169336895947
28.257115029208283 -1.4949957367597715
29.08433564064048 -1.5125317107412186
29.935772947204903 -1.5311400575157699
30.812135887140037 -1.5508360911163794
31.714154152689986 -1.571635280442517
32.642578797673224 -1.5935532930112155
33.59818286283781 -1.6166060400178606
34.58176201952381 -1.6408097229656189
35.594135232168604 -1.666180882131936
36.63614544020716 -1.6927364471214474
37.708660259934554 -1.7204937897294013
38.81257270691538 -1.7494707793337005
39.9488019395417 -1.7796858409737317
41.118294024358306 -1.8111580162461733
42.322022723792756 -1.843907027107195
43.56099030694608 -1.8779533425772572
44.83622838411908 -1.913318248329454
46.148798765769385 -1.9500239190258184
47.499794346614124 -1.9880934932206842
48.890340015614456 -2.027551150558021
50.32159359259993 -2.0684221909175484
51.7947467923121 -2.1107331150768363
53.31102621667033 -2.1545117063925323
54.87169437608604 -2.1997871129274555
56.47805074067555 -2.2465899293910248
58.131432822247135 -2.2949522782089296
59.83321728796288 -2.3449078890085975
61.58482110660264 -2.3964921757728708
63.38770272838487 -2.449742310916804
65.24336329932625 -2.5046972955583318
67.15334791115141 -2.561398025272056
69.11924688779365 -2.6198873506765215
71.14269710955735 -2.6802101322606386
73.22538337604533 -2.74241328894711
75.36903980898542 -2.8065458399714363
77.57545129612417 -2.872658939771801
79.84645497739086 -2.9408059056913216
82.18394177456803 -3.011042238410279
84.58985796574301 -3.083425635141175
87.06620680585127 -3.158015995734833
89.61505019466045 -3.2348754219435323
92.23851039358476 -3.314068210184803
94.9387717927583 -3.3956608382299387
97.71808272983904 -3.47972194629883
100.57875736205835 -3.5663223130971864
103.52317759307378 -3.655534827351914
106.55379505623053 -3.747434455416264
109.67313315588179 -3.8420982054977264
112.88378916846884 -3.9396050890478067
116.18843640511002 -4.040036079797323
119.58982643749793 -4.143474070872701
123.09079138896018 -4.250003830359181
126.69424629259063 -4.359711955604942
130.40319151841317 -4.472686826469938
134.2207152716012 -4.589018557646438
138.14999616383224 -4.708798950093378
142.19430585991677 -4.83212144153344
146.357011801908 -4.959081055894726
150.64158001295928 -5.089774351498445
155.05157798326255 -5.224299367728503
159.5906776404731 -5.362755569865897
164.26265840709303 -5.505243791722704
169.071410347358 -5.651866175676287
174.0209374062485 -5.8027261096809175
179.115360743323 -5.9579281608238155
184.3589221641488 -6.1175780049957895
189.75598765218504 -6.281782352258379
195.3110510040631 -6.450648867519524
201.02873757128856 -6.6242860861685
206.913808111479 -6.8028033243708474
212.97116275234782 -6.986310583791174
219.20584507173257 -7.174918450584019
225.62304629706352 -7.368737988577944
232.22810962777245 -7.5678806266767475
239.02653468423918 -7.7724580406010535
246.02398208697775 -7.9825820292086425
253.22627816987946 -8.198364385745425
260.63941983143474 -8.41991676450367
268.26957952797244 -8.647350543481993
276.1231104130753 -8.880776683765278
284.2065516274511 -9.12030558645605
292.5266337436645 -9.366046948098356
301.09028437025927 -9.61810961562505
309.9046339199427 -9.876601441939275
318.97702154663216 -10.141629143290052
328.3150012563047 -10.41329815962395
337.9263481967431 -10.691712519087034
347.819065131413 -10.976974707789257
358.00138910285807 -11.269185545847138
368.48179829116765 -11.568444070563297
379.26901907322497 -11.874847427383854
390.37203328860926 -12.188490769000142
401.8000857182091 -12.509467162616184
413.5626917817706 -12.837867504992026
425.66964546078714 -13.173780444399364
438.13102745333055 -13.517292308086132
450.9572135676145 -13.868487033254485
464.15888336127773 -14.227446098921783
477.7470290335773 -14.594248455364026
491.73296457790156 -14.968970447160661
506.1283352022219 -15.351685725186755
520.9451270253212 -15.74246514225443
536.1956770568817 -16.141376626524906
551.892683469738 -16.548485026311006
568.0492161728429 -16.963851919516934
584.6787276937589 -17.387535380728337
601.7950643797334 -17.819589698914537
619.412477926676 -18.26006503885259
637.5456372456507 -18.70900703976692
656.2096406767555 -19.166456345295668
675.4200285605586 -19.632448059774653
695.1927961775606 -20.10701112697026
715.5444070664574 -20.590167628776285
736.4918067322965 -21.081932003027617
758.0524367559261 -21.582310181420326
780.2442493165045 -22.091298650560528
803.0857221391512 -22.608883441327258
826.5958738801812 -23.135039053997662
850.7942799627444 -23.66972732887625
875.7010888760508 -24.212896274443253
901.3370389517438 -24.764478867224618
927.7234756314059 -25.324391839622642
954.8823692395666 -25.892534473775196
982.8363332770031 -26.46878742105669
1011.6086432495807 -27.053011568073078
1041.2232560483055 -27.645046970841598
1071.7048298967104 -28.244711879283415
1103.078744882215 -28.85180187413906
1135.3711240885177 -29.466089137916057
1168.608855346651 -30.087321880499722
1202.8196136227775 -30.715223938582223
1238.0318840613968 -31.349494566102887
1274.2749857031336 -31.98980843047978
1311.5790958968503 -32.635815826550186
1349.9752754264298 -33.28714311690594
1389.4954943731375 -33.94339340372682
1430.172658735088 -34.60414743336915
1472.0406378260013 -35.26896473093018
1515.134292476053 -35.93738495784809
1559.4895040582815 -36.60892948142304
1605.1432043647615 -37.283103141045
1652.1334063573702 -37.959396191983366
1700.4992358187922 -38.63728640393921
1750.2809639301013 -39.31624128828422
1801.520040802024 -39.99572042508527
1854.2591299878522 -40.675177858760875
1908.542144006686 -41.354064529562116
1964.4142809066266 -42.031830707124236
2021.9220618983536 -42.70792839209323
2081.1133700903947 -43.381813652361075
2142.037490358383 -44.0529488617014
2204.7451503814746 -44.72080481060849
2269.288562880081 -45.384862661830546
2335.7214690901214 -46.04461572641884
2404.0991835099717 -46.699571039979155
2474.47863995735 -47.349250723144436
2546.91843897454 -47.99319311493732
2621.478896621356 -48.6309536725694
2698.222094696536 -49.26210563617109
2777.211932429355 -49.88624046184444
2858.5141796844714 -50.50296803114624
2942.196531724374 -51.111916649504415
3028.3286655749457 -51.71273285004346
3116.9822980411436 -52.30508102273889
3208.2312454210773 -52.88864289164493
3302.1514849681753 -53.46311686510312
3398.8212181526674 -54.028217285263935
3498.320935775036 -54.58367360397159
3600.73348498562 -55.129229512042926
3706.144138266228 -55.6646420482522
3814.640664431178 -56.18968071299884
3926.3134017068355 -56.7041266097109
4041.2553329506004 -57.20777163464585
4159.562163071847 -57.700417732988235
4281.332398719392 -58.181876236096414
4406.667430301786 -58.6519672915709
4535.671616408702 -59.11051939456794
4668.45237070379 -59.55736902561402
4805.1202513612425 -59.99236039715435
4945.789053120639 -60.4153453082851
5090.575902036681 -60.82618310464941
5239.601353002645 -61.22474073835912
5392.98949012887 -61.61089292108431
5550.868030059805 -61.98452236213178
5713.36842831558 -62.345520082432635
5880.625988746757 -62.69378579482985
6052.779976193349 -63.02922834091059
6229.973732441841 -63.35176617478011
6412.354795576917 -63.66132788462109
6600.075022827095 -63.95785274352512
6793.290717006696 -64.24129128191568
6992.162756659375 -64.51160587479211
7196.856730011514 -64.76877133801499
7407.543072847163 -65.01277552881747
7624.397210419138 -65.24361994667454
7847.5997035146065 -65.46132033149686
8077.3363987967105 -65.66590725685293
8313.798583547334 -65.85742671650443
8557.183144940002 -66.0359407029614
8807.692733975462 -66.20152777699684
9065.53593421636 -66.35428362712918
9330.927435461663 -66.49432161793742
9604.08821250538 -66.62177332576842
9885.24570912827 -66.73678905991001
10174.634027476064 -66.83953836665248
10472.494122981476 -66.93021051287235
10779.074004992735 -67.00901494486112
11094.628943275218 -67.07618171709507
11419.421680558647 -67.1319618845642
11753.722651306367 -67.17662785112425
12097.810206889013 -67.21047366519105
12451.97084735032 -67.23381525294957
12816.499459957597 -67.24699057816092
13191.699564735716 -67.25035971665291
13577.883567189278 -67.24430483269896
13975.373018422924 -67.22923004378124
14384.498882876629 -67.20556115973072
14805.6018138991 -67.17374528196562
15239.032437388305 -67.13425024858509
15685.151643735446 -67.08756391139192
16144.330888316019 -67.03419323162305
16616.952500776908 -66.97466318221682
17103.41000337838 -66.90951544591113
17604.108438655527 -66.83930690032709
18119.46470667122 -66.76460788347846
18649.907912142942 -66.68600023581683
19195.87972173111 -66.60407511799454
19757.834731786996 -66.51943060692503
20336.2408468667 -66.43266907644264
20931.579669325736 -66.34439437280845
21544.346900318822 -66.2552087994284
22175.052752539294 -66.16570992935951
22824.222375040976 -66.07648726836207
23492.396290496577 -65.9881187953373
24180.13084525718 -65.90116741084172
24887.998672586673 -65.81617732788504
25616.589169457267 -65.73367044230505
26366.508987303554 -65.65414272253835
27138.3825371428 -65.57806066051113
27932.85250948253 -65.50585782654728
28750.580409448772 -65.43793157158746
29592.247107579577 -65.37463991957902
30458.55340674284 -65.31629869160953
31350.220625651124 -65.26317890120934
32267.991199458116 -65.21550445727398
33212.62929793748 -65.17345020729468
34184.92146175927 -65.13714034909407
35185.677257392665 -65.1066472341595
36215.72995118075 -65.08199058002144
37275.93720314938 -65.06313710310093
38367.18178112649 -65.05000057715073
39490.37229576694 -65.04244231600626
40646.44395709628 -65.04027207298012
41836.359353200234 -65.04324934303214
43061.10925171165 -65.0510850479614
44321.713424760856 -65.06344357942724
45619.221498074585 -65.0799451697434
46954.71382493421 -65.10016855619389
48329.30238571752 -65.12365390116463
49744.13171377451 -65.1499059277637
51200.37984840882 -65.17839722880848
52699.259315756564 -65.20857170613674
54242.01813838024 -65.23984809712647
55829.94087441914 -65.2716235460535
57464.34968715974 -65.30327717942436
59146.605445917456 -65.33417364662839
60878.108859147556 -65.3636665900628
62660.30164072656 -65.39110201220863
64494.667710376205 -65.41582151086126
66382.73442923075 -65.43716535775363
68326.07387157406 -65.4544754000111
70326.30413380644 -65.46709776819326
72385.09068173247 -65.4743853789379
74504.14773728917 -65.4757002244165
76685.2397058701 -65.47041544478012
78930.18264543568 -65.45791718351497
81240.84577862974 -65.43760622904486
83619.15304916317 -65.4088994489851
86067.08472376158 -65.37123102614345
88586.67904100832 -65.32405350765269
91180.03390845681 -65.2668386805134
93849.3086494272 -65.1990782883123
96596.72580093842 -65.12028460499849
99424.57296427398 -65.02999088233679
102335.20470972576 -64.92775168807286
105331.04453709359 -64.81314315193468
108414.5868935835 -64.68576313641675
111588.3992507748 -64.54523134886794
114855.12424239368 -64.39118941075225
118217.48186466724 -64.223300899134
121678.27174109229 -64.04125137444528
125240.3754535072 -63.844748407487685
128906.75894140244 -63.63352161739241
132680.47497147243 -63.40732273096507
136564.66567946097 -63.165925672457995
140562.56518642136 -62.9091266913931
144677.5022915648 -62.6367445345859
148912.90324394088 -62.34862066702331
153272.2945952612 -62.044619544726984
157759.30613623615 -61.72462894119759
162377.67391887208 -61.38856032749479
167131.2433672486 -61.036349304457566
172023.97247935992 -60.667956084033676
177059.9351226898 -60.28336601515824
182243.32442626648 -59.88259014811417
187578.45627201613 -59.46566582983783
193069.77288832495 -59.03265732120325
198721.84654880533 -58.58365642595151
204539.38337933904 -58.11878311964617
210527.22727657072 -57.6381861658468
216690.3639411181 -57.14204370562451
223033.9250288494 -56.630563805628015
229563.19242369095 -56.1039849491627
236283.6026355175 -55.56257645420393
243200.7513267945 -55.00663880195463
250320.39797173254 -54.43650385950445
257648.47065183744 -53.852534980377285
265191.0709918535 -53.255126967291424
272954.4792402007 -52.64470588231525
280945.1594981406 -52.02172869079876
289169.76510202966 -51.38668272699512
297635.14416313195 -50.74008497116062
306348.3452696084 -50.08248113011636
315316.62335543614 -49.41444451574909
324547.44574113254 -48.73657471869124
334048.4983513244 -48.04949607740029
343827.6921143307 -47.35385594600574
353893.1695490984 -46.65032276754137
364253.3115449638 -45.93958396246235
374916.74433988857 -45.22234364558155
385892.3467029899 -44.499320187668
397189.25732733024 -43.771243640855765
408816.88243912894 -43.038853049630156
420784.9036297398 -42.30289367142153
433103.2859169001 -41.56411413268252
445782.28604197066 -40.82326354769379
458832.461010084 -40.08108862820255
472264.67688029545 -39.33833081232093
486090.117813063 -38.59572344088571
500320.2953825999 -37.853989008719616
514967.0581618343 -37.113836516959715
530042.6015879672 -36.37595895086576
545559.4781168514 -35.6410309053475
561530.6076746266 -34.909706377918184
577969.2884153313 -34.18261674595657
594889.2077934331 -33.46036894212972
612304.4539605178 -32.743543838663236
630229.5274956024 -32.032694847933115
648679.3534788508 -31.32834674366219
667669.2939187557 -30.630994703910645
687215.1605431122 -29.94110357411812
707333.2279644439 -29.259107345732744
728040.2472308562 -28.58540884350106
749353.4597735757 -27.920379612322456
771290.6117627992 -27.264359992714745
793869.9688838223 -26.617659372405523
817110.3315457187 -25.980556600363883
841031.0505352605 -25.353300548705334
865652.0431290936 -24.736110807332125
890993.8096776098 -24.129178495887597
917077.4506742931 -23.532667177584127
943924.6843247664 -22.94671385967936
971557.8646301847 -22.37143006579519
1000000.0 -21.80690296586828
10.0 0.008489413798584892
10.292747724096083 0.008708467427879247
10.59406557118851 0.008934171110895815
10.904204429677526 0.009166701250143806
11.223422532664179 0.009406236176811024
11.551985672964793 0.009652956108549693
11.890167424419898 0.009907043090053143
12.238249369681931 0.01016868091421948
12.596521334671401 0.010438055021616002
12.965281629896682 0.010715352375867269
13.344837298838383 0.011000761312484815
13.735504373605137 0.01129447135853354
14.137608138073606 0.011596673020399052
14.551483398731937 0.011907557536767957
14.977474763452017 0.01222731659377243
15.415936928422726 0.012556141999070751
15.867234973483178 0.01289422531144529
16.331744666101677 0.013241757422293748
16.80985277425364 0.013598928085173937
17.301957388458945 0.013965925389331458
17.808468253246822 0.01434293517290432
18.329807108324356 0.01473014037124958
18.866408039732583 0.015127720295585845
19.418717841282557 0.015535849836887765
19.987196386572506 0.015954698589711557
20.57231701189556 0.016384429890376955
21.174566910357118 0.016825199763681294
21.794447537529855 0.017277155772085197
22.432475028984193 0.017740435761091373
23.089180630041927 0.018215166494340147
23.765111138110754 0.01870146217178122
24.46082935796799 0.01919942282415562
25.17691457037277 0.01970913257694527
25.913963014396586 0.02023065777692911
26.672588383874054 0.02076404497454231
27.453422338387142 0.02130931875537605
28.257115029208283 0.02186647941439298
29.08433564064048 0.022435500466800005
29.935772947204903 0.023016325990010154
30.812135887140037 0.02360886779177697
31.714154152689986 0.024213002400417245
32.642578797673224 0.024828567874059106
33.59818286283781 0.025455360427111356
34.58176201952381 0.026093130873645322
35.594135232168604 0.026741580889155347
36.63614544020716 0.02740035909424267
37.708660259934554 0.02806905696615798
38.81257270691538 0.028747204586892106
39.9488019395417 0.029434266239616064
41.118294024358306 0.03012963586878034
42.322022723792756 0.03083263242308265
43.56099030694608 0.03154249510483747
44.83622838411908 0.03225837855399755
46.148798765769385 0.032979348000203065
47.499794346614124 0.03370437442173203
48.890340015614456 0.03443232975606792
50.32159359259993 0.03516198221292853
51.7947467923121 0.03589199174694866
53.31102621667033 0.03662090575368394
54.87169437608604 0.03734715505909596
56.47805074067555 0.03806905027903734
58.131432822247135 0.038784778631339896
59.83321728796288 0.03949240128869732
61.58482110660264 0.04018985136544529
63.38770272838487 0.04087493263531083
65.24336329932625 0.04154531907997957
67.15334791115141 0.04219855536964277
69.11924688779365 0.04283205837623579
71.14269710955735 0.04344311981759277
73.22538337604533 0.04402891012592937
75.36903980898542 0.044586483626669005
77.57545129612417 0.045112785103428886
79.84645497739086 0.04560465781180292
82.18394177456803 0.04605885298830036
84.58985796574301 0.046472040881426174
87.06620680585127 0.04684082330945028
89.61505019466045 0.04716174772414848
92.23851039358476 0.047431322731957666
94.9387717927583 0.04764603499408687
97.71808272983904 0.04780236739567129
100.57875736205835 0.04789681834183551
103.52317759307378 0.04792592200630327
106.55379505623053 0.047886269326972444
109.67313315588179 0.04777452951361125
112.88378916846884 0.04758747180663058
116.18843640511002 0.047321987203790855
119.58982643749793 0.04697510985473857
123.09079138896018 0.04654403781234097
126.69424629259063 0.04602615282573079
130.40319151841317 0.04541903886331365
134.2207152716012 0.04472049906515435
138.14999616383224 0.04392857084320643
142.19430585991677 0.04304153887459369
146.357011801908 0.04205794576713162
150.64158001295928 0.040976600216683964
155.05157798326255 0.039796582521765635
159.5906776404731 0.038517247370755195
164.26265840709303 0.037138223869695876
169.071410347358 0.03565941283239929
174.0209374062485 0.03408098140779078
179.115360743323 0.03240335517051967
184.3589221641488 0.030627207848344256
189.75598765218504 0.028753448902275942
195.3110510040631 0.026783209211810037
201.02873757128856 0.02471782514687527
206.913808111479 0.022558821329781095
212.97116275234782 0.020307892404100546
219.20584507173257 0.017966884133064378
225.62304629706352 0.01553777414791526
232.22810962777245 0.013022652657210105
239.02653468423918 0.010423703412037437
246.02398208697775 0.0077431852003024895
253.22627816987946 0.004983414116656271
260.63941983143474 0.0021467468242988437
268.26957952797244 -0.0007644350081755425
276.1231104130753 -0.0037477389464492007
284.2065516274511 -0.0068007745937348285
292.5266337436645 -0.009921164879981638
301.09028437025927 -0.013106555793869434
309.9046339199427 -0.016354624547307062
318.97702154663216 -0.019663086193015357
328.3150012563047 -0.02302969874417261
337.9263481967431 -0.02645226687082179
347.819065131413 -0.029928644270554892
358.00138910285807 -0.03345673483086883
368.48179829116765 -0.03703449271751944
379.26901907322497 -0.04065992153717122
390.37203328860926 -0.044331072733853095
401.8000857182091 -0.04804604338713006
413.5626917817706 -0.051802973585716006
425.66964546078714 -0.055600043553543414
438.13102745333055 -0.059435470706056565
450.9572135676145 -0.06330750681294232
464.15888336127773 -0.06721443543946241
477.7470290335773 -0.07115456983216514
491.73296457790156 -0.07512625140592914
506.1283352022219 -0.07912784897797277
520.9451270253212 -0.08315775888061912
536.1956770568817 -0.08721440606823365
551.892683469738 -0.0912962463146711
568.0492161728429 -0.09540176957602141
584.6787276937589 -0.09952950456923328
601.7950643797334 -0.10367802459068237
619.412477926676 -0.10784595456995932
637.5456372456507 -0.11203197932353477
656.2096406767555 -0.11623485294083624
675.4200285605586 -0.12045340920218832
695.1927961775606 -0.1246865728947132
715.5444070664574 -0.12893337185928544
736.4918067322965 -0.13319294956990746
758.0524367559261 -0.13746457801723683
780.2442493165045 -0.14174767064136887
803.0857221391512 -0.14604179503635398
826.5958738801812 -0.15034668513101868
850.7942799627444 -0.15466225253846785
875.7010888760508 -0.15898859676065022
901.3370389517438 -0.16332601393520185
927.7234756314059 -0.16767500381963
954.8823692395666 -0.17203627472303787
982.8363332770031 -0.17641074611751154
1011.6086432495807 -0.18079954868991838
1041.2232560483055 -0.18520402162927746
1071.7048298967104 -0.18962570698432024
1103.078744882215 -0.19406634096906838
1135.3711240885177 -0.19852784214027283
1168.608855346651 -0.20301229641777202
1202.8196136227775 -0.207521938965982
1238.0318840613968 -0.21205913300073254
1274.2749857031336 -0.2166263456286565
1311.5790958968503 -0.22122612086615512
1349.9752754264298 -0.22586105001975237
1389.4954943731375 -0.23053373963951107
1430.172658735088 -0.23524677728138466
1472.0406378260013 -0.24000269533267735
1515.134292476053 -0.24480393316771473
1559.4895040582815 -0.2496527979084393
1605.1432043647615 -0.25455142406753484
1652.1334063573702 -0.2595017323509839
1700.4992358187922 -0.26450538789307015
1750.2809639301013 -0.269563758191275
1801.520040802024 -0.2746778710018906
1854.2591299878522 -0.2798483724508117
1908.542144006686 -0.2850754856087832
1964.4142809066266 -0.29035896977695547
2021.9220618983536 -0.2956980807283562
2081.1133700903947 -0.30109153215361933
2142.037490358383 -0.3065374585660355
2204.7451503814746 -0.31203337993143093
2269.288562880081 -0.3175761683031719
2335.7214690901214 -0.3231620167605813
2404.0991835099717 -0.3287864109706745
2474.47863995735 -0.33444410371722505
2546.91843897454 -0.3401290927667093
2621.478896621356 -0.34583460246708975
2698.222094696536 -0.35155306950092446
2777.211932429355 -0.3572761332373829
2858.5141796844714 -0.36299463114723446
2942.196531724374 -0.36869859975874564
3028.3286655749457 -0.3743772816383733
3116.9822980411436 -0.38001913887729094
3208.2312454210773 -0.3856118735503848
3302.1514849681753 -0.39114245558705396
3398.8212181526674 -0.39659715845114296
3498.320935775036 -0.4019616029698177
3600.73348498562 -0.40722080957558077
3706.144138266228 -0.4123592591342943
3814.640664431178 -0.4173609624209179
3926.3134017068355 -0.42220953817803114
4041.2553329506004 -0.4268882995488601
4159.562163071847 -0.43138034851952334
4281.332398719392 -0.43566867783652885
4406.667430301786 -0.43973627969016166
4535.671616408702 -0.4435662602738667
4668.45237070379 -0.4471419591527939
4805.1202513612425 -0.450447072202705
4945.789053120639 -0.45346577672254845
5090.575902036681 -0.45618285718432283
5239.601353002645 -0.4585838299694021
5392.98949012887 -0.4606550653562124
5550.868030059805 -0.46238390497455417
5713.36842831558 -0.46375877293449197
5880.625988746757 -0.4647692788683389
6052.779976193349 -0.46540631120430515
6229.973732441841 -0.4656621191092324
6412.354795576917 -0.4655303817042157
6600.075022827095 -0.46500626335755096
6793.290717006696 -0.46408645409858224
6992.162756659375 -0.46276919446041564
7196.856730011514 -0.4610542843450607
7407.543072847163 -0.45894307580268173
7624.397210419138 -0.4564384499167589
7847.5997035146065 -0.45354477828100864
8077.3363987967105 -0.4502678698349391
8313.798583547334 -0.4466149040790588
8557.183144940002 -0.44259435191877117
8807.692733975462 -0.43821588557455665
9065.53593421636 -0.43349027914571897
9330.927435461663 -0.42842930152129294
9604.08821250538 -0.4230456033930535
9885.24570912827 -0.41735260014309716
10174.634027476064 -0.4113643523559178
10472.494122981476 -0.4050954456419946
10779.074004992735 -0.39856087136453355
11094.628943275218 -0.3917759097375568
11419.421680558647 -0.3847560166156228
11753.722651306367 -0.37751671513427676
12097.810206889013 -0.37007349318362137
12451.97084735032 -0.36244170752268234
12816.499459957597 -0.3546364951589928
13191.699564735716 -0.34667269245072463
13577.883567189278 -0.338564762218392
13975.373018422924 -0.33032672900635524
14384.498882876629 -0.32197212249251367
14805.6018138991 -0.3135139289276051
15239.032437388305 -0.30496455037579256
15685.151643735446 -0.29633577144691725
16144.330888316019 -0.287638733134809
16616.952500776908 -0.27888391332590606
17103.41000337838 -0.27008111350181807
17604.108438655527 -0.26123945113441444
18119.46470667122 -0.25236735725690024
18649.907912142942 -0.24347257869743436
19195.87972173111 -0.23456218445967061
19757.834731786996 -0.22564257575877392
20336.2408468667 -0.21671949923151665
20931.579669325736 -0.20779806287145475
21544.346900318822 -0.19888275426583518
22175.052752539294 -0.1899774607366873
22824.222375040976 -0.181085491031173
23492.396290496577 -0.17220959822591897
24180.13084525718 -0.16335200355445692
24887.998672586673 -0.15451442088867806
25616.589169457267 -0.1456980816466905
26366.508987303554 -0.13690375991704612
27138.3825371428 -0.12813179763181312
27932.85250948253 -0.11938212963294749
28750.580409448772 -0.11065430851623191
29592.247107579577 -0.10194752914585037
30458.55340674284 -0.09326065276532486
31350.220625651124 -0.08459223064608906
32267.991199458116 -0.07594052722984544
33212.62929793748 -0.06730354274487112
34184.92146175927 -0.05867903528275734
35185.677257392665 -0.05006454234090527
36215.72995118075 -0.041457401850088456
37275.93720314938 -0.03285477270780123
38367.18178112649 -0.024253654858812826
39490.37229576694 -0.01565090896663046
40646.44395709628 -0.007043275727628859
41836.359353200234 0.0015726051123470502
43061.10925171165 0.010200175974398039
44321.713424760856 0.01884294282467917
45619.221498074585 0.027504456641685753
46954.71382493421 0.03618829489677981
48329.30238571752 0.044898042960546475
49744.13171377451 0.053637275363616455
51200.37984840882 0.06240953681617689
52699.259315756564 0.07121832291215782
54242.01813838024 0.08006706042526232
55829.94087441914 0.08895908711768279
57464.34968715974 0.09789763097653062
59146.605445917456 0.10688578880143414
60878.108859147556 0.1159265040616718
62660.30164072656 0.1250225439574191
64494.667710376205 0.13417647561117665
66382.73442923075 0.1433906413385517
68326.07387157406 0.15266713294154804
70326.30413380644 0.1620077649856784
72385.09068173247 0.17141404703821736
74504.14773728917 0.18088715484169984
76685.2397058701 0.19042790043679841
78930.18264543568 0.2000367012503293
81240.84577862974 0.20971354818582172
83619.15304916317 0.21945797279357784
86067.08472376158 0.22926901359858523
88586.67904100832 0.2391451817227763
91180.03390845681 0.24908442594136612
93849.3086494272 0.2590840973813313
96596.72580093842 0.2691409140683152
99424.57296427398 0.27925092561431236
102335.20470972576 0.28940947834722025
105331.04453709359 0.29961118124187236
108414.5868935835 0.3098498730699123
111588.3992507748 0.32011859121614444
114855.12424239368 0.3304095426649133
118217.48186466724 0.34071407772824497
121678.27174109229 0.35102266708862806
125240.3754535072 0.36132488282296166
128906.75894140244 0.37160938407698724
132680.47497147243 0.38186390810410975
136564.66567946097 0.3920752674041439
140562.56518642136 0.40222935370988205
144677.5022915648 0.4123111495639027
148912.90324394088 0.422304748221615
153272.2945952612 0.43219338256933176
157759.30613623615 0.4419594637149166
162377.67391887208 0.45158462981295416
167131.2433672486 0.4610498056010353
172023.97247935992 0.47033527302875106
177059.9351226898 0.4794207531672346
182243.32442626648 0.48828549947541594
187578.45627201613 0.4969084022871706
193069.77288832495 0.5052681041853069
198721.84654880533 0.5133431256866894
204539.38337933904 0.5211120004701965
210527.22727657072 0.5285534191049499
216690.3639411181 0.5356463799762302
223033.9250288494 0.5423703459391314
229563.19242369095 0.5487054049240597
236283.6026355175 0.5546324325723272
243200.7513267945 0.5601332547850476
250320.39797173254 0.5651908079272353
257648.47065183744 0.5697892943612801
265191.0709918535 0.5739143309071336
272954.4792402007 0.577553087862912
280945.1594981406 0.5806944162928233
289169.76510202966 0.5833289613940327
297635.14416313195 0.5854492599694907
306348.3452696084 0.5870498202558577
315316.62335543614 0.5881271826624096
324547.44574113254 0.5886799603024976
334048.4983513244 0.5887088585585014
343827.6921143307 0.5882166733336465
353893.1695490984 0.5872082680236046
364253.3115449638 0.5856905296414738
374916.74433988857 0.5836723049390666
385892.3467029899 0.5811643176803815
397189.25732733024 0.578179068617407
408816.88243912894 0.5747307199246735
420784.9036297398 0.5708349661513782
433103.2859169001 0.566508893876477
445782.28604197066 0.5617708323844219
458832.461010084 0.5566401977627591
472264.67688029545 0.5511373327715876
486090.117813063 0.5452833448381441
500320.2953825999 0.5390999443866651
514967.0581618343 0.5326092855984268
530042.6015879672 0.5258338114853313
545559.4781168514 0.5187961049908161
561530.6076746266 0.5115187475761879
577969.2884153313 0.504024186518306
594889.2077934331 0.4963346119104089
612304.4539605178 0.4884718441097548
630229.5274956024 0.48045723214054475
648679.3534788508 0.4723115633485337
667669.2939187557 0.4640549843995899
687215.1605431122 0.4557069335299001
707333.2279644439 0.4472860837913439
728040.2472308562 0.43881029691543605
749353.4597735757 0.43029658728548287
771290.6117627992 0.4217610954265137
793869.9688838223 0.41321907036158406
817110.3315457187 0.404684860109972
841031.0505352605 0.3961719096037361
865652.0431290936 0.3876927652622592
890993.8096776098 0.3792590854798317
917077.4506742931 0.3708816562912939
943924.6843247664 0.3625704114945524
971557.8646301847 0.3543344565677175
1000000.0 0.34618209571996456
