10.0 14.915854924761756
10.292747724096083 14.931585811701881
10.59406557118851 14.934617149773686
10.904204429677526 14.925164420180808
11.223422532664179 14.903485804588747
11.551985672964793 14.869880310460145
11.890167424419898 14.824685566957381
12.238249369681931 14.768275324305124
12.596521334671401 14.701056693232283
12.965281629896682 14.62346716403723
13.344837298838383 14.535971446893303
13.735504373605137 14.439058176221032
14.137608138073606 14.333236522298565
14.551483398731937 14.219032752796819
14.977474763452017 14.096986785656833
15.415936928422726 13.967648772746642
15.867234973483178 13.831575751124609
16.331744666101677 13.689328395596917
16.80985277425364 13.541467902689734
17.301957388458945 13.38855303227468
17.808468253246822 13.231137328997402
18.329807108324356 13.06976654147116
18.866408039732583 12.904976253013604
19.418717841282557 12.737289733612878
19.987196386572506 12.567216018896916
20.57231701189556 12.395248218210893
21.174566910357118 12.221862050540961
21.794447537529855 12.047514604000979
22.432475028984193 11.872643311949629
23.089180630041927 11.697665136546254
23.765111138110754 11.522975948690783
24.46082935796799 11.348950091819056
25.17691457037277 11.175940115925735
25.913963014396586 11.004276667443916
26.672588383874054 10.834268520193941
27.453422338387142 10.666202732492845
28.257115029208283 10.500344915660385
29.08433564064048 10.336939599526897
29.935772947204903 10.176210681114046
30.812135887140037 10.018361943381825
31.714154152689986 9.863577631784832
32.642578797673224 9.712023077327677
33.59818286283781 9.563845355821215
34.58176201952381 9.419173974098541
35.594135232168604 9.278121575025303
36.63614544020716 9.140784654215041
37.708660259934554 9.007244282418798
38.81257270691538 8.877566828586634
39.9488019395417 8.75180467957972
41.118294024358306 8.629996953440386
42.322022723792756 8.512170203989166
43.56099030694608 8.398339115309742
44.83622838411908 8.28850718539383
46.148798765769385 8.182667398844478
47.499794346614124 8.080802889075706
48.890340015614456 7.982887590887001
50.32159359259993 7.888886884638796
51.7947467923121 7.798758233498171
53.31102621667033 7.712451815365224
54.87169437608604 7.629911151126841
56.47805074067555 7.551073730814874
58.131432822247135 7.475871639072221
59.83321728796288 7.404232181054985
61.58482110660264 7.336078509526326
63.38770272838487 7.271330253434194
65.24336329932625 7.209904147721877
67.15334791115141 7.151714663506389
69.11924688779365 7.096674637091949
71.14269710955735 7.044695895580352
73.22538337604533 6.995689876118393
75.36903980898542 6.949568235103089
77.57545129612417 6.906243442977
79.84645497739086 6.865629359608605
82.18394177456803 6.827641784694863
84.58985796574301 6.792198977166968
87.06620680585127 6.759222137248662
89.61505019466045 6.728635844632167
92.23851039358476 6.700368446210641
94.9387717927583 6.674352386954812
97.71808272983904 6.650524477848935
100.57875736205835 6.628826095306049
103.52317759307378 6.609203307166079
106.55379505623053 6.591606921217712
109.67313315588179 6.575992453176565
112.88378916846884 6.562320012156046
116.18843640511002 6.550554102874386
119.58982643749793 6.540663345109801
123.09079138896018 6.532620112221023
126.69424629259063 6.526400091859159
130.40319151841317 6.521981773281386
134.2207152716012 6.519345866904011
138.14999616383224 6.518474662887477
142.19430585991677 6.519351336597864
146.357011801908 6.521959209732957
150.64158001295928 6.52628097671844
155.05157798326255 6.532297906669543
159.5906776404731 6.539989031770203
164.26265840709303 6.549330333350884
169.071410347358 6.56029393724378
174.0209374062485 6.572847330176046
179.115360743323 6.5869526090167
184.3589221641488 6.602565774643026
189.75598765218504 6.619636082022634
195.3110510040631 6.638105457827451
201.02873757128856 6.6579079964998495
206.913808111479 6.6789695451686235
212.97116275234782 6.701207387164055
219.20584507173257 6.724530033082272
225.62304629706352 6.748837127403152
232.22810962777245 6.774019477548143
239.02653468423918 6.799959210976437
246.02398208697775 6.826530064440748
253.22627816987946 6.853597807870734
260.63941983143474 6.881020803510019
268.26957952797244 6.908650698930027
276.1231104130753 6.936333250386511
284.2065516274511 6.963909270714766
292.5266337436645 6.991215693600546
301.09028437025927 7.018086743684774
309.9046339199427 7.044355199590232
318.97702154663216 7.069853734688825
328.3150012563047 7.094416318300014
337.9263481967431 7.117879658119418
347.819065131413 7.140084663064949
358.00138910285807 7.160877904493005
368.48179829116765 7.180113052905598
379.26901907322497 7.197652266920111
390.37203328860926 7.213367511428377
401.8000857182091 7.227141782548877
413.5626917817706 7.238870218201401
425.66964546078714 7.248461074863909
438.13102745333055 7.255836553304107
450.9572135676145 7.260933458744273
464.15888336127773 7.263703683953013
477.7470290335773 7.264114507091288
491.73296457790156 7.2621486996702105
506.1283352022219 7.257804443607721
520.9451270253212 7.251095059998477
536.1956770568817 7.2420485557395695
551.892683469738 7.230706997474237
568.0492161728429 7.217125725356065
584.6787276937589 7.201372421806636
601.7950643797334 7.183526052688513
619.412477926676 7.163675700101467
637.5456372456507 7.1419193072923965
656.2096406767555 7.118362356961985
675.4200285605586 7.0931165045428335
695.1927961775606 7.066298187843137
715.5444070664574 7.038027233846462
736.4918067322965 7.008425482454453
758.0524367559261 6.977615445632654
780.2442493165045 6.945719018811859
803.0857221391512 6.912856259586332
826.5958738801812 6.879144246773672
850.7942799627444 6.844696030840265
875.7010888760508 6.809619684585293
901.3370389517438 6.7740174608757915
927.7234756314059 6.737985062160654
954.8823692395666 6.7016110245161
982.8363332770031 6.6649762170949325
1011.6086432495807 6.628153456101681
1041.2232560483055 6.591207230813503
1071.7048298967104 6.554193537702375
1103.078744882215 6.517159817422326
1135.3711240885177 6.480144988292915
1168.608855346651 6.44317956894277
1202.8196136227775 6.406285881986123
1238.0318840613968 6.369478329973717
1274.2749857031336 6.332763734413445
1311.5790958968503 6.296141728373198
1349.9752754264298 6.259605193071527
1389.4954943731375 6.223140728932006
1430.172658735088 6.186729151813533
1472.0406378260013 6.1503460055359165
1515.134292476053 6.113962082384391
1559.4895040582815 6.077543943996763
1605.1432043647615 6.0410544358798
1652.1334063573702 6.004453189776648
1700.4992358187922 5.967697109156212
1750.2809639301013 5.93074083422024
1801.520040802024 5.893537183972383
1854.2591299878522 5.856037574045687
1908.542144006686 5.818192410082522
1964.4142809066266 5.779951457495402
2021.9220618983536 5.741264189351033
2081.1133700903947 5.702080114876267
2142.037490358383 5.662349091684492
2204.7451503814746 5.622021625203704
2269.288562880081 5.581049158964513
2335.7214690901214 5.539384359365547
2404.0991835099717 5.496981398260382
2474.47863995735 5.453796236248804
2546.91843897454 5.4097869088957555
2621.478896621356 5.3649138172802475
2698.222094696536 5.319140023356806
2777.211932429355 5.27243154958716
2858.5141796844714 5.224757681266838
2942.196531724374 5.176091268939962
3028.3286655749457 5.126409027342546
3116.9822980411436 5.075691826460534
3208.2312454210773 5.023924969595665
3302.1514849681753 4.971098452825873
3398.8212181526674 4.917207199951792
3498.320935775036 4.862251266953037
3600.73348498562 4.8062360101553985
3706.144138266228 4.749172212719628
3814.640664431178 4.691076164680968
3926.3134017068355 4.631969692599966
4041.2553329506004 4.571880135869007
4159.562163071847 4.510840267830134
4281.332398719392 4.448888161060842
4406.667430301786 4.386066997415006
4535.671616408702 4.32242482462963
4668.45237070379 4.258014262484843
4805.1202513612425 4.192892162577402
4945.789053120639 4.127119226726698
5090.575902036681 4.060759589817083
5239.601353002645 3.9938803735084694
5392.98949012887 3.926551217664704
5550.868030059805 3.8588437965983284
5713.36842831558 3.7908313272565612
5880.625988746757 3.722588076358885
6052.779976193349 3.6541888731766505
6229.973732441841 3.5857086342193454
6412.354795576917 3.5172219055183365
6600.075022827095 3.4488024275511133
6793.290717006696 3.380522727127194
6992.162756659375 3.3124537397898353
7196.856730011514 3.2446644655244845
7407.543072847163 3.1772216597830405
7624.397210419138 3.1101895611055927
7847.5997035146065 3.043629655915936
8077.3363987967105 2.977600480434123
8313.798583547334 2.9121574590776045
8557.183144940002 2.8473527782192076
8807.692733975462 2.7832352937558826
9065.53593421636 2.7198504705902486
9330.927435461663 2.6572403518636794
9604.08821250538 2.595443555579649
9885.24570912827 2.534495296122265
10174.634027476064 2.4744274281116057
10472.494122981476 2.415268510013479
10779.074004992735 2.3570438849564646
11094.628943275218 2.299775776271808
11419.421680558647 2.243483395378381
11753.722651306367 2.1881830597558944
12097.810206889013 2.1338883188976263
12451.97084735032 2.080610086286925
12816.499459957597 2.0283567756144083
13191.699564735716 1.9771344396155277
13577.883567189278 1.9269469100830783
13975.373018422924 1.877795937771383
14384.498882876629 1.8296813310752174
14805.6018138991 1.782601092514278
15239.032437388305 1.736551552203051
15685.151643735446 1.6915274976180392
16144.330888316019 1.6475222991003773
16616.952500776908 1.6045280306432277
17103.41000337838 1.5625355856180274
17604.108438655527 1.5215347871830915
18119.46470667122 1.481514493201622
18649.907912142942 1.4424626955660913
19195.87972173111 1.404366613890994
19757.834731786996 1.3672127835852594
20336.2408468667 1.330987138367056
20931.579669325736 1.2956750873179586
21544.346900318822 1.2612615866072772
22175.052752539294 1.22773120604466
22824.222375040976 1.19506819063778
23492.396290496577 1.1632565173510097
24180.13084525718 1.1322799472724638
24887.998672586673 1.1021220734046944
25616.589169457267 1.072766364304323
26366.508987303554 1.0441962037956618
27138.3825371428 1.0163949269877035
27932.85250948253 0.9893458528233589
28750.580409448772 0.9630323133888237
29592.247107579577 0.9374376802085512
30458.55340674284 0.9125453877469907
31350.220625651124 0.8883389543380263
32267.991199458116 0.8648020007536821
33212.62929793748 0.8419182666237304
34184.92146175927 0.819671624909453
35185.677257392665 0.7980460946323302
36215.72995118075 0.7770258520495743
37275.93720314938 0.7565952404656592
38367.18178112649 0.736738778861866
39490.37229576694 0.717441169518329
40646.44395709628 0.6986873047958035
41836.359353200234 0.6804622732404769
43061.10925171165 0.6627513651603917
44321.713424760856 0.6455400778183962
45619.221498074585 0.6288141203733864
46954.71382493421 0.612559418690469
48329.30238571752 0.5967621201298975
49744.13171377451 0.581408598408265
51200.37984840882 0.5664854586138338
52699.259315756564 0.5519795424370001
54242.01813838024 0.5378779336662315
55829.94087441914 0.5241679639743472
57464.34968715974 0.5108372190062327
59146.605445917456 0.4978735447572883
60878.108859147556 0.4852650542120742
62660.30164072656 0.47300013419449627
64494.667710376205 0.4610674523589051
66382.73442923075 0.44945596423862133
68326.07387157406 0.43815492024759084
70326.30413380644 0.42715387251926523
72385.09068173247 0.4164426814570532
74504.14773728917 0.40601152185878636
76685.2397058701 0.3958508884769586
78930.18264543568 0.3859516008755773
81240.84577862974 0.37630480744324807
83619.15304916317 0.36690198843751354
86067.08472376158 0.35773495793928795
88586.67904100832 0.34879586461682105
91180.03390845681 0.34007719121342667
93849.3086494272 0.33157175269862477
96596.72580093842 0.32327269304119977
99424.57296427398 0.3151734805922405
102335.20470972576 0.3072679020902968
105331.04453709359 0.2995500553247024
108414.5868935835 0.2920143405223017
111588.3992507748 0.28465545054162883
114855.12424239368 0.27746835998254354
118217.48186466724 0.2704483133352877
121678.27174109229 0.26359081231004095
125240.3754535072 0.25689160249424997
128906.75894140244 0.25034665949909707
132680.47497147243 0.2439521747516793
136564.66567946097 0.2377045410950884
140562.56518642136 0.23160033835167834
144677.5022915648 0.225636318996204
148912.90324394088 0.21980939407937458
153272.2945952612 0.21411661952535613
157759.30613623615 0.20855518291493694
162377.67391887208 0.20312239085180417
167131.2433672486 0.1978156569903024
172023.97247935992 0.1926324907880521
177059.9351226898 0.18757048703297355
182243.32442626648 0.18262731617318054
187578.45627201613 0.17780071547019688
193069.77288832495 0.17308848097706797
198721.84654880533 0.16848846033478576
204539.38337933904 0.1639985463666854
210527.22727657072 0.1596166714443496
216690.3639411181 0.1553408025889177
223033.9250288494 0.15116893726715555
229563.19242369095 0.14709909983661593
236283.6026355175 0.143129338590842
243200.7513267945 0.13925772335442949
250320.39797173254 0.13548234357668207
257648.47065183744 0.13180130687229033
265191.0709918535 0.12821273795944754
272954.4792402007 0.12471477794684231
280945.1594981406 0.12130558392257752
289169.76510202966 0.11798332880222441
297635.14416313195 0.11474620139539392
306348.3452696084 0.11159240665207713
315316.62335543614 0.10852016605547614
324547.44574113254 0.10552771812977864
334048.4983513244 0.10261331903439688
343827.6921143307 0.09977524322074624
353893.1695490984 0.09701178412892436
364253.3115449638 0.09432125490543818
374916.74433988857 0.09170198912598179
385892.3467029899 0.08915234150889666
397189.25732733024 0.0866706886077167
408816.88243912894 0.08425542947351987
420784.9036297398 0.08190498627928659
433103.2859169001 0.07961780489983138
445782.28604197066 0.07739235544330271
458832.461010084 0.07522713273026847
472264.67688029545 0.07312065671926164
486090.117813063 0.07107147287656435
500320.2953825999 0.06907815249027516
514967.0581618343 0.06713929292941873
530042.6015879672 0.06525351784852848
545559.4781168514 0.06341947733911119
561530.6076746266 0.06163584803048784
577969.2884153313 0.0599013331409818
594889.2077934331 0.05821466248312325
612304.4539605178 0.05657459242437087
630229.5274956024 0.054979905806173075
648679.3534788508 0.05342941182468317
667669.2939187557 0.05192194587511397
687215.1605431122 0.050456369362645054
707333.2279644439 0.04903156948287935
728040.2472308562 0.04764645897404616
749353.4597735757 0.04629997584392044
771290.6117627992 0.044991083073431457
793869.9688838223 0.04371876829979272
817110.3315457187 0.04248204348116997
841031.0505352605 0.041279944545054376
865652.0431290936 0.04011153102242767
890993.8096776098 0.0389758856695167
917077.4506742931 0.0378721140792114
943924.6843247664 0.036799344283343235
971557.8646301847 0.03575672634798954
1000000.0 0.034743431962651145
10.0 -0.6458185567685049
10.292747724096083 -0.6645081690067799
10.59406557118851 -0.6837300684731796
10.904204429677526 -0.7034987352529138
11.223422532664179 -0.7238289822148589
11.551985672964793 -0.7447359560199782
11.890167424419898 -0.7662351373448333
12.238249369681931 -0.7883423402416935
12.596521334671401 -0.8110737105531629
12.965281629896682 -0.8344457232943484
13.344837298838383 -0.8584751789107707
13.735504373605137 -0.8831791983135557
14.137608138073606 -0.9085752165895572
14.551483398731937 -0.9346809752749515
14.977474763452017 -0.9615145130761032
15.415936928422726 -0.9890941549124038
15.867234973483178 -1.017438499148883
16.331744666101677 -1.0465664028774058
16.80985277425364 -1.0764969650966294
17.301957388458945 -1.1072495076321862
17.808468253246822 -1.1388435536295225
18.329807108324356 -1.1712988034419554
18.866408039732583 -1.2046351077283164
19.418717841282557 -1.23887243756608
19.987196386572506 -1.2740308513762044
20.57231701189556 -1.31013045845093
21.174566910357118 -1.347191378866926
21.794447537529855 -1.3852336995629346
22.432475028984193 -1.424277426356264
23.089180630041927 -1.4643424316716647
23.765111138110754 -1.5054483977560769
24.46082935796799 -1.5476147551562822
25.17691457037277 -1.5908606162424044
25.913963014396586 -1.6352047035708588
26.672588383874054 -1.6806652728919407
27.453422338387142 -1.7272600306285508
28.257115029208283 -1.7750060456711285
29.08433564064048 -1.8239196553669614
29.935772947204903 -1.8740163656121103
30.812135887140037 -1.9253107449978666
31.714154152689986 -1.9778163130085848
32.642578797673224 -2.03154542232467
33.59818286283781 -2.0865091353450387
34.58176201952381 -2.142717095114477
35.594135232168604 -2.2001773909183058
36.63614544020716 -2.2588964188952154
37.708660259934554 -2.3188787381096505
38.81257270691538 -2.3801269226303536
39.9488019395417 -2.442641410267258
41.118294024358306 -2.506420348735333
42.322022723792756 -2.571459440132429
43.56099030694608 -2.637751784743189
44.83622838411908 -2.7052877253035015
46.148798765769385 -2.7740546929889236
47.499794346614124 -2.8440370565092965
48.890340015614456 -2.9152159758134655
50.32159359259993 -2.9875692620152208
51.7947467923121 -3.061071245253118
53.31102621667033 -3.1356926522810395
54.87169437608604 -3.211400495655786
56.47805074067555 -3.2881579764387747
58.131432822247135 -3.365924402351605
59.83321728796288 -3.4446551233331935
61.58482110660264 -3.5243014864150863
63.38770272838487 -3.604810811787927
65.24336329932625 -3.686126391846054
67.15334791115141 -3.7681875148973223
69.11924688779365 -3.850929515091145
71.14269710955735 -3.934283849968226
73.22538337604533 -4.018178206863921
75.36903980898542 -4.102536639214186
77.57545129612417 -4.187279733617211
79.84645497739086 -4.272324808316177
82.18394177456803 -4.35758614356589
84.58985796574301 -4.442975244170154
87.06620680585127 -4.5284011342980826
89.61505019466045 -4.6137706845290065
92.23851039358476 -4.698988970936324
94.9387717927583 -4.783959665884235
97.71808272983904 -4.868585460097521
100.57875736205835 -4.952768515446623
103.52317759307378 -5.036410947768158
106.55379505623053 -5.119415338909408
109.67313315588179 -5.201685277015216
112.88378916846884 -5.283125923876482
116.18843640511002 -5.363644607897057
119.58982643749793 -5.4431514409119774
123.09079138896018 -5.521559956693497
126.69424629259063 -5.5987877685053515
130.40319151841317 -5.674757242505988
134.2207152716012 -5.749396183177645
138.14999616383224 -5.822638526267415
142.19430585991677 -5.894425033993712
146.357011801908 -5.964703986527654
150.64158001295928 -6.033431863024043
155.05157798326255 -6.10057400479843
159.5906776404731 -6.166105252645506
164.26265840709303 -6.230010549842117
169.071410347358 -6.29228550206654
174.0209374062485 -6.35293688537256
179.115360743323 -6.4119830934886295
184.3589221641488 -6.469454516078654
189.75598765218504 -6.525393840247609
195.3110510040631 -6.579856268455105
201.02873757128856 -6.63290964713887
206.913808111479 -6.684634501700424
212.97116275234782 -6.73512397504179
219.20584507173257 -6.784483668518303
225.62304629706352 -6.832831385930983
232.22810962777245 -6.880296782979896
239.02653468423918 -6.9270209263622045
246.02398208697775 -6.973155768374248
253.22627816987946 -7.018863544425185
260.63941983143474 -7.064316102208281
268.26957952797244 -7.10969417240378
276.1231104130753 -7.155186591652464
284.2065516274511 -7.200989489115574
292.5266337436645 -7.247305448240573
301.09028437025927 -7.294342655364967
309.9046339199427 -7.342314046526649
318.97702154663216 -7.391436463350625
328.3150012563047 -7.441929828143681
337.9263481967431 -7.494016347417505
347.819065131413 -7.547919752005305
358.00138910285807 -7.603864580740517
368.48179829116765 -7.66207551345855
379.26901907322497 -7.7227767577901245
390.37203328860926 -7.78619149294267
401.8000857182091 -7.852541372466791
413.5626917817706 -7.922046086802018
425.66964546078714 -7.994922985337008
438.13102745333055 -8.071386756724285
450.9572135676145 -8.151649165330372
464.15888336127773 -8.23591884093564
477.7470290335773 -8.324401118176393
491.73296457790156 -8.417297921707403
506.1283352022219 -8.514807692656065
520.9451270253212 -8.617125351655421
536.1956770568817 -8.724442293536153
551.892683469738 -8.836946408663117
568.0492161728429 -8.954822125845045
584.6787276937589 -9.078250471810184
601.7950643797334 -9.20740914228199
619.412477926676 -9.342472579857425
637.5456372456507 -9.483612054016113
656.2096406767555 -9.630995738785737
675.4200285605586 -9.784788783784775
695.1927961775606 -9.94515337456718
715.5444070664574 -10.112248778403409
736.4918067322965 -10.28623137183567
758.0524367559261 -10.467254646555713
780.2442493165045 -10.655469190343721
803.0857221391512 -10.851022639985914
826.5958738801812 -11.054059603289025
850.7942799627444 -11.264721547443811
875.7010888760508 -11.483146651197142
901.3370389517438 -11.709469618393197
927.7234756314059 -11.943821450659788
954.8823692395666 -12.186329177118374
982.8363332770031 -12.437115539179858
1011.6086432495807 -12.696298628658836
1041.2232560483055 -12.963991477595417
1071.7048298967104 -13.24030159839696
1103.078744882215 -13.525330473104365
1135.3711240885177 -13.819172990856144
1168.608855346651 -14.121916832883752
1202.8196136227775 -14.433641804692794
1238.0318840613968 -14.754419115455388
1274.2749857031336 -15.084310605019024
1311.5790958968503 -15.423367919425953
1349.9752754264298 -15.771631636346687
1389.4954943731375 -16.129130342367194
1430.172658735088 -16.495879664790017
1472.0406378260013 -16.871881261228722
1515.134292476053 -17.257121771088954
1559.4895040582815 -17.651571733870636
1605.1432043647615 -18.055184480055424
1652.1334063573702 -18.46789500136891
1700.4992358187922 -18.88961880813493
1750.2809639301013 -19.320250782488184
1801.520040802024 -19.759664037270728
1854.2591299878522 -20.20770879148871
1908.542144006686 -20.664211274214853
1964.4142809066266 -21.12897266991954
2021.9220618983536 -21.601768119040273
2081.1133700903947 -22.082345788599387
2142.037490358383 -22.570426028292726
2204.7451503814746 -23.065700628196023
2269.288562880081 -23.567832194561998
2335.7214690901214 -24.076453660435455
2404.0991835099717 -24.591167947791515
2474.47863995735 -25.111547797549026
2546.91843897454 -25.63713578327293
2621.478896621356 -26.16744452340615
2698.222094696536 -26.701957105691363
2777.211932429355 -27.240127735795056
2858.5141796844714 -27.781382620283168
2942.196531724374 -28.32512109186201
3028.3286655749457 -28.870716982248297
3116.9822980411436 -29.417520245251087
3208.2312454210773 -29.96485882965331
3302.1514849681753 -30.512040798275674
3398.8212181526674 -31.05835668633343
3498.320935775036 -31.603082088897963
3600.73348498562 -32.145480463964674
3706.144138266228 -32.68480613446936
3814.640664431178 -33.22030746966093
3926.3134017068355 -33.75123022344478
4041.2553329506004 -34.27682100501917
4159.562163071847 -34.79633085503505
4281.332398719392 -35.309018899013196
4406.667430301786 -35.81415604859996
4535.671616408702 -36.311028720614075
4668.45237070379 -36.798942543699205
4805.1202513612425 -37.27722602271922
4945.789053120639 -37.745234131734094
5090.575902036681 -38.20235180759612
5239.601353002645 -38.647997317659325
5392.98949012887 -39.08162547683702
5550.868030059805 -39.5027306912324
5713.36842831558 -39.91084980765283
5880.625988746757 -40.30556475050876
6052.779976193349 -40.686504929697655
6229.973732441841 -41.05334940525381
6412.354795576917 -41.40582879648888
6600.075022827095 -41.743726925181306
6793.290717006696 -42.06688218404666
6992.162756659375 -42.375188623178175
7196.856730011514 -42.668596748384836
7407.543072847163 -42.947114026492756
7624.397210419138 -43.21080509351143
7847.5997035146065 -43.45979166245521
8077.3363987967105 -43.694252128237906
8313.798583547334 -43.914420867782866
8557.183144940002 -44.12058723415471
8807.692733975462 -44.31309424427594
9065.53593421636 -44.49233696066958
9330.927435461663 -44.65876056868153
9604.08821250538 -44.81285815187219
9885.24570912827 -44.955168169714455
10174.634027476064 -45.0862716434354
10472.494122981476 -45.20678905776319
10779.074004992735 -45.317376988521076
11094.628943275218 -45.418724468421864
11419.421680558647 -45.51154910595352
11753.722651306367 -45.59659297497074
12097.810206889013 -45.67461829540342
12451.97084735032 -45.746402928251754
12816.499459957597 -45.81273571082444
13191.699564735716 -45.87441166073702
13577.883567189278 -45.93222707963683
13975.373018422924 -45.986974589748854
14384.498882876629 -46.03943813814327
14805.6018138991 -46.09038800505801
15239.032437388305 -46.14057585362553
15685.151643735446 -46.19072985887588
16144.330888316019 -46.24154995398803
16616.952500776908 -46.293703231338675
17103.41000337838 -46.34781953501524
17604.108438655527 -46.4044872801711
18119.46470667122 -46.46424953277607
18649.907912142942 -46.527600381259575
19195.87972173111 -46.59498162895942
19757.834731786996 -46.66677983356533
20336.2408468667 -46.743323716644305
20931.579669325736 -46.82488196307278
21544.346900318822 -46.91166142675435
22175.052752539294 -47.00380575539898
22824.222375040976 -47.10139444349336
23492.396290496577 -47.20444231878937
24180.13084525718 -47.31289946389398
24887.998672586673 -47.42665157072937
25616.589169457267 -47.54552072184761
26366.508987303554 -47.669266588873136
27138.3825371428 -47.797588034684075
27932.85250948253 -47.93012510239573
28750.580409448772 -48.0664613708206
29592.247107579577 -48.206126652876385
30458.55340674284 -48.34860001040737
31350.220625651124 -48.49331305620784
32267.991199458116 -48.63965351163676
33212.62929793748 -48.786968986190445
34184.92146175927 -48.93457094382414
35185.677257392665 -49.0817388196388
36215.72995118075 -49.22772424991169
37275.93720314938 -49.371755378277854
38367.18178112649 -49.51304120128302
39490.37229576694 -49.65077591737581
40646.44395709628 -49.78414324487115
41836.359353200234 -49.91232067628717
43061.10925171165 -50.03448363882468
44321.713424760856 -50.14980953347584
45619.221498074585 -50.257481628344635
46954.71382493421 -50.35669278510046
48329.30238571752 -50.4466490009703
49744.13171377451 -50.52657275232193
51200.37984840882 -50.59570612951745
52699.259315756564 -50.653313756258264
54242.01813838024 -50.69868549010128
55829.94087441914 -50.7311389040076
57464.34968715974 -50.750021551738705
59146.605445917456 -50.75471302250307
60878.108859147556 -50.744626792507844
62660.30164072656 -50.71921188288932
64494.667710376205 -50.677954334914425
66382.73442923075 -50.620378514334575
68326.07387157406 -50.5460482573186
70326.30413380644 -50.45456787055105
72385.09068173247 -50.34558299782184
74504.14773728917 -50.218781364829596
76685.2397058701 -50.07389341297689
78930.18264543568 -49.91069283170836
81240.84577862974 -49.728996997472684
83619.15304916317 -49.528667325723404
86067.08472376158 -49.30960954056575
88586.67904100832 -49.07177386475656
91180.03390845681 -48.81515513083238
93849.3086494272 -48.539792812212134
96596.72580093842 -48.24577097128286
99424.57296427398 -47.93321811974133
102335.20470972576 -47.60230698491203
105331.04453709359 -47.253254174428974
108414.5868935835 -46.88631973059161
111588.3992507748 -46.50180656495257
114855.12424239368 -46.10005976324677
118217.48186466724 -45.681465750725486
121678.27174109229 -45.246451308265875
125240.3754535072 -44.795482430359506
128906.75894140244 -44.3290630171727
132680.47497147243 -43.84773339440413
136564.66567946097 -43.35206865650841
140562.56518642136 -42.84267683105506
144677.5022915648 -42.320196864507395
148912.90324394088 -41.78529643241253
153272.2945952612 -41.23866957989397
157759.30613623615 -40.68103420135725
162377.67391887208 -40.11312937130793
167131.2433672486 -39.53571254117342
172023.97247935992 -38.9495566197937
177059.9351226898 -38.355446957863805
182243.32442626648 -37.75417825885174
187578.45627201613 -37.14655144084126
193069.77288832495 -36.533370475193436
198721.84654880533 -35.91543922890654
204539.38337933904 -35.29355833802069
210527.22727657072 -34.66852213933951
216690.3639411181 -34.04111568714501
223033.9250288494 -33.4121118804858
229563.19242369095 -32.782268725002375
236283.6026355175 -32.15232675124522
243200.7513267945 -31.523006609044607
250320.39797173254 -30.895006854757835
257648.47065183744 -30.269001945319488
265191.0709918535 -29.64564044988274
272954.4792402007 -29.025543486709125
280945.1594981406 -28.409303389777588
289169.76510202966 -27.79748260649581
297635.14416313195 -27.19061282496074
306348.3452696084 -26.589194326450514
315316.62335543614 -25.993695556324024
324547.44574113254 -25.404552904289393
334048.4983513244 -24.82217068306538
343827.6921143307 -24.246921292894925
353893.1695490984 -23.67914555805168
364253.3115449638 -23.11915322059322
374916.74433988857 -22.56722357592923
385892.3467029899 -22.02360623446985
397189.25732733024 -21.48852199352797
408816.88243912894 -20.962163803832027
420784.9036297398 -20.4446978153861
433103.2859169001 -19.936264487986318
445782.28604197066 -19.436979752417898
458832.461010084 -18.946936209177906
472264.67688029545 -18.466204352524667
486090.117813063 -17.994833808605254
500320.2953825999 -17.5328545774617
514967.0581618343 -17.080278269745353
530042.6015879672 -16.637099329994577
545559.4781168514 -16.203296239360483
561530.6076746266 -15.778832691621426
577969.2884153313 -15.36365873727983
594889.2077934331 -14.957711891391764
612304.4539605178 -14.560918201620071
630229.5274956024 -14.173193273730359
648679.3534788508 -13.794443252465616
667669.2939187557 -13.424565756331925
687215.1605431122 -13.063450765401097
707333.2279644439 -12.710981461725478
728040.2472308562 -12.367035022383726
749353.4597735757 -12.03148336555768
771290.6117627992 -11.704193850362172
793869.9688838223 -11.385029931403139
817110.3315457187 -11.0738517692828
841031.0505352605 -10.770516798433174
865652.0431290936 -10.474880253810122
890993.8096776098 -10.186795658086725
917077.4506742931 -9.906115271060878
943924.6843247664 -9.632690503049998
971557.8646301847 -9.366372294062398
1000000.0 -9.10701146055797
