10.0 32.77028187844627
10.53310445370937 32.36500587535721
11.094628943275218 31.960132722279187
11.686088553466515 31.555418672408535
12.309079138896024 31.15061666535075
12.965281629896682 30.745481431353127
13.65646656794611 30.339774778941795
14.38449888287663 29.93327028681863
15.15134292476053 29.525757681364894
15.95906776404731 29.117046432806074
16.80985277425364 28.706968660300795
17.70599351226899 28.295381064614467
18.64990791214297 27.882166086841597
19.644142809066278 27.467232164655286
20.6913808111479 27.0505132647343
21.794447537529855 26.631967755727537
22.956319242369098 26.211576720721848
24.180130845257207 25.78934188604263
25.4691843897454 25.365283323277552
26.826957952797258 24.939436906674874
28.257115029208283 24.511851832042776
29.76351441631318 24.082588141544427
31.350220625651154 23.65171435339412
33.02151484968176 23.219305325239933
34.7819065131413 22.785440271569616
36.63614544020716 22.350201030916544
38.58923467029903 21.91367057518837
40.646443957096295 21.475931752826888
42.81332398719393 21.037066226634327
45.095721356761466 20.597153669317976
47.499794346614124 20.15627107379222
50.03202953826004 19.714492296551708
52.699259315756564 19.27188768844289
55.50868030059805 18.82852390011376
58.467872769375894 18.384463729488985
61.58482110660264 17.939766101022908
64.86793534788511 17.49448609332227
68.32607387157402 17.04867501725789
71.96856730011521 16.602380547563676
75.8052436755926 16.15564686631758
79.84645497739086 15.708514853518583
84.10310505352605 15.26102226371963
88.58667904100822 14.813203928603594
93.30927435461668 14.365091974560444
98.28363332770026 13.91671600131409
103.52317759307378 13.46810331009773
109.04204429677526 13.019279075182844
114.8551242423938 12.570266560311092
120.97810206889012 12.121087287779062
127.42749857031335 11.671761221674654
134.2207152716012 11.222306937956708
141.37608138073614 10.772741793307965
148.91290324394086 10.323082073498501
156.85151643735477 9.873343152191206
165.213340635737 9.423539635572176
174.0209374062485 8.973685501740643
183.29807108324357 8.523794237077295
193.06977288832496 8.073878973579045
203.36240846866724 7.623952620319596
214.2037490358383 7.174027991140064
225.62304629706352 6.724117944060529
237.65111138110728 6.27423550570397
250.32039797173255 5.824394011911146
263.6650898730358 5.374607246009148
277.7211932429355 4.924889581765887
292.5266337436645 4.47525613428774
308.1213588714002 4.02572291931227
324.54744574113323 3.5763070200314635
341.84921461759274 3.1270267661031093
360.073348498562 2.6779019233274814
379.26901907322497 2.2289539024525484
399.48801939541704 1.7802059762662554
420.78490362974026 1.3316835236185636
443.21713424760856 0.8834142874977851
466.84523707037897 0.4354286578023165
491.73296457790156 -0.012240019243751524
517.9474679231213 -0.45955510854357007
545.5594781168514 -0.9064763179500884
574.6434968715973 -1.3529593047697719
605.2779976193349 -1.7989552376269267
637.5456372456507 -2.2444103290751487
671.5334791115142 -2.6892653220263103
707.3332279644438 -3.133454932229987
745.0414773728917 -3.5769072466073455
784.7599703514607 -4.019543071521258
826.5958738801812 -4.461275229081018
870.6620680585127 -4.902007801105574
917.0774506742931 -5.34163531917354
965.9672580093833 -5.780041898911832
1017.4634027476063 -6.21710032313416
1071.7048298967104 -6.652671069503554
1128.8378916846884 -7.086601293984177
1189.01674244199 -7.518723768733403
1252.4037545350732 -7.948855788450711
1319.1699564735716 -8.376798052263155
1389.4954943731375 -8.802333539011219
1463.5701180190797 -9.225226391524865
1541.5936928422718 -9.645220837133884
1623.776739188721 -10.06204016910604
1710.3410003378397 -10.475385825197254
1801.520040802024 -10.884936604966953
1897.5598765218504 -11.290348067462235
1998.7196386572507 -11.691252168283864
2105.272272765707 -12.087257188126868
2217.505275253932 -12.477948020371015
2335.7214690901214 -12.862886881952827
2460.239820869775 -13.24161451767542
2591.3963014396572 -13.61365196145897
2729.5447924020073 -13.978502921463908
2875.0580409448803 -14.335656838129223
3028.3286655749457 -14.684592655938681
3189.7702154663216 -15.024783332707711
3359.818286283781 -15.355701077140756
3538.9316954909877 -15.676823289202375
3727.593720314938 -15.987639132652887
3926.3134017068355 -16.287656644236456
4135.626917817706 -16.57641023931273
4356.099030694608 -16.853468445714523
4588.324610100844 -17.11844166506182
4832.930238571752 -17.370989737612184
5090.575902036681 -17.610829076510264
5361.956770568817 -17.837739131486494
5647.805074067552 -18.051567956324348
5948.892077934331 -18.252236673667838
6266.030164072656 -18.439742665113933
6600.075022827095 -18.61416135519973
6951.927961775606 -18.775646505266494
7322.538337604534 -18.924428983704658
7712.906117627992 -19.060814026804277
8124.0845778629655 -19.185177054793257
8557.183144940002 -19.29795814859596
9013.37038951743 -19.39965533359103
9493.87717927582 -19.49081684894341
10000.0 -19.57203260964157
10533.104453709382 -19.643925091064943
11094.628943275218 -19.707139881380325
11686.088553466498 -19.762336156607592
12309.079138896019 -19.81017733310782
12965.281629896688 -19.851322143348767
13656.466567946096 -19.886416361355757
14384.498882876629 -19.91608537453916
15151.342924760515 -19.940927759572457
15959.06776404731 -19.961509974388044
16809.852774253653 -19.978362227584427
17705.99351226898 -19.991975536239732
18649.907912142942 -20.002799934780278
19644.142809066267 -20.01124375544352
20691.3808111479 -20.017673867637033
21794.447537529835 -20.02241673935434
22956.319242369096 -20.025760170725228
24180.13084525718 -20.027955545850954
25469.184389745402 -20.02922045403775
26826.957952797275 -20.02974154296946
28257.115029208268 -20.02967748249549
29763.51441631313 -20.029161936846798
31350.220625651124 -20.028306462899042
33021.51484968176 -20.027203271866377
34781.90651314134 -20.025927809781873
36636.14544020716 -20.024541128279353
38589.23467029899 -20.0230920305183
40646.44395709628 -20.021618988097455
42813.32398719396 -20.020151833140126
45095.721356761445 -20.018713235803105
47499.79434661403 -20.01731998168909
50032.029538259994 -20.01598406607886
52699.259315756564 -20.0147136231862
55508.680300598106 -20.01351370878686
58467.87276937589 -20.012386954162444
61584.82110660255 -20.011334108264464
64867.935347885075 -20.01035448370306
68326.07387157406 -20.009446320752335
71968.56730011514 -20.008607081972794
75805.24367559262 -20.007833688598346
79846.45497739078 -20.007122708383488
84103.10505352604 -20.006470503249677
88586.67904100832 -20.005873343889196
93309.27435461663 -20.005327497378854
98283.63332770011 -20.00482929289734
103523.17759307378 -20.00437516982035
109042.04429677526 -20.00396171173196
114855.12424239368 -20.003585669281257
120978.10206889013 -20.003243974280835
127427.49857031321 -20.002933747026024
134220.7152716012 -20.002652298416976
141376.08138073614 -20.002397128168194
148912.90324394088 -20.002165920144996
156851.5164373548 -20.00195653563967
165213.34063573685 -20.001767005241085
174020.9374062485 -20.00159551979822
183298.07108324338 -20.001440420889995
193069.77288832495 -20.001300191070488
203362.40846866704 -20.001173444154333
214203.74903583832 -20.001058915677653
225623.04629706353 -20.000955453681875
237651.11138110727 -20.00086200988333
250320.39797173254 -20.000777631304576
263665.08987303555 -20.000701452375317
277721.1932429355 -20.00063268754326
292526.6337436642 -20.00057062438306
308121.35887140024 -20.000514617193947
324547.44574113254 -20.000464081084882
341849.21461759275 -20.000418486513148
360073.348498562 -20.00037735426548
379269.0190732246 -20.000340250850257
399488.019395417 -20.000306784277612
420784.9036297398 -20.000276600201
443217.13424760854 -20.00024937839738
466845.2370703785 -20.000224829556615
491732.9645779016 -20.000202692359295
517947.46792312124 -20.000182730817944
545559.4781168514 -20.000164731862412
574643.4968715974 -20.000148503148218
605277.9976193343 -20.00013387106545
637545.6372456506 -20.00012067893751
671533.4791115135 -20.000108785385574
707333.2279644439 -20.00009806285076
745041.4773728917 -20.00008839625396
784759.9703514606 -20.000079681783806
826595.8738801812 -20.000071825802873
870662.0680585118 -20.00006474385467
917077.4506742931 -20.000058359770176
965967.2580093823 -20.000052604857295
1017463.4027476063 -20.000047417172123
1071704.8298967092 -20.000042740856983
1128837.8916846884 -20.00003852554493
1189016.74244199 -20.0000347258228
1252403.7545350718 -20.00003130074477
1319169.9564735717 -20.000028213393286
1389495.494373136 -20.000025430485465
1463570.1180190798 -20.00002292201426
1541593.6928422702 -20.00002066092849
1623776.739188721 -20.000018622840315
1710341.0003378377 -20.000016785764572
1801520.0408020238 -20.00001512988236
1897559.8765218505 -20.000013637327314
1998719.6386572486 -20.000012291993787
2105272.272765707 -20.000011079363848
2217505.2752539297 -20.000009986350346
2335721.4690901213 -20.000009001155984
2460239.8208697727 -20.000008113147594
2591396.3014396573 -20.000007312739264
2729544.792402007 -20.000006591290255
2875058.040944877 -20.00000594101295
3028328.6655749455 -20.000005354886333
3189770.215466318 -20.000004826582543
3359818.286283781 -20.000004350398406
3538931.6954909842 -20.000003921192405
3727593.720314938 -20.00000353432973
3926313.4017068394 -20.000003185633076
4135626.917817706 -20.000002871338314
4356099.030694608 -20.00000258805112
4588324.61010084 -20.00000233271255
4832930.238571752 -20.000002102565603
5090575.902036676 -20.00000189512214
5361956.770568817 -20.00000170814866
5647805.074067546 -20.000001539619166
5948892.077934331 -20.000001387717766
6266030.164072656 -20.00000125080514
6600075.022827089 -20.000001127398694
6951927.961775606 -20.00000101616561
7322538.337604526 -20.000000915910064
7712906.117627992 -20.0000008255427
8124084.5778629575 -20.000000744094912
8557183.144940002 -20.000000670678997
9013370.38951742 -20.00000060450833
9493877.17927582 -20.000000544866378
10000000.0 -20.000000491110747
10533104.45370936 -20.000000442658084
11094628.943275219 -20.000000398977484
11686088.553466497 -20.000000359610794
12309079.138896018 -20.00000032414036
12965281.629896663 -20.000000292156944
13656466.567946097 -20.00000026333117
14384498.882876629 -20.00000023735831
15151342.924760515 -20.000000213926945
15959067.76404731 -20.00000019282119
16809852.774253618 -20.000000173802125
17705993.51226898 -20.000000156667987
18649907.912142944 -20.00000014120596
19644142.809066266 -20.00000012726417
20691380.811147902 -20.000000114727925
21794447.537529834 -20.000000103407515
22956319.242369097 -20.000000093173846
24180130.84525718 -20.000000083989068
25469184.3897454 -20.000000075712798
26826957.95279722 -20.00000006821411
28257115.02920827 -20.000000061552946
29763514.41631313 -20.000000055452716
31350220.62565112 -20.000000049966907
33021514.849681754 -20.000000045012477
34781906.51314127 -20.000000040572306
36636145.44020716 -20.0000000366268
38589234.67029899 -20.00000003304507
40646443.95709628 -20.000000029689385
42813323.98719387 -20.000000026836805
45095721.35676145 -20.000000024117558
47499794.346614026 -20.0000000217458
50032029.53825999 -20.000000019584455
52699259.31575657 -20.00000001769511
55508680.300597996 -20.000000015737996
58467872.7693759 -20.000000014301715
61584821.10660254 -20.00000001309193
64867935.34788508 -20.000000011595343
68326073.87157391 -20.0000000106604
71968567.30011514 -20.000000009866852
75805243.67559262 -20.00000000900809
79846454.97739078 -20.000000008606964
84103105.05352604 -20.00000000688733
88586679.04100814 -20.000000006411504
93309274.35461664 -20.000000004776915
98283633.32770011 -20.000000005011046
103523177.59307377 -20.000000002833946
109042044.29677527 -20.000000002610463
114855124.24239345 -19.99999999946474
120978102.06889038 -20.000000000974364
127427498.57031322 -20.00000000102291
134220715.2716012 -20.000000000826038
141376081.38073614 -20.000000000354778
148912903.24394056 -19.999999998217756
156851516.43735445 -19.999999993867466
165213340.63573685 -19.999999999632102
174020937.40624848 -20.00000000177126
183298071.08324376 -20.000000009176127
193069772.88832456 -19.99999999705189
203362408.46866703 -20.000000018143712
214203749.0358383 -19.999999999456893
225623046.2970626 -19.999999999817238
237651111.38110778 -19.999999995238678
250320397.97173202 -19.999999999811294
263665089.87303555 -20.000000007051565
277721193.2429355 -19.999999989257116
292526633.74366355 -20.000000028516418
308121358.87140083 -20.000000021965047
324547445.74113256 -19.999999983042475
341849214.6175927 -19.999999970053594
360073348.49856204 -19.999999976744608
379269019.0732238 -20.000000028354545
399488019.39541787 -20.000000032488458
420784903.6297398 -20.000000059419214
443217134.24760854 -20.000000015709553
466845237.07037944 -19.99999994355521
491732964.5779006 -19.999999997673864
517947467.9231202 -19.999999958063377
545559478.1168514 -20.000000027031298
574643496.8715974 -19.999999964214744
605277997.6193355 -19.999999792993
637545637.2456493 -19.99999985640278
671533479.1115135 -20.000000299268663
707333227.9644439 -20.000000351525937
745041477.3728887 -19.99999983253095
784759970.3514622 -19.999999981836226
826595873.8801795 -20.000000044739366
870662068.0585117 -19.99999976676165
917077450.674293 -20.000000104529143
965967258.0093802 -20.000000700552413
1017463402.7476043 -20.000000617961277
1071704829.8967092 -19.99999923321183
1128837891.6846883 -20.000001278333155
1189016742.44199 -19.999999562377482
1252403754.5350692 -19.999999880042797
1319169956.473569 -19.999999330703265
1389495494.373136 -20.000000456540427
1463570118.0190797 -20.000002003398425
1541593692.8422735 -19.99999805428338
1623776739.1887176 -20.000000624290884
1710341000.337838 -20.000000069935254
1801520040.802024 -19.999998608983795
1897559876.5218503 -20.00000894341342
1998719638.6572526 -20.000004411578107
2105272272.7657027 -19.999999606236187
2217505275.2539296 -20.000001143539894
2335721469.0901213 -19.999999802295715
2460239820.8697777 -19.999997535795327
2591396301.439652 -20.000002959176424
2729544792.402002 -20.000001175853093
2875058040.944877 -19.999997526527565
3028328665.5749454 -19.999985632990423
3189770215.466325 -20.000021247837285
3359818286.2837744 -19.99999524342283
3538931695.4909844 -20.000010894257013
3727593720.314938 -19.999988961840486
3926313401.7068396 -19.99999205975049
4135626917.8176975 -20.00000742392534
4356099030.694599 -19.99996357179934
4588324610.100841 -19.999992259824452
4832930238.571753 -19.999980127560868
5090575902.036687 -20.000037223102048
5361956770.568806 -19.999976084907555
5647805074.067546 -19.99996240941458
5948892077.934331 -20.000001959869277
6266030164.072656 -20.000007925742295
6600075022.827075 -19.99997687652266
6951927961.775591 -20.000072519180847
7322538337.6045265 -20.000055861398742
7712906117.627993 -20.000074330972225
8124084577.862974 -20.000018297071392
8557183144.939984 -19.999980129685394
9013370389.51742 -19.9999445386019
9493877179.27582 -19.999988933436995
10000000000.0 -19.999998517835408
10.0 32.77028187844627
10.53310445370937 32.36500587535721
11.094628943275218 31.960132722279187
11.686088553466515 31.555418672408535
12.309079138896024 31.15061666535075
12.965281629896682 30.745481431353127
13.65646656794611 30.339774778941795
14.38449888287663 29.93327028681863
15.15134292476053 29.525757681364894
15.95906776404731 29.117046432806074
16.80985277425364 28.706968660300795
17.70599351226899 28.295381064614467
18.64990791214297 27.882166086841597
19.644142809066278 27.467232164655286
20.6913808111479 27.0505132647343
21.794447537529855 26.631967755727537
22.956319242369098 26.211576720721848
24.180130845257207 25.78934188604263
25.4691843897454 25.365283323277552
26.826957952797258 24.939436906674874
28.257115029208283 24.511851832042776
29.76351441631318 24.082588141544427
31.350220625651154 23.65171435339412
33.02151484968176 23.219305325239933
34.7819065131413 22.785440271569616
36.63614544020716 22.350201030916544
38.58923467029903 21.91367057518837
40.646443957096295 21.475931752826888
42.81332398719393 21.037066226634327
45.095721356761466 20.597153669317976
47.499794346614124 20.15627107379222
50.03202953826004 19.714492296551708
52.699259315756564 19.27188768844289
55.50868030059805 18.82852390011376
58.467872769375894 18.384463729488985
61.58482110660264 17.939766101022908
64.86793534788511 17.49448609332227
68.32607387157402 17.04867501725789
71.96856730011521 16.602380547563676
75.8052436755926 16.15564686631758
79.84645497739086 15.708514853518583
84.10310505352605 15.26102226371963
88.58667904100822 14.813203928603594
93.30927435461668 14.365091974560444
98.28363332770026 13.91671600131409
103.52317759307378 13.46810331009773
109.04204429677526 13.019279075182844
114.8551242423938 12.570266560311092
120.97810206889012 12.121087287779062
127.42749857031335 11.671761221674654
134.2207152716012 11.222306937956708
141.37608138073614 10.772741793307965
148.91290324394086 10.323082073498501
156.85151643735477 9.873343152191206
165.213340635737 9.423539635572176
174.0209374062485 8.973685501740643
183.29807108324357 8.523794237077295
193.06977288832496 8.073878973579045
203.36240846866724 7.623952620319596
214.2037490358383 7.174027991140064
225.62304629706352 6.724117944060529
237.65111138110728 6.27423550570397
250.32039797173255 5.824394011911146
263.6650898730358 5.374607246009148
277.7211932429355 4.924889581765887
292.5266337436645 4.47525613428774
308.1213588714002 4.02572291931227
324.54744574113323 3.5763070200314635
341.84921461759274 3.1270267661031093
360.073348498562 2.6779019233274814
379.26901907322497 2.2289539024525484
399.48801939541704 1.7802059762662554
420.78490362974026 1.3316835236185636
443.21713424760856 0.8834142874977851
466.84523707037897 0.4354286578023165
491.73296457790156 -0.012240019243751524
517.9474679231213 -0.45955510854357007
545.5594781168514 -0.9064763179500884
574.6434968715973 -1.3529593047697719
605.2779976193349 -1.7989552376269267
637.5456372456507 -2.2444103290751487
671.5334791115142 -2.6892653220263103
707.3332279644438 -3.133454932229987
745.0414773728917 -3.5769072466073455
784.7599703514607 -4.019543071521258
826.5958738801812 -4.461275229081018
870.6620680585127 -4.902007801105574
917.0774506742931 -5.34163531917354
965.9672580093833 -5.780041898911832
1017.4634027476063 -6.21710032313416
1071.7048298967104 -6.652671069503554
1128.8378916846884 -7.086601293984177
1189.01674244199 -7.518723768733403
1252.4037545350732 -7.948855788450711
1319.1699564735716 -8.376798052263155
1389.4954943731375 -8.802333539011219
1463.5701180190797 -9.225226391524865
1541.5936928422718 -9.645220837133884
1623.776739188721 -10.06204016910604
1710.3410003378397 -10.475385825197254
1801.520040802024 -10.884936604966953
1897.5598765218504 -11.290348067462235
1998.7196386572507 -11.691252168283864
2105.272272765707 -12.087257188126868
2217.505275253932 -12.477948020371015
2335.7214690901214 -12.862886881952827
2460.239820869775 -13.24161451767542
2591.3963014396572 -13.61365196145897
2729.5447924020073 -13.978502921463908
2875.0580409448803 -14.335656838129223
3028.3286655749457 -14.684592655938681
3189.7702154663216 -15.024783332707711
3359.818286283781 -15.355701077140756
3538.9316954909877 -15.676823289202375
3727.593720314938 -15.987639132652887
3926.3134017068355 -16.287656644236456
4135.626917817706 -16.57641023931273
4356.099030694608 -16.853468445714523
4588.324610100844 -17.11844166506182
4832.930238571752 -17.370989737612184
5090.575902036681 -17.610829076510264
5361.956770568817 -17.837739131486494
5647.805074067552 -18.051567956324348
5948.892077934331 -18.252236673667838
6266.030164072656 -18.439742665113933
6600.075022827095 -18.61416135519973
6951.927961775606 -18.775646505266494
7322.538337604534 -18.924428983704658
7712.906117627992 -19.060814026804277
8124.0845778629655 -19.185177054793257
8557.183144940002 -19.29795814859596
9013.37038951743 -19.39965533359103
9493.87717927582 -19.49081684894341
10000.0 -19.57203260964157
10533.104453709382 -19.643925091064943
11094.628943275218 -19.707139881380325
11686.088553466498 -19.762336156607592
12309.079138896019 -19.81017733310782
12965.281629896688 -19.851322143348767
13656.466567946096 -19.886416361355757
14384.498882876629 -19.91608537453916
15151.342924760515 -19.940927759572457
15959.06776404731 -19.961509974388044
16809.852774253653 -19.978362227584427
17705.99351226898 -19.991975536239732
18649.907912142942 -20.002799934780278
19644.142809066267 -20.01124375544352
20691.3808111479 -20.017673867637033
21794.447537529835 -20.02241673935434
22956.319242369096 -20.025760170725228
24180.13084525718 -20.027955545850954
25469.184389745402 -20.02922045403775
26826.957952797275 -20.02974154296946
28257.115029208268 -20.02967748249549
29763.51441631313 -20.029161936846798
31350.220625651124 -20.028306462899042
33021.51484968176 -20.027203271866377
34781.90651314134 -20.025927809781873
36636.14544020716 -20.024541128279353
38589.23467029899 -20.0230920305183
40646.44395709628 -20.021618988097455
42813.32398719396 -20.020151833140126
45095.721356761445 -20.018713235803105
47499.79434661403 -20.01731998168909
50032.029538259994 -20.01598406607886
52699.259315756564 -20.0147136231862
55508.680300598106 -20.01351370878686
58467.87276937589 -20.012386954162444
61584.82110660255 -20.011334108264464
64867.935347885075 -20.01035448370306
68326.07387157406 -20.009446320752335
71968.56730011514 -20.008607081972794
75805.24367559262 -20.007833688598346
79846.45497739078 -20.007122708383488
84103.10505352604 -20.006470503249677
88586.67904100832 -20.005873343889196
93309.27435461663 -20.005327497378854
98283.63332770011 -20.00482929289734
103523.17759307378 -20.00437516982035
109042.04429677526 -20.00396171173196
114855.12424239368 -20.003585669281257
120978.10206889013 -20.003243974280835
127427.49857031321 -20.002933747026024
134220.7152716012 -20.002652298416976
141376.08138073614 -20.002397128168194
148912.90324394088 -20.002165920144996
156851.5164373548 -20.00195653563967
165213.34063573685 -20.001767005241085
174020.9374062485 -20.00159551979822
183298.07108324338 -20.001440420889995
193069.77288832495 -20.001300191070488
203362.40846866704 -20.001173444154333
214203.74903583832 -20.001058915677653
225623.04629706353 -20.000955453681875
237651.11138110727 -20.00086200988333
250320.39797173254 -20.000777631304576
263665.08987303555 -20.000701452375317
277721.1932429355 -20.00063268754326
292526.6337436642 -20.00057062438306
308121.35887140024 -20.000514617193947
324547.44574113254 -20.000464081084882
341849.21461759275 -20.000418486513148
360073.348498562 -20.00037735426548
379269.0190732246 -20.000340250850257
399488.019395417 -20.000306784277612
420784.9036297398 -20.000276600201
443217.13424760854 -20.00024937839738
466845.2370703785 -20.000224829556615
491732.9645779016 -20.000202692359295
517947.46792312124 -20.000182730817944
545559.4781168514 -20.000164731862412
574643.4968715974 -20.000148503148218
605277.9976193343 -20.00013387106545
637545.6372456506 -20.00012067893751
671533.4791115135 -20.000108785385574
707333.2279644439 -20.00009806285076
745041.4773728917 -20.00008839625396
784759.9703514606 -20.000079681783806
826595.8738801812 -20.000071825802873
870662.0680585118 -20.00006474385467
917077.4506742931 -20.000058359770176
965967.2580093823 -20.000052604857295
1017463.4027476063 -20.000047417172123
1071704.8298967092 -20.000042740856983
1128837.8916846884 -20.00003852554493
1189016.74244199 -20.0000347258228
1252403.7545350718 -20.00003130074477
1319169.9564735717 -20.000028213393286
1389495.494373136 -20.000025430485465
1463570.1180190798 -20.00002292201426
1541593.6928422702 -20.00002066092849
1623776.739188721 -20.000018622840315
1710341.0003378377 -20.000016785764572
1801520.0408020238 -20.00001512988236
1897559.8765218505 -20.000013637327314
1998719.6386572486 -20.000012291993787
2105272.272765707 -20.000011079363848
2217505.2752539297 -20.000009986350346
2335721.4690901213 -20.000009001155984
2460239.8208697727 -20.000008113147594
2591396.3014396573 -20.000007312739264
2729544.792402007 -20.000006591290255
2875058.040944877 -20.00000594101295
3028328.6655749455 -20.000005354886333
3189770.215466318 -20.000004826582543
3359818.286283781 -20.000004350398406
3538931.6954909842 -20.000003921192405
3727593.720314938 -20.00000353432973
3926313.4017068394 -20.000003185633076
4135626.917817706 -20.000002871338314
4356099.030694608 -20.00000258805112
4588324.61010084 -20.00000233271255
4832930.238571752 -20.000002102565603
5090575.902036676 -20.00000189512214
5361956.770568817 -20.00000170814866
5647805.074067546 -20.000001539619166
5948892.077934331 -20.000001387717766
6266030.164072656 -20.00000125080514
6600075.022827089 -20.000001127398694
6951927.961775606 -20.00000101616561
7322538.337604526 -20.000000915910064
7712906.117627992 -20.0000008255427
8124084.5778629575 -20.000000744094912
8557183.144940002 -20.000000670678997
9013370.38951742 -20.00000060450833
9493877.17927582 -20.000000544866378
10000000.0 -20.000000491110747
10533104.45370936 -20.000000442658084
11094628.943275219 -20.000000398977484
11686088.553466497 -20.000000359610794
12309079.138896018 -20.00000032414036
12965281.629896663 -20.000000292156944
13656466.567946097 -20.00000026333117
14384498.882876629 -20.00000023735831
15151342.924760515 -20.000000213926945
15959067.76404731 -20.00000019282119
16809852.774253618 -20.000000173802125
17705993.51226898 -20.000000156667987
18649907.912142944 -20.00000014120596
19644142.809066266 -20.00000012726417
20691380.811147902 -20.000000114727925
21794447.537529834 -20.000000103407515
22956319.242369097 -20.000000093173846
24180130.84525718 -20.000000083989068
25469184.3897454 -20.000000075712798
26826957.95279722 -20.00000006821411
28257115.02920827 -20.000000061552946
29763514.41631313 -20.000000055452716
31350220.62565112 -20.000000049966907
33021514.849681754 -20.000000045012477
34781906.51314127 -20.000000040572306
36636145.44020716 -20.0000000366268
38589234.67029899 -20.00000003304507
40646443.95709628 -20.000000029689385
42813323.98719387 -20.000000026836805
45095721.35676145 -20.000000024117558
47499794.346614026 -20.0000000217458
50032029.53825999 -20.000000019584455
52699259.31575657 -20.00000001769511
55508680.300597996 -20.000000015737996
58467872.7693759 -20.000000014301715
61584821.10660254 -20.00000001309193
64867935.34788508 -20.000000011595343
68326073.87157391 -20.0000000106604
71968567.30011514 -20.000000009866852
75805243.67559262 -20.00000000900809
79846454.97739078 -20.000000008606964
84103105.05352604 -20.00000000688733
88586679.04100814 -20.000000006411504
93309274.35461664 -20.000000004776915
98283633.32770011 -20.000000005011046
103523177.59307377 -20.000000002833946
109042044.29677527 -20.000000002610463
114855124.24239345 -19.99999999946474
120978102.06889038 -20.000000000974364
127427498.57031322 -20.00000000102291
134220715.2716012 -20.000000000826038
141376081.38073614 -20.000000000354778
148912903.24394056 -19.999999998217756
156851516.43735445 -19.999999993867466
165213340.63573685 -19.999999999632102
174020937.40624848 -20.00000000177126
183298071.08324376 -20.000000009176127
193069772.88832456 -19.99999999705189
203362408.46866703 -20.000000018143712
214203749.0358383 -19.999999999456893
225623046.2970626 -19.999999999817238
237651111.38110778 -19.999999995238678
250320397.97173202 -19.999999999811294
263665089.87303555 -20.000000007051565
277721193.2429355 -19.999999989257116
292526633.74366355 -20.000000028516418
308121358.87140083 -20.000000021965047
324547445.74113256 -19.999999983042475
341849214.6175927 -19.999999970053594
360073348.49856204 -19.999999976744608
379269019.0732238 -20.000000028354545
399488019.39541787 -20.000000032488458
420784903.6297398 -20.000000059419214
443217134.24760854 -20.000000015709553
466845237.07037944 -19.99999994355521
491732964.5779006 -19.999999997673864
517947467.9231202 -19.999999958063377
545559478.1168514 -20.000000027031298
574643496.8715974 -19.999999964214744
605277997.6193355 -19.999999792993
637545637.2456493 -19.99999985640278
671533479.1115135 -20.000000299268663
707333227.9644439 -20.000000351525937
745041477.3728887 -19.99999983253095
784759970.3514622 -19.999999981836226
826595873.8801795 -20.000000044739366
870662068.0585117 -19.99999976676165
917077450.674293 -20.000000104529143
965967258.0093802 -20.000000700552413
1017463402.7476043 -20.000000617961277
1071704829.8967092 -19.99999923321183
1128837891.6846883 -20.000001278333155
1189016742.44199 -19.999999562377482
1252403754.5350692 -19.999999880042797
1319169956.473569 -19.999999330703265
1389495494.373136 -20.000000456540427
1463570118.0190797 -20.000002003398425
1541593692.8422735 -19.99999805428338
1623776739.1887176 -20.000000624290884
1710341000.337838 -20.000000069935254
1801520040.802024 -19.999998608983795
1897559876.5218503 -20.00000894341342
1998719638.6572526 -20.000004411578107
2105272272.7657027 -19.999999606236187
2217505275.2539296 -20.000001143539894
2335721469.0901213 -19.999999802295715
2460239820.8697777 -19.999997535795327
2591396301.439652 -20.000002959176424
2729544792.402002 -20.000001175853093
2875058040.944877 -19.999997526527565
3028328665.5749454 -19.999985632990423
3189770215.466325 -20.000021247837285
3359818286.2837744 -19.99999524342283
3538931695.4909844 -20.000010894257013
3727593720.314938 -19.999988961840486
3926313401.7068396 -19.99999205975049
4135626917.8176975 -20.00000742392534
4356099030.694599 -19.99996357179934
4588324610.100841 -19.999992259824452
4832930238.571753 -19.999980127560868
5090575902.036687 -20.000037223102048
5361956770.568806 -19.999976084907555
5647805074.067546 -19.99996240941458
5948892077.934331 -20.000001959869277
6266030164.072656 -20.000007925742295
6600075022.827075 -19.99997687652266
6951927961.775591 -20.000072519180847
7322538337.6045265 -20.000055861398742
7712906117.627993 -20.000074330972225
8124084577.862974 -20.000018297071392
8557183144.939984 -19.999980129685394
9013370389.51742 -19.9999445386019
9493877179.27582 -19.999988933436995
10000000000.0 -19.999998517835408
10.0 -4.475498527895002
10.53310445370937 -14.812321284032228
11.094628943275218 -15.463687087389113
11.686088553466515 -15.617537527815077
12.309079138896024 -16.432041969879393
12.965281629896682 -14.578626849946222
13.65646656794611 -23.01078510780713
14.38449888287663 -12.27638759313766
15.15134292476053 -17.11407649530955
15.95906776404731 -11.28976818992733
16.80985277425364 -3.373256761988635
17.70599351226899 -12.238092475564976
18.64990791214297 -10.5913544251822
19.644142809066278 -13.65020479938848
20.6913808111479 -13.223535026374432
21.794447537529855 -13.669463597603658
22.956319242369098 -26.44634206165312
24.180130845257207 -10.417610207726085
25.4691843897454 4.183703805965377
26.826957952797258 -18.657732843572173
28.257115029208283 -13.678624124916347
29.76351441631318 -10.88528241305058
31.350220625651154 -7.468830129159494
33.02151484968176 -10.546056527752285
34.7819065131413 -8.633117122880025
36.63614544020716 -22.910837455895333
38.58923467029903 -11.544200084611123
40.646443957096295 -6.651059731626762
42.81332398719393 5.772519551698493
45.095721356761466 -2.6114659408429866
47.499794346614124 -8.794985017930674
50.03202953826004 -8.062947620206879
52.699259315756564 2.678921515096902
55.50868030059805 -5.868318412893697
58.467872769375894 -2.9217881327474657
61.58482110660264 3.8236601278240894
64.86793534788511 -7.290889748985907
68.32607387157402 -1.302176912212688
71.96856730011521 -3.392205987623021
75.8052436755926 -8.722186790186518
79.84645497739086 -10.735778588801404
84.10310505352605 -2.3018688191314345
88.58667904100822 -6.149850637634261
93.30927435461668 -7.418571998829239
98.28363332770026 -6.928749179057618
103.52317759307378 0.5747389071424367
109.04204429677526 -6.751150524357796
114.8551242423938 -7.7021746641682975
120.97810206889012 2.6517699004777064
127.42749857031335 -3.600841049738468
134.2207152716012 -6.237658737922409
141.37608138073614 -10.24180033861105
148.91290324394086 -5.172804992053674
156.85151643735477 -10.710473501590856
165.213340635737 -16.867801681580673
174.0209374062485 -4.97117766210371
183.29807108324357 -6.941172479226795
193.06977288832496 -1.8725914353765183
203.36240846866724 -7.697250688537304
214.2037490358383 -3.725892766926327
225.62304629706352 -7.447875683155155
237.65111138110728 7.201130520670658
250.32039797173255 -4.949976273505229
263.6650898730358 -5.254386802261161
277.7211932429355 -2.4415183723015033
292.5266337436645 -8.055816658242993
308.1213588714002 -3.4939948480644696
324.54744574113323 -2.9981504750284205
341.84921461759274 -7.080969851253258
360.073348498562 -4.6913742802207885
379.26901907322497 -17.189513859410017
399.48801939541704 -6.504366524050111
420.78490362974026 -4.822452575705377
443.21713424760856 -5.030550376315309
466.84523707037897 -6.276957053035542
491.73296457790156 -1.2889321680110608
517.9474679231213 -6.103622341071409
545.5594781168514 -3.3872712842140453
574.6434968715973 5.524408847249548
605.2779976193349 -1.5069904455736216
637.5456372456507 -4.760736619414977
671.5334791115142 -5.47321612914123
707.3332279644438 -4.3258714108571
745.0414773728917 -1.6380977417794167
784.7599703514607 -4.5932017646646734
826.5958738801812 -5.4245716913576905
870.6620680585127 -4.5012845134006145
917.0774506742931 -9.605748686079412
965.9672580093833 -5.085249263349177
1017.4634027476063 -5.720064519741991
1071.7048298967104 -4.410707529567624
1128.8378916846884 -5.7274178780951965
1189.01674244199 -3.4305155831609953
1252.4037545350732 -4.067709895906055
1319.1699564735716 -4.643698907510301
1389.4954943731375 -12.536936346302376
1463.5701180190797 -5.045471674967205
1541.5936928422718 5.961852589728519
1623.776739188721 -6.8516202881091335
1710.3410003378397 -3.232143648712797
1801.520040802024 -6.955395934298895
1897.5598765218504 7.815547076072317
1998.7196386572507 -9.325095794661241
2105.272272765707 -7.689059152674693
2217.505275253932 -5.415943104595849
2335.7214690901214 -2.9402744997553025
2460.239820869775 -0.26677628841902107
2591.3963014396572 -10.02381608446371
2729.5447924020073 -19.071280269451808
2875.0580409448803 -10.38558736214606
3028.3286655749457 -3.4997907523690017
3189.7702154663216 -5.992781826014566
3359.818286283781 -9.005083955965361
3538.9316954909877 16.04925038026462
3727.593720314938 -3.8197670573789884
3926.3134017068355 -13.336543045974265
4135.626917817706 -7.652256375728113
4356.099030694608 -3.5700925957186502
4588.324610100844 -1.4009536611394304
4832.930238571752 -10.470221127015781
5090.575902036681 4.479286072252991
5361.956770568817 -13.088576285990376
5647.805074067552 6.6506532621537895
5948.892077934331 -13.384492731331088
6266.030164072656 -14.164005563579297
6600.075022827095 -16.859432149505768
6951.927961775606 8.860526268426872
7322.538337604534 -1.3540176437532851
7712.906117627992 -12.052533519600443
8124.0845778629655 -0.9654361182760804
8557.183144940002 -17.589678864065963
9013.37038951743 -5.536149921764694
9493.87717927582 -15.346342261680277
10000.0 -17.098713663510953
10533.104453709382 -12.527048365060034
11094.628943275218 -11.971583293402821
11686.088553466498 -7.906100333832068
12309.079138896019 -13.989244763238368
12965.281629896688 6.42679779992124
13656.466567946096 -22.51533107657922
14384.498882876629 -7.20770027683708
15151.342924760515 -16.706782364636577
15959.06776404731 -15.686494662757962
16809.852774253653 -12.638443507763686
17705.99351226898 -13.487647001056986
18649.907912142942 -14.995601720467358
19644.142809066267 -4.01986766529726
20691.3808111479 8.044601719599205
21794.447537529835 -16.14327484411713
22956.319242369096 -20.515399464959046
24180.13084525718 -19.257465581827155
25469.184389745402 -2.5010299266210323
26826.957952797275 -18.24889792839773
28257.115029208268 9.590122567174802
29763.51441631313 -16.918791237683234
31350.220625651124 -18.739555772854604
33021.51484968176 -6.547011286871606
34781.90651314134 -14.45989470992799
36636.14544020716 12.957442119137891
38589.23467029899 8.124341410237076
40646.44395709628 -14.84664534033972
42813.32398719396 -18.972825752279686
45095.721356761445 -24.21177843065933
47499.79434661403 -6.735656252460323
50032.029538259994 -22.383074485549486
52699.259315756564 -29.638273266899834
55508.680300598106 -16.036875536939363
58467.87276937589 -22.21822648554509
61584.82110660255 -17.67468467869437
64867.935347885075 -25.63759131949621
68326.07387157406 -11.518273846779499
71968.56730011514 1.819557906043643
75805.24367559262 -14.500947101932557
79846.45497739078 6.444645174455727
84103.10505352604 -16.58209413636728
88586.67904100832 -7.555817981957916
93309.27435461663 -9.091481178610291
98283.63332770011 0.7187424016765804
103523.17759307378 0.3321090151426146
109042.04429677526 -30.508305338430915
114855.12424239368 -48.67346332108638
120978.10206889013 -22.609196592111328
127427.49857031321 -31.88750159088964
134220.7152716012 -12.923244615921334
141376.08138073614 -27.28165393376232
148912.90324394088 -11.037807502397381
156851.5164373548 -15.719629544906494
165213.34063573685 -26.832014439079014
174020.9374062485 13.420560055198635
183298.07108324338 3.5318684591720615
193069.77288832495 -3.825612720543359
203362.40846866704 -16.516503055437642
214203.74903583832 -30.872938729295228
225623.04629706353 -22.98560468325196
237651.11138110727 -30.27358137681646
250320.39797173254 -17.385586886977354
263665.08987303555 -13.428456211367937
277721.1932429355 -23.791276986485215
292526.6337436642 -31.220850900606187
308121.35887140024 -14.056248608585458
324547.44574113254 -29.202438714142218
341849.21461759275 -18.109312303994095
360073.348498562 -32.13576556245959
379269.0190732246 -11.914658842964885
399488.019395417 -15.205211545793953
420784.9036297398 -12.13582091871187
443217.13424760854 -27.169887170350783
466845.2370703785 -20.90985534728073
491732.9645779016 -5.2153790396463755
517947.46792312124 -16.979781136424144
545559.4781168514 0.5889625049464327
574643.4968715974 -30.35961604880763
605277.9976193343 -10.603185349150035
637545.6372456506 5.699255799016814
671533.4791115135 -35.049694299445335
707333.2279644439 -30.615897778580408
745041.4773728917 -24.8116958719705
784759.9703514606 -20.18969194513451
826595.8738801812 -8.364491025781355
870662.0680585118 -16.86770736211791
917077.4506742931 4.81267208208929
965967.2580093823 -6.945948244707514
1017463.4027476063 -27.688469224914055
1071704.8298967092 -11.752604008083996
1128837.8916846884 -15.205492436960144
1189016.74244199 -18.69857233700569
1252403.7545350718 7.081690396226681
1319169.9564735717 -12.262485695461411
1389495.494373136 -38.755921906011686
1463570.1180190798 -10.246122029610847
1541593.6928422702 -12.054260164034377
1623776.739188721 -28.23894626692216
1710341.0003378377 -17.022275346281333
1801520.0408020238 -21.265706917107053
1897559.8765218505 -21.99721036812223
1998719.6386572486 0.2767825296698517
2105272.272765707 -39.1847330091676
2217505.2752539297 -21.676283429012024
2335721.4690901213 -11.57869019353547
2460239.8208697727 -22.099314176277296
2591396.3014396573 -31.419129270175823
2729544.792402007 -32.83123444195936
2875058.040944877 -22.238306233397857
3028328.6655749455 -24.12602559088587
3189770.215466318 -18.10430191842064
3359818.286283781 -36.70534305624002
3538931.6954909842 -10.553968314853917
3727593.720314938 -16.703751291787952
3926313.4017068394 -26.12315925876704
4135626.917817706 -21.228303353852056
4356099.030694608 0.5183630453871236
4588324.61010084 -33.625188523417
4832930.238571752 -53.70153925081229
5090575.902036676 -22.76821199353311
5361956.770568817 -23.337666902176274
5647805.074067546 -21.551189783217303
5948892.077934331 -2.147408436033909
6266030.164072656 -1.5942882025101408
6600075.022827089 -13.46245008070137
6951927.961775606 2.3362326210933264
7322538.337604526 -40.83280229746216
7712906.117627992 -18.645642519496676
8124084.5778629575 -18.05212664460319
8557183.144940002 -37.51661578717086
9013370.38951742 -12.296667791868543
9493877.17927582 -20.625917981264212
10000000.0 -5.422399064309424
10533104.45370936 -16.983095018455675
11094628.943275219 -16.29469639394629
11686088.553466497 -45.69482454583748
12309079.138896018 -15.612655781228227
12965281.629896663 -1.7057269036001088
13656466.567946097 -20.341323039038137
14384498.882876629 -0.34406703376414244
15151342.924760515 -20.059424675290074
15959067.76404731 -22.51999528586409
16809852.774253618 -9.200968143003877
17705993.51226898 -14.558288495832823
18649907.912142944 -16.016432044332216
19644142.809066266 -7.113284773728323
20691380.811147902 -12.612814717341315
21794447.537529834 -7.620130679081218
22956319.242369097 -12.552223276224254
24180130.84525718 -16.61894480895838
25469184.3897454 -19.780891251637666
26826957.95279722 -34.926120374500336
28257115.02920827 -16.55112813400249
29763514.41631313 -9.738410532295124
31350220.62565112 -15.061600938869077
33021514.849681754 -22.17249786459525
34781906.51314127 -5.979466275811749
36636145.44020716 -26.949137990756206
38589234.67029899 -11.391645078438861
40646443.95709628 1.8451315013376568
42813323.98719387 -50.25339323897463
45095721.35676145 -49.952759303657494
47499794.346614026 -25.808040638011036
50032029.53825999 -2.996986509845227
52699259.31575657 1.9374570351135092
55508680.300597996 -1.5944042318077596
58467872.7693759 -18.472631746115958
61584821.10660254 -27.833724813280686
64867935.34788508 -14.670374546857143
68326073.87157391 -11.15295673296729
71968567.30011514 -14.50336135889244
75805243.67559262 -7.331147432146952
79846454.97739078 -1.9027850563107631
84103105.05352604 -18.972243013600064
88586679.04100814 -33.612801966334736
93309274.35461664 -30.591268308050005
98283633.32770011 -21.16108025546991
103523177.59307377 -2.669430935076698
109042044.29677527 -27.770767130967027
114855124.24239345 -5.836158742135536
120978102.06889038 -8.432629445160222
127427498.57031322 -11.673138396278004
134220715.2716012 -12.826390040785265
141376081.38073614 -18.087814616558543
148912903.24394056 -10.799007502097348
156851516.43735445 -2.9217928492481935
165213340.63573685 -25.999605271840124
174020937.40624848 -18.095000538125397
183298071.08324376 -21.741161538890502
193069772.88832456 -6.603940801699617
203362408.46866703 -21.603538002790156
214203749.0358383 -34.628782485465244
225623046.2970626 -44.42360861827445
237651111.38110778 9.562823046674996
250320397.97173202 -18.45520607857449
263665089.87303555 -12.929931353403212
277721193.2429355 -22.083049017618094
292526633.74366355 -29.47978964606196
308121358.87140083 -3.23622987626951
324547445.74113256 -13.026752962853891
341849214.6175927 -12.65454888620443
360073348.49856204 -14.013965862093766
379269019.0732238 -1.5826251969464924
399488019.39541787 -30.553798603273826
420784903.6297398 -14.479045944809064
443217134.24760854 -1.7701757354590444
466845237.07037944 -19.688464228047987
491732964.5779006 -19.7009620592144
517947467.9231202 -31.015552253033665
545559478.1168514 -20.21743702761063
574643496.8715974 -13.865883382244682
605277997.6193355 -23.506820581455617
637545637.2456493 -47.641245287543015
671533479.1115135 -17.417136743539366
707333227.9644439 -19.874596384538478
745041477.3728887 -30.661287051445925
784759970.3514622 -9.508299576991107
826595873.8801795 -23.11318683034289
870662068.0585117 -8.89043659521936
917077450.674293 -13.61053611239065
965967258.0093802 -9.999875717245867
1017463402.7476043 -13.194335563195548
1071704829.8967092 -29.633452864746847
1128837891.6846883 6.481997630124077
1189016742.44199 -19.89309255217065
1252403754.5350692 -18.77642372587336
1319169956.473569 -9.714489854817
1389495494.373136 -23.70715390649591
1463570118.0190797 -4.42612125855011
1541593692.8422735 -8.129157962047962
1623776739.1887176 0.3184320581267811
1710341000.337838 -19.985546296757168
1801520040.802024 -6.559418580380192
1897559876.5218503 -24.928000929116205
1998719638.6572526 15.194445792665432
2105272272.7657027 -3.7383098377773134
2217505275.2539296 -22.834203242887025
2335721469.0901213 -18.409207646183653
2460239820.8697777 -9.978916552066986
2591396301.439652 -11.916423637049082
2729544792.402002 -1.19145458983736
2875058040.944877 -2.572475468156934
3028328665.5749454 -12.39965757411914
3189770215.466325 17.105256550175
3359818286.2837744 -18.174130050821134
3538931695.4909844 -23.853163722498824
3727593720.314938 0.27806745795715637
3926313401.7068396 -12.983958297998793
4135626917.8176975 -17.46742038562608
4356099030.694599 -13.43202835099449
4588324610.100841 2.5721642700826006
4832930238.571753 -15.191968189073208
5090575902.036687 -21.66865632441405
5361956770.568806 -16.643064512025983
5647805074.067546 -15.728613656898325
5948892077.934331 -22.69960648537709
6266030164.072656 -21.211750552231262
6600075022.827075 -24.467186491247798
6951927961.775591 -7.5998352212534845
7322538337.6045265 -10.093694877556842
7712906117.627993 -8.291919532710377
8124084577.862974 -51.38913373067418
8557183144.939984 -20.28442850430693
9013370389.51742 4.840687218586661
9493877179.27582 -13.438769114698294
10000000000.0 -25.759494333051535
