10.0 -0.000761135079407052
10.292747724096083 -0.0007834024293553458
10.59406557118851 -0.0008063203217776233
10.904204429677526 -0.0008299076810725937
11.223422532664179 -0.0008541839748032784
11.551985672964793 -0.0008791692286198803
11.890167424419898 -0.000904884041531518
12.238249369681931 -0.0009313496015288398
12.596521334671401 -0.000958587701559631
12.965281629896682 -0.0009866207558579406
13.344837298838383 -0.0010154718166270388
13.735504373605137 -0.0010451645910754836
14.137608138073606 -0.0010757234588043966
14.551483398731937 -0.001107173489543097
14.977474763452017 -0.0011395404612287662
15.415936928422726 -0.001172850878424964
15.867234973483178 -0.0012071319910712548
16.331744666101677 -0.0012424118135557305
16.80985277425364 -0.0012787191440991276
17.301957388458945 -0.001316083584438159
17.808468253246822 -0.0013545355597925767
18.329807108324356 -0.0013941063390983516
18.866408039732583 -0.0014348280554865602
19.418717841282557 -0.00147673372698416
19.987196386572506 -0.0015198572774098326
20.57231701189556 -0.0015642335574341786
21.174566910357118 -0.0016098983657692164
21.794447537529855 -0.0016568884704482717
22.432475028984193 -0.0017052416301519312
23.089180630041927 -0.0017549966155304447
23.765111138110754 -0.0018061932304673856
24.46082935796799 -0.001858872333222824
25.17691457037277 -0.0019130758573871795
25.913963014396586 -0.0019688468325695387
26.672588383874054 -0.0020262294047358083
27.453422338387142 -0.0020852688561032815
28.257115029208283 -0.0021460116244877998
29.08433564064048 -0.0022085053219899234
29.935772947204903 -0.0022727987528941983
30.812135887140037 -0.0023389419306433248
31.714154152689986 -0.002406986093735491
32.642578797673224 -0.0024769837203780618
33.59818286283781 -0.002548988541715234
34.58176201952381 -0.0026230555534296706
35.594135232168604 -0.0026992410254992067
36.63614544020716 -0.0027776025098704576
37.708660259934554 -0.0028581988457879516
38.81257270691538 -0.0029410901624953405
39.9488019395417 -0.00302633787899909
41.118294024358306 -0.003114004700558121
42.322022723792756 -0.003204154611534188
43.56099030694608 -0.0032968528642053495
44.83622838411908 -0.003392165963113057
46.148798765769385 -0.0034901616444762452
47.499794346614124 -0.0035909088501682672
48.890340015614456 -0.0036944776957116158
50.32159359259993 -0.003800939431703058
51.7947467923121 -0.003910366398033941
53.31102621667033 -0.0040228319702243324
54.87169437608604 -0.0041384104971369726
56.47805074067555 -0.0042571772292832695
58.131432822247135 -0.004379208236877637
59.83321728796288 -0.004504580316736616
61.58482110660264 -0.004633370887058384
63.38770272838487 -0.004765657869053883
65.24336329932625 -0.004901519554335301
67.15334791115141 -0.005041034456899765
69.11924688779365 -0.005184281148477775
71.14269710955735 -0.005331338075946098
73.22538337604533 -0.005482283359434938
75.36903980898542 -0.005637194569691518
77.57545129612417 -0.005796148483192109
79.84645497739086 -0.005959220813433602
82.18394177456803 -0.006126485916772778
84.58985796574301 -0.006298016471126365
87.06620680585127 -0.006473883125799213
89.61505019466045 -0.006654154120667208
92.23851039358476 -0.0068388948729189904
94.9387717927583 -0.007028167529543827
97.71808272983904 -0.007222030483762731
100.57875736205835 -0.00742053785362371
103.52317759307378 -0.00762373892103563
106.55379505623053 -0.007831677529591621
109.67313315588179 -0.008044391439650014
112.88378916846884 -0.008261911639289573
116.18843640511002 -0.008484261609954602
119.58982643749793 -0.008711456545846008
123.09079138896018 -0.008943502526421981
126.69424629259063 -0.009180395641728465
130.40319151841317 -0.009422121070717283
134.2207152716012 -0.009668652113212647
138.14999616383224 -0.009919949176781883
142.19430585991677 -0.0101759587204376
146.357011801908 -0.010436612157878913
150.64158001295928 -0.010701824723844759
155.05157798326255 -0.01097149430813475
159.5906776404731 -0.01124550026292812
164.26265840709303 -0.011523702190231891
169.071410347358 -0.011805938717573431
174.0209374062485 -0.012092026271459272
179.115360743323 -0.012381757859609757
184.3589221641488 -0.012674901874550264
189.75598765218504 -0.012971200932784931
195.3110510040631 -0.013270370765456115
201.02873757128856 -0.013572099178098535
206.913808111479 -0.013876045098775854
212.97116275234782 -0.014181837735523076
219.20584507173257 -0.014489075865530998
225.62304629706352 -0.014797327279888087
232.22810962777245 -0.01510612840883482
239.02653468423918 -0.015414984153357418
246.02398208697775 -0.015723367949457223
253.22627816987946 -0.01603072209151431
260.63941983143474 -0.016336458340742696
268.26957952797244 -0.016639958843730325
276.1231104130753 -0.016940577384405842
284.2065516274511 -0.017237640990405905
292.5266337436645 -0.017530451911678933
301.09028437025927 -0.017818289985227838
309.9046339199427 -0.018100415395129337
318.97702154663216 -0.018376071831397688
328.3150012563047 -0.018644490044904437
337.9263481967431 -0.01890489178850354
347.819065131413 -0.019156494126837127
358.00138910285807 -0.019398514089139424
368.48179829116765 -0.01963017363091618
379.26901907322497 -0.01985070486181572
390.37203328860926 -0.02005935548860549
401.8000857182091 -0.0202553944141532
413.5626917817706 -0.020438117425969883
425.66964546078714 -0.020606852901490478
438.13102745333055 -0.020760967452103762
450.9572135676145 -0.020899871424274057
464.15888336127773 -0.02102302417413279
477.7470290335773 -0.021129939031838886
491.73296457790156 -0.02122018787395771
506.1283352022219 -0.0212934052261124
520.9451270253212 -0.021349291824238684
536.1956770568817 -0.021387617570817117
551.892683469738 -0.021408223832282944
568.0492161728429 -0.021411025035219872
584.6787276937589 -0.021396009531569768
601.7950643797334 -0.021363239716629026
619.412477926676 -0.02131285139760804
637.5456372456507 -0.02124505242462105
656.2096406767555 -0.02116012060968696
675.4200285605586 -0.02105840097229101
695.1927961775606 -0.02094030236187692
715.5444070664574 -0.020806293517983677
736.4918067322965 -0.02065689863738236
758.0524367559261 -0.020492692524260364
780.2442493165045 -0.02031429540417416
803.0857221391512 -0.02012236748507633
826.5958738801812 -0.019917603349276336
850.7942799627444 -0.019700726258803574
875.7010888760508 -0.01947248245348504
901.3370389517438 -0.01923363551632964
927.7234756314059 -0.018984960874785645
954.8823692395666 -0.018727240499362408
982.8363332770031 -0.018461257853281364
1011.6086432495807 -0.018187793138503605
1041.2232560483055 -0.01790761887495087
1071.7048298967104 -0.01762149584123226
1103.078744882215 -0.01733016939691723
1135.3711240885177 -0.01703436619856406
1168.608855346651 -0.016734791314434387
1202.8196136227775 -0.016432125736245733
1238.0318840613968 -0.01612702428048345
1274.2749857031336 -0.015820113866786494
1311.5790958968503 -0.015511992156711741
1349.9752754264298 -0.015203226532810222
1389.4954943731375 -0.014894353395333751
1430.172658735088 -0.01458587775202805
1472.0406378260013 -0.014278273075262868
1515.134292476053 -0.01397198140015334
1559.4895040582815 -0.013667413637264914
1605.1432043647615 -0.013364950073868974
1652.1334063573702 -0.01306494103848847
1700.4992358187922 -0.01276770770453281
1750.2809639301013 -0.012473543010133014
1801.520040802024 -0.012182712672764062
1854.2591299878522 -0.01189545627884557
1908.542144006686 -0.011611988430178535
1964.4142809066266 -0.011332499930782136
2021.9220618983536 -0.011057158999377611
2081.1133700903947 -0.010786112494431175
2142.037490358383 -0.010519487140256955
2204.7451503814746 -0.010257390744203898
2269.288562880081 -0.0099999133963768
2335.7214690901214 -0.009747128644669353
2404.0991835099717 -0.00949909463911357
2474.47863995735 -0.009255855240662737
2546.91843897454 -0.009017441090536999
2621.478896621356 -0.008783870637164242
2698.222094696536 -0.008555151118553721
2777.211932429355 -0.008331279498644033
2858.5141796844714 -0.008112243356789351
2942.196531724374 -0.007898021730074244
3028.3286655749457 -0.0076885859086083955
3116.9822980411436 -0.007483900184331365
3208.2312454210773 -0.007283922554182215
3302.1514849681753 -0.00708860537874751
3398.8212181526674 -0.0068978959977137955
3498.320935775036 -0.006711737303614264
3600.73348498562 -0.006530068275485608
3706.144138266228 -0.006352824474139711
3814.640664431178 -0.006179938500815104
3926.3134017068355 -0.006011340421007637
4041.2553329506004 -0.005846958155289054
4159.562163071847 -0.005686717838919169
4281.332398719392 -0.0055305441520318846
4406.667430301786 -0.005378360622142167
4535.671616408702 -0.005230089900676636
4668.45237070379 -0.005085654015175818
4805.1202513612425 -0.004944974598759883
4945.789053120639 -0.004807973098382926
5090.575902036681 -0.004674570963337686
5239.601353002645 -0.004544689815401102
5392.98949012887 -0.00441825160194346
5550.868030059805 -0.0042951787332534954
5713.36842831558 -0.004175394205263183
5880.625988746757 -0.004058821708786847
6052.779976193349 -0.003945385726324651
6229.973732441841 -0.0038350116174144825
6412.354795576917 -0.0037276256934543964
6600.075022827095 -0.003623155282858337
6793.290717006696 -0.00352152878735033
6992.162756659375 -0.0034226757301462295
7196.856730011514 -0.0033265267967235107
7407.543072847163 -0.0032330138688254737
7624.397210419138 -0.0031420700523042532
7847.5997035146065 -0.003053629699359283
8077.3363987967105 -0.0029676284256889697
8313.798583547334 -0.002884003123032971
8557.183144940002 -0.00280269196754637
8807.692733975462 -0.002723634424413244
9065.53593421636 -0.0026467712490743163
9330.927435461663 -0.0025720444854146185
9604.08821250538 -0.002499397461228538
9885.24570912827 -0.0024287747812540015
10174.634027476064 -0.002360122318043687
10472.494122981476 -0.0022933872009190132
10779.074004992735 -0.0022285178032310175
11094.628943275218 -0.002165463728134487
11419.421680558647 -0.0021041757930628617
11753.722651306367 -0.0020446060130754275
12097.810206889013 -0.001986707583233378
12451.97084735032 -0.0019304348601468372
12816.499459957597 -0.0018757433428226982
13191.699564735716 -0.001822589652930423
13577.883567189278 -0.0017709315145927815
13975.373018422924 -0.0017207277337981486
14384.498882876629 -0.0016719381775214134
14805.6018138991 -0.0016245237526326599
15239.032437388305 -0.0015784463846643488
15685.151643735446 -0.0015336689965011366
16144.330888316019 -0.0014901554870494326
16616.952500776908 -0.001447870709938042
17103.41000337838 -0.0014067804522958198
17604.108438655527 -0.0013668514136468122
18119.46470667122 -0.0013280511849593241
18649.907912142942 -0.001290348227880728
19195.87972173111 -0.001253711854186151
19757.834731786996 -0.0012181122054656874
20336.2408468667 -0.0011835202330716548
20931.579669325736 -0.0011499076783443518
21544.346900318822 -0.0011172470531324071
22175.052752539294 -0.0010855116206210476
22824.222375040976 -0.001054675376479904
23492.396290496577 -0.0010247130303396256
24180.13084525718 -0.0009955999876050576
24887.998672586673 -0.0009673123316108828
25616.589169457267 -0.0009398268061245109
26366.508987303554 -0.0009131207981994242
27138.3825371428 -0.0008871723213810227
27932.85250948253 -0.0008619599992662783
28750.580409448772 -0.0008374630494171225
29592.247107579577 -0.0008136612676269696
30458.55340674284 -0.0007905350125389383
31350.220625651124 -0.0007680651906135976
32267.991199458116 -0.0007462332414436498
33212.62929793748 -0.0007250211234121906
34184.92146175927 -0.0007044112996910157
35185.677257392665 -0.0006843867245748179
36215.72995118075 -0.0006649308301469223
37275.93720314938 -0.0006460275132717748
38367.18178112649 -0.0006276611229093016
39490.37229576694 -0.0006098164477459123
40646.44395709628 -0.0005924787041367916
41836.359353200234 -0.0005756335243540089
43061.10925171165 -0.0005592669451347385
44321.713424760856 -0.0005433653965239821
45619.221498074585 -0.0005279156910058871
46954.71382493421 -0.0005129050129179211
48329.30238571752 -0.0004983209081419889
49744.13171377451 -0.00048415127406657146
51200.37984840882 -0.00047038434981412294
52699.259315756564 -0.00045700870672773673
54242.01813838024 -0.0004440132391113203
55829.94087441914 -0.0004313871552174759
57464.34968715974 -0.00041911996847732034
59146.605445917456 -0.0004072014889665639
60878.108859147556 -0.00039562181510219556
62660.30164072656 -0.0003843713255642836
64494.667710376205 -0.0003734406714373264
66382.73442923075 -0.000362820768565781
68326.07387157406 -0.0003525027901185015
70326.30413380644 -0.00034247815935676613
72385.09068173247 -0.0003327385426008087
74504.14773728917 -0.00032327584238979836
76685.2397058701 -0.0003140821908303141
78930.18264543568 -0.0003051499431284238
81240.84577862974 -0.00029647167130065436
83619.15304916317 -0.00028804015805914025
86067.08472376158 -0.00027984839086642584
88586.67904100832 -0.0002718895561554253
91180.03390845681 -0.000264157033710145
93849.3086494272 -0.000256644391202986
96596.72580093842 -0.00024934537888432224
99424.57296427398 -0.000242253924420372
102335.20470972576 -0.0002353641278753243
105331.04453709359 -0.0002286702568338701
108414.5868935835 -0.00022216674166027794
111588.3992507748 -0.00021584817089037586
114855.12424239368 -0.00020970928675276195
118217.48186466724 -0.00020374498081577677
121678.27174109229 -0.0001979502897567502
125240.3754535072 -0.00019232039125018243
128906.75894140244 -0.0001868505999716052
132680.47497147243 -0.00018153636371394204
136564.66567946097 -0.00017637325961322942
140562.56518642136 -0.00017135699048072443
144677.5022915648 -0.00016648338123841726
148912.90324394088 -0.0001617483754551027
153272.2945952612 -0.00015714803198021364
157759.30613623615 -0.00015267852167270214
162377.67391887208 -0.00014833612422231177
167131.2433672486 -0.0001441172250606787
172023.97247935992 -0.00014001831235974598
177059.9351226898 -0.00013603597411507385
182243.32442626648 -0.00013216689531162003
187578.45627201613 -0.00012840785516975666
193069.77288832495 -0.00012475572446920887
198721.84654880533 -0.00012120746294876718
204539.38337933904 -0.00011776011677963917
210527.22727657072 -0.0001144108161103677
216690.3639411181 -0.00011115677268131268
223033.9250288494 -0.00010799527750673139
229563.19242369095 -0.00010492369862255534
236283.6026355175 -0.00010193947889803246
243200.7513267945 -9.904013390940445e-05
250320.39797173254 -9.622324987389678e-05
257648.47065183744 -9.348648164230146e-05
265191.0709918535 -9.082755074852433e-05
272954.4792402007 -8.824424351445436e-05
280945.1594981406 -8.573440920862243e-05
289169.76510202966 -8.329595825711581e-05
297635.14416313195 -8.092686050527431e-05
306348.3452696084 -7.862514352873172e-05
315316.62335543614 -7.638889099241016e-05
324547.44574113254 -7.421624105610018e-05
334048.4983513244 -7.210538482533019e-05
343827.6921143307 -7.005456484621519e-05
353893.1695490984 -6.806207364306203e-05
364253.3115449638 -6.612625229750721e-05
374916.74433988857 -6.424548906801816e-05
385892.3467029899 -6.241821804861016e-05
397189.25732733024 -6.0642917865668256e-05
408816.88243912894 -5.8918110411792055e-05
420784.9036297398 -5.7242359615621995e-05
433103.2859169001 -5.56142702466152e-05
445782.28604197066 -5.4032486753786915e-05
458832.461010084 -5.249569213745217e-05
472264.67688029545 -5.100260685303325e-05
486090.117813063 -4.955198774601763e-05
500320.2953825999 -4.814262701719069e-05
514967.0581618343 -4.677335121727626e-05
530042.6015879672 -4.544302027015249e-05
545559.4781168514 -4.4150526523838264e-05
561530.6076746266 -4.289479382844808e-05
577969.2884153313 -4.167477664036428e-05
594889.2077934331 -4.048945915187504e-05
612304.4539605178 -3.9337854445546726e-05
630229.5274956024 -3.821900367265268e-05
648679.3534788508 -3.713197525494247e-05
667669.2939187557 -3.607586410911662e-05
687215.1605431122 -3.504979089334779e-05
707333.2279644439 -3.405290127521941e-05
728040.2472308562 -3.308436522049017e-05
749353.4597735757 -3.2143376302064935e-05
771290.6117627992 -3.1229151028630623e-05
793869.9688838223 -3.0340928192371915e-05
817110.3315457187 -2.94779682352335e-05
841031.0505352605 -2.863955263320968e-05
865652.0431290936 -2.7824983298134702e-05
890993.8096776098 -2.703358199648833e-05
917077.4506742931 -2.6264689784726717e-05
943924.6843247664 -2.5517666460668526e-05
971557.8646301847 -2.4791890030484663e-05
1000000.0 -2.4086756190844998e-05
10.0 0.01310866415743631
10.292747724096083 0.013492416956440519
10.59406557118851 0.013887403998673577
10.904204429677526 0.014293954161099376
11.223422532664179 0.014712405948213289
11.551985672964793 0.015143107773862026
11.890167424419898 0.015586418251311185
12.238249369681931 0.01604270649180218
12.596521334671401 0.016512352411847047
12.965281629896682 0.01699574704951601
13.344837298838383 0.017493292889981516
13.735504373605137 0.01800540420058884
14.137608138073606 0.018532507375732383
14.551483398731937 0.019075041291824198
14.977474763452017 0.019633457672649533
15.415936928422726 0.020208221465413338
15.867234973483178 0.020799811227790562
16.331744666101677 0.021408719526301412
16.80985277425364 0.022035453346342625
17.301957388458945 0.02268053451421586
17.808468253246822 0.023344500131503562
18.329807108324356 0.024027903022152842
18.866408039732583 0.024731312192639108
19.418717841282557 0.0254553133055914
19.987196386572506 0.026200509167272505
20.57231701189556 0.026967520229318722
21.174566910357118 0.02775698510515579
21.794447537529855 0.028569561101518905
22.432475028984193 0.029405924765518943
23.089180630041927 0.03026677244770677
23.765111138110754 0.031152820881605554
24.46082935796799 0.03206480778018741
25.17691457037277 0.033003492449793524
25.913963014396586 0.03396965642200211
26.672588383874054 0.03496410410397051
27.453422338387142 0.03598766344778896
28.257115029208283 0.037041186639400314
29.08433564064048 0.03812555080765519
29.935772947204903 0.039241658754090795
30.812135887140037 0.04039043970403521
31.714154152689986 0.04157285007965843
32.642578797673224 0.04278987429561051
33.59818286283781 0.04404252557790067
34.58176201952381 0.045331846806697315
35.594135232168604 0.0466589113837407
36.63614544020716 0.04802482412508583
37.708660259934554 0.04943072217991119
38.81257270691538 0.0508777759761481
39.9488019395417 0.05236719019371176
41.118294024358306 0.05390020476613319
42.322022723792756 0.05547809591141415
43.56099030694608 0.057102177192954365
44.83622838411908 0.05877380061141963
46.148798765769385 0.06049435772844613
47.499794346614124 0.06226528082310328
48.890340015614456 0.0640880440820583
50.32159359259993 0.06596416482441943
51.7947467923121 0.06789520476225422
53.31102621667033 0.06988277129781358
54.87169437608604 0.07192851885851763
56.47805074067555 0.07403415027078822
58.131432822247135 0.0762014181738468
59.83321728796288 0.07843212647462237
61.58482110660264 0.08072813184494838
63.38770272838487 0.08309134526226
65.24336329932625 0.08552373359503485
67.15334791115141 0.08802732123425328
69.11924688779365 0.09060419177219388
71.14269710955735 0.09325648972990426
73.22538337604533 0.09598642233473838
75.36903980898542 0.09879626134937321
77.57545129612417 0.1016883449537646
79.84645497739086 0.10466507968153767
82.18394177456803 0.10772894241234399
84.58985796574301 0.11088248242176156
87.06620680585127 0.11412832349034743
89.61505019466045 0.11746916607350082
92.23851039358476 0.12090778953383198
94.9387717927583 0.12444705443777265
97.71808272983904 0.12808990491820876
100.57875736205835 0.13183937110496619
103.52317759307378 0.13569857162500118
106.55379505623053 0.13967071617422475
109.67313315588179 0.1437591081629013
112.88378916846884 0.14796714743663095
116.18843640511002 0.15229833307495375
119.58982643749793 0.15675626626966557
123.09079138896018 0.16134465328498654
126.69424629259063 0.1660673085017448
130.40319151841317 0.1709281575478153
134.2207152716012 0.1759312405170628
138.14999616383224 0.18108071527911163
142.19430585991677 0.18638086088228065
146.357011801908 0.19183608105208222
150.64158001295928 0.19745090778771848
155.05157798326255 0.2032300050590314
159.5906776404731 0.20917817260643223
164.26265840709303 0.2153003498463276
169.071410347358 0.22160161988463478
174.0209374062485 0.22808721364096993
179.115360743323 0.23476251408614368
184.3589221641488 0.2416330605956066
189.75598765218504 0.2487045534215116
195.3110510040631 0.2559828582860624
201.02873757128856 0.2634740110988448
206.913808111479 0.27118422280080534
212.97116275234782 0.2791198843375675
219.20584507173257 0.287287571764748
225.62304629706352 0.2956940514878963
232.22810962777245 0.30434628563968597
239.02653468423918 0.3132514375969053
246.02398208697775 0.32241687763975696
253.22627816987946 0.3318501887559049
260.63941983143474 0.341559172591628
268.26957952797244 0.3515518555523281
276.1231104130753 0.3618364950545272
284.2065516274511 0.37242158593136065
292.5266337436645 0.38331586699340037
301.09028437025927 0.3945283277464604
309.9046339199427 0.4060682152678312
318.97702154663216 0.4179450412421591
328.3150012563047 0.43016858915787787
337.9263481967431 0.4427489216648585
347.819065131413 0.4556963880935222
358.00138910285807 0.4690216321353388
368.48179829116765 0.48273559968416657
379.26901907322497 0.49684954683740123
390.37203328860926 0.5113750480553939
401.8000857182091 0.5263240044769625
413.5626917817706 0.541708652388184
425.66964546078714 0.5575415718408921
438.13102745333055 0.5738356954165161
450.9572135676145 0.5906043171299789
464.15888336127773 0.607861101467353
477.7470290335773 0.6256200925499573
491.73296457790156 0.6438957234162404
506.1283352022219 0.6627028254116105
520.9451270253212 0.6820566376747846
536.1956770568817 0.7019728167077126
551.892683469738 0.7224674460143473
568.0492161728429 0.7435570457915675
584.6787276937589 0.765258582653518
601.7950643797334 0.7875894793682776
619.412477926676 0.8105676245832373
637.5456372456507 0.8342113825128618
656.2096406767555 0.8585396025594413
675.4200285605586 0.8835716288342068
695.1927961775606 0.909327309542586
715.5444070664574 0.9358270061934785
736.4918067322965 0.9630916025882381
758.0524367559261 0.9911425135403684
780.2442493165045 1.0200016932720393
803.0857221391512 1.0496916434279735
826.5958738801812 1.080235420641532
850.7942799627444 1.111656643581279
875.7010888760508 1.1439794993994978
901.3370389517438 1.1772287494966704
927.7234756314059 1.2114297345077591
954.8823692395666 1.2466083784075466
982.8363332770031 1.2827911916227435
1011.6086432495807 1.3200052730285865
1041.2232560483055 1.3582783106966216
1071.7048298967104 1.3976385812487475
1103.078744882215 1.4381149476599668
1135.3711240885177 1.4797368553387957
1168.608855346651 1.5225343262999613
1202.8196136227775 1.5665379512284003
1238.0318840613968 1.6117788792173782
1274.2749857031336 1.6582888049457771
1311.5790958968503 1.706099953041174
1349.9752754264298 1.7552450593555253
1389.4954943731375 1.8057573488593535
1430.172658735088 1.8576705098383939
1472.0406378260013 1.9110186640533768
1515.134292476053 1.9658363324994543
1559.4895040582815 2.0221583963761742
1605.1432043647615 2.080020052852729
1652.1334063573702 2.1394567651855594
1700.4992358187922 2.200504206717346
1750.2809639301013 2.263198198257344
1801.520040802024 2.3275746383136227
1854.2591299878522 2.3936694256180258
1908.542144006686 2.461518373354724
1964.4142809066266 2.5311571144740794
2021.9220618983536 2.602620997444477
2081.1133700903947 2.6759449717673665
2142.037490358383 2.751163462555253
2204.7451503814746 2.8283102334484265
2269.288562880081 2.907418237126726
2335.7214690901214 2.9885194526560075
2404.0991835099717 3.0716447088982632
2474.47863995735 3.1568234932091364
2546.91843897454 3.2440837446494575
2621.478896621356 3.3334516309485425
2698.222094696536 3.424951308479228
2777.211932429355 3.5186046645383295
2858.5141796844714 3.6144310412746368
2942.196531724374 3.7124469406710343
3028.3286655749457 3.8126657100698385
3116.9822980411436 3.915097207834311
3208.2312454210773 4.019747448866103
3302.1514849681753 4.1266182298514735
3398.8212181526674 4.235706734289975
3498.320935775036 4.347005117572919
3600.73348498562 4.460500072624599
3706.144138266228 4.576172376903229
3814.640664431178 4.693996421879615
3926.3134017068355 4.813939726474701
4041.2553329506004 4.935962436341468
4159.562163071847 5.060016811324795
4281.332398719392 5.1860467039239095
4406.667430301786 5.313987032115574
4535.671616408702 5.443763250470401
4668.45237070379 5.575290824105448
4805.1202513612425 5.708474710659663
4945.789053120639 5.843208856147181
5090.575902036681 5.979375711228485
5239.601353002645 6.11684577512968
5392.98949012887 6.255477175122908
5550.868030059805 6.395115290139174
5713.36842831558 6.53559242770052
5880.625988746757 6.676727563911818
6052.779976193349 6.818326156717421
6229.973732441841 6.960180042981262
6412.354795576917 7.102067430163968
6600.075022827095 7.243752993415039
6793.290717006696 7.384988088749936
6992.162756659375 7.525511092605784
7196.856730011514 7.665047877445527
7407.543072847163 7.803312432179775
7624.397210419138 7.940007634983132
7847.5997035146065 8.074826184581362
8077.3363987967105 8.207451694272798
8313.798583547334 8.33755995082216
8557.183144940002 8.464820337943666
8807.692733975462 8.588897421391888
9065.53593421636 8.70945268974299
9330.927435461663 8.826146441822097
9604.08821250538 8.938639808474798
9885.24570912827 9.046596893065823
10174.634027476064 9.149687011797043
10472.494122981476 9.247587011763226
10779.074004992735 9.339983641702496
11094.628943275218 9.426575947750877
11419.421680558647 9.507077664276679
11753.722651306367 9.58121956814156
12097.810206889013 9.648751763600604
12451.97084735032 9.70944586458236
12816.499459957597 9.763097041337188
13191.699564735716 9.8095258994419
13577.883567189278 9.848580160912226
13975.373018422924 9.880136119685302
14384.498882876629 9.904099846951999
14805.6018138991 9.920408125679248
15239.032437388305 9.929029098070718
15685.151643735446 9.929962614564378
16144.330888316019 9.923240278125423
16616.952500776908 9.908925182923713
17103.41000337838 9.887111351840481
17604.108438655527 9.857922882477952
18119.46470667122 9.821512816308545
18649.907912142942 9.778061750160955
19195.87972173111 9.727776213286068
19757.834731786996 9.670886836672903
20336.2408468667 9.607646344026456
20931.579669325736 9.538327395820785
21544.346900318822 9.463220319081843
22175.052752539294 9.382630756036896
22824.222375040976 9.296877264518086
23492.396290496577 9.206288902074526
24180.13084525718 9.11120282419803
24887.998672586673 9.011961924982398
25616.589169457267 8.908912546009368
26366.508987303554 8.802402276380334
27138.3825371428 8.69277786369707
27932.85250948253 8.580383252531128
28750.580409448772 8.465557763607029
29592.247107579577 8.348634423643958
30458.55340674284 8.229938452629485
31350.220625651124 8.10978591230367
32267.991199458116 7.988482516862715
33212.62929793748 7.866322604391241
34184.92146175927 7.743588265324159
35185.677257392665 7.620548622346546
36215.72995118075 7.497459254561156
37275.93720314938 7.374561757490241
38367.18178112649 7.2520834295189465
39490.37229576694 7.130237074713252
40646.44395709628 7.009220911535714
41836.359353200234 6.889218576812543
43061.10925171165 6.7703992143458676
44321.713424760856 6.652917637790558
45619.221498074585 6.536914557794788
46954.71382493421 6.4225168639113805
48329.30238571752 6.309837952397525
49744.13171377451 6.198978091706665
51200.37984840882 6.090024818220511
52699.259315756564 5.983053355546361
54242.01813838024 5.878127051501504
55829.94087441914 5.7752978277049944
57464.34968715974 5.674606637484066
59146.605445917456 5.576083928567919
60878.108859147556 5.479750107773119
62660.30164072656 5.3856160055779085
64494.667710376205 5.293683339125137
66382.73442923075 5.203945172784088
68326.07387157406 5.116386375931547
70326.30413380644 5.030984078078353
72385.09068173247 4.947708121866043
74504.14773728917 4.866521514783551
76685.2397058701 4.787380880705713
78930.18264543568 4.710236912527287
81240.84577862974 4.635034827260677
83619.15304916317 4.561714824977005
86067.08472376158 4.490212552900956
88586.67904100832 4.420459575820077
91180.03390845681 4.352383853740385
93849.3086494272 4.285910227416803
96596.72580093842 4.220960912014849
99424.57296427398 4.15745599872572
102335.20470972576 4.095313963672058
105331.04453709359 4.034452182916331
108414.5868935835 3.974787451833898
111588.3992507748 3.916236506553231
114855.12424239368 3.8587165446150276
118217.48186466724 3.8021457414787485
121678.27174109229 3.746443759029118
125240.3754535072 3.691532241825873
128906.75894140244 3.637335296516291
132680.47497147243 3.58377994960838
136564.66567946097 3.530796578698378
140562.56518642136 3.478319312268774
144677.5022915648 3.426286393331663
148912.90324394088 3.374640502486644
153272.2945952612 3.323329036391953
157759.30613623615 3.272304338202749
162377.67391887208 3.2215238771993504
167131.2433672486 3.1709503755919117
172023.97247935992 3.120551881326154
177059.9351226898 3.0703017866010547
182243.32442626648 3.0201787927174455
187578.45627201613 2.9701668227783986
193069.77288832495 2.9202548846298577
198721.84654880533 2.870436887237475
204539.38337933904 2.820711414419421
210527.22727657072 2.7710814604747998
216690.3639411181 2.7215541327481785
223033.9250288494 2.6721403265417223
229563.19242369095 2.6228543780214353
236283.6026355175 2.5737137008636077
243200.7513267945 2.524738412354665
250320.39797173254 2.475950954502524
257648.47065183744 2.4273757154503097
265191.0709918535 2.379038656121315
272954.4792402007 2.330966946582433
280945.1594981406 2.2831886161118096
289169.76510202966 2.2357322204120798
297635.14416313195 2.188626528843079
306348.3452696084 2.1419002339727164
315316.62335543614 2.0955816851781504
324547.44574113254 2.0496986474846466
334048.4983513244 2.004278086317473
343827.6921143307 1.9593459783719387
353893.1695490984 1.914927148384503
364253.3115449638 1.8710451312180212
374916.74433988857 1.8277220583588565
385892.3467029899 1.7849785676628915
397189.25732733024 1.7428337349803231
408816.88243912894 1.7013050261327076
420784.9036297398 1.6604082676068008
433103.2859169001 1.6201576342636925
445782.28604197066 1.5805656523341003
458832.461010084 1.541643215976142
472264.67688029545 1.5033996157057312
486090.117813063 1.4658425770668653
500320.2953825999 1.4289783079846745
514967.0581618343 1.3928115533340222
530042.6015879672 1.3573456553567027
545559.4781168514 1.3225826186669694
561530.6076746266 1.288523178695967
577969.2884153313 1.2551668725368967
594889.2077934331 1.2225121112633162
612304.4539605178 1.1905562529003235
630229.5274956024 1.15929567533138
648679.3534788508 1.1287258485211957
667669.2939187557 1.098841405526452
687215.1605431122 1.0696362118508684
707333.2279644439 1.0411034327789361
728040.2472308562 1.01323559839315
749353.4597735757 0.9860246660435115
771290.6117627992 0.9594620800946942
793869.9688838223 0.9335388288268316
817110.3315457187 0.9082454984098367
841031.0505352605 0.8835723239096763
865652.0431290936 0.859509237317856
890993.8096776098 0.8360459126235188
917077.4506742931 0.8131718079709535
943924.6843247664 0.7908762049649463
971557.8646301847 0.7691482452020194
1000000.0 0.7479769641183939
