10.0 19.629530890546306
10.292747724096083 19.217349410975128
10.59406557118851 18.805433047646318
10.904204429677526 18.394326390591683
11.223422532664179 17.984544054993698
11.551985672964793 17.57657045686319
11.890167424419898 17.170859799632055
12.238249369681931 16.767836256431977
12.596521334671401 16.367894331966358
12.965281629896682 15.971399387360062
13.344837298838383 15.578688311117181
13.735504373605137 15.190070319350593
14.137608138073606 14.805827868698007
14.551483398731937 14.426217665801712
14.977474763452017 14.051471757857234
15.415936928422726 13.681798689495706
15.867234973483178 13.31738471213112
16.331744666101677 12.958395032837254
16.80985277425364 12.604975090798103
17.301957388458945 12.257251850370679
17.808468253246822 11.915335100790466
18.329807108324356 11.579318753511439
18.866408039732583 11.249282129100179
19.418717841282557 10.925291226466374
19.987196386572506 10.60739996801604
20.57231701189556 10.295651415039647
21.174566910357118 9.990078948293373
21.794447537529855 9.690707409297694
22.432475028984193 9.397554198353962
23.089180630041927 9.110630325681466
23.765111138110754 8.829941412389386
24.46082935796799 8.555488638244091
25.17691457037277 8.287269633362092
25.913963014396586 8.025279311070323
26.672588383874054 7.769510639234029
27.453422338387142 7.519955347368201
28.257115029208283 7.276604566833702
29.08433564064048 7.039449401386611
29.935772947204903 6.808481425312884
30.812135887140037 6.583693106353558
31.714154152689986 6.365078150627368
32.642578797673224 6.152631766796957
33.59818286283781 5.946350846829403
34.58176201952381 5.746234060872696
35.594135232168604 5.552281864039358
36.63614544020716 5.364496413255217
37.708660259934554 5.182881392819813
38.81257270691538 5.007441747943893
39.9488019395417 4.838183326275541
41.118294024358306 4.675112428323519
42.322022723792756 4.518235268714241
43.56099030694608 4.367557351383161
44.83622838411908 4.223082763092399
46.148798765769385 4.084813391054792
47.499794346614124 3.9527480719250057
48.890340015614456 3.8268816809450685
50.32159359259993 3.707204171581668
51.7947467923121 3.5936995775162424
53.31102621667033 3.486344990310599
54.87169437608604 3.385109527415146
56.47805074067555 3.2899533063709265
58.131432822247135 3.200826442027748
59.83321728796288 3.117668084316048
61.58482110660264 3.040405514524929
63.38770272838487 2.9689533181203864
65.24336329932625 2.9032126518556107
67.15334791115141 2.843070622265416
69.11924688779365 2.7883997915880014
71.14269710955735 2.7390578257299674
73.22538337604533 2.694887297095672
75.36903980898542 2.6557156529718986
77.57545129612417 2.6213553577311157
79.84645497739086 2.5916042144397475
82.18394177456803 2.5662458685871172
84.58985796574301 2.5450504936499536
87.06620680585127 2.527775655139338
89.61505019466045 2.5141673467106482
92.23851039358476 2.5039611889177453
94.9387717927583 2.4968837783240843
97.71808272983904 2.4926541720043587
100.57875736205835 2.4909854900404147
103.52317759307378 2.491586616472846
106.55379505623053 2.4941639773690545
109.67313315588179 2.4984233732335364
112.88378916846884 2.50407184195218
116.18843640511002 2.510819527841744
119.58982643749793 2.518381532190228
123.09079138896018 2.5264797209208947
126.69424629259063 2.534844465692314
130.40319151841317 2.5432162958517184
134.2207152716012 2.5513474401649665
138.14999616383224 2.55900323913398
142.19430585991677 2.5659634109366163
146.357011801908 2.572023156556178
150.64158001295928 2.576994092437554
155.05157798326255 2.58070500197653
159.5906776404731 2.5830024002366847
164.26265840709303 2.5837509094376174
169.071410347358 2.582833445890646
174.0209374062485 2.580151222106592
179.115360743323 2.575623570691651
184.3589221641488 2.569187599319328
189.75598765218504 2.560797688460014
195.3110510040631 2.550424845613829
201.02873757128856 2.538055931490702
206.913808111479 2.5236927748874955
212.97116275234782 2.507351193907621
219.20584507173257 2.4890599416588737
225.62304629706352 2.468859594654906
232.22810962777245 2.4468014018630586
239.02653468423918 2.4229461117128546
246.02398208697775 2.397362793452767
253.22627816987946 2.370127668055552
260.63941983143474 2.3413229624840772
268.26957952797244 2.311035799586832
276.1231104130753 2.2793571342447967
284.2065516274511 2.2463807447000548
292.5266337436645 2.21220228628911
301.09028437025927 2.1769184131434756
309.9046339199427 2.1406259718209975
318.97702154663216 2.1034212693396745
328.3150012563047 2.06539941671385
337.9263481967431 2.026653747861661
347.819065131413 1.9872753126711966
358.00138910285807 1.9473524420877995
368.48179829116765 1.9069703823122623
379.26901907322497 1.866210994582332
390.37203328860926 1.8251525165299785
401.8000857182091 1.7838693807672403
413.5626917817706 1.74243208612803
425.66964546078714 1.7009071168816952
438.13102745333055 1.6593569052130295
450.9572135676145 1.6178398323235383
464.15888336127773 1.5764102636369237
477.7470290335773 1.5351186137708288
491.73296457790156 1.4940114371581754
506.1283352022219 1.4531315404558973
520.9451270253212 1.4125181131498645
536.1956770568817 1.3722068730482584
551.892683469738 1.3322302236460408
568.0492161728429 1.2926174206315373
584.6787276937589 1.2533947450805671
601.7950643797334 1.2145856811580023
619.412477926676 1.1762110963976573
637.5456372456507 1.1382894228675067
656.2096406767555 1.100836837750507
675.4200285605586 1.0638674420646026
695.1927961775606 1.0273934364305413
715.5444070664574 0.9914252929517002
736.4918067322965 0.9559719224119215
758.0524367559261 0.9210408361176129
780.2442493165045 0.8866383018137856
803.0857221391512 0.8527694931903902
826.5958738801812 0.819438632563719
850.7942799627444 0.7866491263790666
875.7010888760508 0.7544036932199595
901.3370389517438 0.7227044840459306
927.7234756314059 0.6915531944039593
954.8823692395666 0.6609511683776664
982.8363332770031 0.630899494047175
1011.6086432495807 0.6013990902428331
1041.2232560483055 0.5724507843848781
1071.7048298967104 0.544055381203176
1103.078744882215 0.5162137221470339
1135.3711240885177 0.4889267353041038
1168.608855346651 0.4621954756714211
1202.8196136227775 0.4360211556480012
1238.0318840613968 0.41040516565466045
1274.2749857031336 0.3853490848389701
1311.5790958968503 0.3608546818742959
1349.9752754264298 0.33692390594673716
1389.4954943731375 0.31355886809262373
1430.172658735088 0.29076181315539873
1472.0406378260013 0.2685350827371252
1515.134292476053 0.24688106962765025
1559.4895040582815 0.22580216432691455
1605.1432043647615 0.2053006944029828
1652.1334063573702 0.18537885755336467
1700.4992358187922 0.16603864936883775
1750.2809639301013 0.1472817869181681
1801.520040802024 0.12910962938584566
1854.2591299878522 0.11152309707983185
1908.542144006686 0.09452259021624425
1964.4142809066266 0.07810790892333676
2021.9220618983536 0.06227817593933636
2081.1133700903947 0.04703176346871558
2142.037490358383 0.03236622562541922
2204.7451503814746 0.018278237806085885
2269.288562880081 0.004763544249765793
2335.7214690901214 -0.00818308511366031
2404.0991835099717 -0.020567887586933464
2474.47863995735 -0.03239812964146722
2546.91843897454 -0.04368211733742682
2621.478896621356 -0.0544291949001071
2698.222094696536 -0.0646497313782344
2777.211932429355 -0.07435509553183656
2858.5141796844714 -0.08355761931389405
2942.196531724374 -0.09227055054891474
3028.3286655749457 -0.10050799557914346
3116.9822980411436 -0.10828485282778291
3208.2312454210773 -0.11561673838142776
3302.1514849681753 -0.12251990478389653
3398.8212181526674 -0.12901115432320726
3498.320935775036 -0.1351077481389035
3600.73348498562 -0.14082731247033362
3706.144138266228 -0.14618774336519136
3814.640664431178 -0.15120711110368731
3926.3134017068355 -0.15590356552193602
4041.2553329506004 -0.1602952433350731
4159.562163071847 -0.16440017841201085
4281.332398719392 -0.1682362158812135
4406.667430301786 -0.17182093077720015
4535.671616408702 -0.17517155180376592
4668.45237070379 -0.17830489068237848
4805.1202513612425 -0.1812372773986963
4945.789053120639 -0.18398450155005477
5090.575902036681 -0.18656175988260992
5239.601353002645 -0.18898361000116184
5392.98949012887 -0.19126393014870907
5550.868030059805 -0.19341588489421094
5713.36842831558 -0.19545189646319533
5880.625988746757 -0.19738362143842134
6052.779976193349 -0.19922193250795422
6229.973732441841 -0.2009769049028025
6412.354795576917 -0.20265780715178242
6600.075022827095 -0.20427309580662475
6793.290717006696 -0.2058304137424009
6992.162756659375 -0.2073365916760638
7196.856730011514 -0.20879765257324742
7407.543072847163 -0.21021881857365377
7624.397210419138 -0.2116045201529233
7847.5997035146065 -0.21295840720515513
8077.3363987967105 -0.21428336176376875
8313.798583547334 -0.21558151210389742
8557.183144940002 -0.21685424798685893
8807.692733975462 -0.2181022367980505
9065.53593421636 -0.21932544036569274
9330.927435461663 -0.2205231322378774
9604.08821250538 -0.2216939152358748
9885.24570912827 -0.2228357390364846
10174.634027476064 -0.22394591763785324
10472.494122981476 -0.225021146458779
10779.074004992735 -0.2260575189205517
11094.628943275218 -0.22705054230860733
11419.421680558647 -0.2279951526992593
11753.722651306367 -0.22888572884497033
12097.810206889013 -0.22971610478535084
12451.97084735032 -0.2304795811045403
12816.499459957597 -0.23116893469894562
13191.699564735716 -0.23177642695037945
13577.883567189278 -0.23229381033683125
13975.373018422924 -0.2327123334125183
14384.498882876629 -0.2330227442639559
14805.6018138991 -0.2332152925894553
15239.032437388305 -0.23327973053084766
15685.151643735446 -0.2332053125732367
16144.330888316019 -0.23298079484042306
16616.952500776908 -0.2325944341723942
17103.41000337838 -0.23203398746175252
17604.108438655527 -0.23128671180024143
18119.46470667122 -0.23033936602976757
18649.907912142942 -0.2291782142873362
19195.87972173111 -0.22778903224209246
19757.834731786996 -0.22615711669736027
20336.2408468667 -0.22426729918471497
20931.579669325736 -0.2221039642240366
21544.346900318822 -0.2196510727999829
22175.052752539294 -0.21689219158258147
22824.222375040976 -0.21381052831440278
23492.396290496577 -0.210388973626671
24180.13084525718 -0.2066101495022283
24887.998672586673 -0.20245646433622216
25616.589169457267 -0.1979101744657456
26366.508987303554 -0.19295345179389636
27138.3825371428 -0.18756845704473848
27932.85250948253 -0.18173741788043674
28750.580409448772 -0.17544271094896488
29592.247107579577 -0.16866694696908835
30458.55340674284 -0.1613930574120558
31350.220625651124 -0.1536043816281493
32267.991199458116 -0.145284752829818
33212.62929793748 -0.13641858155121098
34184.92146175927 -0.12699093490737245
35185.677257392665 -0.11698761016982206
36215.72995118075 -0.10639520124123081
37275.93720314938 -0.09520115644971604
38367.18178112649 -0.08339382657238655
39490.37229576694 -0.07096250183043758
40646.44395709628 -0.057897437088171834
41836.359353200234 -0.0441898643795609
43061.10925171165 -0.029831992471243875
44321.713424760856 -0.014816993260428834
45619.221498074585 0.0008610251048802932
46954.71382493421 0.017207057738273256
48329.30238571752 0.03422525497047017
49744.13171377451 0.05191898559723738
51200.37984840882 0.07029091066098798
52699.259315756564 0.0893430664827806
54242.01813838024 0.10907695570080057
55829.94087441914 0.12949364479851408
57464.34968715974 0.15059386673659034
59146.605445917456 0.1723781272624146
60878.108859147556 0.1948468131700946
62660.30164072656 0.21800030131788212
64494.667710376205 0.24183906685713494
66382.73442923075 0.2663637895549931
68326.07387157406 0.2915754568495686
70326.30413380644 0.3174754628831731
72385.09068173247 0.3440657023597244
74504.14773728917 0.37134865882620444
76685.2397058701 0.3993274863729258
78930.18264543568 0.4280060848705059
81240.84577862974 0.4573891679278355
83619.15304916317 0.48748232382670736
86067.08472376158 0.518292069224733
88586.67904100832 0.5498258956132283
91180.03390845681 0.5820923089103428
93849.3086494272 0.6151008622293095
96596.72580093842 0.6488621823097155
99424.57296427398 0.683387989718173
102335.20470972576 0.7186911134740628
105331.04453709359 0.7547855002365907
108414.5868935835 0.7916862186179738
111588.3992507748 0.829409458960376
114855.12424239368 0.8679725290488595
118217.48186466724 0.9073938458944746
121678.27174109229 0.9476929241929324
125240.3754535072 0.9888903617578999
128906.75894140244 1.031007821818288
132680.47497147243 1.0740680129853921
136564.66567946097 1.118094666579603
140562.56518642136 1.1631125118084813
144677.5022915648 1.2091472486403063
148912.90324394088 1.2562255186783737
153272.2945952612 1.3043748737413958
157759.30613623615 1.3536237425794038
162377.67391887208 1.4040013950271668
167131.2433672486 1.455537904051843
172023.97247935992 1.508264105322696
177059.9351226898 1.5622115539131713
182243.32442626648 1.6174124782067565
187578.45627201613 1.6738997305066812
193069.77288832495 1.7317067340755077
198721.84654880533 1.7908674265830729
204539.38337933904 1.8514161986524318
210527.22727657072 1.9133878285043844
216690.3639411181 1.9768174104212743
223033.9250288494 2.041740278491244
229563.19242369095 2.1081919235328748
236283.6026355175 2.1762079032169104
243200.7513267945 2.245823745105623
250320.39797173254 2.3170748413521305
257648.47065183744 2.389996334733317
265191.0709918535 2.464622995366727
272954.4792402007 2.5409890871768512
280945.1594981406 2.619128223571589
289169.76510202966 2.6990732112379265
297635.14416313195 2.7808558818903832
306348.3452696084 2.8645069105063206
315316.62335543614 2.9500556193590173
324547.44574113254 3.037529767927894
334048.4983513244 3.126955326367943
343827.6921143307 3.218356233199796
353893.1695490984 3.311754135979492
364253.3115449638 3.4071681138305423
374916.74433988857 3.5046143817945206
385892.3467029899 3.6041059766922445
397189.25732733024 3.7056524234020656
408816.88243912894 3.8092593815754023
420784.9036297398 3.9149282730783614
433103.2859169001 4.022655889169057
445782.28604197066 4.132433979273724
458832.461010084 4.244248820037982
472264.67688029545 4.358080767172497
486090.117813063 4.473903789819595
500320.2953825999 4.5916849896596705
514967.0581618343 4.711384107172872
530042.6015879672 4.832953015678299
545559.4781168514 4.956335207881449
561530.6076746266 5.081465277179459
577969.2884153313 5.2082683975793564
594889.2077934331 5.336659807958674
612304.4539605178 5.4665443037368
630229.5274956024 5.5978157446662316
648679.3534788508 5.730356581513652
667669.2939187557 5.8640374131151844
687215.1605431122 5.998716577709422
707333.2279644439 6.134239789916443
728040.2472308562 6.27043983024893
749353.4597735757 6.407136298984226
771290.6117627992 6.544135442792677
793869.9688838223 6.68123006474744
817110.3315457187 6.818199529131011
841031.0505352605 6.954809871391673
865652.0431290936 7.0908140224081215
890993.8096776098 7.225952159534372
917077.4506742931 7.359952191501062
943924.6843247664 7.492530387314782
971557.8646301847 7.623392154335105
1000000.0 7.752232975331092
10.0 2.664704859027525
10.292747724096083 2.7383820985513094
10.59406557118851 2.8138404479815966
10.904204429677526 2.8911004371711035
11.223422532664179 2.9701806849369334
11.551985672964793 3.0510976652970347
11.890167424419898 3.133865457519794
12.238249369681931 3.218495479526736
12.596521334671401 3.3049962042733916
12.965281629896682 3.3933728588372394
13.344837298838383 3.4836271060682553
13.735504373605137 3.57575670880772
14.137608138073606 3.6697551768580814
14.551483398731937 3.765611397092644
14.977474763452017 3.863309247330721
15.415936928422726 3.962827194874527
15.867234973483178 4.06413788090921
16.331744666101677 4.167207692309673
16.80985277425364 4.271996322777365
17.301957388458945 4.378456325647604
17.808468253246822 4.4865326611631104
18.329807108324356 4.596162241500489
18.866408039732583 4.707273477360938
19.418717841282557 4.819785830490919
19.987196386572506 4.933609377076688
20.57231701189556 5.048644387552386
21.174566910357118 5.164780928964236
21.794447537529855 5.281898496633828
22.432475028984193 5.399865682446213
23.089180630041927 5.518539887639447
23.765111138110754 5.637767088472381
24.46082935796799 5.757381663577179
25.17691457037277 5.877206292140153
25.913963014396586 5.997051932274855
26.672588383874054 6.1167178890306495
27.453422338387142 6.235991981392366
28.257115029208283 6.354650817346435
29.08433564064048 6.472460185592838
29.935772947204903 6.589175571747708
30.812135887140037 6.7045428058898535
31.714154152689986 6.818298847043302
32.642578797673224 6.930172708648068
33.59818286283781 7.039886527253832
34.58176201952381 7.147156774584768
35.594135232168604 7.251695610786121
36.63614544020716 7.353212374104888
37.708660259934554 7.451415199517858
38.81257270691538 7.54601275595333
39.9488019395417 7.636716088819568
41.118294024358306 7.723240551628567
42.322022723792756 7.805307807666385
43.56099030694608 7.882647880001941
44.83622838411908 7.955001225731146
46.148798765769385 8.022120808317409
47.499794346614124 8.08377414029518
48.890340015614456 8.1397452675339
50.32159359259993 8.189836665776983
51.7947467923121 8.23387102033397
53.31102621667033 8.271692860638021
54.87169437608604 8.303170022905134
56.47805074067555 8.328194916329604
58.131432822247135 8.346685571088951
59.83321728796288 8.35858644985082
61.58482110660264 8.363869008394493
63.38770272838487 8.362531995276111
65.24336329932625 8.354601485068564
67.15334791115141 8.340130644458846
69.11924688779365 8.319199235259795
71.14269710955735 8.291912863049314
73.22538337604533 8.258401984559328
75.36903980898542 8.218820690981296
77.57545129612417 8.173345287922753
79.84645497739086 8.12217269576066
82.18394177456803 8.065518696519701
84.58985796574301 8.003616055120801
87.06620680585127 7.936712543874837
89.61505019466045 7.8650688994458635
92.23851039358476 7.7889567412053475
94.9387717927583 7.708656478989447
97.71808272983904 7.624455236819753
100.57875736205835 7.5366448172294085
103.52317759307378 7.445519728538303
106.55379505623053 7.3513752948292455
109.67313315588179 7.254505865586356
112.88378916846884 7.155203139054604
116.18843640511002 7.053754610447995
119.58982643749793 6.95044215324957
123.09079138896018 6.84554073907795
126.69424629259063 6.739317298991556
130.40319151841317 6.63202972671491
134.2207152716012 6.523926022129166
138.14999616383224 6.415243571492409
142.19430585991677 6.306208559262792
146.357011801908 6.197035505081752
150.64158001295928 6.08792691843874
155.05157798326255 5.979073062766932
159.5906776404731 5.870651820193897
164.26265840709303 5.762828647873143
169.071410347358 5.655756616727154
174.0209374062485 5.549576523514236
179.115360743323 5.444417067365768
184.3589221641488 5.340395082299988
189.75598765218504 5.237615817681108
195.3110510040631 5.136173259131629
201.02873757128856 5.036150483003432
206.913808111479 4.9376200381465205
212.97116275234782 4.840644349367586
219.20584507173257 4.745276137628093
225.62304629706352 4.651558852678409
232.22810962777245 4.5595271144506855
239.02653468423918 4.469207160127792
246.02398208697775 4.380617294361169
253.22627816987946 4.29376834061787
260.63941983143474 4.208664092096356
268.26957952797244 4.125301761049369
276.1231104130753 4.043672425696335
284.2065516274511 3.9637614741877587
292.5266337436645 3.8855490453043378
301.09028437025927 3.8090104657303683
309.9046339199427 3.7341166838379025
318.97702154663216 3.6608346999567836
328.3150012563047 3.5891279930872098
337.9263481967431 3.518956943943847
347.819065131413 3.4502792541047893
358.00138910285807 3.3830503608866045
368.48179829116765 3.317223847379044
379.26901907322497 3.252751846865847
390.37203328860926 3.1895854406346413
401.8000857182091 3.12767504795274
413.5626917817706 3.0669708067651382
425.66964546078714 3.0074229434689745
438.13102745333055 2.9489821299420353
450.9572135676145 2.8915998258639344
464.15888336127773 2.835228604274576
477.7470290335773 2.7798224582720867
491.73296457790156 2.725337086767428
506.1283352022219 2.6717301572882373
520.9451270253212 2.6189615439605824
536.1956770568817 2.566993538993326
551.892683469738 2.5157910362403424
568.0492161728429 2.4653216857168725
584.6787276937589 2.4155560182869613
601.7950643797334 2.3664675401104645
619.412477926676 2.3180327968308045
637.5456372456507 2.2702314078825627
656.2096406767555 2.22304607169371
675.4200285605586 2.176462542934821
695.1927961775606 2.1304695833193543
715.5444070664574 2.085058887772545
736.4918067322965 2.0402249880556944
758.0524367559261 1.9959651361504511
780.2442493165045 1.9522791698701836
803.0857221391512 1.9091693632709843
826.5958738801812 1.8666402644836482
850.7942799627444 1.8246985235807625
875.7010888760508 1.7833527130355784
901.3370389517438 1.7426131432245502
927.7234756314059 1.7024916752803743
954.8823692395666 1.6630015334235664
982.8363332770031 1.6241571186944739
1011.6086432495807 1.585973825781952
1041.2232560483055 1.5484678644049061
1071.7048298967104 1.5116560864574027
1103.078744882215 1.475555819878409
1135.3711240885177 1.4401847099637557
1168.608855346651 1.405560568598617
1202.8196136227775 1.3717012316624415
1238.0318840613968 1.3386244246435766
1274.2749857031336 1.3063476363010182
1311.5790958968503 1.2748880000286524
1349.9752754264298 1.2442621824112616
1389.4954943731375 1.2144862783156407
1430.172658735088 1.1855757117330767
1472.0406378260013 1.1575451414837414
1515.134292476053 1.130408370810179
1559.4895040582815 1.104178259827839
1605.1432043647615 1.078866639767554
1652.1334063573702 1.0544842279411386
1700.4992358187922 1.0310405423882694
1750.2809639301013 1.0085438152246298
1801.520040802024 0.9870009038102563
1854.2591299878522 0.9664171989946445
1908.542144006686 0.9467965298750886
1964.4142809066266 0.9281410647260786
2021.9220618983536 0.9104512080207883
2081.1133700903947 0.8937254937694628
2142.037490358383 0.8779604757388121
2204.7451503814746 0.8631506154869941
2269.288562880081 0.8492881695418661
2335.7214690901214 0.836363077455008
2404.0991835099717 0.8243628528696473
2474.47863995735 0.8132724801308365
2546.91843897454 0.8030743193251998
2621.478896621356 0.793748022948197
2698.222094696536 0.785270467639702
2777.211932429355 0.7776157045860486
2858.5141796844714 0.7707549322419036
2942.196531724374 0.7646564949615428
3028.3286655749457 0.7592859109363531
3116.9822980411436 0.754605932503852
3208.2312454210773 0.7505766414213846
3302.1514849681753 0.7471555810872998
3398.8212181526674 0.7442979269536262
3498.320935775036 0.7419566955228319
3600.73348498562 0.7400829913796201
3706.144138266228 0.7386262907056823
3814.640664431178 0.7375347586954023
3926.3134017068355 0.7367555972690099
4041.2553329506004 0.7362354185093106
4159.562163071847 0.7359206383658392
4281.332398719392 0.7357578844163045
4406.667430301786 0.7356944108820114
4535.671616408702 0.7356785136906331
4668.45237070379 0.7356599381867921
4805.1202513612425 0.7355902721192673
4945.789053120639 0.7354233167870549
5090.575902036681 0.7351154296956616
5239.601353002645 0.734625832744035
5392.98949012887 0.7339168808044785
5550.868030059805 0.7329542865420304
5713.36842831558 0.731707298405588
5880.625988746757 0.7301488298705822
6052.779976193349 0.7282555391804884
6229.973732441841 0.7260078599783504
6412.354795576917 0.72338998430373
6600.075022827095 0.7203898004197733
6793.290717006696 0.7169987888028814
6992.162756659375 0.7132118803512817
7196.856730011514 0.7090272814370446
7407.543072847163 0.7044462708300024
7624.397210419138 0.699472973764134
7847.5997035146065 0.6941141185015887
8077.3363987967105 0.6883787806901142
8313.798583547334 0.6822781206210339
8557.183144940002 0.6758251181948643
8807.692733975462 0.6690343100128845
9065.53593421636 0.6619215325536082
9330.927435461663 0.6545036748863379
9604.08821250538 0.646798443838121
9885.24570912827 0.638824143984561
10174.634027476064 0.6305994742938484
10472.494122981476 0.6221433427325435
10779.074004992735 0.6134746996502194
11094.628943275218 0.604612390308506
11419.421680558647 0.5955750265137011
11753.722651306367 0.5863808769553212
12097.810206889013 0.5770477755487347
12451.97084735032 0.5675930468274193
12816.499459957597 0.5580334472304784
13191.699564735716 0.5483851209801799
13577.883567189278 0.5386635691402014
13975.373018422924 0.5288836303850769
14384.498882876629 0.5190594719890588
14805.6018138991 0.5092045895557992
15239.032437388305 0.49933181405285704
15685.151643735446 0.48945332478285225
16144.330888316019 0.4795806670110161
16616.952500776908 0.4697247730731099
17103.41000337838 0.45989598590244424
17604.108438655527 0.45010408403708996
18119.46470667122 0.4403583072940299
18649.907912142942 0.4306673824220867
19195.87972173111 0.42103954816775696
19757.834731786996 0.41148257930430354
20336.2408468667 0.40200380928292917
20931.579669325736 0.3926101512638424
21544.346900318822 0.38330811737323567
22175.052752539294 0.37410383610949904
22824.222375040976 0.3650030678873488
23492.396290496577 0.35601121876309777
24180.13084525718 0.3471333524275554
24887.998672586673 0.3383742005866291
25616.589169457267 0.32973817187402055
26366.508987303554 0.3212293594567152
27138.3825371428 0.312851547503643
27932.85250948253 0.30460821669182625
28750.580409448772 0.2965025489235604
29592.247107579577 0.2885374314246588
30458.55340674284 0.2807154603866537
31350.220625651124 0.2730389443079789
32267.991199458116 0.26550990717951717
33212.62929793748 0.25813009164965073
34184.92146175927 0.2509009622935192
35185.677257392665 0.24382370910021475
36215.72995118075 0.23689925128077155
37275.93720314938 0.23012824148857383
38367.18178112649 0.22351107053242855
39490.37229576694 0.21704787265072525
40646.44395709628 0.21073853140297877
41836.359353200234 0.20458268622241654
43061.10925171165 0.19857973966001005
44321.713424760856 0.1927288653369051
45619.221498074585 0.1870290166081811
46954.71382493421 0.18147893592695008
48329.30238571752 0.17607716488367614
49744.13171377451 0.1708220548822121
51200.37984840882 0.16571177840090623
52699.259315756564 0.16074434077547237
54242.01813838024 0.1559175924293798
55829.94087441914 0.15122924146885602
57464.34968715974 0.14667686655201798
59146.605445917456 0.14225792993667713
60878.108859147556 0.13796979060819473
62660.30164072656 0.13380971738776112
64494.667710376205 0.1297749019226959
66382.73442923075 0.12586247146352447
68326.07387157406 0.12206950133753931
70326.30413380644 0.11839302703527303
72385.09068173247 0.11483005583419385
74504.14773728917 0.11137757789298139
76685.2397058701 0.10803257675957118
78930.18264543568 0.10479203924625026
81240.84577862974 0.10165296463564694
83619.15304916317 0.09861237319149242
86067.08472376158 0.0956673139581387
88586.67904100832 0.09281487184195732
91180.03390845681 0.09005217397649824
93849.3086494272 0.08737639538094572
96596.72580093842 0.08478476392829178
99424.57296427398 0.08227456464546794
102335.20470972576 0.07984314337261801
105331.04453709359 0.07748790981250454
108414.5868935835 0.07520634000424241
111588.3992507748 0.0729959782575252
114855.12424239368 0.07085443858507015
118217.48186466724 0.06877940567169769
121678.27174109229 0.0667686354185775
125240.3754535072 0.06481995510090771
128906.75894140244 0.06293126317643735
132680.47497147243 0.061100528781299096
136564.66567946097 0.05932579094810161
140562.56518642136 0.057605157579907224
144677.5022915648 0.05593680421185825
148912.90324394088 0.05431897259058646
153272.2945952612 0.05274996909964911
157759.30613623615 0.05122816305738319
162377.67391887208 0.04975198491173424
167131.2433672486 0.048319924354741355
172023.97247935992 0.04693052837750969
177059.9351226898 0.04558239928474297
182243.32442626648 0.04427419268609175
187578.45627201613 0.043004615479904286
193069.77288832495 0.04177242384322936
198721.84654880533 0.04057642124039933
204539.38337933904 0.03941545646090632
210527.22727657072 0.038288421695799414
216690.3639411181 0.03719425066049112
223033.9250288494 0.036131916770449045
229563.19242369095 0.035100431375091695
236283.6026355175 0.03409884205395144
243200.7513267945 0.033126230978228886
250320.39797173254 0.032181713339780156
257648.47065183744 0.031264435848778326
265191.0709918535 0.030373575300480793
272954.4792402007 0.029508337210888733
280945.1594981406 0.028667954520421625
289169.76510202966 0.02785168636432841
297635.14416313195 0.02705881690804801
306348.3452696084 0.02628865424544123
315316.62335543614 0.025540529357554704
324547.44574113254 0.024813795129333606
334048.4983513244 0.02410782542161576
343827.6921143307 0.02342201419560384
353893.1695490984 0.022755774686996987
364253.3115449638 0.022108538626967454
374916.74433988857 0.021479755507171103
385892.3467029899 0.02086889188607287
397189.25732733024 0.02027543073392432
408816.88243912894 0.019698870813860524
420784.9036297398 0.019138726096652684
433103.2859169001 0.01859452520682678
445782.28604197066 0.018065810897941844
458832.461010084 0.0175521395549877
472264.67688029545 0.017053080721957454
486090.117813063 0.01656821665283012
500320.2953825999 0.016097141884267245
514967.0581618343 0.015639462828502843
530042.6015879672 0.01519479738499741
545559.4781168514 0.014762774569534117
561530.6076746266 0.014343034159567777
577969.2884153313 0.013935226354705394
594889.2077934331 0.013539011451318179
612304.4539605178 0.013154059530346063
630229.5274956024 0.012780050157453792
648679.3534788508 0.01241667209476682
667669.2939187557 0.012063623023466464
687215.1605431122 0.011720609276615609
707333.2279644439 0.011387345581613946
728040.2472308562 0.011063554811744798
749353.4597735757 0.010748967746321057
771290.6117627992 0.010443322838982956
793869.9688838223 0.010146365993729688
817110.3315457187 0.009857850348300836
841031.0505352605 0.009577536064572068
865652.0431290936 0.009305190125626153
890993.8096776098 0.00904058613922081
917077.4506742931 0.008783504147359636
943924.6843247664 0.008533730441732248
971557.8646301847 0.008291057384767653
1000000.0 0.008055283236096835
