10.0 -13.184294821943869
10.292747724096083 -13.551190503757406
10.59406557118851 -13.927198766377943
10.904204429677526 -14.312453148233898
11.223422532664179 -14.707081025075778
11.551985672964793 -15.111202785271889
11.890167424419898 -15.524930956164757
12.238249369681931 -15.948369281523892
12.596521334671401 -16.38161175057978
12.965281629896682 -16.82474157963443
13.344837298838383 -17.277830147818456
13.735504373605137 -17.740935889203435
14.137608138073606 -18.214103144182253
14.551483398731937 -18.697360973797096
14.977474763452017 -19.19072194152154
15.415936928422726 -19.694180867885503
15.867234973483178 -20.20771356426115
16.331744666101677 -20.73127555309519
16.80985277425364 -21.264800782865898
17.301957388458945 -21.80820034704596
17.808468253246822 -22.361361217346804
18.329807108324356 -22.92414500248595
18.866408039732583 -23.49638674463074
19.418717841282557 -24.077893766504584
19.987196386572506 -24.668444582865778
20.57231701189556 -25.267787890652745
21.174566910357118 -25.87564165250435
21.794447537529855 -26.49169228857304
22.432475028984193 -27.115593991526694
23.089180630041927 -27.74696817934735
23.765111138110754 -28.385403099960037
24.46082935796799 -29.030453600838246
25.17691457037277 -29.68164107552068
25.913963014396586 -30.338453597426916
26.672588383874054 -31.000346249479986
27.453422338387142 -31.66674165583842
28.257115029208283 -32.33703071953272
29.08433564064048 -33.010573567018625
29.935772947204903 -33.68670069764658
30.812135887140037 -34.36471433285268
31.714154152689986 -35.04388995656348
32.642578797673224 -35.7234780349433
33.59818286283781 -36.40270590027242
34.58176201952381 -37.080779780506035
35.594135232168604 -37.756886953004525
36.63614544020716 -38.430197998122935
37.708660259934554 -39.09986912587079
38.81257270691538 -39.765044546766426
39.9488019395417 -40.42485885636432
41.118294024358306 -41.078439401766666
42.322022723792756 -41.7249085977668
43.56099030694608 -42.363386160117955
44.83622838411908 -42.99299122376632
46.148798765769385 -43.61284431470724
47.499794346614124 -44.222069145374164
48.890340015614456 -44.81979420509716
50.32159359259993 -45.40515411910161
51.7947467923121 -45.977290751681885
53.31102621667033 -46.535354031493604
54.87169437608604 -47.0785024792744
56.47805074067555 -47.60590342063668
58.131432822247135 -48.11673286878934
59.83321728796288 -48.61017506405615
61.58482110660264 -49.08542165878677
63.38770272838487 -49.541670537635724
65.24336329932625 -49.97812426415028
67.15334791115141 -50.39398814511066
69.11924688779365 -50.78846790406233
71.14269710955735 -51.16076695493613
73.22538337604533 -51.51008326554467
75.36903980898542 -51.83560579905544
77.57545129612417 -52.13651051926501
79.84645497739086 -52.41195594263333
82.18394177456803 -52.661078216587946
84.58985796574301 -52.88298569959177
87.06620680585127 -53.07675301390693
89.61505019466045 -53.24141453692023
92.23851039358476 -53.375957291376224
94.9387717927583 -53.47931318897143
97.71808272983904 -53.55035057561059
100.57875736205835 -53.58786502037446
103.52317759307378 -53.590569284129124
106.55379505623053 -53.55708239804057
109.67313315588179 -53.48591777750341
112.88378916846884 -53.375470293777724
116.18843640511002 -53.22400222483199
119.58982643749793 -53.02962800971515
123.09079138896018 -52.790297738870485
126.69424629259063 -52.503779328388376
130.40319151841317 -52.16763935227745
134.2207152716012 -51.77922254743251
138.14999616383224 -51.33563006642453
142.19430585991677 -50.83369664054828
146.357011801908 -50.26996693885836
150.64158001295928 -49.64067157992734
155.05157798326255 -48.941703486568855
159.5906776404731 -48.16859558807003
164.26265840709303 -47.31650129149687
169.071410347358 -46.380179688525196
174.0209374062485 -45.35398816394165
179.115360743323 -44.231885951894405
184.3589221641488 -43.00745326384953
189.75598765218504 -41.67393188719333
195.3110510040631 -40.22429458880716
201.02873757128856 -38.6513521552434
206.913808111479 -36.947908264268776
212.97116275234782 -35.106973273465236
219.20584507173257 -33.122047904379606
225.62304629706352 -30.987485951738563
232.22810962777245 -28.69894061475859
239.02653468423918 -26.25389081305897
246.02398208697775 -23.652231104574618
253.22627816987946 -20.896891468248338
260.63941983143474 -17.9944325453604
268.26957952797244 -14.955541321057664
276.1231104130753 -11.795337387709434
284.2065516274511 -8.533398208629926
292.5266337436645 -5.193430024629
301.09028437025927 -1.8025521664981359
309.9046339199427 1.609777685089826
318.97702154663216 5.01310385383183
328.3150012563047 8.377431161983594
337.9263481967431 11.674628770352955
347.819065131413 14.879618378630214
358.00138910285807 17.97123077701976
368.48179829116765 20.932678420948573
379.26901907322497 23.751655629486898
390.37203328860926 26.420127046741058
401.8000857182091 28.933891757959408
413.5626917817706 31.292015503993664
425.66964546078714 33.496212601040746
438.13102745333055 35.550239930320345
450.9572135676145 37.45934419297303
464.15888336127773 39.229784783593395
477.7470290335773 40.868440122693556
491.73296457790156 42.38249543944172
506.1283352022219 43.77920419743084
520.9451270253212 45.06571262351648
536.1956770568817 46.24893614087379
551.892683469738 47.33547709833176
568.0492161728429 48.33157442330426
584.6787276937589 49.243077302103195
601.7950643797334 50.075436465510656
619.412477926676 50.83370799900146
637.5456372456507 51.52256574972576
656.2096406767555 52.14631935449983
675.4200285605586 52.708935676966505
695.1927961775606 53.2140620412643
715.5444070664574 53.665050110874276
736.4918067322965 54.06497961087849
758.0524367559261 54.41668135288384
780.2442493165045 54.72275921400521
803.0857221391512 54.98561086063539
826.5958738801812 55.207447107087525
850.7942799627444 55.39030986862806
875.7010888760508 55.53608871569538
901.3370389517438 55.646536067147515
927.7234756314059 55.723281079699916
954.8823692395666 55.767842301668836
982.8363332770031 55.78163916424568
1011.6086432495807 55.76600238465629
1041.2232560483055 55.722183354078126
1071.7048298967104 55.6513625801043
1103.078744882215 55.55465724957993
1135.3711240885177 55.4331279733222
1168.608855346651 55.287784769933474
1202.8196136227775 55.1195923418874
1238.0318840613968 54.92947469347894
1274.2749857031336 54.718319137180416
1311.5790958968503 54.48697973249821
1349.9752754264298 54.23628019958477
1389.4954943731375 53.96701634861367
1430.172658735088 53.67995806522798
1472.0406378260013 53.37585089215347
1515.134292476053 53.05541724724791
1559.4895040582815 52.71935731873323
1605.1432043647615 52.368349679015125
1652.1334063573702 52.00305165921794
1700.4992358187922 51.62409952722031
1750.2809639301013 51.232108512447056
1801.520040802024 50.82767272082501
1854.2591299878522 50.41136498303559
1908.542144006686 49.983736678388084
1964.4142809066266 49.545317575204564
2021.9220618983536 49.09661572649451
2081.1133700903947 48.63811745685523
2142.037490358383 48.17028747295568
2204.7451503814746 47.693569125664965
2269.288562880081 47.2083848469194
2335.7214690901214 46.71513677886536
2404.0991835099717 46.214207606776384
2474.47863995735 45.70596160085752
2546.91843897454 45.1907458654706
2621.478896621356 44.66889178771834
2698.222094696536 44.14071667088294
2777.211932429355 43.60652553212562
2858.5141796844714 43.06661303827975
2942.196531724374 42.521265548691254
3028.3286655749457 41.97076323002167
3116.9822980411436 41.41538220485089
3208.2312454210773 40.85539669390211
3302.1514849681753 40.29108111081161
3398.8212181526674 39.72271206861471
3498.320935775036 39.15057025849427
3600.73348498562 38.57494216379917
3706.144138266228 37.99612157579569
3814.640664431178 37.41441088195192
3926.3134017068355 36.83012210263195
4041.2553329506004 36.24357765772715
4159.562163071847 35.655110850800135
4281.332398719392 35.065066064571155
4406.667430301786 34.473798667858205
4535.671616408702 33.88167464019767
4668.45237070379 33.28906992616162
4805.1202513612425 32.69636953669166
4945.789053120639 32.10396641946163
5090.575902036681 31.512260124254333
5239.601353002645 30.92165529252033
5392.98949012887 30.33256000262285
5550.868030059805 29.745384003758613
5713.36842831558 29.160536872177087
5880.625988746757 28.57842612314448
6052.779976193349 27.99945531117102
6229.973732441841 27.42402214941886
6412.354795576917 26.852516677022734
6600.075022827095 26.285319500396017
6793.290717006696 25.722800131560287
6992.162756659375 25.165315443245532
7196.856730011514 24.613208257060833
7407.543072847163 24.0668060775371
7624.397210419138 23.52641998138545
7847.5997035146065 22.992343667978073
8077.3363987967105 22.464852673910794
8313.798583547334 21.94420375161013
8557.183144940002 21.430634409331162
8807.692733975462 20.924362607603637
9065.53593421636 20.425586605221365
9330.927435461663 19.934484946250006
9604.08821250538 19.451216578245198
9885.24570912827 18.975921090909637
10174.634027476064 18.508719063757887
10472.494122981476 18.049712510977248
10779.074004992735 17.59898541154085
11094.628943275218 17.156604312717096
11419.421680558647 16.722618995394594
11753.722651306367 16.297063190074418
12097.810206889013 15.879955332938481
12451.97084735032 15.471299352057962
12816.499459957597 15.0710854745322
13191.699564735716 14.67929104611974
13577.883567189278 14.29588135572146
13975.373018422924 13.920810457881855
14384.498882876629 13.554021987268897
14805.6018138991 13.195449959870473
15239.032437388305 12.845019556387937
15685.151643735446 12.502647884012477
16144.330888316019 12.168244713428567
16616.952500776908 11.841713188500862
17103.41000337838 11.522950506657697
17604.108438655527 11.21184856849301
18119.46470667122 10.90829459556352
18649.907912142942 10.612171715760702
19195.87972173111 10.323359515994694
19757.834731786996 10.04173456223498
20336.2408468667 9.767170887218477
20931.579669325736 9.499540446361836
21544.346900318822 9.238713542601221
22175.052752539294 8.984559221038372
22824.222375040976 8.736945634394905
23492.396290496577 8.495740380372688
24180.13084525718 8.260810812090819
24887.998672586673 8.032024322819964
25616.589169457267 7.8092486062668725
26366.508987303554 7.5923518936778756
27138.3825371428 7.381203169032486
27932.85250948253 7.175672363588633
28750.580409448772 6.975630531021841
29592.247107579577 6.780950004373896
30458.55340674284 6.591504535992735
31350.220625651124 6.407169421606551
32267.991199458116 6.227821609632976
33212.62929793748 6.053339796778445
34184.92146175927 5.883604510935493
35185.677257392665 5.718498182337544
36215.72995118075 5.557905203881294
37275.93720314938 5.401711981477657
38367.18178112649 5.249806975244014
39490.37229576694 5.102080732302436
40646.44395709628 4.95842591190155
41836.359353200234 4.818737303535329
43061.10925171165 4.68291183868742
44321.713424760856 4.550848596788009
45619.221498074585 4.4224488059302995
46954.71382493421 4.297615838854486
48329.30238571752 4.176255204671486
49744.13171377451 4.058274536763579
51200.37984840882 3.943583577266468
52699.259315756564 3.832094158506702
54242.01813838024 3.7237201817391363
55829.94087441914 3.6183775935018625
57464.34968715974 3.515984359880833
59146.605445917456 3.416460438952223
60878.108859147556 3.319727751648227
62660.30164072656 3.225710151271735
64494.667710376205 3.1343333918653404
66382.73442923075 3.0455250956225597
68326.07387157406 2.9592147195123895
70326.30413380644 2.8753335212728612
72385.09068173247 2.793814524914751
74504.14773728917 2.7145924858637365
76685.2397058701 2.6376038558566686
78930.18264543568 2.5627867476966024
81240.84577862974 2.490080899960721
83619.15304916317 2.4194276417457163
86067.08472376158 2.3507698575264344
88586.67904100832 2.284051952195425
91180.03390845681 2.219219816343691
93849.3086494272 2.156220791836014
96596.72580093842 2.0950036377281704
99424.57296427398 2.035518496567449
102335.20470972576 1.9777168611127744
105331.04453709359 1.921551541506049
108414.5868935835 1.866976632921776
111588.3992507748 1.813947483718335
114855.12424239368 1.7624206641104345
118217.48186466724 1.7123539353792119
121678.27174109229 1.6637062196333894
125240.3754535072 1.6164375701321378
128906.75894140244 1.5705091421780737
132680.47497147243 1.5258831645864255
136564.66567946097 1.4825229117345646
140562.56518642136 1.4403926761942092
144677.5022915648 1.3994577419471501
148912.90324394088 1.3596843581837996
153272.2945952612 1.3210397136826324
157759.30613623615 1.2834919117675052
162377.67391887208 1.2470099458387296
167131.2433672486 1.2115636754729535
172023.97247935992 1.1771238030861708
177059.9351226898 1.143661851153328
182243.32442626648 1.1111501399775614
187578.45627201613 1.0795617660014991
193069.77288832495 1.0488705806526513
198721.84654880533 1.0190511697144529
204539.38337933904 0.990078833214345
210527.22727657072 0.9619295658198803
216690.3639411181 0.9345800377336685
223033.9250288494 0.9080075760778624
229563.19242369095 0.8821901467586577
236283.6026355175 0.857106336801249
243200.7513267945 0.8327353371456052
250320.39797173254 0.8090569258933781
257648.47065183744 0.7860514519963039
265191.0709918535 0.7636998193763631
272954.4792402007 0.7419834714681424
280945.1594981406 0.7208843761738007
289169.76510202966 0.7003850112211135
297635.14416313195 0.6804683499152216
306348.3452696084 0.661117847274745
315316.62335543614 0.6423174265430592
324547.44574113254 0.62405146606565
334048.4983513244 0.6063047865245933
343827.6921143307 0.5890626385213239
353893.1695490984 0.5723106904990086
364253.3115449638 0.5560350169960077
374916.74433988857 0.540222087222021
385892.3467029899 0.5248587539486719
397189.25732733024 0.5099322427064875
408816.88243912894 0.49543014128032514
420784.9036297398 0.4813403894954928
433103.2859169001 0.46765126928697276
445782.28604197066 0.45435139504430333
458832.461010084 0.44142970422483474
472264.67688029545 0.4288754482282573
486090.117813063 0.4166781835254308
500320.2953825999 0.4048277630347207
514967.0581618343 0.3933143277392005
530042.6015879672 0.38212829853823954
545559.4781168514 0.37126036832712955
561530.6076746266 0.3607014942985896
577969.2884153313 0.3504428904601102
594889.2077934331 0.3404760203612594
612304.4539605178 0.3307925900252131
630229.5274956024 0.3213845410789177
648679.3534788508 0.3122440440764518
667669.2939187557 0.3033634920102394
687215.1605431122 0.2947354940049827
707333.2279644439 0.28635286918923547
728040.2472308562 0.27820864073972473
749353.4597735757 0.2702960300936326
771290.6117627992 0.26260845132418165
793869.9688838223 0.25513950567497995
817110.3315457187 0.24788297624871986
841031.0505352605 0.24083282284592977
865652.0431290936 0.23398317694959017
890993.8096776098 0.22732833685154685
917077.4506742931 0.22086276291675608
943924.6843247664 0.2145810729815122
971557.8646301847 0.20847803788189692
1000000.0 0.20254857710880858
10.0 -0.006918641831384699
10.292747724096083 -0.007121183492417662
10.59406557118851 -0.007329654514122363
10.904204429677526 -0.0075442284771505925
11.223422532664179 -0.007765084043685282
11.551985672964793 -0.007992405106200907
11.890167424419898 -0.008226380940578806
12.238249369681931 -0.008467206363704863
12.596521334671401 -0.008715081895680798
12.965281629896682 -0.008970213926784189
13.344837298838383 -0.009232814889316062
13.735504373605137 -0.009503103434479345
14.137608138073606 -0.00978130461443531
14.551483398731937 -0.010067650069689646
14.977474763452017 -0.010362378221964166
15.415936928422726 -0.010665734472714716
15.867234973483178 -0.01097797140746065
16.331744666101677 -0.011299349006095864
16.80985277425364 -0.011630134859356643
17.301957388458945 -0.011970604391626454
17.808468253246822 -0.012321041090263161
18.329807108324356 -0.012681736741639768
18.866408039732583 -0.013052991674095038
19.418717841282557 -0.013435115007996275
19.987196386572506 -0.01382842491312266
20.57231701189556 -0.01423324887358319
21.174566910357118 -0.014649923960489948
21.794447537529855 -0.01507879711261365
22.432475028984193 -0.01552022542525514
23.089180630041927 -0.015974576447573424
23.765111138110754 -0.016442228488617663
24.46082935796799 -0.016923570932318003
25.17691457037277 -0.017419004561697406
25.913963014396586 -0.017928941892574577
26.672588383874054 -0.01845380751703558
27.453422338387142 -0.01899403845696029
28.257115029208283 -0.019550084527897818
29.08433564064048 -0.02012240871359419
29.935772947204903 -0.020711487551483557
30.812135887140037 -0.021317811529464353
31.714154152689986 -0.021941885494290513
32.642578797673224 -0.02258422907191768
33.59818286283781 -0.023245377100154452
34.58176201952381 -0.02392588007397886
35.594135232168604 -0.024626304603890595
36.63614544020716 -0.025347233887680815
37.708660259934554 -0.02608926819601224
38.81257270691538 -0.026853025372213294
39.9488019395417 -0.027639141346703127
41.118294024358306 -0.028448270666475064
42.322022723792756 -0.029281087040079513
43.56099030694608 -0.030138283898560072
44.83622838411908 -0.031020574972809363
46.148798765769385 -0.031928694887825834
47.499794346614124 -0.03286339977436533
48.890340015614456 -0.03382546789849725
50.32159359259993 -0.03481570030958885
51.7947467923121 -0.03583492150725735
53.31102621667033 -0.036883980127844426
54.87169437608604 -0.03796374965098512
56.47805074067555 -0.03907512912685841
58.131432822247135 -0.04021904392472556
59.83321728796288 -0.04139644650337823
61.58482110660264 -0.042608317204138255
63.38770272838487 -0.04385566506706853
65.24336329932625 -0.045139528671074486
67.15334791115141 -0.046460976998594854
69.11924688779365 -0.047821110325601414
71.14269710955735 -0.049221061137648174
73.22538337604533 -0.05066199507273202
75.36903980898542 -0.05214511189174953
77.57545129612417 -0.05367164647735651
79.84645497739086 -0.055242869862062276
82.18394177456803 -0.05686009028641295
84.58985796574301 -0.05852465428814404
87.06620680585127 -0.060237947823208744
89.61505019466045 -0.06200139741961322
92.23851039358476 -0.06381647136501974
94.9387717927583 -0.06568468092910383
97.71808272983904 -0.0676075816216823
100.57875736205835 -0.06958677448765886
103.52317759307378 -0.0716239074398623
106.55379505623053 -0.07372067663088683
109.67313315588179 -0.07587882786507284
112.88378916846884 -0.07810015805180372
116.18843640511002 -0.08038651670132477
119.58982643749793 -0.08273980746432696
123.09079138896018 -0.08516198971657603
126.69424629259063 -0.08765508018990179
130.40319151841317 -0.09022115465090229
134.2207152716012 -0.0928623496287579
138.14999616383224 -0.09558086419358897
142.19430585991677 -0.09837896178683295
146.357011801908 -0.1012589721051615
150.64158001295928 -0.10422329303949984
155.05157798326255 -0.10727439267075703
159.5906776404731 -0.110414811323923
164.26265840709303 -0.11364716368223617
169.071410347358 -0.11697414096317335
174.0209374062485 -0.12039851315806581
179.115360743323 -0.12392313133719868
184.3589221641488 -0.127550930022302
189.75598765218504 -0.13128492962839775
195.3110510040631 -0.1351282389770259
201.02873757128856 -0.13908405788292932
206.913808111479 -0.1431556798163357
212.97116275234782 -0.14734649464304006
219.20584507173257 -0.15165999144455364
225.62304629706352 -0.15609976142064588
232.22810962777245 -0.1606695008766812
239.02653468423918 -0.16537301429821452
246.02398208697775 -0.1702142175153812
253.22627816987946 -0.17519714095969371
260.63941983143474 -0.18032593301592825
268.26957952797244 -0.1856048634718603
276.1231104130753 -0.1910383270686921
284.2065516274511 -0.196630847155089
292.5266337436645 -0.20238707944783335
301.09028437025927 -0.2083118159021775
309.9046339199427 -0.21440998869507974
318.97702154663216 -0.22068667432458539
328.3150012563047 -0.22714709782871007
337.9263481967431 -0.23379663712728221
347.819065131413 -0.24064082749029253
358.00138910285807 -0.24768536613639688
368.48179829116765 -0.2549361169653292
379.26901907322497 -0.2623991154280775
390.37203328860926 -0.2700805735387822
401.8000857182091 -0.2779868850324361
413.5626917817706 -0.28612463067256627
425.66964546078714 -0.2945005837131967
438.13102745333055 -0.3031217155195115
450.9572135676145 -0.31199520135175585
464.15888336127773 -0.3211284263170347
477.7470290335773 -0.33052899149379444
491.73296457790156 -0.3402047202339046
506.1283352022219 -0.3501636646473861
520.9451270253212 -0.3604141122749626
536.1956770568817 -0.37096459295375395
551.892683469738 -0.3818238858815708
568.0492161728429 -0.39300102688539856
584.6787276937589 -0.4045053158998236
601.7950643797334 -0.41634632466128313
619.412477926676 -0.4285339046241788
637.5456372456507 -0.4410781951050428
656.2096406767555 -0.45398963166110295
675.4200285605586 -0.46727895470973757
695.1927961775606 -0.4809572183954841
715.5444070664574 -0.49503579971141076
736.4918067322965 -0.5095264078818327
758.0524367559261 -0.5244410940135014
780.2442493165045 -0.5397922610225739
803.0857221391512 -0.5555926738448285
826.5958738801812 -0.5718554699367341
850.7942799627444 -0.5885941700751922
875.7010888760508 -0.60582268946388
901.3370389517438 -0.6235553491543147
927.7234756314059 -0.6418068877899193
954.8823692395666 -0.6605924736815172
982.8363332770031 -0.679927717222832
1011.6086432495807 -0.6998286836547444
1041.2232560483055 -0.7203119061871814
1071.7048298967104 -0.7413943994876498
1103.078744882215 -0.7630936735455944
1135.3711240885177 -0.7854277479218367
1168.608855346651 -0.8084151663925181
1202.8196136227775 -0.8320750119970307
1238.0318840613968 -0.856426922499558
1274.2749857031336 -0.8814911062738913
1311.5790958968503 -0.9072883586212724
1349.9752754264298 -0.9338400785310631
1389.4954943731375 -0.961168285894056
1430.172658735088 -0.9892956391782547
1472.0406378260013 -1.0182454535769347
1515.134292476053 -1.048041719638751
1559.4895040582815 -1.0787091223895449
1605.1432043647615 -1.1102730609554665
1652.1334063573702 -1.1427596686967727
1700.4992358187922 -1.1761958338615612
1750.2809639301013 -1.210609220768402
1801.520040802024 -1.2460282915265353
1854.2591299878522 -1.2824823283019835
1908.542144006686 -1.3200014561374658
1964.4142809066266 -1.3586166663335455
2021.9220618983536 -1.3983598403978628
2081.1133700903947 -1.4392637745686283
2142.037490358383 -1.4813622049178639
2204.7451503814746 -1.5246898330389593
2269.288562880081 -1.5692823523221906
2335.7214690901214 -1.615176474820739
2404.0991835099717 -1.662409958708545
2474.47863995735 -1.7110216363298991
2546.91843897454 -1.761051442839226
2621.478896621356 -1.8125404454276783
2698.222094696536 -1.8655308731313713
2777.211932429355 -1.9200661472138576
2858.5141796844714 -1.9761909121131136
2942.196531724374 -2.033951066940752
3028.3286655749457 -2.0933937975181616
3116.9822980411436 -2.1545676089312042
3208.2312454210773 -2.2175223585815274
3302.1514849681753 -2.2823092897086137
3398.8212181526674 -2.348981065352561
3498.320935775036 -2.41759180272278
3600.73348498562 -2.488197107932686
3706.144138266228 -2.5608541110548764
3814.640664431178 -2.635621501445038
3926.3134017068355 -2.7125595632761135
4041.2553329506004 -2.7917302112169
4159.562163071847 -2.8731970261810975
4281.332398719392 -2.957025291064169
4406.667430301786 -3.0432820263756666
4535.671616408702 -3.1320360256642785
4668.45237070379 -3.22335789062158
4805.1202513612425 -3.31732006573794
4945.789053120639 -3.4139968723708707
5090.575902036681 -3.513464542071392
5239.601353002645 -3.615801248998233
5392.98949012887 -3.7210871412327933
5550.868030059805 -3.829404370789145
5713.36842831558 -3.940837122093489
5880.625988746757 -4.055471638686058
6052.779976193349 -4.173396247875105
6229.973732441841 -4.294701383047738
6412.354795576917 -4.419479603315578
6600.075022827095 -4.547825610144196
6793.290717006696 -4.679836260584608
6992.162756659375 -4.815610576691831
7196.856730011514 -4.955249750680208
7407.543072847163 -5.0988571453275195
7624.397210419138 -5.246538289099538
7847.5997035146065 -5.398400865424211
8077.3363987967105 -5.554554695499138
8313.798583547334 -5.715111713968174
8557.183144940002 -5.880185936752441
8807.692733975462 -6.04989342026781
9065.53593421636 -6.22435221120498
9330.927435461663 -6.403682285990168
9604.08821250538 -6.588005478983489
9885.24570912827 -6.777445398409092
10174.634027476064 -6.9721273289463905
10472.494122981476 -7.172178119844665
10779.074004992735 -7.377726057355729
11094.628943275218 -7.588900720210113
11419.421680558647 -7.805832816793609
11753.722651306367 -8.028654002612058
12097.810206889013 -8.25749667656507
12451.97084735032 -8.49249375448473
12816.499459957597 -8.733778418333237
13191.699564735716 -8.981483839397056
13577.883567189278 -9.235742873764956
13975.373018422924 -9.496687728334406
14384.498882876629 -9.764449595558968
14805.6018138991 -10.039158255129458
15239.032437388305 -10.320941640775759
15685.151643735446 -10.609925370388916
16144.330888316019 -10.90623223769598
16616.952500776908 -11.209981663775133
17103.41000337838 -11.52128910678402
17604.108438655527 -11.84026542838718
18119.46470667122 -12.167016215517616
18649.907912142942 -12.501641056297071
19195.87972173111 -12.844232769168755
19757.834731786996 -13.194876584575814
20336.2408468667 -13.553649278848285
20931.579669325736 -13.92061826034546
21544.346900318822 -14.295840608344953
22175.052752539294 -14.679362065675578
22824.222375040976 -15.07121598666034
23492.396290496577 -15.471422242572936
24180.13084525718 -15.879986087513933
24887.998672586673 -16.296896988380357
25616.589169457267 -16.722127423435413
26366.508987303554 -17.155631654875624
27138.3825371428 -17.597344481736027
27932.85250948253 -18.047179980462353
28750.580409448772 -18.505030241499554
29592.247107579577 -18.97076411128449
30458.55340674284 -19.444225950071978
31350.220625651124 -19.92523441704615
32267.991199458116 -20.413581295149587
33212.62929793748 -20.90903036897924
34184.92146175927 -21.41131636991841
35185.677257392665 -21.92014400337106
36215.72995118075 -22.43518707350668
37275.93720314938 -22.9560877212798
38367.18178112649 -23.482455791624457
39490.37229576694 -24.013868345614902
40646.44395709628 -24.54986933300015
41836.359353200234 -25.089969439836555
43061.10925171165 -25.633646124950708
44321.713424760856 -26.180343857642928
45619.221498074585 -26.729474567394902
46954.71382493421 -27.280418314381468
48329.30238571752 -27.83252418731408
49744.13171377451 -28.38511143260131
51200.37984840882 -28.93747081603086
52699.259315756564 -29.488866215206635
54242.01813838024 -30.038536437877745
55829.94087441914 -30.585697258134342
57464.34968715974 -31.1295436592932
59146.605445917456 -31.66925226923441
60878.108859147556 -32.20398397105433
62660.30164072656 -32.73288666924869
64494.667710376205 -33.25509818930889
66382.73442923075 -33.76974928666885
68326.07387157406 -34.275966739434104
70326.30413380644 -34.772876498309145
72385.09068173247 -35.25960686663656
74504.14773728917 -35.73529168348906
76685.2397058701 -36.199073483312695
78930.18264543568 -36.65010660668233
81240.84577862974 -37.08756023826782
83619.15304916317 -37.51062135006988
86067.08472376158 -37.91849753030899
88586.67904100832 -38.31041968096171
91180.03390845681 -38.68564456976541
93849.3086494272 -39.04345722546492
96596.72580093842 -39.38317316807083
99424.57296427398 -39.704140468859904
102335.20470972576 -40.00574163769054
105331.04453709359 -40.287395337862236
108414.5868935835 -40.54855793115678
111588.3992507748 -40.788724857804155
114855.12424239368 -41.00743185788148
118217.48186466724 -41.2042560420473
121678.27174109229 -41.37881682051861
125240.3754535072 -41.530776699810275
128906.75894140244 -41.65984195697798
132680.47497147243 -41.7657632009538
136564.66567946097 -41.84833583006058
140562.56518642136 -41.907400393969226
144677.5022915648 -41.942842867260495
148912.90324394088 -41.954594840412604
153272.2945952612 -41.94263363250855
157759.30613623615 -41.90698232829161
162377.67391887208 -41.84770974044876
167131.2433672486 -41.76493029622639
172023.97247935992 -41.658803845735164
177059.9351226898 -41.529535387635846
182243.32442626648 -41.37737470637172
187578.45627201613 -41.20261591377558
193069.77288832495 -41.00559688677857
198721.84654880533 -40.78669859212844
204539.38337933904 -40.546344288525894
210527.22727657072 -40.284998596437504
216690.3639411181 -40.00316642606954
223033.9250288494 -39.70139175460246
229563.19242369095 -39.38025624479439
236283.6026355175 -39.04037769845935
243200.7513267945 -38.682408340093666
250320.39797173254 -38.307032928034104
257648.47065183744 -37.9149666929404
265191.0709918535 -37.50695310605312
272954.4792402007 -37.08376148252368
280945.1594981406 -36.64618442807169
289169.76510202966 -36.19503514022294
297635.14416313195 -35.73114457833331
306348.3452696084 -35.255358519427304
315316.62335543614 -34.76853451949028
324547.44574113254 -34.27153880217466
334048.4983513244 -33.76524309883639
343827.6921143307 -33.250521465352875
353893.1695490984 -32.7282471022307
364253.3115449638 -32.199289205065064
374916.74433988857 -31.66450987243482
385892.3467029899 -31.124761097810747
397189.25732733024 -30.580881871033895
408816.88243912894 -30.0336954134115
420784.9036297398 -29.484006568528315
433103.2859169001 -28.932599368537527
445782.28604197066 -28.380234793041172
458832.461010084 -27.827648734772925
472264.67688029545 -27.27555018323195
486090.117813063 -26.724619634265657
500320.2953825999 -26.17550773043649
514967.0581618343 -25.62883413391222
530042.6015879672 -25.08518663065016
545559.4781168514 -24.545120461865956
561530.6076746266 -24.009157876238504
577969.2884153313 -23.477787894032065
594889.2077934331 -22.95146627235667
612304.4539605178 -22.43061565914182
630229.5274956024 -21.915625922083454
648679.3534788508 -21.406854637830605
667669.2939187557 -20.904627726000026
687215.1605431122 -20.409240212226177
707333.2279644439 -19.920957104345376
728040.2472308562 -19.44001436595259
749353.4597735757 -18.966619971927077
771290.6117627992 -18.500955031065686
793869.9688838223 -18.043174961661094
817110.3315457187 -17.593410706684377
841031.0505352605 -17.15176997614727
865652.0431290936 -16.718338505201285
890993.8096776098 -16.293181317553444
917077.4506742931 -15.876343984820359
943924.6843247664 -15.467853873480117
971557.8646301847 -15.067721372101829
1000000.0 -14.675941092521228
