10.0 26.481313795277398
10.53310445370937 26.515989696587212
11.094628943275218 26.55273478264291
11.686088553466515 26.591426901187887
12.309079138896024 26.631913353814337
12.965281629896682 26.67391442905643
13.65646656794611 26.717247198353007
14.38449888287663 26.761659101775713
15.15134292476053 26.80689371144502
15.95906776404731 26.852587572428448
16.80985277425364 26.898569040518613
17.70599351226899 26.944459706915687
18.64990791214297 26.990010939891782
19.644142809066278 27.034957460652503
20.6913808111479 27.079043562686763
21.794447537529855 27.122087413800593
22.956319242369098 27.163845024075094
24.180130845257207 27.204167416791694
25.4691843897454 27.242904606102073
26.826957952797258 27.27993666982656
28.257115029208283 27.315199975861113
29.76351441631318 27.348632179191416
31.350220625651154 27.38020402783578
33.02151484968176 27.40990420686314
34.7819065131413 27.437749408402343
36.63614544020716 27.463762252861137
38.58923467029903 27.487999133722543
40.646443957096295 27.510512839293263
42.81332398719393 27.53137171445893
45.095721356761466 27.550651122176095
47.499794346614124 27.56843039794385
50.03202953826004 27.58479333752618
52.699259315756564 27.599819098071308
55.50868030059805 27.613593933192853
58.467872769375894 27.626203550806075
61.58482110660264 27.637723931959634
64.86793534788511 27.648239863560992
68.32607387157402 27.657822375103382
71.96856730011521 27.666543630828148
75.8052436755926 27.674473385127733
79.84645497739086 27.681673862554316
84.10310505352605 27.688199926787405
88.58667904100822 27.69411593196947
93.30927435461668 27.699468191385602
98.28363332770026 27.70430544770356
103.52317759307378 27.708672282618796
109.04204429677526 27.71260680884424
114.8551242423938 27.716149154237335
120.97810206889012 27.719329744370675
127.42749857031335 27.72218107823358
134.2207152716012 27.724729668702672
141.37608138073614 27.727003424727815
148.91290324394086 27.729023115067037
156.85151643735477 27.73080675037958
165.213340635737 27.732375541985586
174.0209374062485 27.733741654976495
183.29807108324357 27.734921466463632
193.06977288832496 27.73592733317531
203.36240846866724 27.73676838470618
214.2037490358383 27.737453567358447
225.62304629706352 27.73799045777464
237.65111138110728 27.7383828648024
250.32039797173255 27.738636796280435
263.6650898730358 27.738754063496522
277.7211932429355 27.738735215806113
292.5266337436645 27.738580887491082
308.1213588714002 27.738288675688807
324.54744574113323 27.737855019976774
341.84921461759274 27.73727597048738
360.073348498562 27.73654550033575
379.26901907322497 27.735654415893414
399.48801939541704 27.734594575987753
420.78490362974026 27.73335361436962
443.21713424760856 27.731920188169596
466.84523707037897 27.730276500819585
491.73296457790156 27.728406801544338
517.9474679231213 27.726290286491448
545.5594781168514 27.723905247885195
574.6434968715973 27.721226250459846
605.2779976193349 27.7182245904997
637.5456372456507 27.714868785852463
671.5334791115142 27.7111241418551
707.3332279644438 27.706950721231966
745.0414773728917 27.702305109531345
784.7599703514607 27.697139086241386
826.5958738801812 27.69139913057096
870.6620680585127 27.68502579145414
917.0774506742931 27.677953980247374
965.9672580093833 27.67011093489691
1017.4634027476063 27.661417045059604
1071.7048298967104 27.651785114004433
1128.8378916846884 27.64111835416169
1189.01674244199 27.629310354914402
1252.4037545350732 27.616245409875596
1319.1699564735716 27.601796118274194
1389.4954943731375 27.58582333689555
1463.5701180190797 27.56817489584011
1541.5936928422718 27.548684955594503
1623.776739188721 27.527173864926134
1710.3410003378397 27.503445054892328
1801.520040802024 27.477288330468536
1897.5598765218504 27.448474432345478
1998.7196386572507 27.416757686141832
2105.272272765707 27.38187498417094
2217.505275253932 27.343543927073483
2335.7214690901214 27.301464563480998
2460.239820869775 27.2553204509704
2591.3963014396572 27.2047766582222
2729.5447924020073 27.149482258313355
2875.0580409448803 27.08907282523301
3028.3286655749457 27.023171611499983
3189.7702154663216 26.95139044676623
3359.818286283781 26.87333835054143
3538.9316954909877 26.788619982674156
3727.593720314938 26.69684333986522
3926.3134017068355 26.597625737648812
4135.626917817706 26.490597612565992
4356.099030694608 26.37541153458734
4588.324610100844 26.251748228114327
4832.930238571752 26.119324408304028
5090.575902036681 25.977900594900305
5361.956770568817 25.827288181333387
5647.805074067552 25.667357131911835
5948.892077934331 25.498042505818482
6266.030164072656 25.319350866504458
6600.075022827095 25.131364263425162
6951.927961775606 24.93424490327589
7322.538337604534 24.72823683023349
7712.906117627992 24.51366782181904
8124.0845778629655 24.2909475095844
8557.183144940002 24.06056666605094
9013.37038951743 23.823093393133874
9493.87717927582 23.57916809274663
10000.0 23.329498418567717
10533.104453709382 23.074852162990002
11094.628943275218 22.81604960856262
11686.088553466498 22.553955964667253
12309.079138896019 22.28947223650454
12965.281629896688 22.02352688560177
13656.466567946096 21.75706580096768
14384.498882876629 21.491044222837488
15151.342924760515 21.226416387293984
15959.06776404731 20.964127126446535
16809.852774253653 20.705102120768153
17705.99351226898 20.450239445116022
18649.907912142942 20.200401103424745
19644.142809066267 19.956404517124188
20691.3808111479 19.719015411377594
21794.447537529835 19.488941086114774
22956.319242369096 19.26682422384527
24180.13084525718 19.053238735804506
25469.184389745402 18.848686016576416
26826.957952797275 18.653592790050855
28257.115029208268 18.468310800856933
29763.51441631313 18.29311737628582
31350.220625651124 18.12821824970561
33021.51484968176 17.973751094014073
34781.90651314134 17.829790918338492
36636.14544020716 17.696356389851744
38589.23467029899 17.573417108367913
40646.44395709628 17.460901817741096
42813.32398719396 17.35870683968663
45095.721356761445 17.266705083650965
47499.79434661403 17.184754824947454
50032.029538259994 17.112708538333447
52699.259315756564 17.050421419613887
55508.680300598106 16.997759235170534
58467.87276937589 16.954605902525536
61584.82110660255 16.92087021852818
64867.935347885075 16.896492006367698
68326.07387157406 16.881447588220215
71968.56730011514 16.875754376300762
75805.24367559262 16.87947485608986
79846.45497739078 16.89271977592107
84103.10505352604 16.915650620246296
88586.67904100832 16.94848127066056
93309.27435461663 16.99147888576715
98283.63332770011 17.044963930011747
103523.17759307378 17.10930939826407
109042.04429677526 17.184938999383405
114855.12424239368 17.27232425375861
120978.10206889013 17.371980662818736
127427.49857031321 17.48446253889069
134220.7152716012 17.610356521898282
141376.08138073614 17.750273870660358
148912.90324394088 17.904841279095468
156851.5164373548 18.074690313852937
165213.34063573685 18.26044555892531
174020.9374062485 18.46271140520711
183298.07108324338 18.682057865722197
193069.77288832495 18.919005428284525
203362.40846866704 19.174009426221176
214203.74903583832 19.447444199344552
225623.04629706353 19.739587478435624
237651.11138110727 20.05060547389244
250320.39797173254 20.38053917416856
263665.08987303555 20.72929224029284
277721.1932429355 21.096621047030368
292526.6337436642 21.482127162897232
308121.35887140024 21.88525259289204
324547.44574113254 22.30527799918262
341849.21461759275 22.741323939698166
360073.348498562 23.19235512766966
379269.0190732246 23.65718756812141
399488.019395417 24.134498357497183
420784.9036297398 24.62283785686087
443217.13424760854 25.12064391226251
466845.2370703785 25.626257781310965
491732.9645779016 26.137941411217696
517947.46792312124 26.65389573958874
545559.4781168514 27.17227973717109
574643.4968715974 27.691229889864207
605277.9976193343 28.208879907375334
637545.6372456506 28.723380422706214
671533.4791115135 29.232918462198132
707333.2279644439 29.73573648685357
745041.4773728917 30.23015075170496
784759.9703514606 30.714568747550693
826595.8738801812 31.187505436405264
870662.0680585118 31.64759798382517
917077.4506742931 32.093618678920286
965967.2580093823 32.52448573563199
1017463.4027476063 32.93927169204176
1071704.8298967092 33.33720916679724
1128837.8916846884 33.71769381776652
1189016.74244199 34.080284402274124
1252403.7545350718 34.42469997106479
1319169.9564735717 34.75081431149495
1389495.494373136 35.05864786607415
1463570.1180190798 35.34835743905064
1541593.6928422702 35.62022408565639
1623776.739188721 35.87463961585866
1710341.0003378377 36.11209218220488
1801520.0408020238 36.33315140733947
1897559.8765218505 36.538453491404624
1998719.6386572486 36.72868669063157
2105272.272765707 36.904577497910836
2217505.2752539297 37.066877793827395
2335721.4690901213 37.21635316404505
2460239.8208697727 37.35377250768225
2591396.3014396573 37.47989900241024
2729544.792402007 37.595482435577196
2875058.040944877 37.70125286599588
3028328.6655749455 37.79791553900207
3189770.215466318 37.88614696893165
3359818.286283781 37.96659206328232
3538931.6954909842 38.039862175301764
3727593.720314938 38.1065339562001
3926313.4017068394 38.167148888625555
4135626.917817706 38.22221338211065
4356099.030694608 38.27219932922207
4588324.61010084 38.31754502135483
4832930.238571752 38.35865634587716
5090575.902036676 38.39590818235914
5361956.770568817 38.42964594595075
5647805.074067546 38.46018721527702
5948892.077934331 38.48782340837592
6266030.164072656 38.51282146796795
6600075.022827089 38.535425530103105
6951927.961775606 38.55585855334577
7322538.337604526 38.57432389372808
7712906.117627992 38.591006812849166
8124084.5778629575 38.60607590960656
8557183.144940002 38.61968447539177
9013370.38951742 38.631971763100964
9493877.17927582 38.6430641774993
10000000.0 38.653076378558275
10533104.45370936 38.66211230983471
11094628.943275219 38.670266144814896
11686088.553466497 38.6776231639158
12309079.138896018 38.68426055652688
12965281.629896663 38.69024816179657
13656466.567946097 38.695649142833624
14384498.882876629 38.70052060775622
15151342.924760515 38.70491417333484
15959067.76404731 38.70887647997522
16809852.774253618 38.712449661574844
17705993.51226898 38.71567177309997
18649907.912142944 38.71857717627468
19644142.809066266 38.721196895865944
20691380.811147902 38.723558936253625
21794447.537529834 38.725688573242834
22956319.242369097 38.72760861581771
24180130.84525718 38.72933964565519
25469184.3897454 38.730900231473264
26826957.95279722 38.73230712583684
28257115.02920827 38.73357543973997
29763514.41631313 38.73471880271297
31350220.62565112 38.73574950916409
33021514.849681754 38.73667864517544
34781906.51314127 38.737516208717345
36636145.44020716 38.738271216878594
38589234.67029899 38.73895179913823
40646443.95709628 38.73956528665715
42813323.98719387 38.74011828871734
45095721.35676145 38.74061676516334
47499794.346614026 38.741066088718824
50032029.53825999 38.741471105033334
52699259.31575657 38.74183617912563
55508680.300597996 38.74216524948933
58467872.7693759 38.74246186542845
61584821.10660254 38.74272922625706
64867935.34788508 38.74297021686462
68326073.87157391 38.7431874373642
71968567.30011514 38.74338323114423
75805243.67559262 38.74355971228818
79846454.97739078 38.74371878498743
84103105.05352604 38.743862165753065
88586679.04100814 38.74399140215188
93309274.35461664 38.7441078905802
98283633.32770011 38.744212886386705
103523177.59307377 38.74430752447245
109042044.29677527 38.74439282718918
114855124.24239345 38.74446971345039
120978102.06889038 38.74453901504894
127427498.57031322 38.74460148007001
134220715.2716012 38.74465778206433
141376081.38073614 38.74470852955263
148912903.24394056 38.74475427083789
156851516.43735445 38.744795498198364
165213340.63573685 38.74483265867623
174020937.40624848 38.74486615400207
183298071.08324376 38.74489634397408
193069772.88832456 38.744923555337884
203362408.46866703 38.74494808212468
214203749.0358383 38.74497018940416
225623046.2970626 38.74499011512369
237651111.38110778 38.74500807505483
250320397.97173202 38.7450242625886
263665089.87303555 38.745038853925024
277721193.2429355 38.74505200616947
292526633.74366355 38.74506385948543
308121358.87140083 38.745074543182454
324547445.74113256 38.74508417400179
341849214.6175927 38.74509285485032
360073348.49856204 38.74510067723542
379269019.0732238 38.74510772895512
399488019.39541787 38.74511408490915
420784903.6297398 38.74511981351992
443217134.24760854 38.745124977230205
466845237.07037944 38.74512963189168
491732964.5779006 38.745133827092715
517947467.9231202 38.74513760763117
545559478.1168514 38.745141015357575
574643496.8715974 38.74514408796385
605277997.6193355 38.745146856739375
637545637.2456493 38.745149352311756
671533479.1115135 38.74515160197155
707333227.9644439 38.745153629031826
745041477.3728887 38.74515545688737
784759970.3514622 38.745157103008346
826595873.8801795 38.74515858832352
870662068.0585117 38.74515992567406
917077450.674293 38.74516113276037
965967258.0093802 38.745162219281546
1017463402.7476043 38.74516319911451
1071704829.8967092 38.74516408294981
1128837891.6846883 38.74516487811806
1189016742.44199 38.74516559553499
1252403754.5350692 38.74516624300294
1319169956.473569 38.7451668254851
1389495494.373136 38.745167350733844
1463570118.0190797 38.74516782428222
1541593692.8422735 38.74516825158304
1623776739.1887176 38.7451686357304
1710341000.337838 38.74516898276693
1801520040.802024 38.74516929501234
1897559876.5218503 38.74516957758578
1998719638.6572526 38.745169830752715
2105272272.7657027 38.74517006034415
2217505275.2539296 38.74517026637883
2335721469.0901213 38.745170451636795
2460239820.8697777 38.74517061958655
2591396301.439652 38.74517077180033
2729544792.402002 38.74517090713978
2875058040.944877 38.74517102997374
3028328665.5749454 38.74517113965417
3189770215.466325 38.745171240837465
3359818286.2837744 38.74517132861739
3538931695.4909844 38.74517141254917
3727593720.314938 38.745171483854584
3926313401.7068396 38.74517154877644
4135626917.8176975 38.74517160924432
4356099030.694599 38.74517166069603
4588324610.100841 38.745171712578966
4832930238.571753 38.745171751983214
5090575902.036687 38.745171790749175
5361956770.568806 38.74517182878172
5647805074.067546 38.745171859767986
5948892077.934331 38.74517188939625
6266030164.072656 38.745171916176844
6600075022.827075 38.74517193820347
6951927961.775591 38.74517195557975
7322538337.6045265 38.74517197096418
7712906117.627993 38.74517199582918
8124084577.862974 38.74517201380942
8557183144.939984 38.745172025645374
9013370389.51742 38.74517204055636
9493877179.27582 38.745172046606086
10000000000.0 38.74517206235953
10.0 26.481313795277398
10.53310445370937 26.515989696587212
11.094628943275218 26.55273478264291
11.686088553466515 26.591426901187887
12.309079138896024 26.631913353814337
12.965281629896682 26.67391442905643
13.65646656794611 26.717247198353007
14.38449888287663 26.761659101775713
15.15134292476053 26.80689371144502
15.95906776404731 26.852587572428448
16.80985277425364 26.898569040518613
17.70599351226899 26.944459706915687
18.64990791214297 26.990010939891782
19.644142809066278 27.034957460652503
20.6913808111479 27.079043562686763
21.794447537529855 27.122087413800593
22.956319242369098 27.163845024075094
24.180130845257207 27.204167416791694
25.4691843897454 27.242904606102073
26.826957952797258 27.27993666982656
28.257115029208283 27.315199975861113
29.76351441631318 27.348632179191416
31.350220625651154 27.38020402783578
33.02151484968176 27.40990420686314
34.7819065131413 27.437749408402343
36.63614544020716 27.463762252861137
38.58923467029903 27.487999133722543
40.646443957096295 27.510512839293263
42.81332398719393 27.53137171445893
45.095721356761466 27.550651122176095
47.499794346614124 27.56843039794385
50.03202953826004 27.58479333752618
52.699259315756564 27.599819098071308
55.50868030059805 27.613593933192853
58.467872769375894 27.626203550806075
61.58482110660264 27.637723931959634
64.86793534788511 27.648239863560992
68.32607387157402 27.657822375103382
71.96856730011521 27.666543630828148
75.8052436755926 27.674473385127733
79.84645497739086 27.681673862554316
84.10310505352605 27.688199926787405
88.58667904100822 27.69411593196947
93.30927435461668 27.699468191385602
98.28363332770026 27.70430544770356
103.52317759307378 27.708672282618796
109.04204429677526 27.71260680884424
114.8551242423938 27.716149154237335
120.97810206889012 27.719329744370675
127.42749857031335 27.72218107823358
134.2207152716012 27.724729668702672
141.37608138073614 27.727003424727815
148.91290324394086 27.729023115067037
156.85151643735477 27.73080675037958
165.213340635737 27.732375541985586
174.0209374062485 27.733741654976495
183.29807108324357 27.734921466463632
193.06977288832496 27.73592733317531
203.36240846866724 27.73676838470618
214.2037490358383 27.737453567358447
225.62304629706352 27.73799045777464
237.65111138110728 27.7383828648024
250.32039797173255 27.738636796280435
263.6650898730358 27.738754063496522
277.7211932429355 27.738735215806113
292.5266337436645 27.738580887491082
308.1213588714002 27.738288675688807
324.54744574113323 27.737855019976774
341.84921461759274 27.73727597048738
360.073348498562 27.73654550033575
379.26901907322497 27.735654415893414
399.48801939541704 27.734594575987753
420.78490362974026 27.73335361436962
443.21713424760856 27.731920188169596
466.84523707037897 27.730276500819585
491.73296457790156 27.728406801544338
517.9474679231213 27.726290286491448
545.5594781168514 27.723905247885195
574.6434968715973 27.721226250459846
605.2779976193349 27.7182245904997
637.5456372456507 27.714868785852463
671.5334791115142 27.7111241418551
707.3332279644438 27.706950721231966
745.0414773728917 27.702305109531345
784.7599703514607 27.697139086241386
826.5958738801812 27.69139913057096
870.6620680585127 27.68502579145414
917.0774506742931 27.677953980247374
965.9672580093833 27.67011093489691
1017.4634027476063 27.661417045059604
1071.7048298967104 27.651785114004433
1128.8378916846884 27.64111835416169
1189.01674244199 27.629310354914402
1252.4037545350732 27.616245409875596
1319.1699564735716 27.601796118274194
1389.4954943731375 27.58582333689555
1463.5701180190797 27.56817489584011
1541.5936928422718 27.548684955594503
1623.776739188721 27.527173864926134
1710.3410003378397 27.503445054892328
1801.520040802024 27.477288330468536
1897.5598765218504 27.448474432345478
1998.7196386572507 27.416757686141832
2105.272272765707 27.38187498417094
2217.505275253932 27.343543927073483
2335.7214690901214 27.301464563480998
2460.239820869775 27.2553204509704
2591.3963014396572 27.2047766582222
2729.5447924020073 27.149482258313355
2875.0580409448803 27.08907282523301
3028.3286655749457 27.023171611499983
3189.7702154663216 26.95139044676623
3359.818286283781 26.87333835054143
3538.9316954909877 26.788619982674156
3727.593720314938 26.69684333986522
3926.3134017068355 26.597625737648812
4135.626917817706 26.490597612565992
4356.099030694608 26.37541153458734
4588.324610100844 26.251748228114327
4832.930238571752 26.119324408304028
5090.575902036681 25.977900594900305
5361.956770568817 25.827288181333387
5647.805074067552 25.667357131911835
5948.892077934331 25.498042505818482
6266.030164072656 25.319350866504458
6600.075022827095 25.131364263425162
6951.927961775606 24.93424490327589
7322.538337604534 24.72823683023349
7712.906117627992 24.51366782181904
8124.0845778629655 24.2909475095844
8557.183144940002 24.06056666605094
9013.37038951743 23.823093393133874
9493.87717927582 23.57916809274663
10000.0 23.329498418567717
10533.104453709382 23.074852162990002
11094.628943275218 22.81604960856262
11686.088553466498 22.553955964667253
12309.079138896019 22.28947223650454
12965.281629896688 22.02352688560177
13656.466567946096 21.75706580096768
14384.498882876629 21.491044222837488
15151.342924760515 21.226416387293984
15959.06776404731 20.964127126446535
16809.852774253653 20.705102120768153
17705.99351226898 20.450239445116022
18649.907912142942 20.200401103424745
19644.142809066267 19.956404517124188
20691.3808111479 19.719015411377594
21794.447537529835 19.488941086114774
22956.319242369096 19.26682422384527
24180.13084525718 19.053238735804506
25469.184389745402 18.848686016576416
26826.957952797275 18.653592790050855
28257.115029208268 18.468310800856933
29763.51441631313 18.29311737628582
31350.220625651124 18.12821824970561
33021.51484968176 17.973751094014073
34781.90651314134 17.829790918338492
36636.14544020716 17.696356389851744
38589.23467029899 17.573417108367913
40646.44395709628 17.460901817741096
42813.32398719396 17.35870683968663
45095.721356761445 17.266705083650965
47499.79434661403 17.184754824947454
50032.029538259994 17.112708538333447
52699.259315756564 17.050421419613887
55508.680300598106 16.997759235170534
58467.87276937589 16.954605902525536
61584.82110660255 16.92087021852818
64867.935347885075 16.896492006367698
68326.07387157406 16.881447588220215
71968.56730011514 16.875754376300762
75805.24367559262 16.87947485608986
79846.45497739078 16.89271977592107
84103.10505352604 16.915650620246296
88586.67904100832 16.94848127066056
93309.27435461663 16.99147888576715
98283.63332770011 17.044963930011747
103523.17759307378 17.10930939826407
109042.04429677526 17.184938999383405
114855.12424239368 17.27232425375861
120978.10206889013 17.371980662818736
127427.49857031321 17.48446253889069
134220.7152716012 17.610356521898282
141376.08138073614 17.750273870660358
148912.90324394088 17.904841279095468
156851.5164373548 18.074690313852937
165213.34063573685 18.26044555892531
174020.9374062485 18.46271140520711
183298.07108324338 18.682057865722197
193069.77288832495 18.919005428284525
203362.40846866704 19.174009426221176
214203.74903583832 19.447444199344552
225623.04629706353 19.739587478435624
237651.11138110727 20.05060547389244
250320.39797173254 20.38053917416856
263665.08987303555 20.72929224029284
277721.1932429355 21.096621047030368
292526.6337436642 21.482127162897232
308121.35887140024 21.88525259289204
324547.44574113254 22.30527799918262
341849.21461759275 22.741323939698166
360073.348498562 23.19235512766966
379269.0190732246 23.65718756812141
399488.019395417 24.134498357497183
420784.9036297398 24.62283785686087
443217.13424760854 25.12064391226251
466845.2370703785 25.626257781310965
491732.9645779016 26.137941411217696
517947.46792312124 26.65389573958874
545559.4781168514 27.17227973717109
574643.4968715974 27.691229889864207
605277.9976193343 28.208879907375334
637545.6372456506 28.723380422706214
671533.4791115135 29.232918462198132
707333.2279644439 29.73573648685357
745041.4773728917 30.23015075170496
784759.9703514606 30.714568747550693
826595.8738801812 31.187505436405264
870662.0680585118 31.64759798382517
917077.4506742931 32.093618678920286
965967.2580093823 32.52448573563199
1017463.4027476063 32.93927169204176
1071704.8298967092 33.33720916679724
1128837.8916846884 33.71769381776652
1189016.74244199 34.080284402274124
1252403.7545350718 34.42469997106479
1319169.9564735717 34.75081431149495
1389495.494373136 35.05864786607415
1463570.1180190798 35.34835743905064
1541593.6928422702 35.62022408565639
1623776.739188721 35.87463961585866
1710341.0003378377 36.11209218220488
1801520.0408020238 36.33315140733947
1897559.8765218505 36.538453491404624
1998719.6386572486 36.72868669063157
2105272.272765707 36.904577497910836
2217505.2752539297 37.066877793827395
2335721.4690901213 37.21635316404505
2460239.8208697727 37.35377250768225
2591396.3014396573 37.47989900241024
2729544.792402007 37.595482435577196
2875058.040944877 37.70125286599588
3028328.6655749455 37.79791553900207
3189770.215466318 37.88614696893165
3359818.286283781 37.96659206328232
3538931.6954909842 38.039862175301764
3727593.720314938 38.1065339562001
3926313.4017068394 38.167148888625555
4135626.917817706 38.22221338211065
4356099.030694608 38.27219932922207
4588324.61010084 38.31754502135483
4832930.238571752 38.35865634587716
5090575.902036676 38.39590818235914
5361956.770568817 38.42964594595075
5647805.074067546 38.46018721527702
5948892.077934331 38.48782340837592
6266030.164072656 38.51282146796795
6600075.022827089 38.535425530103105
6951927.961775606 38.55585855334577
7322538.337604526 38.57432389372808
7712906.117627992 38.591006812849166
8124084.5778629575 38.60607590960656
8557183.144940002 38.61968447539177
9013370.38951742 38.631971763100964
9493877.17927582 38.6430641774993
10000000.0 38.653076378558275
10533104.45370936 38.66211230983471
11094628.943275219 38.670266144814896
11686088.553466497 38.6776231639158
12309079.138896018 38.68426055652688
12965281.629896663 38.69024816179657
13656466.567946097 38.695649142833624
14384498.882876629 38.70052060775622
15151342.924760515 38.70491417333484
15959067.76404731 38.70887647997522
16809852.774253618 38.712449661574844
17705993.51226898 38.71567177309997
18649907.912142944 38.71857717627468
19644142.809066266 38.721196895865944
20691380.811147902 38.723558936253625
21794447.537529834 38.725688573242834
22956319.242369097 38.72760861581771
24180130.84525718 38.72933964565519
25469184.3897454 38.730900231473264
26826957.95279722 38.73230712583684
28257115.02920827 38.73357543973997
29763514.41631313 38.73471880271297
31350220.62565112 38.73574950916409
33021514.849681754 38.73667864517544
34781906.51314127 38.737516208717345
36636145.44020716 38.738271216878594
38589234.67029899 38.73895179913823
40646443.95709628 38.73956528665715
42813323.98719387 38.74011828871734
45095721.35676145 38.74061676516334
47499794.346614026 38.741066088718824
50032029.53825999 38.741471105033334
52699259.31575657 38.74183617912563
55508680.300597996 38.74216524948933
58467872.7693759 38.74246186542845
61584821.10660254 38.74272922625706
64867935.34788508 38.74297021686462
68326073.87157391 38.7431874373642
71968567.30011514 38.74338323114423
75805243.67559262 38.74355971228818
79846454.97739078 38.74371878498743
84103105.05352604 38.743862165753065
88586679.04100814 38.74399140215188
93309274.35461664 38.7441078905802
98283633.32770011 38.744212886386705
103523177.59307377 38.74430752447245
109042044.29677527 38.74439282718918
114855124.24239345 38.74446971345039
120978102.06889038 38.74453901504894
127427498.57031322 38.74460148007001
134220715.2716012 38.74465778206433
141376081.38073614 38.74470852955263
148912903.24394056 38.74475427083789
156851516.43735445 38.744795498198364
165213340.63573685 38.74483265867623
174020937.40624848 38.74486615400207
183298071.08324376 38.74489634397408
193069772.88832456 38.744923555337884
203362408.46866703 38.74494808212468
214203749.0358383 38.74497018940416
225623046.2970626 38.74499011512369
237651111.38110778 38.74500807505483
250320397.97173202 38.7450242625886
263665089.87303555 38.745038853925024
277721193.2429355 38.74505200616947
292526633.74366355 38.74506385948543
308121358.87140083 38.745074543182454
324547445.74113256 38.74508417400179
341849214.6175927 38.74509285485032
360073348.49856204 38.74510067723542
379269019.0732238 38.74510772895512
399488019.39541787 38.74511408490915
420784903.6297398 38.74511981351992
443217134.24760854 38.745124977230205
466845237.07037944 38.74512963189168
491732964.5779006 38.745133827092715
517947467.9231202 38.74513760763117
545559478.1168514 38.745141015357575
574643496.8715974 38.74514408796385
605277997.6193355 38.745146856739375
637545637.2456493 38.745149352311756
671533479.1115135 38.74515160197155
707333227.9644439 38.745153629031826
745041477.3728887 38.74515545688737
784759970.3514622 38.745157103008346
826595873.8801795 38.74515858832352
870662068.0585117 38.74515992567406
917077450.674293 38.74516113276037
965967258.0093802 38.745162219281546
1017463402.7476043 38.74516319911451
1071704829.8967092 38.74516408294981
1128837891.6846883 38.74516487811806
1189016742.44199 38.74516559553499
1252403754.5350692 38.74516624300294
1319169956.473569 38.7451668254851
1389495494.373136 38.745167350733844
1463570118.0190797 38.74516782428222
1541593692.8422735 38.74516825158304
1623776739.1887176 38.7451686357304
1710341000.337838 38.74516898276693
1801520040.802024 38.74516929501234
1897559876.5218503 38.74516957758578
1998719638.6572526 38.745169830752715
2105272272.7657027 38.74517006034415
2217505275.2539296 38.74517026637883
2335721469.0901213 38.745170451636795
2460239820.8697777 38.74517061958655
2591396301.439652 38.74517077180033
2729544792.402002 38.74517090713978
2875058040.944877 38.74517102997374
3028328665.5749454 38.74517113965417
3189770215.466325 38.745171240837465
3359818286.2837744 38.74517132861739
3538931695.4909844 38.74517141254917
3727593720.314938 38.745171483854584
3926313401.7068396 38.74517154877644
4135626917.8176975 38.74517160924432
4356099030.694599 38.74517166069603
4588324610.100841 38.745171712578966
4832930238.571753 38.745171751983214
5090575902.036687 38.745171790749175
5361956770.568806 38.74517182878172
5647805074.067546 38.745171859767986
5948892077.934331 38.74517188939625
6266030164.072656 38.745171916176844
6600075022.827075 38.74517193820347
6951927961.775591 38.74517195557975
7322538337.6045265 38.74517197096418
7712906117.627993 38.74517199582918
8124084577.862974 38.74517201380942
8557183144.939984 38.745172025645374
9013370389.51742 38.74517204055636
9493877179.27582 38.745172046606086
10000000000.0 38.74517206235953
10.0 -30.57126746423964
10.53310445370937 -29.504092928342956
11.094628943275218 -34.833606430319584
11.686088553466515 -30.932453383244024
12.309079138896024 -35.25837167293885
12.965281629896682 -40.71386586897172
13.65646656794611 -37.424111139086136
14.38449888287663 -33.14990865679955
15.15134292476053 -33.54009622178349
15.95906776404731 -40.30540049675512
16.80985277425364 -30.9143818050456
17.70599351226899 -38.18323191046292
18.64990791214297 -37.89712504714532
19.644142809066278 -40.93157264149251
20.6913808111479 -35.47857485921999
21.794447537529855 -34.69707129357383
22.956319242369098 -38.998837850697875
24.180130845257207 -28.69008387511691
25.4691843897454 -37.15128026068694
26.826957952797258 -38.35046794095172
28.257115029208283 -36.43827660457035
29.76351441631318 -40.96595114503615
31.350220625651154 -37.55161798020395
33.02151484968176 -40.11894838340495
34.7819065131413 -38.985912346401555
36.63614544020716 -35.814629796156694
38.58923467029903 -55.39681269207562
40.646443957096295 -33.31348654621863
42.81332398719393 -42.121444035859206
45.095721356761466 -46.52907175813803
47.499794346614124 -38.23800510064098
50.03202953826004 -46.99614587653622
52.699259315756564 -31.87798261278018
55.50868030059805 -40.42989420506294
58.467872769375894 -44.21756122968549
61.58482110660264 -27.66997193554223
64.86793534788511 -33.660166570689334
68.32607387157402 -43.19659196307615
71.96856730011521 -37.28459997836736
75.8052436755926 -36.62018431390591
79.84645497739086 -35.80153732999594
84.10310505352605 -36.76664517143114
88.58667904100822 -37.45268625795144
93.30927435461668 -40.04651844434959
98.28363332770026 -38.52720104557237
103.52317759307378 -25.49759137519375
109.04204429677526 -31.363946052912365
114.8551242423938 -47.062928335035124
120.97810206889012 -31.51474200562891
127.42749857031335 -40.88110764663295
134.2207152716012 -34.57854413269151
141.37608138073614 -32.053825548702534
148.91290324394086 -49.56836264713404
156.85151643735477 -45.54367909139388
165.213340635737 -36.9321216189089
174.0209374062485 -36.56014521300761
183.29807108324357 -36.90055414769829
193.06977288832496 -42.264050415330885
203.36240846866724 -50.67163195238542
214.2037490358383 -32.84901721541591
225.62304629706352 -40.33432787875132
237.65111138110728 -37.051784501510475
250.32039797173255 -41.96535582709443
263.6650898730358 -33.10201531393004
277.7211932429355 -22.225686344517797
292.5266337436645 -38.19143646621417
308.1213588714002 -34.368335440485346
324.54744574113323 -24.242133150746188
341.84921461759274 -39.38809642393541
360.073348498562 -18.62896218127496
379.26901907322497 -35.19330907340577
399.48801939541704 -38.384531162838236
420.78490362974026 -47.63341704925041
443.21713424760856 -34.842293802711666
466.84523707037897 -38.34330978212999
491.73296457790156 -43.58611325271069
517.9474679231213 -35.26559467818509
545.5594781168514 -31.36476082300261
574.6434968715973 -34.59408468116068
605.2779976193349 -31.300816811503722
637.5456372456507 -44.941200563049236
671.5334791115142 -36.18811625224706
707.3332279644438 -26.616040513200655
745.0414773728917 -36.52112054317488
784.7599703514607 -32.25127664073117
826.5958738801812 -39.59206421858184
870.6620680585127 -24.454845903003296
917.0774506742931 -24.409956799702943
965.9672580093833 -38.52354826109232
1017.4634027476063 -30.865623578722094
1071.7048298967104 -32.39939027629698
1128.8378916846884 -27.61467615370769
1189.01674244199 -30.23162741563975
1252.4037545350732 -34.142561580206994
1319.1699564735716 -25.383225010808133
1389.4954943731375 -24.60736931801883
1463.5701180190797 -22.735931671955992
1541.5936928422718 -34.62852029937952
1623.776739188721 -23.66263507023634
1710.3410003378397 -21.06598555770219
1801.520040802024 -23.379419053636585
1897.5598765218504 -21.48215709756268
1998.7196386572507 -17.730145554665494
2105.272272765707 -28.16189862279917
2217.505275253932 -27.77258362379282
2335.7214690901214 -21.107562816549887
2460.239820869775 -29.162904497623842
2591.3963014396572 -42.632903122510385
2729.5447924020073 -29.01002163546401
2875.0580409448803 -21.911781867785574
3028.3286655749457 -20.23629163963531
3189.7702154663216 -26.947914541049258
3359.818286283781 -35.187193874482865
3538.9316954909877 -15.722484935053087
3727.593720314938 -17.36523649375882
3926.3134017068355 -24.515678852250836
4135.626917817706 -22.717139419404518
4356.099030694608 -20.279681062054856
4588.324610100844 -18.24858343599064
4832.930238571752 -12.14737085514593
5090.575902036681 -13.759459618301765
5361.956770568817 -16.952017778787287
5647.805074067552 -24.65784735416138
5948.892077934331 -23.05247074880412
6266.030164072656 -9.915531528033421
6600.075022827095 -25.989773501839977
6951.927961775606 -12.582789618902305
7322.538337604534 -22.694310617947483
7712.906117627992 -14.345029496946536
8124.0845778629655 -20.265251324173693
8557.183144940002 -25.925389601296196
9013.37038951743 -18.199724112549053
9493.87717927582 -23.3025065140067
10000.0 -19.828517731392473
10533.104453709382 -31.384079396263434
11094.628943275218 -18.449505310868513
11686.088553466498 -19.22265624352674
12309.079138896019 -17.025610225701488
12965.281629896688 -27.770153455081136
13656.466567946096 1.96860485790161
14384.498882876629 -13.403407010112351
15151.342924760515 -8.192165447642811
15959.06776404731 -30.85692285625589
16809.852774253653 -25.35269112836161
17705.99351226898 -12.007459523777616
18649.907912142942 -18.190052069933415
19644.142809066267 -30.14088601585639
20691.3808111479 -8.397775215751466
21794.447537529835 -13.85227180816042
22956.319242369096 -20.603934054359556
24180.13084525718 -11.037306744960853
25469.184389745402 -10.290632662335454
26826.957952797275 -23.64261304314214
28257.115029208268 -28.34322122918636
29763.51441631313 -0.24648575950320675
31350.220625651124 -23.654214662091235
33021.51484968176 4.000058205221031
34781.90651314134 -24.17845319337644
36636.14544020716 -5.551818629876928
38589.23467029899 -5.841404764526726
40646.44395709628 -27.500420776685274
42813.32398719396 -15.58687705728585
45095.721356761445 -28.368443077261638
47499.79434661403 -15.996428919215992
50032.029538259994 -29.632168297049972
52699.259315756564 -2.8539687869072465
55508.680300598106 2.9337830517371084
58467.87276937589 14.655477409638378
61584.82110660255 6.623971194084638
64867.935347885075 30.414663093331953
68326.07387157406 -26.179343656816087
71968.56730011514 -11.082415808095014
75805.24367559262 -22.768560566043128
79846.45497739078 5.3881952305889165
84103.10505352604 -31.92749244882569
88586.67904100832 -32.15679816318365
93309.27435461663 -25.78576469271607
98283.63332770011 -33.92987325212271
103523.17759307378 -14.848410397102308
109042.04429677526 -1.9207587759796438
114855.12424239368 -12.512416079331103
120978.10206889013 -16.04408454650918
127427.49857031321 -0.6651716557117346
134220.7152716012 -2.3733689878707507
141376.08138073614 -16.157687948285776
148912.90324394088 -5.794370368120717
156851.5164373548 -13.398321501103968
165213.34063573685 -19.702609700523244
174020.9374062485 -5.984066834610314
183298.07108324338 -13.844300309322705
193069.77288832495 -4.097307112392597
203362.40846866704 -14.874857464183668
214203.74903583832 -24.199060749259584
225623.04629706353 -32.96865833094694
237651.11138110727 -20.102200753280442
250320.39797173254 -17.18671842776775
263665.08987303555 -1.1262986143110345
277721.1932429355 -25.93162950250108
292526.6337436642 -6.246713586823983
308121.35887140024 -18.73666910367932
324547.44574113254 -17.226449526727187
341849.21461759275 -22.07930796956932
360073.348498562 -13.7014513757667
379269.0190732246 -35.82508064319518
399488.019395417 -33.75436355173998
420784.9036297398 -23.1243073546373
443217.13424760854 -19.95333310954586
466845.2370703785 -8.465756296953263
491732.9645779016 -15.51908369382768
517947.46792312124 -2.248225866189615
545559.4781168514 -33.29972806850702
574643.4968715974 -24.46926008798681
605277.9976193343 -6.01938126309126
637545.6372456506 -33.461720978934935
671533.4791115135 -18.08202116438037
707333.2279644439 -29.796329406088454
745041.4773728917 10.9798997558224
784759.9703514606 -1.8383534425794528
826595.8738801812 -11.446917263314262
870662.0680585118 -19.80924832239304
917077.4506742931 -11.77296020366898
965967.2580093823 -21.146919634321527
1017463.4027476063 -14.224252843025758
1071704.8298967092 -42.92118100366633
1128837.8916846884 -13.8513930546009
1189016.74244199 -22.571700540124514
1252403.7545350718 1.5198358981118485
1319169.9564735717 -21.141745521260997
1389495.494373136 -10.605835970273949
1463570.1180190798 13.606754864015375
1541593.6928422702 -15.13827359139203
1623776.739188721 -32.45750765781914
1710341.0003378377 -13.358149600583356
1801520.0408020238 -8.920651338546255
1897559.8765218505 -35.90396065551619
1998719.6386572486 -12.791848334414384
2105272.272765707 -27.10308585977232
2217505.2752539297 -22.530319090975297
2335721.4690901213 -22.387598491365416
2460239.8208697727 -41.120179823196956
2591396.3014396573 -7.776967260701785
2729544.792402007 -14.517200873371504
2875058.040944877 -0.4641702239627526
3028328.6655749455 -20.967151644986522
3189770.215466318 -20.161533831248416
3359818.286283781 -19.19424761640167
3538931.6954909842 -13.023604130428591
3727593.720314938 -24.670454713836204
3926313.4017068394 -23.31669918891543
4135626.917817706 -15.097868065479128
4356099.030694608 -16.81472541141352
4588324.61010084 -16.585882819700775
4832930.238571752 -38.523659375979435
5090575.902036676 -13.454819773911382
5361956.770568817 -19.177525533542145
5647805.074067546 -25.70465972967463
5948892.077934331 -57.199764107158764
6266030.164072656 -28.366747745683377
6600075.022827089 -15.119485728085404
6951927.961775606 -8.92246372829951
7322538.337604526 -16.859192034960447
7712906.117627992 -26.607791840493388
8124084.5778629575 -28.412616902793985
8557183.144940002 -10.690583151738341
9013370.38951742 -15.662426439490405
9493877.17927582 -9.154383776869526
10000000.0 -24.32698498224847
10533104.45370936 -40.22079462875833
11094628.943275219 -21.011687417970005
11686088.553466497 -13.58499639346128
12309079.138896018 -18.24600590006131
12965281.629896663 -21.869316107058552
13656466.567946097 -11.057386268881874
14384498.882876629 -27.08418613178189
15151342.924760515 -14.662431461388032
15959067.76404731 -44.4185162686669
16809852.774253618 -20.816192159880792
17705993.51226898 -18.145904352580736
18649907.912142944 -9.147133469366885
19644142.809066266 -50.174783578171606
20691380.811147902 -20.7788335118614
21794447.537529834 -22.386526453481498
22956319.242369097 -16.932583188045648
24180130.84525718 -28.43705258916611
25469184.3897454 -11.765896120443088
26826957.95279722 -14.416982022716155
28257115.02920827 -26.115914056482254
29763514.41631313 -22.543927899398287
31350220.62565112 -28.005092040270696
33021514.849681754 -38.47677571522705
34781906.51314127 -6.169942366148742
36636145.44020716 -6.211564623444165
38589234.67029899 -24.802338524090377
40646443.95709628 -31.742464358838745
42813323.98719387 -26.74304104614622
45095721.35676145 -26.306389249008046
47499794.346614026 -42.76531251679249
50032029.53825999 -8.504150791128623
52699259.31575657 -13.28777081249916
55508680.300597996 -25.202232001956816
58467872.7693759 -12.240440518184386
61584821.10660254 -5.334956326989927
64867935.34788508 -23.006221131770054
68326073.87157391 -19.28352803782481
71968567.30011514 -9.745523475720665
75805243.67559262 -27.564690867826457
79846454.97739078 -26.501019449356743
84103105.05352604 -17.385164978625728
88586679.04100814 -20.561480086988237
93309274.35461664 -13.29870558613309
98283633.32770011 -8.49530142359927
103523177.59307377 -2.2808064061146847
109042044.29677527 -21.95636176011561
114855124.24239345 -17.70961564883129
120978102.06889038 4.683680243327612
127427498.57031322 -14.752817803629085
134220715.2716012 -7.634326817555238
141376081.38073614 -24.232369538830255
148912903.24394056 -3.659387531980145
156851516.43735445 -26.564564544631956
165213340.63573685 -28.034507085684417
174020937.40624848 -27.824085015345595
183298071.08324376 -8.269143694415368
193069772.88832456 -17.988994347744587
203362408.46866703 -35.75386396142522
214203749.0358383 -26.623586278098497
225623046.2970626 -1.150637943404687
237651111.38110778 -14.115989806340917
250320397.97173202 10.262801509257745
263665089.87303555 -11.716475800335731
277721193.2429355 8.621367822608226
292526633.74366355 -18.58426683595375
308121358.87140083 -29.355598433103207
324547445.74113256 15.842384970795313
341849214.6175927 -31.045665857902257
360073348.49856204 -26.9477485148184
379269019.0732238 -17.829901784996643
399488019.39541787 -22.3258090607489
420784903.6297398 -54.165763012652945
443217134.24760854 -24.570907153089557
466845237.07037944 -15.850992376457869
491732964.5779006 -1.0059234735899538
517947467.9231202 -20.065509448860386
545559478.1168514 -21.64637549259046
574643496.8715974 -24.00678388826035
605277997.6193355 -14.418614446608945
637545637.2456493 -8.855151725821903
671533479.1115135 -42.006537407953275
707333227.9644439 -13.468516809879805
745041477.3728887 -35.57970591135796
784759970.3514622 -16.74980732809368
826595873.8801795 -34.43362248938569
870662068.0585117 61.80691627568615
917077450.674293 -7.658738299354008
965967258.0093802 -18.08112497359089
1017463402.7476043 -13.197722367361393
1071704829.8967092 -18.23542652504799
1128837891.6846883 -61.653302779015426
1189016742.44199 -23.59836511644218
1252403754.5350692 -12.935391566843467
1319169956.473569 -16.99477215509595
1389495494.373136 -26.857298742106046
1463570118.0190797 -19.37782773163287
1541593692.8422735 -25.469348647118967
1623776739.1887176 -24.648134501018344
1710341000.337838 -5.165513191004795
1801520040.802024 -15.537577974950716
1897559876.5218503 -9.697619577779827
1998719638.6572526 -17.227341317937967
2105272272.7657027 -11.112839667014985
2217505275.2539296 -9.118943663774491
2335721469.0901213 -7.003540093416952
2460239820.8697777 -20.067121279612252
2591396301.439652 17.989126827354593
2729544792.402002 -28.874157127443254
2875058040.944877 -13.484395447950277
3028328665.5749454 -17.387977048933646
3189770215.466325 -15.418897443954904
3359818286.2837744 -24.27421421481228
3538931695.4909844 -18.008142959303832
3727593720.314938 -26.616307790336087
3926313401.7068396 -4.038358411893723
4135626917.8176975 -18.579251896149962
4356099030.694599 -37.74579631042317
4588324610.100841 -32.87217927318508
4832930238.571753 -20.47944968326112
5090575902.036687 6.569265326027935
5361956770.568806 -24.667870300421427
5647805074.067546 -29.354880773295598
5948892077.934331 -31.798347326750083
6266030164.072656 -14.63535732925638
6600075022.827075 -19.530227153833955
6951927961.775591 -17.360656898907195
7322538337.6045265 -23.624794906874325
7712906117.627993 -23.44478628421609
8124084577.862974 -27.050749854506964
8557183144.939984 -20.81405317428525
9013370389.51742 -35.99538949069088
9493877179.27582 -15.19220008027203
10000000000.0 -32.58443254616208
