10.0 -33.593306870672244
10.292747724096083 -32.84307759740742
10.59406557118851 -32.10115885796022
10.904204429677526 -31.367978423074028
11.223422532664179 -30.64393393232999
11.551985672964793 -29.92939259316657
11.890167424419898 -29.224691077408252
12.238249369681931 -28.530135604335452
12.596521334671401 -27.846002197811366
12.965281629896682 -27.1725371037994
13.344837298838383 -26.509957353741335
13.735504373605137 -25.858451458712914
14.137608138073606 -25.218180219005394
14.551483398731937 -24.589277633776618
14.977474763452017 -23.971851895641553
15.415936928422726 -23.36598645550411
15.867234973483178 -22.77174114353049
16.331744666101677 -22.189153332906173
16.80985277425364 -21.618239133866542
17.301957388458945 -21.058994606420207
17.808468253246822 -20.511396981166463
18.329807108324356 -19.975405878619505
18.866408039732583 -19.45096451847209
19.418717841282557 -18.938000911240536
19.987196386572506 -18.43642902571671
20.57231701189556 -17.946149926599272
21.174566910357118 -17.467052877573543
21.794447537529855 -16.999016405951945
22.432475028984193 -16.54190932576916
23.089180630041927 -16.095591716943844
23.765111138110754 -15.659915858771685
24.46082935796799 -15.23472711660123
25.17691457037277 -14.819864781067722
25.913963014396586 -14.415162859719622
26.672588383874054 -14.020450821275013
27.453422338387142 -13.635554293089015
28.257115029208283 -13.260295712707151
29.08433564064048 -12.894494934623067
29.935772947204903 -12.537969793561645
30.812135887140037 -12.190536625765333
31.714154152689986 -11.852010749890509
32.642578797673224 -11.522206909209599
33.59818286283781 -11.200939676881301
34.58176201952381 -10.888023826090395
35.594135232168604 -10.583274666877571
36.63614544020716 -10.286508351479855
37.708660259934554 -9.99754214998816
38.81257270691538 -9.716194698100365
39.9488019395417 -9.442286218710178
41.118294024358306 -9.175638719026615
42.322022723792756 -8.916076164865274
43.56099030694608 -8.663424633694929
44.83622838411908 -8.417512447961998
46.148798765769385 -8.178170290151279
47.499794346614124 -7.945231300976735
48.890340015614456 -7.718531162030743
50.32159359259993 -7.497908164154472
51.7947467923121 -7.2832032627285335
53.31102621667033 -7.074260121019122
54.87169437608604 -6.870925142653608
56.47805074067555 -6.6730474942399
58.131432822247135 -6.480479119085388
59.83321728796288 -6.293074742915668
61.58482110660264 -6.110691872438841
63.38770272838487 -5.933190787548763
65.24336329932625 -5.760434527909701
67.15334791115141 -5.592288874615497
69.11924688779365 -5.428622327567865
71.14269710955735 -5.269306079171422
73.22538337604533 -5.1142139848957004
75.36903980898542 -4.963222531209127
77.57545129612417 -4.816210801342938
79.84645497739086 -4.6730604392978226
82.18394177456803 -4.533655612459719
84.58985796574301 -4.3978829731456734
87.06620680585127 -4.265631619354037
89.61505019466045 -4.136793054948357
92.23851039358476 -4.011261149458171
94.9387717927583 -3.888932097636196
97.71808272983904 -3.769704378867475
100.57875736205835 -3.6534787164854547
103.52317759307378 -3.5401580370108237
106.55379505623053 -3.429647429293629
109.67313315588179 -3.3218541035083526
112.88378916846884 -3.21668734992453
116.18843640511002 -3.114058497355788
119.58982643749793 -3.013880871175101
123.09079138896018 -2.916069750777563
126.69424629259063 -2.8205423263715708
130.40319151841317 -2.727217654988029
134.2207152716012 -2.6360166156122196
138.14999616383224 -2.5468618633671882
142.19430585991677 -2.459677782707656
146.357011801908 -2.374390439621046
150.64158001295928 -2.290927532874941
155.05157798326255 -2.2092183443982027
159.5906776404731 -2.1291936889333054
164.26265840709303 -2.050785863150767
169.071410347358 -1.9739285944692309
174.0209374062485 -1.8985569898771646
179.115360743323 -1.8246074851010696
184.3589221641488 -1.752017794510935
189.75598765218504 -1.6807268621930846
195.3110510040631 -1.610674814654058
201.02873757128856 -1.5418029156450928
206.913808111479 -1.4740535236137926
212.97116275234782 -1.407370052298515
219.20584507173257 -1.3416969349797996
225.62304629706352 -1.2769795928935022
232.22810962777245 -1.2131644082903543
239.02653468423918 -1.1501987025985727
246.02398208697775 -1.0880307201088684
253.22627816987946 -1.0266096175563406
260.63941983143474 -0.9658854599213624
268.26957952797244 -0.9058092227136851
276.1231104130753 -0.846332800940121
284.2065516274511 -0.787409024889218
292.5266337436645 -0.7289916827966039
301.09028437025927 -0.671035550383907
309.9046339199427 -0.6134964271942042
318.97702154663216 -0.5563311795790334
328.3150012563047 -0.49949779012835993
337.9263481967431 -0.44295541327634375
347.819065131413 -0.38666443676517026
358.00138910285807 -0.33058654860656206
368.48179829116765 -0.27468480914857374
379.26901907322497 -0.21892372783349115
390.37203328860926 -0.16326934422318523
401.8000857182091 -0.10768931286976152
413.5626917817706 -0.052152991622517166
425.66964546078714 0.0033684670140548627
438.13102745333055 0.05890202182387291
450.9572135676145 0.11447264643734995
464.15888336127773 0.1701032307726079
477.7470290335773 0.2258144805823955
491.73296457790156 0.28162481528513306
506.1283352022219 0.3375502642198171
520.9451270253212 0.3936043614345991
536.1956770568817 0.44979803910205435
551.892683469738 0.5061395196538147
568.0492161728429 0.5626342067464868
584.6787276937589 0.6192845752126296
601.7950643797334 0.6760900602177308
619.412477926676 0.7330469459368081
637.5456372456507 0.7901482541856667
656.2096406767555 0.8473836335888298
675.4200285605586 0.9047392500409817
695.1927961775606 0.96219767941701
715.5444070664574 1.0197378037059568
736.4918067322965 1.0773347119823173
758.0524367559261 1.134959607879052
780.2442493165045 1.192579725485041
803.0857221391512 1.2501582558497484
826.5958738801812 1.30765428652964
850.7942799627444 1.3650227568502988
875.7010888760508 1.4222144317722978
901.3370389517438 1.4791758974304503
927.7234756314059 1.5358495815557598
954.8823692395666 1.5921738020741354
982.8363332770031 1.6480828471988598
1011.6086432495807 1.7035070902825002
1041.2232560483055 1.758373142559589
1071.7048298967104 1.8126040466855828
1103.078744882215 1.8661195136522908
1135.3711240885177 1.9188362052313792
1168.608855346651 1.9706680635592981
1202.8196136227775 2.0215266888335326
1238.0318840613968 2.071321765338839
1274.2749857031336 2.119961535176194
1311.5790958968503 2.167353318131023
1349.9752754264298 2.2134040751127886
1389.4954943731375 2.25802101153979
1430.172658735088 2.301112215957706
1472.0406378260013 2.342587328097816
1515.134292476053 2.382358229527361
1559.4895040582815 2.4203397490602
1605.1432043647615 2.456450374211904
1652.1334063573702 2.4906129592357367
1700.4992358187922 2.5227554197012094
1750.2809639301013 2.552811403200573
1801.520040802024 2.580720925622854
1854.2591299878522 2.606430962533742
1908.542144006686 2.629895985559764
1964.4142809066266 2.6510784342955853
2021.9220618983536 2.669949115132886
2081.1133700903947 2.6864875195265867
2142.037490358383 2.700682055548497
2204.7451503814746 2.712530188094956
2269.288562880081 2.7220384847685266
2335.7214690901214 2.7292225662020746
2404.0991835099717 2.7341069613820492
2474.47863995735 2.736724870302825
2546.91843897454 2.73711783799671
2621.478896621356 2.735335345580093
2698.222094696536 2.7314343253945257
2777.211932429355 2.72547860856361
2858.5141796844714 2.7175383143009864
2942.196531724374 2.7076891910723027
3028.3286655749457 2.6960119202249953
3116.9822980411436 2.6825913929498464
3208.2312454210773 2.6675159714376124
3302.1514849681753 2.650876744855929
3398.8212181526674 2.6327667903205927
3498.320935775036 2.6132804483982843
3600.73348498562 2.5925126218828685
3706.144138266228 2.570558105675038
3814.640664431178 2.5475109545914276
3926.3134017068355 2.523463894871886
4041.2553329506004 2.49850778407384
4159.562163071847 2.472731122964126
4281.332398719392 2.4462196219711023
4406.667430301786 2.4190558237587583
4535.671616408702 2.3913187825485025
4668.45237070379 2.363083799953309
4805.1202513612425 2.3344222163123827
4945.789053120639 2.3054012558231864
5090.575902036681 2.2760839231677283
5239.601353002645 2.2465289488139435
5392.98949012887 2.216790779743504
5550.868030059805 2.18691961200484
5713.36842831558 2.1569614612127883
5880.625988746757 2.126958266907574
6052.779976193349 2.0969480265381772
6229.973732441841 2.066964954749112
6412.354795576917 2.037039663612859
6600.075022827095 2.007199359468089
6793.290717006696 1.9774680520849999
6992.162756659375 1.9478667719875664
7196.856730011514 1.9184137919123174
7407.543072847163 1.8891248485749652
7624.397210419138 1.8600133611467462
7847.5997035146065 1.8310906431104172
8077.3363987967105 1.8023661044686976
8313.798583547334 1.7738474416126757
8557.183144940002 1.7455408125208243
8807.692733975462 1.7174509953443964
9065.53593421636 1.6895815288396583
9330.927435461663 1.6619348335219768
9604.08821250538 1.6345123128393997
9885.24570912827 1.6073144340770165
10174.634027476064 1.5803407891193675
10472.494122981476 1.5535901355839792
10779.074004992735 1.5270604192152097
11094.628943275218 1.5007487787661697
11419.421680558647 1.4746515349084646
11753.722651306367 1.4487641649802647
12097.810206889013 1.4230812656199747
12451.97084735032 1.3975965055248176
12816.499459957597 1.3723025707321965
13191.699564735716 1.3471911049356093
13577.883567189278 1.3222526474318184
13975.373018422924 1.2974765713409102
14384.498882876629 1.2728510247633866
14805.6018138991 1.2483628775295326
15239.032437388305 1.223997676166921
15685.151643735446 1.1997396096624104
16144.330888316019 1.175571488528381
16616.952500776908 1.1514747395973925
17103.41000337838 1.12742941887061
17604.108438655527 1.1034142446272452
18119.46470667122 1.0794066528629351
18649.907912142942 1.0553828769665152
19195.87972173111 1.0313180533532613
19757.834731786996 1.0071863545532709
20336.2408468667 0.9829611509879805
20931.579669325736 0.9586152023652619
21544.346900318822 0.934120879259956
22175.052752539294 0.9094504150305787
22824.222375040976 0.8845761877452277
23492.396290496577 0.859471031240357
24180.13084525718 0.8341085738274064
24887.998672586673 0.8084636024892033
25616.589169457267 0.7825124496687941
26366.508987303554 0.7562333989790128
27138.3825371428 0.7296071053387011
27932.85250948253 0.7026170242130626
28750.580409448772 0.6752498438068728
29592.247107579577 0.6474959132725157
30458.55340674284 0.6193496592664832
31350.220625651124 0.5908099825652534
32267.991199458116 0.5618806259630327
33212.62929793748 0.5325705043643767
34184.92146175927 0.5028939878754373
35185.677257392665 0.4728711288400264
36215.72995118075 0.4425278241733538
37275.93720314938 0.4118959050370418
38367.18178112649 0.3810131468962282
39490.37229576694 0.34992319427789564
40646.44395709628 0.31867539612201534
41836.359353200234 0.2873245494238262
43061.10925171165 0.25593055089153727
44321.713424760856 0.22455795851112198
45619.221498074585 0.19327546716523478
46954.71382493421 0.16215530471180595
48329.30238571752 0.1312725571137299
49744.13171377451 0.10070443323227096
51200.37984840882 0.07052948167920191
52699.259315756564 0.04082677359826781
54242.01813838024 0.011675066318440792
55829.94087441914 -0.016848036498000277
57464.34968715974 -0.04466691240475101
59146.605445917456 -0.07170871986821667
60878.108859147556 -0.09790415529241278
62660.30164072656 -0.12318815371806363
64494.667710376205 -0.14750052108189626
66382.73442923075 -0.17078648779657324
68326.07387157406 -0.19299717552050683
70326.30413380644 -0.21408997127276588
72385.09068173247 -0.23402880540089963
74504.14773728917 -0.252784332259834
76685.2397058701 -0.27033401472371493
78930.18264543568 -0.28666211575112094
81240.84577862974 -0.301759602101796
83619.15304916317 -0.31562396692145733
86067.08472376158 -0.3282589792193784
88586.67904100832 -0.33967436925369704
91180.03390845681 -0.3498854595180772
93849.3086494272 -0.3589127513751729
96596.72580093842 -0.366781477450579
99424.57296427398 -0.37352112969892537
102335.20470972576 -0.37916497262562104
105331.04453709359 -0.38374955052712256
108414.5868935835 -0.3873141968430229
111588.3992507748 -0.38990055283636
114855.12424239368 -0.39155210187182576
118217.48186466724 -0.39231372458211566
121678.27174109229 -0.39223127923269313
125240.3754535072 -0.39135121064134676
128906.75894140244 -0.38972019010427
132680.47497147243 -0.38738478794209924
136564.66567946097 -0.38439117951783325
140562.56518642136 -0.38078488490788076
144677.5022915648 -0.37661054181838827
148912.90324394088 -0.3719117108546407
153272.2945952612 -0.3667307118396489
157759.30613623615 -0.3611084895640296
162377.67391887208 -0.3550845071043631
167131.2433672486 -0.3486966646787015
172023.97247935992 -0.34198124189711515
177059.9351226898 -0.33497286121391495
182243.32442626648 -0.3277044703786909
187578.45627201613 -0.3202073417158897
193069.77288832495 -0.3125110861220382
198721.84654880533 -0.30464367975886886
204539.38337933904 -0.2966315015199088
210527.22727657072 -0.28849937946847315
216690.3639411181 -0.28027064456632833
223033.9250288494 -0.27196719014137066
229563.19242369095 -0.2636095356714853
236283.6026355175 -0.2552168935896048
243200.7513267945 -0.24680723793712794
250320.39797173254 -0.23839737381444542
257648.47065183744 -0.2300030066870617
265191.0709918535 -0.22163881071567312
272954.4792402007 -0.21331849537725817
280945.1594981406 -0.20505486973845988
289169.76510202966 -0.19685990383231805
297635.14416313195 -0.18874478667098699
306348.3452696084 -0.18071998050606453
315316.62335543614 -0.172795271023018
324547.44574113254 -0.1649798132273398
334048.4983513244 -0.15728217284702017
343827.6921143307 -0.14971036314580538
353893.1695490984 -0.14227187710340744
364253.3115449638 -0.13497371498309557
374916.74433988857 -0.1278224073717994
385892.3467029899 -0.12082403383619796
397189.25732733024 -0.11398423739708691
408816.88243912894 -0.10730823508631472
420784.9036297398 -0.10080082489864023
433103.2859169001 -0.09446638950694303
445782.28604197066 -0.08830889714928848
458832.461010084 -0.08233190014401397
472264.67688029545 -0.07653853151343669
486090.117813063 -0.07093150022714051
500320.2953825999 -0.06551308558837324
514967.0581618343 -0.06028513129466658
530042.6015879672 -0.055249039693661336
545559.4781168514 -0.05040576674522055
561530.6076746266 -0.04575581816523918
577969.2884153313 -0.041299247196692056
594889.2077934331 -0.037035654392760464
612304.4539605178 -0.032964189755623416
630229.5274956024 -0.02908355749104725
648679.3534788508 -0.025392023583187318
667669.2939187557 -0.021887426308907807
687215.1605431122 -0.018567189742991357
707333.2279644439 -0.015428340221243408
728040.2472308562 -0.01246752566325863
749353.4597735757 -0.009681037585520105
771290.6117627992 -0.007064835571922807
793869.9688838223 -0.004614573921185145
817110.3315457187 -0.0023256301416153683
841031.0505352605 -0.00019313493410934011
865652.0431290936 0.001787996719047268
890993.8096776098 0.003623033754436677
917077.4506742931 0.005317396913088134
943924.6843247664 0.0068766266973041435
971557.8646301847 0.008306351767316266
1000000.0 0.009612258125755082
