10.0 -3.45654279899958
10.292747724096083 -3.447447549854934
10.59406557118851 -3.4369171941696512
10.904204429677526 -3.4250703630766317
11.223422532664179 -3.4120330976824302
11.551985672964793 -3.3979381586446813
11.890167424419898 -3.3829243122617325
12.238249369681931 -3.36713560314652
12.596521334671401 -3.3507206230349693
12.965281629896682 -3.333831784566061
13.344837298838383 -3.3166246079977735
13.735504373605137 -3.299257027834729
14.137608138073606 -3.2818887252805
14.551483398731937 -3.264680491326534
14.977474763452017 -3.2477936241902126
15.415936928422726 -3.231389363756576
15.867234973483178 -3.2156283646804185
16.331744666101677 -3.200670208907192
16.80985277425364 -3.1866729575801824
17.301957388458945 -3.173792741638912
17.808468253246822 -3.1621833898871716
18.329807108324356 -3.1519960929187723
18.866408039732583 -3.1433791010359315
19.418717841282557 -3.1364774541704805
19.987196386572506 -3.131432741812615
20.57231701189556 -3.128382891048192
21.174566910357118 -3.127461980990823
21.794447537529855 -3.128800082145236
22.432475028984193 -3.1325231195378866
23.089180630041927 -3.138752758771808
23.765111138110754 -3.1476063144932267
24.46082935796799 -3.1591966810683734
25.17691457037277 -3.17363228554896
25.913963014396586 -3.191017063233358
26.672588383874054 -3.2114504562979347
27.453422338387142 -3.2350274360669626
28.257115029208283 -3.2618385495051903
29.08433564064048 -3.2919699904525457
29.935772947204903 -3.325503695976371
30.812135887140037 -3.362517467999016
31.714154152689986 -3.4030851200751724
32.642578797673224 -3.447276648857814
33.59818286283781 -3.4951584294151954
34.58176201952381 -3.5467934331607354
35.594135232168604 -3.602241466749116
36.63614544020716 -3.661559429891312
37.708660259934554 -3.72480158966334
38.81257270691538 -3.79201986854326
39.9488019395417 -3.8632641431186916
41.118294024358306 -3.938582550173452
42.322022723792756 -4.018021796692146
43.56099030694608 -4.101627470219662
44.83622838411908 -4.189444345978726
46.148798765769385 -4.281516687180913
47.499794346614124 -4.377888535059689
48.890340015614456 -4.4786039853017
50.32159359259993 -4.583707447746408
51.7947467923121 -4.693243886453365
53.31102621667033 -4.807259037493702
54.87169437608604 -4.925799602094245
56.47805074067555 -5.048913413041591
58.131432822247135 -5.176649572529476
59.83321728796288 -5.309058559897599
61.58482110660264 -5.44619230795698
63.38770272838487 -5.5881042468197135
65.24336329932625 -5.734849314347102
67.15334791115141 -5.886483932494062
69.11924688779365 -6.043065948960732
71.14269710955735 -6.204654543662409
73.22538337604533 -6.371310099597289
75.36903980898542 -6.543094037731966
77.57545129612417 -6.720068615535536
79.84645497739086 -6.902296688784548
82.18394177456803 -7.089841436229237
84.58985796574301 -7.282766046667784
87.06620680585127 -7.481133367920046
89.61505019466045 -7.685005517131662
92.23851039358476 -7.894443451779816
94.9387717927583 -8.109506500695709
97.71808272983904 -8.330251854375053
100.57875736205835 -8.55673401381714
103.52317759307378 -8.789004197125491
106.55379505623053 -9.027109703120173
109.67313315588179 -9.271093231260712
112.88378916846884 -9.52099215726333
116.18843640511002 -9.776837763923874
119.58982643749793 -10.038654426830476
123.09079138896018 -10.306458754875026
126.69424629259063 -10.580258685754055
130.40319151841317 -10.860052536990274
134.2207152716012 -11.145828013412721
138.14999616383224 -11.4375611725079
142.19430585991677 -11.73521534959755
146.357011801908 -12.038740045417732
150.64158001295928 -12.3480697793642
155.05157798326255 -12.663122912432737
159.5906776404731 -12.983800444718376
164.26265840709303 -13.309984793240755
169.071410347358 -13.641538556824546
174.0209374062485 -13.978303275783881
179.115360743323 -14.320098195217653
184.3589221641488 -14.666719041813188
189.75598765218504 -15.017936825157726
195.3110510040631 -15.373496675654549
201.02873757128856 -15.733116732208757
206.913808111479 -16.09648709386366
212.97116275234782 -16.4632688505049
219.20584507173257 -16.83309320857385
225.62304629706352 -17.20556072841907
232.22810962777245 -17.58024069042351
239.02653468423918 -17.956670607356962
246.02398208697775 -18.334355900470445
253.22627816987946 -18.712769756660624
260.63941983143474 -19.09135318354941
268.26957952797244 -19.469515278531738
276.1231104130753 -19.846633726732748
284.2065516274511 -20.22205554136647
292.5266337436645 -20.595098058218646
301.09028437025927 -20.965050193879684
309.9046339199427 -21.331173974970515
318.97702154663216 -21.692706342946035
328.3150012563047 -22.04886123618555
337.9263481967431 -22.39883194802277
347.819065131413 -22.741793756201293
358.00138910285807 -23.076906816014937
368.48179829116765 -23.40331930618577
379.26901907322497 -23.72017081340644
390.37203328860926 -24.02659593850092
401.8000857182091 -24.32172810439891
413.5626917817706 -24.604703543629018
425.66964546078714 -24.874665440866877
438.13102745333055 -25.13076820424445
450.9572135676145 -25.37218183767543
464.15888336127773 -25.598096385361554
477.7470290335773 -25.807726418915646
491.73296457790156 -26.0003155371379
506.1283352022219 -26.1751408483637
520.9451270253212 -26.331517405419394
536.1956770568817 -26.468802563505506
551.892683469738 -26.586400231706847
568.0492161728429 -26.683764989241883
584.6787276937589 -26.76040603793402
601.7950643797334 -26.815890962668135
619.412477926676 -26.84984927173175
637.5456372456507 -26.86197568891329
656.2096406767555 -26.85203316902901
675.4200285605586 -26.819855608200676
695.1927961775606 -26.765350219744025
715.5444070664574 -26.68849954603949
736.4918067322965 -26.589363076329782
758.0524367559261 -26.468078440157772
780.2442493165045 -26.324862146259004
803.0857221391512 -26.160009837323102
826.5958738801812 -25.973896032296196
850.7942799627444 -25.76697332998267
875.7010888760508 -25.539771050760844
901.3370389517438 -25.292893297388268
927.7234756314059 -25.02701642122055
954.8823692395666 -24.742885886747462
982.8363332770031 -24.4413125351418
1011.6086432495807 -24.123168256442238
1041.2232560483055 -23.789381089894373
1071.7048298967104 -23.44092978262494
1103.078744882215 -23.078837847940953
1135.3711240885177 -22.704167175760382
1168.608855346651 -22.318011258611353
1202.8196136227775 -21.92148810683533
1238.0318840613968 -21.51573293568632
1274.2749857031336 -21.1018907144926
1311.5790958968503 -20.681108673586817
1349.9752754264298 -20.25452886798519
1389.4954943731375 -19.82328089760669
1430.172658735088 -19.388474882028387
1472.0406378260013 -18.951194783378423
1515.134292476053 -18.512492164077045
1559.4895040582815 -18.073380456969815
1605.1432043647615 -17.634829814265895
1652.1334063573702 -17.19776258900958
1700.4992358187922 -16.76304948902582
1750.2809639301013 -16.331506428887273
1801.520040802024 -15.903892090948151
1854.2591299878522 -15.480906192372576
1908.542144006686 -15.063188441775994
1964.4142809066266 -14.651318156996775
2021.9220618983536 -14.245814504913675
2081.1133700903947 -13.84713731535732
2142.037490358383 -13.455688414156745
2204.7451503814746 -13.071813415280346
2269.288562880081 -12.6958039088375
2335.7214690901214 -12.32789998031852
2404.0991835099717 -11.968292996711478
2474.47863995735 -11.617128596858176
2546.91843897454 -11.274509826376342
2621.478896621356 -10.940500361443998
2698.222094696536 -10.615127770482477
2777.211932429355 -10.298386768047713
2858.5141796844714 -9.990242420838547
2942.196531724374 -9.690633271449633
3028.3286655749457 -9.39947435117765
3116.9822980411436 -9.116660058684241
3208.2312454210773 -8.842066886514285
3302.1514849681753 -8.575555982285033
3398.8212181526674 -8.316975535731558
3498.320935775036 -8.06616298668748
3600.73348498562 -7.822947052478265
3706.144138266228 -7.587149576108681
3814.640664431178 -7.358587199051333
3926.3134017068355 -7.137072864415021
4041.2553329506004 -6.9224171578228875
4159.562163071847 -6.714429494500457
4281.332398719392 -6.512919161901902
4406.667430301786 -6.3176962277335225
4535.671616408702 -6.12857232350885
4668.45237070379 -5.9453613138258214
4805.1202513612425 -5.767879861439461
4945.789053120639 -5.59594789793802
5090.575902036681 -5.429389009457404
5239.601353002645 -5.2680307464094565
5392.98949012887 -5.111704865680536
5550.868030059805 -4.9602475132013515
5713.36842831558 -4.813499354209327
5880.625988746757 -4.6713056579398975
6052.779976193349 -4.533516342903949
6229.973732441841 -4.399985988341754
6412.354795576917 -4.270573816899628
6600.075022827095 -4.145143653058258
6793.290717006696 -4.023563861353098
6992.162756659375 -3.9057072679723164
7196.856730011514 -3.7914510688972114
7407.543072847163 -3.6806767273608534
7624.397210419138 -3.573269863048515
7847.5997035146065 -3.4691201351410363
8077.3363987967105 -3.368121121013074
8313.798583547334 -3.2701701921376767
8557.183144940002 -3.1751683885161825
8807.692733975462 -3.0830202927460126
9065.53593421636 -2.9936339046566203
9330.927435461663 -2.906920517282468
9604.08821250538 -2.822794594802418
9885.24570912827 -2.741173652951043
10174.634027476064 -2.661978142301931
10472.494122981476 -2.585131334731215
10779.074004992735 -2.510559213290962
11094.628943275218 -2.438190365654453
11419.421680558647 -2.367955881239814
11753.722651306367 -2.299789252069174
12097.810206889013 -2.233626277381891
12451.97084735032 -2.1694049719867476
12816.499459957597 -2.107065478311145
13191.699564735716 -2.0465499820836053
13577.883567189278 -1.9878026315686763
13975.373018422924 -1.9307694602595653
14384.498882876629 -1.8753983129240277
14805.6018138991 -1.8216387748909781
15239.032437388305 -1.7694421044611406
15685.151643735446 -1.7187611683210058
16144.330888316019 -1.6695503798383322
16616.952500776908 -1.6217656401174902
17103.41000337838 -1.5753642816932283
17604.108438655527 -1.530305014744079
18119.46470667122 -1.4865478757085886
18649.907912142942 -1.4440541781909189
19195.87972173111 -1.4027864660458553
19757.834731786996 -1.362708468536972
20336.2408468667 -1.3237850574659271
20931.579669325736 -1.2859822061747896
21544.346900318822 -1.249266950327753
22175.052752539294 -1.2136073503826894
22824.222375040976 -1.1789724556673091
23492.396290496577 -1.1453322699788266
24180.13084525718 -1.1126577186300028
24887.998672586673 -1.0809206168686314
25616.589169457267 -1.05009363960111
26366.508987303554 -1.0201502923545838
27138.3825371428 -0.9910648834156445
27932.85250948253 -0.9628124970869554
28750.580409448772 -0.9353689680065043
29592.247107579577 -0.9087108564770314
30458.55340674284 -0.8828154247564128
31350.220625651124 -0.857660614262362
32267.991199458116 -0.8332250236474601
33212.62929793748 -0.8094878877030347
34184.92146175927 -0.7864290570528057
35185.677257392665 -0.7640289785993268
36215.72995118075 -0.7422686766883809
37275.93720314938 -0.7211297349584614
38367.18178112649 -0.7005942788442995
39490.37229576694 -0.6806449587051009
40646.44395709628 -0.661264933549847
41836.359353200234 -0.6424378553334582
43061.10925171165 -0.6241478537991271
44321.713424760856 -0.6063795218434463
45619.221498074585 -0.5891179013821889
46954.71382493421 -0.5723484696957963
48329.30238571752 -0.5560571262348233
49744.13171377451 -0.54023017986643
51200.37984840882 -0.5248543365442595
52699.259315756564 -0.509916687384681
54242.01813838024 -0.4954046971334668
55829.94087441914 -0.48130619300758826
57464.34968715974 -0.4676093538977631
59146.605445917456 -0.45430269991790106
60878.108859147556 -0.4413750822884322
62660.30164072656 -0.4288156735410277
64494.667710376205 -0.4166139580328407
66382.73442923075 -0.40475972275896316
68326.07387157406 -0.3932430484523076
70326.30413380644 -0.3820543009606255
72385.09068173247 -0.3711841228907873
74504.14773728917 -0.3606234255109689
76685.2397058701 -0.3503633809017484
78930.18264543568 -0.34039541434749515
81240.84577862974 -0.3307111969598325
83619.15304916317 -0.3213026385253204
86067.08472376158 -0.3121618805697405
88586.67904100832 -0.3032812896318033
91180.03390845681 -0.2946534507392888
93849.3086494272 -0.28627116108096157
96596.72580093842 -0.27812742386784106
99424.57296427398 -0.2702154423777106
102335.20470972576 -0.2625286141768735
105331.04453709359 -0.2550605255135526
108414.5868935835 -0.24780494587737031
111588.3992507748 -0.24075582271970805
114855.12424239368 -0.23390727632981997
118217.48186466724 -0.22725359486182153
121678.27174109229 -0.22078922950785682
125240.3754535072 -0.21450878981286337
128906.75894140244 -0.2084070391265866
132680.47497147243 -0.20247889018857515
136564.66567946097 -0.1967194008421187
140562.56518642136 -0.1911237698731309
144677.5022915648 -0.185687332970224
148912.90324394088 -0.1804055588022533
153272.2945952612 -0.17527404520980847
157759.30613623615 -0.17028851550718246
162377.67391887208 -0.16544481489153745
167131.2433672486 -0.16073890695601206
172023.97247935992 -0.15616687030369533
177059.9351226898 -0.15172489525943342
182243.32442626648 -0.14740928067658532
187578.45627201613 -0.1432164308358822
193069.77288832495 -0.13914285243369165
198721.84654880533 -0.13518515165702485
204539.38337933904 -0.1313400313427326
210527.22727657072 -0.12760428821843106
216690.3639411181 -0.12397481022272526
223033.9250288494 -0.12044857390243704
229563.19242369095 -0.11702264188455663
236283.6026355175 -0.1136941604207611
243200.7513267945 -0.11046035700235306
250320.39797173254 -0.10731853804358668
257648.47065183744 -0.104266086631393
265191.0709918535 -0.10130046033955542
272954.4792402007 -0.09841918910548139
280945.1594981406 -0.09561987316775358
289169.76510202966 -0.09290018106268917
297635.14416313195 -0.09025784767820985
306348.3452696084 -0.08769067236336092
315316.62335543614 -0.08519651709187445
324547.44574113254 -0.0827733046782135
334048.4983513244 -0.08041901704458813
343827.6921143307 -0.07813169353747072
353893.1695490984 -0.07590942929218471
364253.3115449638 -0.07375037364419046
374916.74433988857 -0.07165272858571517
385892.3467029899 -0.06961474726643126
397189.25732733024 -0.06763473253691567
408816.88243912894 -0.06571103553366103
420784.9036297398 -0.06384205430444673
433103.2859169001 -0.062026232472915416
445782.28604197066 -0.06026205794122453
458832.461010084 -0.05854806162969032
472264.67688029545 -0.05688281625235784
486090.117813063 -0.055264935127472346
500320.2953825999 -0.05369307102185009
514967.0581618343 -0.052165915028183275
530042.6015879672 -0.05068219547433198
545559.4781168514 -0.049240676863692184
561530.6076746266 -0.047840158845750595
577969.2884153313 -0.046479475215962955
594889.2077934331 -0.04515749294411919
612304.4539605178 -0.0438731112303799
630229.5274956024 -0.04262526058819842
648679.3534788508 -0.041412901953355376
667669.2939187557 -0.04023502581836294
687215.1605431122 -0.039090651391517
707333.2279644439 -0.037978825779890354
728040.2472308562 -0.036898623195586566
749353.4597735757 -0.035849144184587
771290.6117627992 -0.034829514877556374
793869.9688838223 -0.033838886261966135
817110.3315457187 -0.03287643347494177
841031.0505352605 -0.03194135511623458
865652.0431290936 -0.031032872580749653
890993.8096776098 -0.03015022941006715
917077.4506742931 -0.029292690662421315
943924.6843247664 -0.02845954230060787
971557.8646301847 -0.027650090597310314
1000000.0 -0.02686366155734803
10.0 51.51126430917865
10.292747724096083 50.86778769097161
10.59406557118851 50.22724891290019
10.904204429677526 49.59028344207486
11.223422532664179 48.95751180038603
11.551985672964793 48.32953599438889
11.890167424419898 47.70693600850499
12.238249369681931 47.09026639360169
12.596521334671401 46.480052982093255
12.965281629896682 45.876789759401596
13.344837298838383 45.28093591997279
13.735504373605137 44.69291313412672
14.137608138073606 44.11310304988122
14.551483398731937 43.5418450516015
14.977474763452017 42.97943429493806
15.415936928422726 42.42612003508296
15.867234973483178 41.882104262940615
16.331744666101677 41.34754066140847
16.80985277425364 40.822533891617
17.301957388458945 40.307139216700435
17.808468253246822 39.80136246845742
18.329807108324356 39.30516036010487
18.866408039732583 38.818441146208244
19.418717841282557 38.34106562876081
19.987196386572506 37.872848506251486
20.57231701189556 37.413560060373214
21.174566910357118 36.962928172748505
21.794447537529855 36.520640661659726
22.432475028984193 36.08634792624632
23.089180630041927 35.65966588296072
23.765111138110754 35.240179176257904
24.46082935796799 34.8274446425473
25.17691457037277 34.420995003385926
25.913963014396586 34.02034276078634
26.672588383874054 33.6249842644059
27.453422338387142 33.23440391735033
28.257115029208283 32.848078484444834
29.08433564064048 32.4654814641921
29.935772947204903 32.08608748334323
30.812135887140037 31.709376671153716
31.714154152689986 31.334838969072734
32.642578797673224 30.96197833090981
33.59818286283781 30.59031676851012
34.58176201952381 30.2193981987077
35.594135232168604 29.848792048854396
36.63614544020716 29.478096580557136
37.708660259934554 29.10694189439201
38.81257270691538 28.734992582265527
39.9488019395417 28.361949998706766
41.118294024358306 27.987554127614942
42.322022723792756 27.61158502675322
43.56099030694608 27.233863838447796
44.83622838411908 26.85425336138419
46.148798765769385 26.472658184942656
47.499794346614124 26.089024394027852
48.890340015614456 25.70333885866982
50.32159359259993 25.31562812865869
51.7947467923121 24.925956958982084
53.31102621667033 24.53442649674208
54.87169437608604 24.14117216443214
56.47805074067555 23.74636127787186
58.131432822247135 23.3501904396705
59.83321728796288 22.95288275078917
61.58482110660264 22.5546848835868
63.38770272838487 22.155864059689588
65.24336329932625 21.7567049751576
67.15334791115141 21.35750671379925
69.11924688779365 20.958579687188525
71.14269710955735 20.56024263706033
73.22538337604533 20.1628197324086
75.36903980898542 19.766637789893796
77.57545129612417 19.372023642198002
79.84645497739086 18.979301674854945
82.18394177456803 18.588791547934697
84.58985796574301 18.200806114874812
87.06620680585127 17.81564954680603
89.61505019466045 17.43361566699655
92.23851039358476 17.05498649659169
94.9387717927583 16.680031009704837
97.71808272983904 16.30900409315007
100.57875736205835 15.942145703719156
103.52317759307378 15.57968021390225
106.55379505623053 15.221815935328154
109.67313315588179 14.868744807947744
112.88378916846884 14.52064224207762
116.18843640511002 14.177667099841571
119.58982643749793 13.839961802257722
123.09079138896018 13.507652548191668
126.69424629259063 13.180849631593434
130.40319151841317 12.859647843824506
134.2207152716012 12.54412694842666
138.14999616383224 12.234352216354385
142.19430585991677 11.930375010456144
146.357011801908 11.63223340881986
150.64158001295928 11.339952857468681
155.05157798326255 11.05354684378344
159.5906776404731 10.773017582917248
164.26265840709303 10.498356710342511
169.071410347358 10.229545974514327
174.0209374062485 9.966557924439375
179.115360743323 9.709356587695837
184.3589221641488 9.457898135152549
189.75598765218504 9.212131529280672
195.3110510040631 8.97199915353506
201.02873757128856 8.73743742080664
206.913808111479 8.508377359409359
212.97116275234782 8.284745175469803
219.20584507173257 8.066462790934057
225.62304629706352 7.853448356701162
232.22810962777245 7.64561674063611
239.02653468423918 7.442879990414687
246.02398208697775 7.245147771310976
253.22627816987946 7.052327779160456
260.63941983143474 6.864326128823998
268.26957952797244 6.681047718544045
276.1231104130753 6.502396570630104
284.2065516274511 6.328276148940473
292.5266337436645 6.158589653646333
301.09028437025927 5.993240293776255
309.9046339199427 5.832131538048484
318.97702154663216 5.675167344507709
328.3150012563047 5.522252369495685
337.9263481967431 5.373292156502327
347.819065131413 5.228193305467885
358.00138910285807 5.086863623137474
368.48179829116765 4.949212255106804
379.26901907322497 4.815149800241915
390.37203328860926 4.684588408204441
401.8000857182091 4.5574418608658975
413.5626917817706 4.433625638447831
425.66964546078714 4.313056971276829
438.13102745333055 4.195654878092172
450.9572135676145 4.081340191887142
464.15888336127773 3.9700355743005513
477.7470290335773 3.8616655196008227
491.73296457790156 3.7561563493204133
506.1283352022219 3.653436198601214
520.9451270253212 3.5534349953027564
536.1956770568817 3.456084432903419
551.892683469738 3.3613179381915494
568.0492161728429 3.269070634699018
584.6787276937589 3.1792793027754596
601.7950643797334 3.091882337139037
619.412477926676 3.006819702670383
637.5456372456507 2.9240328891424348
656.2096406767555 2.843464865501989
675.4200285605586 2.765060034240709
695.1927961775606 2.688764186315704
715.5444070664574 2.6145244570041744
736.4918067322965 2.542289283004354
758.0524367559261 2.47200836102716
780.2442493165045 2.4036326080601516
803.0857221391512 2.3371141234288664
826.5958738801812 2.2724061527298725
850.7942799627444 2.2094630536659188
875.7010888760508 2.14824026377574
901.3370389517438 2.0886942700197313
927.7234756314059 2.0307825801570325
954.8823692395666 1.9744636958296211
982.8363332770031 1.919697087254041
1011.6086432495807 1.8664431694108483
1041.2232560483055 1.8146632796155007
1071.7048298967104 1.7643196563512855
1103.078744882215 1.7153754192446762
1135.3711240885177 1.6677945500658506
1168.608855346651 1.6215418746409884
1202.8196136227775 1.5765830455687566
1238.0318840613968 1.5328845256398052
1274.2749857031336 1.4904135718655809
1311.5790958968503 1.449138220030458
1349.9752754264298 1.4090272696892217
1389.4954943731375 1.3700502695398038
1430.172658735088 1.3321775031089413
1472.0406378260013 1.295379974695852
1515.134292476053 1.2596293955260713
1559.4895040582815 1.2248981700740205
1605.1432043647615 1.1911593825189946
1652.1334063573702 1.1583867833046366
1700.4992358187922 1.1265547757768875
1750.2809639301013 1.0956384028797266
1801.520040802024 1.0656133338918912
1854.2591299878522 1.0364558511910043
1908.542144006686 1.0081428370344632
1964.4142809066266 0.9806517603488218
2021.9220618983536 0.9539606635214284
2081.1133700903947 0.9280481491898183
2142.037490358383 0.9028933670256801
2204.7451503814746 0.878476000511396
2269.288562880081 0.8547762537081004
2335.7214690901214 0.8317748380148619
2404.0991835099717 0.8094529589193633
2474.47863995735 0.7877923027408723
2546.91843897454 0.7667750233669014
2621.478896621356 0.7463837289854254
2698.222094696536 0.7266014688150579
2777.211932429355 0.7074117198362314
2858.5141796844714 0.6887983735271627
2942.196531724374 0.670745722609213
3028.3286655749457 0.6532384478073759
3116.9822980411436 0.6362616046328213
3208.2312454210773 0.6198006101959619
3302.1514849681753 0.6038412300602998
3398.8212181526674 0.588369565149285
3498.320935775036 0.5733720387209001
3600.73348498562 0.5588353834272797
3706.144138266228 0.544746628479755
3814.640664431178 0.5310930869430641
3926.3134017068355 0.5178623431861649
4041.2553329506004 0.5050422405210794
4159.562163071847 0.492620869065528
4281.332398719392 0.48058655386960575
4406.667430301786 0.46892784335151594
4535.671616408702 0.45763349809220427
4668.45237070379 0.44669248004357986
4805.1202513612425 0.4360939422098276
4945.789053120639 0.4258272188658144
5090.575902036681 0.4158818163808165
5239.601353002645 0.4062474047194058
5392.98949012887 0.39691380969421464
5550.868030059805 0.38787100604727137
5713.36842831558 0.3791091114373615
5880.625988746757 0.37061838141024034
6052.779976193349 0.36238920542629416
6229.973732441841 0.3544121040161519
6412.354795576917 0.3466777271285827
6600.075022827095 0.33917685372666556
6793.290717006696 0.3319003926774474
6992.162756659375 0.32483938496713083
7196.856730011514 0.31798500725816264
7407.543072847163 0.3113285767865363
7624.397210419138 0.30486155757731004
7847.5997035146065 0.2985755679340328
8077.3363987967105 0.29246238913381983
8313.798583547334 0.286513975234722
8557.183144940002 0.2807224638762944
8807.692733975462 0.2750801879286506
9065.53593421636 0.2695796878204534
9330.927435461663 0.26421372435309254
9604.08821250538 0.258975291787583
9885.24570912827 0.2538576309732967
10174.634027476064 0.24885424227433445
10472.494122981476 0.24395889804089757
10779.074004992735 0.23916565437001389
11094.628943275218 0.23446886190289856
11419.421680558647 0.22986317541534249
11753.722651306367 0.2253435619729016
12097.810206889013 0.22090530744413203
12451.97084735032 0.2165440211922747
12816.499459957597 0.2122556387980486
13191.699564735716 0.20803642270267145
13577.883567189278 0.20388296069992398
13975.373018422924 0.19979216224783333
14384.498882876629 0.1957612526131281
14805.6018138991 0.19178776490372804
15239.032437388305 0.18786953008493495
15685.151643735446 0.18400466511247462
16144.330888316019 0.18019155934905667
16616.952500776908 0.17642885945980774
17103.41000337838 0.17271545300502486
17604.108438655527 0.16905045096584262
18119.46470667122 0.16543316944927866
18649.907912142942 0.1618631108237626
19195.87972173111 0.15833994453489372
19757.834731786996 0.15486348784420007
20336.2408468667 0.15143368672165877
20931.579669325736 0.1480505971064243
21544.346900318822 0.14471436673032734
22175.052752539294 0.14142521767613817
22824.222375040976 0.1381834298181569
23492.396290496577 0.13498932526721535
24180.13084525718 0.1318432539164373
24887.998672586673 0.12874558015878465
25616.589169457267 0.12569667082312844
26366.508987303554 0.12269688435280374
27138.3825371428 0.11974656122975698
27932.85250948253 0.11684601562872751
28750.580409448772 0.11399552826961541
29592.247107579577 0.11119534042237066
30458.55340674284 0.10844564900738798
31350.220625651124 0.10574660272543826
32267.991199458116 0.10309829914451447
33212.62929793748 0.10050078266642494
34184.92146175927 0.0979540432933337
35185.677257392665 0.09545801611354221
36215.72995118075 0.09301258142635155
37275.93720314938 0.09061756542764729
38367.18178112649 0.08827274138068433
39490.37229576694 0.08597783120017848
40646.44395709628 0.08373250738207207
41836.359353200234 0.08153639521604249
43061.10925171165 0.07938907522278459
44321.713424760856 0.07729008576323315
45619.221498074585 0.07523892577203357
46954.71382493421 0.07323505757263943
48329.30238571752 0.07127790973635847
49744.13171377451 0.06936687995237503
51200.37984840882 0.06750133788024315
52699.259315756564 0.06568062796052253
54242.01813838024 0.06390407216308297
55829.94087441914 0.062170972656151874
57464.34968715974 0.06048061438239331
59146.605445917456 0.058832267531205906
60878.108859147556 0.05722518989900801
62660.30164072656 0.05565862913157285
64494.667710376205 0.05413182484447636
66382.73442923075 0.052644010619464054
68326.07387157406 0.05119441587604288
70326.30413380644 0.049782267618876073
72385.09068173247 0.04840679206262755
74504.14773728917 0.04706721613679318
76685.2397058701 0.0457627688737726
78930.18264543568 0.04449268268401063
81240.84577862974 0.04325619452248684
83619.15304916317 0.0420525469511592
86067.08472376158 0.0408809891022042
88586.67904100832 0.03974077754704592
91180.03390845681 0.03863117707624295
93849.3086494272 0.03755146139531716
96596.72580093842 0.03650091374157624
99424.57296427398 0.035478827426902775
102335.20470972576 0.034484506311369824
105331.04453709359 0.03351726521241007
108414.5868935835 0.03257643025409673
111588.3992507748 0.03166133916092687
114855.12424239368 0.030771341500302942
118217.48186466724 0.029905798877717524
121678.27174109229 0.029064085088443055
125240.3754535072 0.028245586229327355
128906.75894140244 0.027449700774094758
132680.47497147243 0.02667583961535255
136564.66567946097 0.02592342607630785
140562.56518642136 0.02519189589500922
144677.5022915648 0.02448069718374415
148912.90324394088 0.02378929036604557
153272.2945952612 0.02311714809359005
157759.30613623615 0.02246375514510915
162377.67391887208 0.021828608309279646
167131.2433672486 0.021211216253411786
172023.97247935992 0.020611099379617224
177059.9351226898 0.0200277896700054
182243.32442626648 0.019460830522335746
187578.45627201613 0.018909776577436744
193069.77288832495 0.018374193539594557
198721.84654880533 0.01785365799101221
204539.38337933904 0.017347757201347132
210527.22727657072 0.01685608893324537
216690.3639411181 0.016378261244708866
223033.9250288494 0.015913892289057423
229563.19242369095 0.015462610113174818
236283.6026355175 0.015024052454664066
243200.7513267945 0.014597866538475524
250320.39797173254 0.014183708873516814
257648.47065183744 0.013781245049700824
265191.0709918535 0.013390149535840959
272954.4792402007 0.013010105478759373
280945.1594981406 0.01264080450393335
289169.76510202966 0.012281946517967837
297635.14416313195 0.011933239513149155
306348.3452696084 0.011594399374302986
315316.62335543614 0.01126514968815166
324547.44574113254 0.010945221555340107
334048.4983513244 0.010634353405275953
343827.6921143307 0.010332290813907496
353893.1695490984 0.010038786324543861
364253.3115449638 0.009753599271803977
374916.74433988857 0.009476495608764453
385892.3467029899 0.009207247737361805
397189.25732733024 0.008945634342091545
408816.88243912894 0.008691440227034424
420784.9036297398 0.008444456156228944
433103.2859169001 0.008204478697400357
445782.28604197066 0.007971310069047097
458832.461010084 0.007744757990877521
472264.67688029545 0.007524635537583559
486090.117813063 0.007310760995931582
500320.2953825999 0.007102957725144036
514967.0581618343 0.0069010540205429625
530042.6015879672 0.006704882980419497
545559.4781168514 0.006514282376091797
561530.6076746266 0.006329094525109492
577969.2884153313 0.0061491661675604
594889.2077934331 0.00597434834543267
612304.4539605178 0.005804496284983183
630229.5274956024 0.005639469282062069
648679.3534788508 0.005479130590341074
667669.2939187557 0.005323347312392617
687215.1605431122 0.005171990293565606
707333.2279644439 0.005024934018603131
728040.2472308562 0.004882056510947038
749353.4597735757 0.004743239234673557
771290.6117627992 0.004608366999004722
793869.9688838223 0.004477327865339626
817110.3315457187 0.0043500130567501434
841031.0505352605 0.004226316869885885
865652.0431290936 0.004106136589233411
890993.8096776098 0.003989372403675262
917077.4506742931 0.0038759273252948444
943924.6843247664 0.003765707110373936
971557.8646301847 0.0036586201825298584
1000000.0 0.0035545775579405377
